3.053045, True, 0, 4.653144
3.064429, True, 0, 9.632356
3.075133, True, 0, 7.165389
3.09798, True, 0, 3.95268
3.185802, True, 0, 4.163925
3.197314, True, 0, 4.380037
3.208113, True, 0, 6.304255
3.219742, True, 0, 8.574102
3.24272, True, 0, 7.190331
3.40825, True, 0, 3.937601
3.419722, True, 0, 3.31351
3.430436, True, 0, 1.478773
3.442079, True, 0, 7.139425
3.456307, True, 0, 7.508669
3.469406, True, 0, 3.624602
3.481805, True, 0, 3.612673
3.495302, True, 0, 2.695213
3.506651, True, 0, 1.97786
3.51932, True, 0, 2.520252
3.530932, True, 0, 1.309639
3.542333, True, 0, 1.865821
3.553915, True, 0, 7.680758
3.6196, True, 0, 9.73911
3.642333, True, 0, 5.530211
3.654333, True, 0, 6.455338
3.665499, True, 0, 6.272985
3.685987, True, 0, 2.943259
3.697487, True, 0, 3.689985
3.730054, True, 0, 9.37475
3.741243, True, 0, 2.565806
3.752573, True, 0, 2.824271
3.764425, True, 0, 2.842437
3.774138, True, 0, 2.376874
3.786415, True, 0, 3.788416
3.79673, True, 0, 2.129506
3.80826, True, 0, 2.878892
3.819447, True, 0, 2.125675
4.009009, True, 0, 4.377217
4.020714, True, 0, 5.270733
4.043344, True, 0, 1.620511
4.055867, True, 0, 2.264347
4.06647, True, 0, 5.476175
4.088995, True, 0, 9.161752
4.11192, True, 0, 6.412832
4.123633, True, 0, 1.924326
4.135053, True, 0, 2.492848
4.151212, True, 0, 1.166682
4.163496, True, 0, 1.234668
4.174699, True, 0, 1.448005
4.186555, True, 0, 1.561424
4.197187, True, 0, 1.518182
4.208397, True, 0, 6.627301
4.219139, True, 0, 5.484952
4.231673, True, 0, 5.871568
4.24323, True, 0, 7.410112
4.255039, True, 0, 5.653479
4.26559, True, 0, 5.691011
4.274988, True, 0, 5.609734
4.286089, True, 0, 5.784155
4.297661, True, 0, 7.035117
4.308668, True, 0, 6.678962
4.320666, True, 0, 7.928529
4.33136, True, 0, 7.69426
4.34319, True, 0, 7.11228
4.35393, True, 0, 6.11906
4.364599, True, 0, 6.273818
4.376297, True, 0, 5.161138
4.386436, True, 0, 1.702363
4.397093, True, 0, 1.517158
4.688043, True, 0, 7.772738
4.709195, True, 0, 5.313068
4.72036, True, 0, 6.96066
4.731525, True, 0, 5.823983
4.754097, True, 0, 7.717535
4.764625, True, 0, 8.605959
4.776995, True, 0, 9.270635
4.788486, True, 0, 7.081061
5.000715, True, 0, 4.256705
5.014077, True, 0, 2.174829
5.197916, True, 1, 5.067941
5.20931, True, 1, 1.985667
5.253859, True, 1, 7.326535
5.275609, True, 1, 4.581091
5.297877, True, 1, 5.656322
5.353487, True, 1, 7.111096
5.364241, True, 1, 5.878109
5.387054, True, 1, 3.770367
5.397502, True, 1, 3.945138
5.409459, True, 1, 3.165533
5.420404, True, 1, 2.540699
5.432293, True, 1, 7.696664
5.544563, True, 1, 3.123891
5.638442, True, 1, 5.826975
5.648267, True, 1, 5.833757
5.681819, True, 1, 5.010103
5.973295, True, 1, 5.97401
5.984396, True, 1, 7.571568
5.995819, True, 1, 1.925553
6.018161, True, 1, 4.253774
6.051144, True, 1, 5.535121
6.243134, True, 1, 8.34098
6.277374, True, 1, 6.004562
6.288851, True, 1, 9.85636
6.31252, True, 1, 4.98303
6.322885, True, 1, 8.477645
6.334521, True, 1, 2.623389
6.346792, True, 1, 2.380479
6.359552, True, 1, 7.826213
6.369864, True, 1, 4.484157
6.409281, True, 1, 6.617263
6.431464, True, 1, 6.934081
6.463967, True, 1, 8.501104
6.496282, True, 1, 9.235731
6.52872, True, 1, 8.131625
6.585314, True, 1, 6.946731
6.596678, True, 1, 5.046746
6.607667, True, 1, 3.758235
6.618865, True, 1, 3.769269
6.630391, True, 1, 5.877105
6.640342, True, 1, 4.619796
6.652564, True, 1, 6.361172
6.663351, True, 1, 6.446206
6.67324, True, 1, 7.320468
6.684363, True, 1, 4.195817
6.696241, True, 1, 6.906766
6.705966, True, 1, 4.994665
6.719076, True, 1, 3.651577
6.730351, True, 1, 2.838003
6.742655, True, 1, 2.96928
6.752711, True, 1, 3.019673
6.762973, True, 1, 2.440097
6.77329, True, 1, 4.141525
6.785597, True, 1, 4.079865
6.79722, True, 1, 3.790021
6.807129, True, 1, 3.13281
6.819798, True, 1, 4.043739
6.829893, True, 1, 2.956627
6.86209, True, 1, 5.305238
6.873467, True, 1, 4.706011
6.884853, True, 1, 4.208788
6.896657, True, 1, 3.96482
6.908354, True, 1, 4.066954
6.919487, True, 1, 3.53372
6.930915, True, 1, 3.15387
6.942532, True, 1, 2.115829
6.953754, True, 1, 6.408335
6.965127, True, 1, 4.321406
6.977484, True, 1, 7.697466
6.98817, True, 1, 2.154647
6.999125, True, 1, 8.139812
7.021585, True, 1, 5.809792
7.038579, True, 1, 3.437793
7.048073, True, 1, 4.300994
7.057821, True, 1, 5.613605
7.068249, True, 1, 6.568706
7.100757, True, 1, 4.757348
7.122653, True, 1, 9.493443
7.154076, True, 1, 1.576225
7.165571, True, 1, 2.852139
7.187409, True, 1, 3.524354
7.197733, True, 1, 1.906401
7.208918, True, 1, 2.408138
7.219905, True, 1, 1.985625
7.242194, True, 1, 2.102122
7.253377, True, 1, 1.698923
7.275318, True, 1, 2.484732
7.286583, True, 1, 2.548592
7.297612, True, 1, 2.95134
7.308734, True, 1, 2.070976
7.320023, True, 1, 3.281831
7.330888, True, 1, 2.462451
7.375591, True, 1, 3.361492
7.408912, True, 1, 5.706438
7.420485, True, 1, 3.367262
7.431705, True, 1, 3.256222
7.442963, True, 1, 4.059137
7.476517, True, 1, 9.561328
7.501032, True, 1, 3.169506
7.512397, True, 1, 0.9150666
7.523707, True, 1, 1.792806
7.534654, True, 1, 1.249869
7.546343, True, 1, 1.883301
7.556598, True, 1, 3.942756
7.57863, True, 1, 5.085583
7.588274, True, 1, 3.548327
7.599472, True, 1, 4.389266
7.611053, True, 1, 6.992225
7.621812, True, 1, 5.218143
7.702491, True, 1, 3.752509
7.712978, True, 1, 5.478875
7.722803, True, 1, 4.498711
7.745301, True, 1, 4.534467
7.757202, True, 1, 7.561442
7.769159, True, 1, 3.683368
7.779105, True, 1, 5.15556
7.790209, True, 1, 4.500013
7.80087, True, 1, 4.348156
7.886871, True, 1, 4.894752
8.097946, True, 1, 4.768168
8.12035, True, 1, 1.518303
8.13177, True, 1, 3.176273
8.154624, True, 1, 6.315296
8.176713, True, 1, 2.694137
8.187957, True, 1, 3.080184
8.20077, True, 1, 4.095897
8.224345, True, 1, 3.774924
8.237102, True, 1, 4.179981
8.248962, True, 1, 3.019653
8.261752, True, 1, 5.072572
8.274124, True, 1, 4.422174
8.305752, True, 1, 1.334941
8.372488, True, 1, 1.737375
8.409529, True, 1, 3.370579
8.420093, True, 1, 3.492062
8.43738, True, 1, 2.235885
8.447944, True, 1, 3.909601
8.460438, True, 1, 1.031559
8.471256, True, 1, 8.768544
8.483545, True, 1, 7.741153
8.495305, True, 1, 2.687927
8.508211, True, 1, 3.283205
8.518566, True, 1, 6.929079
8.561255, True, 1, 2.276986
8.583716, True, 1, 4.061028
8.59514, True, 1, 4.331532
8.627857, True, 1, 1.532427
8.63896, True, 1, 3.8504
8.651575, True, 1, 3.850306
8.66332, True, 1, 6.518944
8.675511, True, 1, 4.973142
8.686394, True, 1, 2.086023
8.697412, True, 1, 2.349234
8.718772, True, 1, 3.038109
8.730453, True, 1, 4.53416
8.796184, True, 1, 9.527555
8.806219, True, 1, 8.917594
8.828553, True, 1, 6.824696
8.85017, True, 1, 9.117368
8.894383, True, 1, 7.155863
8.917062, True, 1, 4.722011
8.995361, True, 1, 4.962031
9.006701, True, 1, 5.684779
9.018148, True, 1, 1.867324
9.029567, True, 1, 2.43898
9.041741, True, 1, 2.474755
9.053205, True, 1, 5.110263
9.074775, True, 1, 3.829173
9.209083, True, 1, 5.523453
9.27667, True, 1, 0.7129967
9.310116, True, 1, 5.257314
9.321889, True, 1, 1.62072
9.333136, True, 1, 1.574034
9.345439, True, 1, 2.47664
9.356016, True, 1, 2.459102
9.453036, True, 1, 4.985495
9.464661, True, 1, 5.249649
9.477026, True, 1, 4.287604
9.48829, True, 1, 7.930271
9.552981, True, 1, 3.345743
9.564411, True, 1, 7.187748
9.630801, True, 1, 5.358151
9.643413, True, 1, 6.339762
9.654687, True, 1, 7.547095
9.775473, True, 1, 9.22064
10.052, True, 2, 6.670381
10.152, True, 2, 3.269966
10.16292, True, 2, 4.871611
10.21834, True, 2, 5.945579
10.22986, True, 2, 1.543638
10.28537, True, 2, 7.681404
10.33055, True, 2, 5.949708
10.35373, True, 2, 0
10.56529, True, 2, 3.016121
10.57806, True, 2, 2.91345
10.5894, True, 2, 5.066862
10.60071, True, 2, 7.175346
10.61305, True, 2, 4.103691
10.62574, True, 2, 2.005755
10.63805, True, 2, 5.120088
10.64939, True, 2, 4.191022
10.66006, True, 2, 9.688148
10.67131, True, 2, 5.330065
10.68338, True, 2, 5.469419
10.69433, True, 2, 3.713688
10.71192, True, 2, 4.12823
10.75133, True, 2, 5.759561
10.90452, True, 2, 2.705112
10.91565, True, 2, 4.146818
10.92667, True, 2, 1.858911
10.93801, True, 2, 2.8098
10.94928, True, 2, 1.516956
10.96304, True, 2, 1.046113
10.9758, True, 2, 1.026748
10.98728, True, 2, 4.18894
11.01041, True, 2, 8.354571
11.02201, True, 2, 9.791197
11.0337, True, 2, 5.696064
11.05575, True, 2, 5.249614
11.06749, True, 2, 2.179927
11.0786, True, 2, 2.036543
11.0884, True, 2, 2.716467
11.10006, True, 2, 3.508415
11.11145, True, 2, 2.151678
11.12296, True, 2, 5.717286
11.1352, True, 2, 4.995382
11.14667, True, 2, 4.321158
11.16827, True, 2, 6.162972
11.17954, True, 2, 4.298619
11.2025, True, 2, 8.280324
11.21269, True, 2, 3.605189
11.22437, True, 2, 7.719083
11.23577, True, 2, 2.306774
11.24611, True, 2, 4.329599
11.25869, True, 2, 3.68175
11.27015, True, 2, 3.698741
11.27879, True, 2, 3.853017
11.29016, True, 2, 6.341341
11.30231, True, 2, 4.677797
11.31294, True, 2, 5.972336
11.34469, True, 2, 8.641823
11.40419, True, 2, 4.808233
11.41617, True, 2, 4.04892
11.42745, True, 2, 5.111823
11.45188, True, 2, 8.680225
11.47516, True, 2, 8.328415
11.49654, True, 2, 4.710638
11.50821, True, 2, 9.456471
11.52059, True, 2, 5.365895
11.5334, True, 2, 2.690448
11.54677, True, 2, 2.809891
11.5597, True, 2, 3.675709
11.5723, True, 2, 2.032265
11.58352, True, 2, 2.021072
11.59396, True, 2, 1.508852
11.60472, True, 2, 1.129599
11.61621, True, 2, 1.004008
11.62847, True, 2, 0.9835807
11.63892, True, 2, 0.7330292
11.64874, True, 2, 0.8083743
11.65968, True, 2, 0.839111
11.67217, True, 2, 0.8411643
11.68367, True, 2, 0.91201
11.69631, True, 2, 0.8821461
11.70808, True, 2, 0.8975343
11.72023, True, 2, 0.930494
11.73056, True, 2, 0.8874276
11.74285, True, 2, 0.8439628
11.7552, True, 2, 0.873217
11.76706, True, 2, 0.8874548
11.77683, True, 2, 0.8817785
11.78868, True, 2, 0.9166839
11.80157, True, 2, 0.9287621
11.81274, True, 2, 0.9170333
11.82431, True, 2, 0.931438
11.83668, True, 2, 1.104441
11.84974, True, 2, 1.122773
11.86124, True, 2, 1.285148
11.8723, True, 2, 1.282618
11.8833, True, 2, 1.466072
11.89423, True, 2, 1.364189
11.9052, True, 2, 1.402615
11.91606, True, 2, 1.275828
11.92833, True, 2, 1.228259
11.93888, True, 2, 1.105245
11.95019, True, 2, 1.460258
11.96043, True, 2, 1.488657
11.97123, True, 2, 1.426856
11.989, True, 2, 1.279024
12.00023, True, 2, 1.321158
12.01067, True, 2, 1.168789
12.02156, True, 2, 1.534373
12.03004, True, 2, 1.146294
12.04196, True, 2, 1.224952
12.05247, True, 2, 1.240848
12.06406, True, 2, 1.466558
12.0752, True, 2, 1.215023
12.08519, True, 2, 1.073838
12.09557, True, 2, 1.185121
12.10705, True, 2, 1.150122
12.11814, True, 2, 1.151296
12.12855, True, 2, 1.120914
12.13938, True, 2, 1.16832
12.15114, True, 2, 1.171206
12.16311, True, 2, 1.170402
12.17315, True, 2, 1.143522
12.18332, True, 2, 1.134017
12.1953, True, 2, 1.122824
12.20649, True, 2, 1.16836
12.21906, True, 2, 1.168939
12.2294, True, 2, 1.132424
12.24107, True, 2, 1.163344
12.2533, True, 2, 1.174982
12.26488, True, 2, 1.20106
12.27668, True, 2, 1.323958
12.28723, True, 2, 1.401113
12.29839, True, 2, 1.393848
12.31055, True, 2, 1.333696
12.32275, True, 2, 1.492967
12.3341, True, 2, 1.534135
12.34496, True, 2, 1.422579
12.35572, True, 2, 1.388994
12.36617, True, 2, 1.382427
12.37552, True, 2, 1.334512
12.386, True, 2, 1.351281
12.39754, True, 2, 1.424406
12.40913, True, 2, 1.565733
12.41996, True, 2, 1.453766
12.43012, True, 2, 1.415229
12.44015, True, 2, 1.502069
12.45158, True, 2, 1.607136
12.4633, True, 2, 1.540689
12.47329, True, 2, 1.706623
12.48582, True, 2, 2.53299
12.49829, True, 2, 1.896586
12.50937, True, 2, 1.745014
12.52116, True, 2, 1.431728
12.53257, True, 2, 1.917161
12.54428, True, 2, 2.428458
12.56356, True, 2, 3.310569
12.57411, True, 2, 3.103141
12.58469, True, 2, 3.610144
12.59492, True, 2, 2.767748
12.60576, True, 2, 2.528741
12.61698, True, 2, 3.134067
12.62757, True, 2, 3.929628
12.63823, True, 2, 2.821921
12.65639, True, 2, 3.061812
12.66881, True, 2, 3.871786
12.67935, True, 2, 3.133723
12.68892, True, 2, 3.863287
12.7018, True, 2, 3.857998
12.71224, True, 2, 3.581979
12.72493, True, 2, 2.843709
12.73635, True, 2, 3.196326
12.74609, True, 2, 3.083527
12.75877, True, 2, 2.820402
12.78098, True, 2, 4.666567
12.79131, True, 2, 4.191546
12.80214, True, 2, 3.388202
12.81289, True, 2, 3.238386
12.82516, True, 2, 3.173938
12.83628, True, 2, 1.819758
12.84779, True, 2, 2.497252
12.85928, True, 2, 4.467333
12.87101, True, 2, 4.008071
12.88373, True, 2, 4.796715
12.89545, True, 2, 2.847058
12.90683, True, 2, 2.550273
12.94815, True, 2, 7.288283
12.95921, True, 2, 4.454162
12.97066, True, 2, 3.991338
12.98134, True, 2, 4.030793
12.99257, True, 2, 3.349267
13.00399, True, 2, 5.7767
13.01546, True, 2, 2.274742
13.02695, True, 2, 1.609996
13.03781, True, 2, 3.115411
13.04848, True, 2, 4.262281
13.05935, True, 2, 4.586881
13.07061, True, 2, 3.82619
13.62749, True, 2, 8.038101
13.85192, True, 2, 9.551796
13.998, True, 2, 5.349072
14.02561, True, 2, 1.66497
14.04898, True, 2, 9.15022
14.08273, True, 2, 2.256648
14.10447, True, 2, 9.024591
14.2478, True, 2, 3.535552
14.36957, True, 2, 7.030375
14.50528, True, 2, 5.514266
14.52782, True, 2, 1.227918
14.53929, True, 2, 3.449481
14.55072, True, 2, 5.536624
14.56552, True, 2, 5.849498
14.8567, True, 2, 3.500906
14.86936, True, 2, 1.686088
14.91368, True, 2, 1.257707
14.94708, True, 2, 4.936931
15.06991, True, 3, 2.438015
15.08096, True, 3, 1.29566
15.09342, True, 3, 1.129608
15.11538, True, 3, 3.654549
15.12724, True, 3, 2.04304
15.14751, True, 3, 3.039728
15.15979, True, 3, 2.06627
15.37167, True, 3, 7.541917
15.55168, True, 3, 2.786568
15.56302, True, 3, 7.430681
15.57502, True, 3, 7.085865
15.62224, True, 3, 1.545404
15.63364, True, 3, 3.052142
15.64507, True, 3, 1.817571
15.65575, True, 3, 1.67506
15.6672, True, 3, 1.945631
15.67856, True, 3, 1.446253
15.69077, True, 3, 2.484678
15.70307, True, 3, 2.713644
15.7134, True, 3, 6.463347
15.7243, True, 3, 3.361459
15.73558, True, 3, 4.771253
15.74663, True, 3, 5.185456
15.75804, True, 3, 2.767653
15.76898, True, 3, 2.585074
15.78019, True, 3, 2.280792
15.79171, True, 3, 2.695884
15.80372, True, 3, 1.48431
15.81519, True, 3, 2.05178
15.8261, True, 3, 1.540937
15.83625, True, 3, 1.745094
15.84665, True, 3, 2.454347
15.85927, True, 3, 2.104779
15.87116, True, 3, 1.779759
15.88271, True, 3, 1.713889
15.89411, True, 3, 2.774805
15.90473, True, 3, 1.514369
15.91644, True, 3, 3.06727
15.92819, True, 3, 1.823529
15.93906, True, 3, 2.029091
15.94973, True, 3, 2.076216
15.96185, True, 3, 1.655968
15.97321, True, 3, 1.50947
15.98309, True, 3, 1.407481
15.9945, True, 3, 1.423523
16.00562, True, 3, 1.076222
16.01651, True, 3, 1.28135
16.02799, True, 3, 1.264861
16.03817, True, 3, 1.109888
16.04956, True, 3, 1.107795
16.06324, True, 3, 0.9884896
16.07503, True, 3, 1.033994
16.08636, True, 3, 0.9836995
16.09835, True, 3, 0.9991105
16.11072, True, 3, 0.9274153
16.12123, True, 3, 1.007634
16.13474, True, 3, 1.214854
16.14484, True, 3, 1.313196
16.15665, True, 3, 1.092179
16.16699, True, 3, 1.145918
16.17803, True, 3, 0.9711576
16.19652, True, 3, 1.12155
16.20839, True, 3, 0.9750933
16.219, True, 3, 0.9989991
16.23083, True, 3, 1.025322
16.24017, True, 3, 0.9678895
16.25041, True, 3, 1.061896
16.26172, True, 3, 1.045614
16.27411, True, 3, 1.076653
16.28375, True, 3, 1.049343
16.29375, True, 3, 1.06339
16.30437, True, 3, 1.162699
16.31631, True, 3, 1.239298
16.32649, True, 3, 1.369238
16.3368, True, 3, 1.277161
16.34798, True, 3, 1.294457
16.35948, True, 3, 1.265195
16.37008, True, 3, 1.239725
16.38195, True, 3, 1.222225
16.39295, True, 3, 1.243318
16.40278, True, 3, 1.273249
16.41299, True, 3, 1.268003
16.42393, True, 3, 1.23655
16.43579, True, 3, 1.209812
16.44779, True, 3, 1.100984
16.45946, True, 3, 1.016659
16.47039, True, 3, 1.156384
16.48293, True, 3, 1.055214
16.49445, True, 3, 0.9709235
16.50546, True, 3, 1.064118
16.5169, True, 3, 0.9133688
16.52752, True, 3, 1.064463
16.53796, True, 3, 1.398081
16.54733, True, 3, 1.032376
16.55767, True, 3, 1.072606
16.56859, True, 3, 0.9915628
16.58115, True, 3, 1.121591
16.59317, True, 3, 1.06208
16.60315, True, 3, 0.9617981
16.61378, True, 3, 1.024902
16.62549, True, 3, 0.9960812
16.63567, True, 3, 1.039505
16.64774, True, 3, 1.079566
16.65838, True, 3, 1.03154
16.66986, True, 3, 1.059946
16.68291, True, 3, 1.494384
16.69432, True, 3, 1.171471
16.70673, True, 3, 1.256701
16.71792, True, 3, 1.414334
16.72842, True, 3, 1.552835
16.74094, True, 3, 1.881799
16.75212, True, 3, 1.861718
16.76627, True, 3, 2.292535
16.78137, True, 3, 1.820278
16.79269, True, 3, 2.403049
16.80374, True, 3, 2.541847
16.81515, True, 3, 2.604447
16.82545, True, 3, 2.89326
16.83601, True, 3, 2.881995
16.84745, True, 3, 3.644078
16.85879, True, 3, 3.206352
16.86873, True, 3, 8.083714
16.88047, True, 3, 4.037234
16.89314, True, 3, 7.14789
16.90206, True, 3, 3.244785
16.91314, True, 3, 3.077982
16.92408, True, 3, 3.535352
16.93549, True, 3, 3.614611
16.94678, True, 3, 3.244379
16.95751, True, 3, 4.678399
16.96907, True, 3, 4.743413
16.98175, True, 3, 5.892948
17.09087, True, 3, 6.737592
17.10311, True, 3, 7.225694
17.14672, True, 3, 5.969212
17.15842, True, 3, 7.762877
17.22585, True, 3, 9.438861
17.28271, True, 3, 9.373633
17.32858, True, 3, 3.59201
17.35105, True, 3, 9.552662
17.36227, True, 3, 4.549688
17.37367, True, 3, 3.697306
17.46223, True, 3, 3.902585
17.47813, True, 3, 3.423822
17.54659, True, 3, 5.431979
17.67977, True, 3, 9.74039
17.69133, True, 3, 6.770008
17.70219, True, 3, 2.899983
17.79077, True, 3, 4.07267
17.93666, True, 3, 4.670978
17.94819, True, 3, 4.69136
17.96042, True, 3, 4.783889
17.98221, True, 3, 4.088542
18.01624, True, 3, 5.371794
18.02738, True, 3, 2.244493
18.03889, True, 3, 2.733721
18.05095, True, 3, 3.037209
18.12828, True, 3, 5.604725
18.13967, True, 3, 7.078181
18.15162, True, 3, 5.376023
18.16204, True, 3, 6.197025
18.17317, True, 3, 5.368654
18.18415, True, 3, 4.822902
18.19528, True, 3, 6.055342
18.20737, True, 3, 2.991924
18.22265, True, 3, 5.373799
18.23454, True, 3, 4.983273
18.24519, True, 3, 8.065187
18.25726, True, 3, 5.58566
18.26858, True, 3, 4.978857
18.2795, True, 3, 2.854443
18.31217, True, 3, 6.592291
18.32475, True, 3, 5.077042
18.33674, True, 3, 2.412966
18.34864, True, 3, 6.590552
18.36134, True, 3, 3.549648
18.37103, True, 3, 3.419155
18.40225, True, 3, 9.52712
18.4123, True, 3, 8.073019
18.42357, True, 3, 2.141338
18.45681, True, 3, 2.450854
18.51272, True, 3, 2.183913
18.52455, True, 3, 1.349726
18.53627, True, 3, 7.962128
18.54638, True, 3, 4.092999
18.55729, True, 3, 7.787376
18.56867, True, 3, 0.7828327
18.57985, True, 3, 1.580905
18.59163, True, 3, 1.368104
18.63626, True, 3, 1.402392
18.64757, True, 3, 2.824268
18.65981, True, 3, 2.251722
18.67136, True, 3, 2.822346
18.69449, True, 3, 1.834021
18.71565, True, 3, 8.489644
18.72654, True, 3, 3.266104
18.73739, True, 3, 5.311042
18.74765, True, 3, 3.267058
18.7687, True, 3, 3.67602
18.78018, True, 3, 3.279198
18.79112, True, 3, 3.251606
18.80293, True, 3, 3.159871
18.82478, True, 3, 8.615291
18.83638, True, 3, 4.305579
18.84687, True, 3, 4.053022
18.87249, True, 3, 2.026416
18.88425, True, 3, 1.708687
18.89544, True, 3, 7.886989
19.02463, True, 3, 2.923904
19.03584, True, 3, 7.764205
19.04714, True, 3, 6.226402
19.05878, True, 3, 4.519622
19.13626, True, 3, 6.937331
19.14686, True, 3, 3.600125
19.15759, True, 3, 2.467485
19.16899, True, 3, 2.946452
19.18, True, 3, 7.869843
19.19278, True, 3, 9.007317
19.22449, True, 3, 7.568561
19.23602, True, 3, 2.447115
19.24877, True, 3, 2.051104
19.25987, True, 3, 1.661204
19.51673, True, 3, 5.597382
19.54986, True, 3, 8.082572
19.73595, True, 3, 3.466747
19.77839, True, 3, 3.597917
19.86689, True, 3, 1.831921
19.87822, True, 3, 1.386559
19.89028, True, 3, 3.453283
19.90215, True, 3, 4.597212
19.91533, True, 3, 1.401936
19.93743, True, 3, 3.170927
19.96697, True, 3, 8.842271
20.00059, True, 3, 4.715902
20.02341, True, 3, 3.846987
20.03463, True, 3, 2.425829
20.07839, True, 4, 3.769827
20.0898, True, 4, 3.416862
20.10256, True, 4, 6.639495
20.11437, True, 4, 3.135856
20.12438, True, 4, 3.025305
20.13526, True, 4, 2.817283
20.2258, True, 4, 2.732375
20.2364, True, 4, 1.944417
20.24768, True, 4, 4.040151
20.25865, True, 4, 2.945951
20.27003, True, 4, 4.719589
20.28283, True, 4, 4.077113
20.29397, True, 4, 4.999309
20.32686, True, 4, 7.810499
20.3781, True, 4, 4.837202
20.41099, True, 4, 1.767009
20.42253, True, 4, 9.807695
20.43345, True, 4, 2.511523
20.46681, True, 4, 9.33778
20.478, True, 4, 3.465004
20.48938, True, 4, 2.101421
20.51097, True, 4, 5.188489
20.52314, True, 4, 3.250474
20.53501, True, 4, 3.825445
20.54564, True, 4, 0.725015
20.55758, True, 4, 1.016533
20.56981, True, 4, 1.037271
20.5806, True, 4, 1.336596
20.59385, True, 4, 2.150167
20.60471, True, 4, 2.105796
20.61747, True, 4, 3.026336
20.6267, True, 4, 2.048899
20.63764, True, 4, 2.106091
20.64804, True, 4, 2.580839
20.65946, True, 4, 1.879552
20.67012, True, 4, 4.011802
20.68185, True, 4, 3.178306
20.69429, True, 4, 2.273211
20.70649, True, 4, 3.808385
20.71821, True, 4, 3.327554
20.72867, True, 4, 3.509733
20.73892, True, 4, 7.158811
20.74963, True, 4, 1.818236
20.75952, True, 4, 2.646868
20.7703, True, 4, 2.215437
20.78173, True, 4, 2.304923
20.79279, True, 4, 2.319935
20.8477, True, 4, 3.775549
20.85862, True, 4, 4.009021
20.86815, True, 4, 2.483261
20.87764, True, 4, 3.696815
20.88876, True, 4, 2.9998
20.90003, True, 4, 2.337444
20.91105, True, 4, 1.761897
20.92251, True, 4, 2.10469
20.9345, True, 4, 1.779364
20.94587, True, 4, 1.84164
20.95719, True, 4, 1.752601
20.96806, True, 4, 2.055543
20.98491, True, 4, 2.589193
20.99697, True, 4, 2.501455
21.00863, True, 4, 2.221846
21.01803, True, 4, 2.283348
21.03041, True, 4, 1.457166
21.04095, True, 4, 2.535022
21.05158, True, 4, 2.591987
21.06197, True, 4, 2.029397
21.07324, True, 4, 2.457776
21.08494, True, 4, 2.132379
21.0936, True, 4, 1.775401
21.10256, True, 4, 0.9852876
21.11332, True, 4, 1.296663
21.12461, True, 4, 0.9623515
21.13601, True, 4, 0.9824624
21.14993, True, 4, 0.9919786
21.16046, True, 4, 1.018115
21.1698, True, 4, 0.7906166
21.18144, True, 4, 0.7803356
21.19285, True, 4, 1.072163
21.20289, True, 4, 0.9864305
21.21474, True, 4, 0.8353138
21.22598, True, 4, 0.7903181
21.23666, True, 4, 0.779268
21.24845, True, 4, 0.7387536
21.25854, True, 4, 0.7105455
21.26975, True, 4, 0.8108691
21.28163, True, 4, 0.9213819
21.29414, True, 4, 0.9918767
21.30478, True, 4, 0.8530303
21.31592, True, 4, 0.7649117
21.32733, True, 4, 0.8163463
21.33868, True, 4, 0.7056863
21.34903, True, 4, 0.7714112
21.35974, True, 4, 0.7382526
21.37066, True, 4, 0.8101673
21.38235, True, 4, 0.9828981
21.39352, True, 4, 1.070951
21.405, True, 4, 0.8857008
21.41636, True, 4, 1.056305
21.42693, True, 4, 0.9883978
21.43773, True, 4, 1.090376
21.44914, True, 4, 1.059147
21.46081, True, 4, 0.9276099
21.47325, True, 4, 1.258001
21.48465, True, 4, 1.037019
21.4957, True, 4, 1.126344
21.50768, True, 4, 0.9571885
21.51647, True, 4, 1.046231
21.52722, True, 4, 1.022624
21.53967, True, 4, 0.9741266
21.55155, True, 4, 0.9787508
21.56979, True, 4, 0.9734893
21.58121, True, 4, 0.8837922
21.59367, True, 4, 0.8832189
21.60527, True, 4, 0.9967546
21.61754, True, 4, 0.9808992
21.63258, True, 4, 0.967617
21.64318, True, 4, 0.983893
21.65302, True, 4, 0.9972789
21.66419, True, 4, 1.132905
21.67501, True, 4, 1.147165
21.68534, True, 4, 1.199336
21.69505, True, 4, 1.250695
21.70488, True, 4, 1.21966
21.71604, True, 4, 1.404114
21.72702, True, 4, 1.265576
21.73822, True, 4, 1.989951
21.75942, True, 4, 4.898639
21.76898, True, 4, 2.260262
21.77891, True, 4, 1.547822
21.79028, True, 4, 1.13044
21.80262, True, 4, 1.333779
21.81054, True, 4, 1.538318
21.82169, True, 4, 1.365757
21.8335, True, 4, 3.844123
21.84385, True, 4, 2.237299
21.85505, True, 4, 3.539186
21.86656, True, 4, 4.335908
21.87749, True, 4, 8.645315
21.88941, True, 4, 4.888736
21.90006, True, 4, 2.939451
21.91085, True, 4, 7.580805
21.94421, True, 4, 4.803096
21.95593, True, 4, 5.859356
21.96731, True, 4, 4.260962
21.97711, True, 4, 1.869488
21.98831, True, 4, 2.426523
21.99933, True, 4, 2.719867
22.01062, True, 4, 3.309551
22.02173, True, 4, 4.077991
22.03329, True, 4, 3.788916
22.04658, True, 4, 2.77154
22.05898, True, 4, 2.349632
22.08988, True, 4, 8.575544
22.1108, True, 4, 6.252601
22.17932, True, 4, 3.975241
22.1989, True, 4, 1.646694
22.24222, True, 4, 8.843808
22.2861, True, 4, 4.164116
22.35904, True, 4, 2.616408
22.41364, True, 4, 2.602523
22.43328, True, 4, 4.235507
22.44422, True, 4, 1.996515
22.45515, True, 4, 2.55576
22.46708, True, 4, 2.306042
22.47754, True, 4, 2.478485
22.48852, True, 4, 2.072705
22.6324, True, 4, 4.292647
22.67685, True, 4, 5.503004
22.68842, True, 4, 2.871943
22.77823, True, 4, 7.050641
22.80085, True, 4, 2.245295
22.81229, True, 4, 3.002801
22.8234, True, 4, 4.641798
22.83527, True, 4, 0.8619592
22.84634, True, 4, 1.202457
22.86968, True, 4, 3.683271
22.88054, True, 4, 4.460786
22.92658, True, 4, 5.60544
22.94637, True, 4, 1.480005
22.95826, True, 4, 0.7321576
22.96913, True, 4, 1.861276
22.98078, True, 4, 8.377007
22.99262, True, 4, 1.200415
23.00186, True, 4, 1.447745
23.07898, True, 4, 0.6875238
23.09015, True, 4, 3.4684
23.14518, True, 4, 7.620947
23.16768, True, 4, 4.964826
23.18976, True, 4, 2.738043
23.20066, True, 4, 2.478999
23.21194, True, 4, 1.121968
23.22313, True, 4, 1.352745
23.23396, True, 4, 1.305207
23.24529, True, 4, 1.258865
23.2576, True, 4, 1.265906
23.26807, True, 4, 1.858654
23.2787, True, 4, 1.465122
23.28976, True, 4, 1.629648
23.30137, True, 4, 1.372571
23.33442, True, 4, 3.941727
23.34601, True, 4, 3.781298
23.35882, True, 4, 3.283949
23.39121, True, 4, 2.013413
23.41356, True, 4, 6.471454
23.44773, True, 4, 2.934236
23.45917, True, 4, 2.349415
23.50368, True, 4, 0
23.51514, True, 4, 0
23.57053, True, 4, 1.741739
23.58144, True, 4, 0.8644553
23.60359, True, 4, 6.876398
23.67542, True, 4, 3.037644
23.68608, True, 4, 9.334468
23.72136, True, 4, 2.324934
23.77752, True, 4, 3.813276
23.81071, True, 4, 4.118846
23.82311, True, 4, 4.234253
23.83448, True, 4, 1.899954
23.84384, True, 4, 2.203974
23.85412, True, 4, 2.618463
23.86618, True, 4, 2.175279
23.8769, True, 4, 7.114391
23.88736, True, 4, 4.741029
23.89884, True, 4, 3.54025
24.00965, True, 4, 1.481991
24.02054, True, 4, 4.659229
24.03372, True, 4, 3.551833
24.04429, True, 4, 6.894761
24.05612, True, 4, 5.334202
24.06661, True, 4, 8.339881
24.12171, True, 4, 1.671498
24.1333, True, 4, 1.862251
24.14306, True, 4, 3.09056
24.1551, True, 4, 3.917069
24.16629, True, 4, 5.44213
24.17756, True, 4, 2.778666
24.24582, True, 4, 7.88474
24.25725, True, 4, 7.304288
24.30312, True, 4, 4.012654
24.32553, True, 4, 6.471606
24.33689, True, 4, 7.604516
24.34811, True, 4, 6.597886
24.36357, True, 4, 5.294512
24.37926, True, 4, 7.694053
24.39463, True, 4, 6.60229
24.40944, True, 4, 5.232022
24.42907, True, 4, 6.268672
24.44005, True, 4, 9.42955
24.48102, True, 4, 3.482624
24.50243, True, 4, 6.087768
24.55364, True, 4, 5.142291
24.56532, True, 4, 4.009836
24.57752, True, 4, 7.604814
24.59016, True, 4, 1.955645
24.61217, True, 4, 4.170992
24.62394, True, 4, 2.266282
24.63446, True, 4, 0.8002018
24.64621, True, 4, 7.057947
24.68762, True, 4, 9.864402
24.6991, True, 4, 6.97789
24.70918, True, 4, 0.4264165
24.72077, True, 4, 2.781413
24.73241, True, 4, 1.381138
24.74384, True, 4, 1.067143
24.75663, True, 4, 1.188911
24.76786, True, 4, 2.094507
24.77818, True, 4, 2.593552
24.79048, True, 4, 6.286773
24.80118, True, 4, 5.191812
24.82439, True, 4, 7.076254
24.83449, True, 4, 2.863681
24.8455, True, 4, 3.21134
24.85526, True, 4, 4.127922
24.86757, True, 4, 4.844258
24.8898, True, 4, 3.375027
24.90124, True, 4, 3.082558
24.91301, True, 4, 9.778721
24.98949, True, 4, 4.245498
25.01188, True, 4, 6.097208
25.0334, True, 4, 6.36875
25.04844, True, 4, 4.904404
25.05924, True, 4, 4.475933
25.07171, True, 5, 2.313535
25.0964, True, 5, 1.212367
25.107, True, 5, 1.214095
25.11821, True, 5, 1.16473
25.12986, True, 5, 0.9977131
25.1415, True, 5, 0.8415398
25.15247, True, 5, 1.515217
25.16401, True, 5, 1.066908
25.17604, True, 5, 1.010062
25.18667, True, 5, 1.696822
25.19797, True, 5, 3.939599
25.20902, True, 5, 4.082489
25.22006, True, 5, 5.196729
25.23132, True, 5, 3.396246
25.24273, True, 5, 1.478045
25.25515, True, 5, 6.10925
25.26723, True, 5, 9.070803
25.27666, True, 5, 1.764352
25.28741, True, 5, 3.249412
25.29812, True, 5, 1.626709
25.30912, True, 5, 1.483407
25.32014, True, 5, 2.841081
25.33094, True, 5, 3.209419
25.34218, True, 5, 4.004756
25.3534, True, 5, 3.65691
25.36453, True, 5, 4.58482
25.37547, True, 5, 4.272477
25.38678, True, 5, 3.3548
25.3986, True, 5, 3.179017
25.40902, True, 5, 3.046544
25.80156, True, 5, 5.21761
25.81255, True, 5, 5.590146
25.85725, True, 5, 5.050218
25.90141, True, 5, 6.550962
25.91259, True, 5, 1.535676
25.92374, True, 5, 1.558137
25.93491, True, 5, 3.08446
25.94648, True, 5, 6.852942
25.95807, True, 5, 6.897934
26.00453, True, 5, 6.495044
26.05504, True, 5, 8.303442
26.0668, True, 5, 4.944772
26.09997, True, 5, 6.074999
26.1107, True, 5, 9.234126
26.1227, True, 5, 4.014456
26.14402, True, 5, 1.946221
26.15505, True, 5, 1.688627
26.16605, True, 5, 4.5031
26.19931, True, 5, 8.663895
26.2105, True, 5, 5.556733
26.24424, True, 5, 8.370337
26.26802, True, 5, 5.794664
26.31047, True, 5, 3.946021
26.34384, True, 5, 3.357415
26.35536, True, 5, 3.699821
26.36638, True, 5, 5.382975
26.37742, True, 5, 3.4593
26.38862, True, 5, 2.999473
26.40673, True, 5, 1.92563
26.41729, True, 5, 2.059667
26.42775, True, 5, 1.773483
26.43921, True, 5, 1.43649
26.45085, True, 5, 1.712245
26.46092, True, 5, 1.651374
26.47214, True, 5, 1.323067
26.48383, True, 5, 1.145113
26.49431, True, 5, 1.169263
26.50575, True, 5, 1.192825
26.51714, True, 5, 0.9379743
26.52609, True, 5, 1.230889
26.53894, True, 5, 1.03495
26.55101, True, 5, 1.155759
26.56091, True, 5, 0.9220672
26.57184, True, 5, 0.9190205
26.58493, True, 5, 1.143549
26.59694, True, 5, 1.199918
26.60804, True, 5, 1.123104
26.61955, True, 5, 1.113097
26.63053, True, 5, 1.196028
26.64225, True, 5, 1.194815
26.65471, True, 5, 1.29108
26.66689, True, 5, 1.242036
26.67873, True, 5, 1.198658
26.68946, True, 5, 1.332658
26.70032, True, 5, 1.333145
26.70963, True, 5, 1.432093
26.72111, True, 5, 1.154746
26.73575, True, 5, 1.260415
26.74501, True, 5, 1.169288
26.75574, True, 5, 1.142484
26.76763, True, 5, 1.025152
26.77911, True, 5, 1.177494
26.78966, True, 5, 1.218085
26.79969, True, 5, 1.169975
26.81035, True, 5, 1.229925
26.82205, True, 5, 1.241095
26.83314, True, 5, 1.280875
26.84403, True, 5, 1.171651
26.85566, True, 5, 1.179138
26.86725, True, 5, 1.257098
26.87735, True, 5, 1.284725
26.8883, True, 5, 1.282957
26.89882, True, 5, 1.254723
26.909, True, 5, 1.230954
26.91997, True, 5, 1.189673
26.93147, True, 5, 1.179091
26.94286, True, 5, 1.155052
26.95446, True, 5, 1.152548
26.96642, True, 5, 1.160512
26.98452, True, 5, 1.273497
26.99396, True, 5, 1.424401
27.00467, True, 5, 2.055476
27.01461, True, 5, 1.629427
27.02409, True, 5, 1.600847
27.03392, True, 5, 1.285937
27.0448, True, 5, 1.500005
27.05399, True, 5, 1.524274
27.06535, True, 5, 1.70976
27.07622, True, 5, 1.767226
27.08771, True, 5, 1.798488
27.09819, True, 5, 1.926845
27.10999, True, 5, 2.257337
27.12122, True, 5, 2.957539
27.13221, True, 5, 5.006089
27.1426, True, 5, 4.791705
27.15329, True, 5, 4.439456
27.16394, True, 5, 4.170002
27.17471, True, 5, 3.666275
27.18627, True, 5, 3.708179
27.19689, True, 5, 4.747265
27.20862, True, 5, 6.0081
27.21995, True, 5, 8.724506
27.25305, True, 5, 8.829937
27.2859, True, 5, 3.211782
27.29889, True, 5, 4.129349
27.32195, True, 5, 4.877585
27.4089, True, 5, 8.497279
27.41993, True, 5, 7.755757
27.43182, True, 5, 2.267012
27.44288, True, 5, 7.354726
27.45476, True, 5, 9.671894
27.4998, True, 5, 4.921937
27.51154, True, 5, 3.773937
27.5229, True, 5, 3.331566
27.56751, True, 5, 7.357038
27.57967, True, 5, 3.202274
27.60102, True, 5, 5.892844
27.65135, True, 5, 1.780932
27.66224, True, 5, 2.283896
27.68355, True, 5, 6.44463
27.72467, True, 5, 3.103334
27.75701, True, 5, 8.536385
27.76776, True, 5, 5.08038
27.77785, True, 5, 4.107947
27.79891, True, 5, 9.825791
27.80942, True, 5, 1.573138
27.8189, True, 5, 1.115558
27.85225, True, 5, 4.321534
27.86514, True, 5, 8.358889
27.88715, True, 5, 2.27463
27.91901, True, 5, 6.77992
27.93004, True, 5, 3.871368
27.9521, True, 5, 4.058366
27.96356, True, 5, 9.297902
27.97435, True, 5, 4.190647
28.0188, True, 5, 2.460939
28.03002, True, 5, 1.802579
28.05216, True, 5, 7.517379
28.06406, True, 5, 4.556487
28.07553, True, 5, 7.367574
28.08736, True, 5, 6.37913
28.14183, True, 5, 2.280326
28.15318, True, 5, 1.467925
28.16477, True, 5, 2.128814
28.17596, True, 5, 2.980754
28.18752, True, 5, 1.526962
28.1993, True, 5, 2.07072
28.21041, True, 5, 1.72272
28.22249, True, 5, 1.497327
28.23374, True, 5, 2.799036
28.24508, True, 5, 8.725515
28.25606, True, 5, 3.898576
28.26713, True, 5, 4.001957
28.32567, True, 5, 7.145466
28.34672, True, 5, 2.981649
28.3588, True, 5, 1.014455
28.46457, True, 5, 7.85651
28.48532, True, 5, 3.568075
28.51875, True, 5, 1.688998
28.5421, True, 5, 8.218206
28.55223, True, 5, 2.336663
28.56358, True, 5, 3.026002
28.57439, True, 5, 1.877012
28.61867, True, 5, 3.681855
28.62966, True, 5, 3.365572
28.6408, True, 5, 2.141302
28.65198, True, 5, 5.792678
28.66285, True, 5, 3.241355
28.67393, True, 5, 1.868165
28.68784, True, 5, 1.53888
28.69969, True, 5, 1.121821
28.71017, True, 5, 2.171866
28.72285, True, 5, 3.354125
28.75325, True, 5, 1.412631
28.81241, True, 5, 8.503484
28.87658, True, 5, 1.787284
28.88801, True, 5, 3.090739
28.89931, True, 5, 3.038924
28.91014, True, 5, 2.787929
28.92359, True, 5, 1.809523
28.93458, True, 5, 2.15165
28.94627, True, 5, 1.916649
28.95705, True, 5, 2.490082
28.98704, True, 5, 1.038814
29.00014, True, 5, 1.959423
29.01124, True, 5, 1.145487
29.02415, True, 5, 1.068494
29.03427, True, 5, 0.8844972
29.04383, True, 5, 1.918146
29.05539, True, 5, 0.9038069
29.06515, True, 5, 1.172657
29.08676, True, 5, 5.004224
29.10893, True, 5, 7.533581
29.12015, True, 5, 2.78531
29.13154, True, 5, 4.244071
29.1427, True, 5, 5.531262
29.1645, True, 5, 2.98565
29.17554, True, 5, 3.880719
29.18677, True, 5, 4.460071
29.1984, True, 5, 1.543502
29.20877, True, 5, 3.01669
29.22011, True, 5, 0.7729225
29.23115, True, 5, 2.830135
29.24275, True, 5, 1.469406
29.25364, True, 5, 1.064446
29.26442, True, 5, 0
29.40984, True, 5, 4.779593
29.42137, True, 5, 2.410601
29.43278, True, 5, 7.806144
29.57867, True, 5, 2.814131
29.60078, True, 5, 2.351998
29.612, True, 5, 2.550148
29.62465, True, 5, 2.050076
29.63533, True, 5, 1.817607
29.67245, True, 5, 4.340435
29.68559, True, 5, 1.962847
29.69616, True, 5, 1.282934
29.70702, True, 5, 1.362114
29.71819, True, 5, 8.525575
29.84021, True, 5, 8.146422
29.86233, True, 5, 4.202939
29.87341, True, 5, 2.080075
29.88442, True, 5, 4.625671
29.89553, True, 5, 6.013347
30.00833, True, 5, 4.532486
30.01896, True, 5, 2.33633
30.05152, True, 5, 6.642201
30.06326, True, 5, 7.011139
36.59766, False, 0, 5.456682
36.60956, False, 0, 2.433112
36.6213, False, 0, 8.537431
36.63248, False, 0, 8.195464
36.64254, False, 0, 8.733656
36.66168, False, 0, 8.214834
36.6828, False, 0, 0.9540623
36.69429, False, 0, 0.9725434
36.70412, False, 0, 0.9567704
36.71582, False, 0, 3.761882
36.72608, False, 0, 2.986916
36.73729, False, 0, 3.385742
36.74831, False, 0, 7.465947
36.76082, False, 0, 3.307298
36.7722, False, 0, 3.075606
36.78328, False, 0, 2.43738
36.81518, False, 0, 7.114071
36.8259, False, 0, 2.170104
36.83774, False, 0, 2.30347
36.84814, False, 0, 4.179498
36.87091, False, 0, 2.047379
36.88226, False, 0, 2.687155
36.9145, False, 0, 6.80477
36.94179, False, 0, 2.594546
36.95294, False, 0, 3.118643
36.96379, False, 0, 4.430026
36.97562, False, 0, 3.387814
36.98599, False, 0, 3.984387
36.99768, False, 0, 3.018564
37.00878, False, 0, 4.23016
37.01793, False, 0, 7.470544
37.0289, False, 0, 9.079314
37.04096, False, 0, 3.762794
37.0515, False, 0, 2.380594
37.0617, False, 0, 3.227995
37.0726, False, 0, 4.393825
37.09368, False, 0, 3.51717
37.10569, False, 0, 3.601619
37.11629, False, 0, 4.745307
37.13798, False, 0, 3.043375
37.14951, False, 0, 3.745167
37.16092, False, 0, 4.542468
37.17303, False, 0, 2.455393
37.18296, False, 0, 3.815682
37.19376, False, 0, 2.064267
37.21622, False, 0, 4.781615
37.22712, False, 0, 2.099165
37.23899, False, 0, 5.818289
37.26083, False, 0, 4.602653
37.28618, False, 0, 8.837718
37.29823, False, 0, 2.084837
37.30807, False, 0, 1.438087
37.3191, False, 0, 1.453694
37.33073, False, 0, 1.298033
37.34127, False, 0, 1.187608
37.35164, False, 0, 2.072879
37.36299, False, 0, 1.789828
37.3735, False, 0, 1.763274
37.38379, False, 0, 1.945076
37.39543, False, 0, 1.845609
37.40669, False, 0, 1.795031
37.41708, False, 0, 1.920821
37.42865, False, 0, 3.669308
37.44036, False, 0, 2.866259
37.4525, False, 0, 4.694655
37.46273, False, 0, 4.699846
37.47383, False, 0, 3.069391
37.48363, False, 0, 2.969018
37.49505, False, 0, 4.252606
37.50589, False, 0, 3.712714
37.51686, False, 0, 6.188119
37.52827, False, 0, 3.84193
37.54056, False, 0, 3.129612
37.55053, False, 0, 2.041832
37.56194, False, 0, 7.680175
37.70657, False, 0, 9.243561
37.81965, False, 0, 3.914338
37.83117, False, 0, 3.10994
37.87491, False, 0, 1.358618
37.88659, False, 0, 3.021285
37.89846, False, 0, 2.738111
37.90994, False, 0, 3.539807
37.92051, False, 0, 3.849313
38.00314, False, 0, 7.786018
38.01514, False, 0, 3.924531
38.05873, False, 0, 2.680141
38.07116, False, 0, 2.492261
38.18076, False, 0, 9.530285
38.36959, False, 0, 3.562253
38.3917, False, 0, 5.798045
38.40347, False, 0, 9.345853
38.43665, False, 0, 2.046849
38.4706, False, 0, 3.580487
38.53888, False, 0, 8.531642
38.55122, False, 0, 6.759299
38.57433, False, 1, 4.224855
38.69743, False, 1, 4.564132
38.75203, False, 1, 5.252543
38.76399, False, 1, 4.986003
38.77443, False, 1, 4.138769
38.78952, False, 1, 6.192541
38.82539, False, 1, 8.769276
38.84758, False, 1, 5.296963
38.85863, False, 1, 5.973232
38.90285, False, 1, 3.089744
38.91439, False, 1, 2.035349
38.92525, False, 1, 1.677004
38.93631, False, 1, 1.761979
38.94721, False, 1, 1.636743
38.96974, False, 1, 1.538766
38.98068, False, 1, 2.51781
38.99629, False, 1, 3.398106
39.09206, False, 1, 7.743451
39.10293, False, 1, 3.265376
39.11411, False, 1, 3.520948
39.12521, False, 1, 4.609922
39.13815, False, 1, 3.544379
39.14926, False, 1, 4.973659
39.16078, False, 1, 2.527254
39.17368, False, 1, 1.232582
39.18584, False, 1, 2.159148
39.21697, False, 1, 3.441348
39.28253, False, 1, 2.640196
39.29384, False, 1, 3.406736
39.30458, False, 1, 4.190031
39.51569, False, 1, 3.051401
39.52698, False, 1, 9.892797
39.58374, False, 1, 9.601336
39.59511, False, 1, 2.74143
39.60568, False, 1, 0
39.75807, False, 1, 0
39.76925, False, 1, 0
39.7804, False, 1, 0
39.7927, False, 1, 0
39.80374, False, 1, 0
39.8136, False, 1, 0
39.8248, False, 1, 0
39.83577, False, 1, 3.189947
39.8478, False, 1, 4.908175
39.85891, False, 1, 6.984434
39.8734, False, 1, 3.00322
39.88422, False, 1, 2.811027
39.89502, False, 1, 2.979088
39.90668, False, 1, 4.942261
39.91849, False, 1, 6.16269
39.93023, False, 1, 8.283709
39.95279, False, 1, 9.765337
39.97515, False, 1, 3.636122
39.986, False, 1, 2.601428
39.99725, False, 1, 1.403041
40.00699, False, 1, 0.9819604
40.01857, False, 1, 1.143688
40.02996, False, 1, 0.6669396
40.04006, False, 1, 0.9411138
40.05244, False, 1, 0.7828711
40.06339, False, 1, 0.7820017
40.07482, False, 1, 0.9292006
40.08579, False, 1, 0.9451737
40.09729, False, 1, 1.015669
40.10794, False, 1, 0.7870343
40.1193, False, 1, 0.9986809
40.12951, False, 1, 0.8931609
40.14101, False, 1, 0.7880952
40.15144, False, 1, 0
40.16328, False, 1, 0
40.17241, False, 1, 0
40.21888, False, 1, 8.450579
40.2341, False, 1, 3.024869
40.245, False, 1, 0.693933
40.25668, False, 1, 0.6701768
40.26783, False, 1, 0.6910953
40.27909, False, 1, 1.05444
40.28869, False, 1, 0.804913
40.29845, False, 1, 1.174039
40.31012, False, 1, 0.6825678
40.32164, False, 1, 0.8740665
40.33297, False, 1, 0.8495279
40.34487, False, 1, 1.456192
40.35608, False, 1, 1.234719
40.36683, False, 1, 1.84936
40.37783, False, 1, 1.171265
40.38885, False, 1, 0.779431
40.39844, False, 1, 3.549035
40.44788, False, 1, 1.020825
40.45844, False, 1, 1.731919
40.46999, False, 1, 2.07951
40.48077, False, 1, 1.269781
40.49101, False, 1, 1.510526
40.50276, False, 1, 2.169368
40.51461, False, 1, 1.598753
40.52586, False, 1, 1.757273
40.53779, False, 1, 1.759188
40.54961, False, 1, 1.556261
40.72405, False, 1, 3.637335
40.73595, False, 1, 7.395495
40.76835, False, 1, 4.2421
40.79066, False, 1, 1.059933
40.80273, False, 1, 2.504956
40.81507, False, 1, 1.892516
40.82582, False, 1, 1.929043
40.83608, False, 1, 1.709972
40.87021, False, 1, 5.02772
40.90435, False, 1, 2.436379
40.92137, False, 1, 2.725993
40.93241, False, 1, 5.599212
40.94306, False, 1, 3.307564
40.95539, False, 1, 2.753458
40.96539, False, 1, 2.224084
40.98801, False, 1, 1.262791
40.99915, False, 1, 1.316218
41.01049, False, 1, 2.351625
41.01991, False, 1, 2.207182
41.03124, False, 1, 1.380037
41.04117, False, 1, 1.206415
41.053, False, 1, 2.374663
41.06413, False, 1, 2.486725
41.07375, False, 1, 2.392302
41.08517, False, 1, 2.06275
41.09682, False, 1, 1.110866
41.10736, False, 1, 2.541798
41.11782, False, 1, 2.440353
41.12766, False, 1, 2.213487
41.1382, False, 1, 2.137625
41.14953, False, 1, 1.961627
41.16111, False, 1, 3.354433
41.17161, False, 1, 5.531441
41.18268, False, 1, 1.760122
41.1927, False, 1, 2.248244
41.20275, False, 1, 3.816299
41.21405, False, 1, 2.076977
41.22604, False, 1, 2.943881
41.23591, False, 1, 3.594895
41.24673, False, 1, 3.418964
41.25746, False, 1, 4.022347
41.26945, False, 1, 3.868397
41.28563, False, 1, 2.35623
41.29708, False, 1, 2.965127
41.30746, False, 1, 4.656041
41.3196, False, 1, 2.630868
41.33023, False, 1, 2.833366
41.34011, False, 1, 3.622774
41.35103, False, 1, 4.77431
41.36303, False, 1, 5.614999
41.3751, False, 1, 3.567582
41.38671, False, 1, 4.77526
41.39736, False, 1, 3.1675
41.40695, False, 1, 3.723057
41.41841, False, 1, 1.532643
41.42921, False, 1, 1.515632
41.4402, False, 1, 1.849335
41.45163, False, 1, 3.846947
41.46337, False, 1, 2.411284
41.47435, False, 1, 2.208488
41.48722, False, 1, 1.848332
41.49718, False, 1, 1.484402
41.50712, False, 1, 1.51034
41.52409, False, 1, 1.194121
41.53883, False, 1, 1.159322
41.54942, False, 1, 1.062104
41.56059, False, 1, 1.112376
41.56998, False, 1, 0.8505898
41.58075, False, 1, 0.9440572
41.59135, False, 1, 0.9510735
41.60267, False, 1, 1.013535
41.61415, False, 1, 1.004864
41.62438, False, 1, 0.9634393
41.63506, False, 1, 0.859179
41.64575, False, 1, 0.805722
41.65702, False, 1, 0.7297103
41.66788, False, 1, 0.7487391
41.67912, False, 1, 0.9516895
41.69038, False, 1, 0.7568947
41.70304, False, 1, 0.6674855
41.71416, False, 1, 0.7748894
41.72474, False, 1, 0.7203277
41.73511, False, 1, 0.7133787
41.7456, False, 1, 0.7193332
41.75679, False, 1, 0.7019733
41.76794, False, 1, 0.7061117
41.78014, False, 1, 0.7043472
41.7915, False, 1, 0.7029425
41.80297, False, 1, 0.6995212
41.814, False, 1, 0.7059226
41.82362, False, 1, 0.7115731
41.83464, False, 1, 0.7098289
41.84556, False, 1, 0.7118647
41.85674, False, 1, 0.7098688
41.86863, False, 1, 0.7144567
41.88046, False, 1, 0.7214622
41.89341, False, 1, 0.7501402
41.90293, False, 1, 0.7491146
41.91401, False, 1, 0.7399808
41.92626, False, 1, 0.7638318
41.93668, False, 1, 0.842306
41.94717, False, 1, 0.8271816
41.95791, False, 1, 0.8223014
41.97038, False, 1, 0.8224509
41.98026, False, 1, 0.9073582
41.99161, False, 1, 0.8181314
42.00317, False, 1, 0.8660777
42.01439, False, 1, 0.8881165
42.02578, False, 1, 0.9298443
42.03718, False, 1, 0.954621
42.0485, False, 1, 0.9159454
42.06005, False, 1, 1.11892
42.07117, False, 1, 1.140136
42.08275, False, 1, 1.306502
42.0938, False, 1, 1.39891
42.10521, False, 1, 1.388016
42.11607, False, 1, 1.627948
42.13369, False, 1, 1.665788
42.14751, False, 1, 1.697266
42.164, False, 1, 1.92616
42.17478, False, 1, 1.647993
42.18673, False, 1, 1.820026
42.19725, False, 1, 1.765285
42.20703, False, 1, 2.33837
42.21878, False, 1, 3.887296
42.22921, False, 1, 2.899858
42.23977, False, 1, 6.037741
42.25003, False, 1, 5.34989
42.25979, False, 1, 3.539678
42.27053, False, 1, 3.769548
42.28179, False, 1, 6.346807
42.29296, False, 1, 3.649451
42.30328, False, 1, 8.28238
42.32578, False, 1, 4.260511
42.33585, False, 1, 5.95098
42.35655, False, 1, 4.004732
42.3678, False, 1, 2.627391
42.37882, False, 1, 3.38578
42.38969, False, 1, 1.795878
42.40089, False, 1, 2.484186
42.41228, False, 1, 1.786956
42.42357, False, 1, 1.468949
42.43552, False, 1, 2.179935
42.44643, False, 1, 1.535444
42.45731, False, 1, 2.16865
42.46775, False, 1, 4.156549
42.47866, False, 1, 2.689279
42.51217, False, 1, 3.982276
42.52346, False, 1, 3.927885
42.53535, False, 1, 5.093159
42.54775, False, 1, 3.835501
42.56056, False, 1, 3.301717
42.57096, False, 1, 3.579552
42.58156, False, 1, 3.238385
42.59351, False, 1, 3.330654
42.60475, False, 1, 3.914687
42.67096, False, 1, 4.248862
42.68159, False, 1, 3.441923
42.69343, False, 1, 7.534298
42.74882, False, 1, 8.274368
42.75975, False, 1, 2.275669
42.8298, False, 1, 3.876889
42.86097, False, 1, 5.480967
42.95636, False, 1, 4.92912
42.96909, False, 1, 1.816558
42.97988, False, 1, 2.110048
43.11206, False, 1, 7.207947
43.13415, False, 1, 5.068728
43.14578, False, 1, 3.320141
43.34898, False, 1, 5.535385
43.49441, False, 1, 6.741277
43.59717, False, 2, 3.002704
43.60755, False, 2, 3.866958
43.69138, False, 2, 7.219094
43.72498, False, 2, 2.038558
43.73653, False, 2, 1.778492
43.75861, False, 2, 9.841108
43.7916, False, 2, 4.959741
43.88133, False, 2, 6.838817
43.89392, False, 2, 2.270458
43.90511, False, 2, 3.289615
43.91516, False, 2, 8.511925
43.92469, False, 2, 4.731613
43.93594, False, 2, 3.45755
43.94712, False, 2, 5.63242
43.9581, False, 2, 5.528021
43.96937, False, 2, 4.927243
43.9805, False, 2, 7.145483
43.99241, False, 2, 5.5314
44.01625, False, 2, 7.619204
44.02677, False, 2, 5.380848
44.038, False, 2, 4.897
44.05032, False, 2, 5.16266
44.07204, False, 2, 1.407173
44.16256, False, 2, 7.026107
44.19097, False, 2, 5.703797
44.20238, False, 2, 2.82382
44.22465, False, 2, 5.494508
44.23586, False, 2, 3.896258
44.24715, False, 2, 2.657783
44.26399, False, 2, 9.331438
44.27347, False, 2, 9.501186
44.29612, False, 2, 4.641342
44.31753, False, 2, 5.066884
44.3288, False, 2, 5.500223
44.36103, False, 2, 1.969639
44.3728, False, 2, 3.631538
44.38313, False, 2, 3.490958
44.44578, False, 2, 4.881295
44.47858, False, 2, 3.059504
44.49085, False, 2, 2.844145
44.50091, False, 2, 2.84236
44.51231, False, 2, 2.598341
44.52337, False, 2, 3.166644
44.58006, False, 2, 1.419167
44.59095, False, 2, 1.874158
44.60159, False, 2, 1.86352
44.61293, False, 2, 2.42254
44.63426, False, 2, 5.808119
44.70143, False, 2, 5.327295
44.72402, False, 2, 3.893378
44.735, False, 2, 1.884513
44.74574, False, 2, 2.2011
44.75703, False, 2, 1.99918
44.7688, False, 2, 2.632279
44.78024, False, 2, 1.251256
44.7919, False, 2, 1.616
44.80313, False, 2, 0.6616338
44.92723, False, 2, 3.684149
44.93891, False, 2, 6.968804
45.08858, False, 2, 0
45.24403, False, 2, 2.681128
45.25539, False, 2, 2.152121
45.45813, False, 2, 2.663516
45.66012, False, 2, 8.609293
45.71577, False, 2, 4.905225
45.72664, False, 2, 4.746619
45.74892, False, 2, 2.440315
45.76032, False, 2, 3.741836
45.77895, False, 2, 3.75495
45.80209, False, 2, 4.323424
45.81254, False, 2, 5.082026
45.82387, False, 2, 7.949333
45.83553, False, 2, 4.547217
45.8476, False, 2, 3.51512
45.85942, False, 2, 3.41358
45.88053, False, 2, 1.250988
45.90451, False, 2, 1.852314
45.9159, False, 2, 1.559187
45.92648, False, 2, 2.737393
45.93795, False, 2, 2.457626
45.94843, False, 2, 0.7761478
45.95921, False, 2, 1.161569
45.97202, False, 2, 1.530178
45.98286, False, 2, 2.645728
45.99509, False, 2, 1.164647
46.00648, False, 2, 2.054333
46.01831, False, 2, 2.019641
46.02813, False, 2, 2.404655
46.03841, False, 2, 2.181638
46.04738, False, 2, 2.413361
46.05907, False, 2, 2.465006
46.07074, False, 2, 2.807818
46.08179, False, 2, 1.766033
46.09451, False, 2, 0.8385581
46.10494, False, 2, 1.629039
46.11686, False, 2, 2.217138
46.12865, False, 2, 2.707257
46.13968, False, 2, 2.636238
46.15101, False, 2, 2.449019
46.16301, False, 2, 2.512284
46.17472, False, 2, 2.66889
46.18655, False, 2, 2.78991
46.1981, False, 2, 3.001419
46.20866, False, 2, 1.644992
46.22029, False, 2, 1.045626
46.23137, False, 2, 1.187458
46.24382, False, 2, 1.974254
46.2546, False, 2, 1.25324
46.26583, False, 2, 1.006194
46.27698, False, 2, 0.9852487
46.28883, False, 2, 0.9184324
46.29973, False, 2, 1.185601
46.31078, False, 2, 1.178865
46.32142, False, 2, 1.121806
46.33245, False, 2, 0.8405749
46.3446, False, 2, 0.8788812
46.355, False, 2, 0.8793748
46.37022, False, 2, 0.9450234
46.38117, False, 2, 0.9023015
46.39393, False, 2, 0.8972046
46.40347, False, 2, 0.8922157
46.4126, False, 2, 0.8568376
46.42358, False, 2, 0.8193588
46.43483, False, 2, 0.8638555
46.44641, False, 2, 0.7656224
46.45778, False, 2, 0.9096656
46.46845, False, 2, 0.8088315
46.47765, False, 2, 1.020637
46.48895, False, 2, 1.111839
46.49997, False, 2, 1.620271
46.51087, False, 2, 1.068681
46.52239, False, 2, 1.164598
46.53277, False, 2, 1.325826
46.54471, False, 2, 2.147501
46.55473, False, 2, 2.214396
46.5664, False, 2, 2.005001
46.57825, False, 2, 1.985491
46.58932, False, 2, 1.750895
46.60054, False, 2, 2.01346
46.61161, False, 2, 1.720934
46.62252, False, 2, 1.635445
46.63549, False, 2, 1.539839
46.64665, False, 2, 1.169378
46.65821, False, 2, 1.501227
46.66929, False, 2, 2.100269
46.68094, False, 2, 1.110766
46.69186, False, 2, 1.647367
46.70245, False, 2, 1.439557
46.71386, False, 2, 1.080274
46.7267, False, 2, 1.561559
46.7388, False, 2, 1.429765
46.74825, False, 2, 1.454212
46.76018, False, 2, 0.8715602
46.77116, False, 2, 0.9614684
46.78077, False, 2, 1.037239
46.7908, False, 2, 1.025354
46.8018, False, 2, 1.022005
46.81155, False, 2, 1.020006
46.82265, False, 2, 1.159994
46.83455, False, 2, 1.147693
46.84631, False, 2, 1.29388
46.8577, False, 2, 1.480495
46.86736, False, 2, 2.321179
46.87823, False, 2, 0.9331858
46.88908, False, 2, 5.164567
46.90018, False, 2, 6.137856
46.91145, False, 2, 3.633148
46.92243, False, 2, 4.204094
46.93368, False, 2, 2.459698
46.95121, False, 2, 5.694104
46.96246, False, 2, 8.046782
46.97377, False, 2, 5.188558
46.98446, False, 2, 2.060655
46.99488, False, 2, 3.195549
47.00592, False, 2, 7.828782
47.01627, False, 2, 7.83981
47.02684, False, 2, 6.978722
47.03716, False, 2, 6.612469
47.05719, False, 2, 6.782275
47.06815, False, 2, 7.497798
47.0789, False, 2, 9.05913
47.08973, False, 2, 7.861477
47.10077, False, 2, 7.77618
47.111, False, 2, 7.52106
47.12241, False, 2, 6.351744
47.13335, False, 2, 4.746412
47.1448, False, 2, 3.574316
47.15485, False, 2, 9.300493
47.16686, False, 2, 9.371566
47.35416, False, 2, 9.429213
47.36563, False, 2, 5.099523
47.37703, False, 2, 4.546437
47.38831, False, 2, 3.792024
47.39984, False, 2, 4.507664
47.50172, False, 2, 3.723264
47.51345, False, 2, 2.980558
47.52536, False, 2, 8.98807
47.54712, False, 2, 5.235385
47.58146, False, 2, 3.224672
47.59264, False, 2, 3.746245
47.60404, False, 2, 8.53727
47.74609, False, 2, 4.489143
47.75734, False, 2, 6.449488
47.76896, False, 2, 8.050858
47.8237, False, 2, 1.98604
47.83522, False, 2, 1.643617
47.89076, False, 2, 1.877866
47.90277, False, 2, 3.286429
47.91376, False, 2, 2.939925
47.9268, False, 2, 1.61157
48.06926, False, 2, 4.989716
48.08061, False, 2, 9.894696
48.11834, False, 2, 2.63392
48.12927, False, 2, 2.955374
48.1386, False, 2, 3.563932
48.1493, False, 2, 8.813178
48.16117, False, 2, 3.78864
48.1903, False, 2, 5.222953
48.20085, False, 2, 4.020938
48.22206, False, 2, 8.353665
48.24357, False, 2, 7.395219
48.25521, False, 2, 7.0489
48.26504, False, 2, 5.326584
48.33194, False, 2, 3.705324
48.36875, False, 2, 6.978663
48.379, False, 2, 2.758993
48.4021, False, 2, 4.710649
48.41195, False, 2, 3.277113
48.44318, False, 2, 0
48.62292, False, 3, 4.406198
48.64528, False, 3, 4.270646
48.65649, False, 3, 3.515241
48.66739, False, 3, 8.838793
48.67902, False, 3, 2.395287
48.68973, False, 3, 5.863397
48.71186, False, 3, 2.624593
48.73398, False, 3, 1.595596
48.74519, False, 3, 0.6418794
48.88039, False, 3, 0.754355
48.89275, False, 3, 0.79993
48.90307, False, 3, 0.7949114
48.92527, False, 3, 8.161608
48.93698, False, 3, 1.53078
48.98101, False, 3, 3.580351
49.20387, False, 3, 3.72753
49.24329, False, 3, 4.989059
49.28715, False, 3, 4.271484
49.29833, False, 3, 2.856673
49.30958, False, 3, 2.683333
49.32034, False, 3, 2.778255
49.33152, False, 3, 3.807309
49.34304, False, 3, 6.037424
49.36538, False, 3, 0.8662505
49.37758, False, 3, 1.02091
49.43159, False, 3, 2.441051
49.44383, False, 3, 2.620814
49.45519, False, 3, 4.196347
49.4659, False, 3, 4.953841
49.48715, False, 3, 9.178046
49.52077, False, 3, 9.33503
49.53191, False, 3, 2.781288
49.54347, False, 3, 4.133868
49.55469, False, 3, 2.324436
49.56601, False, 3, 2.773447
49.57768, False, 3, 3.703168
49.58864, False, 3, 2.803926
49.59991, False, 3, 1.905985
49.61277, False, 3, 1.505137
49.62572, False, 3, 1.795787
49.6374, False, 3, 2.585056
49.64855, False, 3, 4.247689
49.65937, False, 3, 5.398801
49.67901, False, 3, 2.089252
49.69022, False, 3, 7.719323
49.70267, False, 3, 2.221561
49.71367, False, 3, 2.135592
49.72453, False, 3, 1.886414
49.73444, False, 3, 2.525241
49.74546, False, 3, 9.245003
49.75651, False, 3, 2.357906
49.76785, False, 3, 2.891304
49.77897, False, 3, 2.176972
49.79176, False, 3, 2.491395
49.80844, False, 3, 2.357443
49.8208, False, 3, 5.960378
49.83146, False, 3, 3.836128
49.84401, False, 3, 6.810452
49.86523, False, 3, 3.480154
49.87597, False, 3, 3.121881
49.88702, False, 3, 4.097122
49.89753, False, 3, 5.301106
49.9087, False, 3, 3.741845
49.92, False, 3, 4.493607
49.94189, False, 3, 5.882895
49.95442, False, 3, 4.168716
49.96449, False, 3, 4.620925
49.98654, False, 3, 9.435777
50.01968, False, 3, 0.8414627
50.03093, False, 3, 4.688923
50.04287, False, 3, 3.429538
50.05395, False, 3, 4.425983
50.06437, False, 3, 2.699267
50.07528, False, 3, 2.347417
50.08659, False, 3, 4.971902
50.0975, False, 3, 5.761119
50.1089, False, 3, 2.714934
50.12013, False, 3, 2.449307
50.13259, False, 3, 2.220644
50.14404, False, 3, 2.4069
50.15489, False, 3, 2.567908
50.16568, False, 3, 2.018682
50.17582, False, 3, 1.754348
50.18719, False, 3, 1.41986
50.19741, False, 3, 1.313085
50.20873, False, 3, 1.301412
50.21991, False, 3, 1.131382
50.23133, False, 3, 1.104562
50.243, False, 3, 0.966739
50.25438, False, 3, 0.9777203
50.26497, False, 3, 0.9334505
50.27631, False, 3, 0.8237522
50.28776, False, 3, 0.9114832
50.29863, False, 3, 0.8359318
50.3104, False, 3, 0.9607347
50.32159, False, 3, 0.7748322
50.33545, False, 3, 0.9135352
50.34721, False, 3, 0.884612
50.35794, False, 3, 0.7881114
50.36952, False, 3, 1.016055
50.38028, False, 3, 0.8898869
50.39159, False, 3, 1.347509
50.40386, False, 3, 1.211815
50.42165, False, 3, 0.9495262
50.43372, False, 3, 0.9485662
50.44512, False, 3, 0.9897518
50.45522, False, 3, 1.024558
50.4679, False, 3, 1.149159
50.4776, False, 3, 1.079555
50.48832, False, 3, 1.025035
50.49989, False, 3, 1.086866
50.51034, False, 3, 1.043987
50.52316, False, 3, 0.9431272
50.53636, False, 3, 1.046288
50.54769, False, 3, 1.079508
50.55893, False, 3, 0.9849807
50.5704, False, 3, 1.169528
50.58081, False, 3, 1.127448
50.59206, False, 3, 1.036283
50.60275, False, 3, 1.109702
50.6138, False, 3, 1.002746
50.62516, False, 3, 0.9904037
50.63618, False, 3, 1.102119
50.64668, False, 3, 1.071032
50.65797, False, 3, 0.9515599
50.66669, False, 3, 1.031073
50.67885, False, 3, 0.9819489
50.69023, False, 3, 0.9798223
50.69995, False, 3, 1.007967
50.71093, False, 3, 0.9700142
50.72258, False, 3, 0.9377181
50.73422, False, 3, 0.9560508
50.74541, False, 3, 0.9378641
50.75608, False, 3, 0.9861643
50.76664, False, 3, 1.022002
50.77819, False, 3, 1.049492
50.79066, False, 3, 1.020281
50.80283, False, 3, 0.9771031
50.81213, False, 3, 1.036813
50.82206, False, 3, 1.037837
50.83427, False, 3, 1.102351
50.8453, False, 3, 1.085401
50.85569, False, 3, 1.031076
50.86726, False, 3, 1.033269
50.87865, False, 3, 1.03195
50.88986, False, 3, 1.238805
50.90229, False, 3, 1.076659
50.91278, False, 3, 1.13289
50.92449, False, 3, 1.098169
50.9355, False, 3, 1.032101
50.94714, False, 3, 1.140002
50.95839, False, 3, 1.313973
50.96933, False, 3, 1.143712
50.97897, False, 3, 1.160942
50.98911, False, 3, 1.563054
51.00412, False, 3, 2.067233
51.04186, False, 3, 6.952473
51.05284, False, 3, 6.774564
51.16481, False, 3, 4.932346
51.20827, False, 3, 6.730784
51.21926, False, 3, 3.889326
51.23011, False, 3, 3.669126
51.24128, False, 3, 3.262945
51.25274, False, 3, 7.932509
51.26382, False, 3, 5.62025
51.2749, False, 3, 5.168845
51.29728, False, 3, 7.415148
51.30811, False, 3, 6.142786
51.34193, False, 3, 3.175978
51.35278, False, 3, 4.534131
51.37483, False, 3, 4.981378
51.38599, False, 3, 8.472289
51.397, False, 3, 4.595013
51.40884, False, 3, 4.227033
51.42048, False, 3, 3.688661
51.43204, False, 3, 6.669664
51.45326, False, 3, 5.163843
51.46368, False, 3, 5.991975
51.71289, False, 3, 8.515185
51.72733, False, 3, 4.08993
51.75785, False, 3, 5.877573
51.77448, False, 3, 2.047629
51.7865, False, 3, 4.081175
51.9194, False, 3, 3.755932
51.94229, False, 3, 2.654577
51.953, False, 3, 4.680024
51.96406, False, 3, 3.648125
51.97629, False, 3, 3.901426
51.98707, False, 3, 4.021894
51.99689, False, 3, 9.852625
52.01855, False, 3, 2.926107
52.03029, False, 3, 3.357608
52.04152, False, 3, 4.577211
52.05217, False, 3, 3.280989
52.06292, False, 3, 3.243116
52.07418, False, 3, 2.442998
52.08536, False, 3, 4.487515
52.09655, False, 3, 2.797452
52.1079, False, 3, 1.497094
52.17422, False, 3, 4.741561
52.18559, False, 3, 3.099832
52.19642, False, 3, 0
52.40174, False, 3, 7.925141
52.41246, False, 3, 4.068468
52.42424, False, 3, 7.766034
52.50139, False, 3, 3.290926
52.5125, False, 3, 3.171266
52.54999, False, 3, 4.170131
52.58001, False, 3, 2.97008
52.59146, False, 3, 3.325244
52.61386, False, 3, 5.364139
52.62506, False, 3, 2.403259
52.63687, False, 3, 8.899509
52.64746, False, 3, 2.896423
52.65742, False, 3, 1.201099
52.6684, False, 3, 2.233272
52.68003, False, 3, 3.281821
52.73439, False, 3, 3.094772
52.78533, False, 3, 5.669063
52.81861, False, 3, 1.493286
52.82993, False, 3, 2.429145
52.84242, False, 3, 2.425375
52.85235, False, 3, 2.810695
52.87384, False, 3, 5.611091
52.95188, False, 3, 2.195426
52.96369, False, 3, 6.435674
53.00749, False, 3, 2.966979
53.01964, False, 3, 4.210511
53.0297, False, 3, 2.097216
53.04077, False, 3, 4.299786
53.05241, False, 3, 2.760533
53.1771, False, 3, 2.998353
53.18838, False, 3, 3.241956
53.28182, False, 3, 2.452459
53.29342, False, 3, 2.603669
53.30273, False, 3, 6.288733
53.39869, False, 3, 2.547382
53.41002, False, 3, 9.075376
53.45422, False, 3, 3.738952
53.46648, False, 3, 3.397784
53.47899, False, 3, 1.723885
53.49006, False, 3, 2.793714
53.50067, False, 3, 3.159234
53.51167, False, 3, 3.034721
53.52123, False, 3, 1.726858
53.53247, False, 3, 5.385345
53.54466, False, 3, 1.678293
53.55432, False, 3, 4.066552
53.57719, False, 3, 2.387157
53.60002, False, 3, 5.8995
53.6121, False, 4, 4.155063
53.63191, False, 4, 1.26332
53.64378, False, 4, 3.532476
53.65452, False, 4, 1.925971
53.66581, False, 4, 2.434514
53.67696, False, 4, 1.326503
53.68809, False, 4, 2.048257
53.6993, False, 4, 2.001388
53.71091, False, 4, 1.644975
53.7554, False, 4, 1.24901
53.76691, False, 4, 1.961454
53.77785, False, 4, 5.187743
53.78928, False, 4, 6.030309
53.80041, False, 4, 2.424894
53.8111, False, 4, 2.653711
53.82239, False, 4, 4.664856
53.8333, False, 4, 1.576843
53.8446, False, 4, 1.569481
53.85574, False, 4, 1.134636
53.86786, False, 4, 1.146822
53.87893, False, 4, 1.015443
53.89021, False, 4, 1.34734
53.90263, False, 4, 0.9398961
53.91634, False, 4, 4.485052
53.93085, False, 4, 3.890913
53.94245, False, 4, 8.66221
53.95496, False, 4, 9.96958
53.99785, False, 4, 5.739408
54.00694, False, 4, 4.325992
54.01793, False, 4, 3.513321
54.02917, False, 4, 6.007088
54.04072, False, 4, 2.391216
54.05286, False, 4, 5.942033
54.06475, False, 4, 2.719947
54.07672, False, 4, 2.351835
54.08709, False, 4, 2.603687
54.09888, False, 4, 2.268602
54.11012, False, 4, 4.590753
54.12133, False, 4, 3.415486
54.12989, False, 4, 3.526437
54.14195, False, 4, 2.910271
54.15375, False, 4, 3.121196
54.16435, False, 4, 1.972683
54.17569, False, 4, 2.565833
54.18604, False, 4, 2.525314
54.20776, False, 4, 8.810443
54.26193, False, 4, 5.827066
54.27319, False, 4, 5.743084
54.28642, False, 4, 4.307065
54.29777, False, 4, 8.840316
54.30911, False, 4, 5.377136
54.31902, False, 4, 7.048457
54.32946, False, 4, 7.633245
54.34057, False, 4, 8.111709
54.35122, False, 4, 5.574941
54.36286, False, 4, 5.742507
54.38548, False, 4, 4.084408
54.39701, False, 4, 3.088464
54.40828, False, 4, 8.351712
54.41967, False, 4, 5.514138
54.44247, False, 4, 3.549959
54.45393, False, 4, 3.847282
54.46546, False, 4, 9.000687
54.60689, False, 4, 3.603695
54.61834, False, 4, 4.153922
54.62908, False, 4, 2.459079
54.64001, False, 4, 1.798006
54.65099, False, 4, 4.305907
54.70673, False, 4, 4.958428
54.71764, False, 4, 8.750015
54.72873, False, 4, 1.531193
54.73973, False, 4, 2.208559
54.75104, False, 4, 1.831429
54.76546, False, 4, 2.74321
54.77629, False, 4, 2.111185
54.78655, False, 4, 3.327449
54.79759, False, 4, 2.148935
54.85084, False, 4, 5.856666
54.86214, False, 4, 9.806266
54.8731, False, 4, 2.842779
54.96375, False, 4, 0
54.98568, False, 4, 3.669151
55.10701, False, 4, 2.250635
55.33023, False, 4, 7.913783
55.3414, False, 4, 5.902827
55.43155, False, 4, 2.214804
55.44268, False, 4, 3.757809
55.50853, False, 4, 2.684445
55.51931, False, 4, 2.172861
55.53014, False, 4, 1.719496
55.54153, False, 4, 1.524179
55.55304, False, 4, 1.55447
55.58565, False, 4, 2.425898
55.59701, False, 4, 2.363133
55.6083, False, 4, 2.297211
55.61921, False, 4, 3.592411
55.6412, False, 4, 4.837867
55.6525, False, 4, 9.786552
55.66385, False, 4, 6.702161
55.6749, False, 4, 3.74587
55.68557, False, 4, 4.472815
55.69714, False, 4, 3.138726
55.70802, False, 4, 6.17065
55.71937, False, 4, 4.207733
55.73078, False, 4, 4.514259
55.7653, False, 4, 6.661104
55.77547, False, 4, 7.542807
55.78677, False, 4, 9.307157
55.798, False, 4, 5.83269
55.81061, False, 4, 5.425651
55.82163, False, 4, 4.256029
55.83302, False, 4, 6.999255
55.84385, False, 4, 5.171667
55.85426, False, 4, 5.54796
55.86547, False, 4, 5.263016
55.87693, False, 4, 4.608572
55.88849, False, 4, 6.735081
55.8998, False, 4, 7.252898
55.98779, False, 4, 7.625715
55.99931, False, 4, 5.002995
56.01036, False, 4, 5.443572
56.0211, False, 4, 4.307069
56.03277, False, 4, 3.875304
56.05083, False, 4, 4.26371
56.0658, False, 4, 4.298783
56.08293, False, 4, 3.756138
56.09433, False, 4, 4.000104
56.10659, False, 4, 3.511676
56.11917, False, 4, 2.754708
56.12905, False, 4, 2.557662
56.14027, False, 4, 2.748014
56.15244, False, 4, 2.858672
56.16247, False, 4, 2.535589
56.17208, False, 4, 2.452829
56.1838, False, 4, 2.773184
56.19464, False, 4, 3.024966
56.20569, False, 4, 5.292819
56.2168, False, 4, 2.213493
56.22792, False, 4, 1.792171
56.2401, False, 4, 1.545006
56.25155, False, 4, 1.609849
56.26252, False, 4, 1.362851
56.27344, False, 4, 1.39631
56.28468, False, 4, 1.515878
56.29573, False, 4, 1.401766
56.30658, False, 4, 1.521635
56.31682, False, 4, 1.708211
56.32764, False, 4, 1.587994
56.33898, False, 4, 1.591697
56.35011, False, 4, 1.634825
56.36156, False, 4, 1.71543
56.37325, False, 4, 1.742257
56.38332, False, 4, 1.729091
56.3946, False, 4, 1.741608
56.40652, False, 4, 1.763601
56.41747, False, 4, 1.741044
56.43008, False, 4, 1.653383
56.44134, False, 4, 1.652395
56.45172, False, 4, 1.976121
56.46262, False, 4, 1.909564
56.47353, False, 4, 2.897576
56.48534, False, 4, 3.765131
56.49696, False, 4, 3.222061
56.50701, False, 4, 4.174142
56.51777, False, 4, 8.236574
56.52813, False, 4, 5.258043
56.53892, False, 4, 8.892657
56.55021, False, 4, 6.401629
56.56106, False, 4, 5.495711
56.57243, False, 4, 9.170451
56.66394, False, 4, 9.59535
56.6787, False, 4, 9.552164
56.69098, False, 4, 9.146145
56.70283, False, 4, 9.502301
56.71441, False, 4, 8.256767
56.72572, False, 4, 3.760038
56.73664, False, 4, 8.010843
56.74697, False, 4, 3.704792
56.75736, False, 4, 4.986139
56.76841, False, 4, 4.193395
56.77767, False, 4, 3.802491
56.78889, False, 4, 3.554321
56.79988, False, 4, 2.201102
56.81236, False, 4, 2.203873
56.82685, False, 4, 2.096481
56.83613, False, 4, 1.392581
56.84694, False, 4, 1.400889
56.85876, False, 4, 1.394204
56.8702, False, 4, 0.9304464
56.8807, False, 4, 0.7893626
56.89175, False, 4, 0.6898755
56.90305, False, 4, 0.6967118
56.91385, False, 4, 0.64568
56.92527, False, 4, 0.5956015
56.93823, False, 4, 0.6002128
56.9498, False, 4, 0.6029264
56.96079, False, 4, 0.6050551
56.97195, False, 4, 0.600862
56.98295, False, 4, 0.603223
56.99442, False, 4, 0.6474512
57.00679, False, 4, 0.6323867
57.01808, False, 4, 0.6190329
57.02904, False, 4, 0.6065302
57.0392, False, 4, 0.6084297
57.0495, False, 4, 0.6078386
57.06088, False, 4, 0.6135141
57.07183, False, 4, 0.6127708
57.08292, False, 4, 0.6243535
57.09399, False, 4, 0.6481594
57.1059, False, 4, 0.6712258
57.11699, False, 4, 0.6392693
57.12854, False, 4, 0.6760266
57.13906, False, 4, 0.6832717
57.15138, False, 4, 0.6877002
57.16282, False, 4, 0.7101928
57.17457, False, 4, 0.719939
57.1842, False, 4, 0.7064565
57.1939, False, 4, 0.6740988
57.20534, False, 4, 0.7363216
57.2179, False, 4, 0.7836513
57.22852, False, 4, 0.7551619
57.2391, False, 4, 0.754343
57.25644, False, 4, 0.7239913
57.26814, False, 4, 0.7484957
57.27895, False, 4, 0.7909398
57.29087, False, 4, 0.8414042
57.30243, False, 4, 0.9137636
57.31514, False, 4, 0.8367078
57.32554, False, 4, 0.9003658
57.33471, False, 4, 0.9288673
57.34526, False, 4, 0.948818
57.35552, False, 4, 0.932155
57.36618, False, 4, 0.9060894
57.37658, False, 4, 0.8834147
57.38644, False, 4, 0.9602732
57.3973, False, 4, 0.8963384
57.41029, False, 4, 0.8926272
57.4221, False, 4, 0.9275953
57.43254, False, 4, 1.086044
57.44321, False, 4, 0.9468705
57.45377, False, 4, 1.014534
57.46527, False, 4, 1.254646
57.47609, False, 4, 1.408618
57.48671, False, 4, 2.190862
57.49549, False, 4, 2.214836
57.50583, False, 4, 1.755051
57.5173, False, 4, 1.623004
57.52764, False, 4, 1.444959
57.5389, False, 4, 1.735498
57.55097, False, 4, 2.046211
57.5606, False, 4, 1.840291
57.57304, False, 4, 2.205799
57.58424, False, 4, 2.151184
57.59482, False, 4, 2.013258
57.60484, False, 4, 1.940919
57.61626, False, 4, 2.029279
57.62781, False, 4, 2.00518
57.63816, False, 4, 1.925747
57.6498, False, 4, 1.951126
57.66092, False, 4, 1.991356
57.67136, False, 4, 2.008604
57.68277, False, 4, 2.042691
57.69431, False, 4, 2.164881
57.70606, False, 4, 2.160327
57.71845, False, 4, 2.186719
57.72899, False, 4, 2.344407
57.74177, False, 4, 2.396972
57.75307, False, 4, 2.404568
57.76439, False, 4, 5.700139
57.77615, False, 4, 3.57475
57.79832, False, 4, 9.670276
57.80972, False, 4, 3.866943
57.82042, False, 4, 6.338623
57.83878, False, 4, 2.125588
57.84985, False, 4, 4.998985
57.86019, False, 4, 2.716674
57.91024, False, 4, 9.726138
57.95071, False, 4, 5.206494
57.97385, False, 4, 7.600693
58.00664, False, 4, 6.48661
58.02946, False, 4, 5.048742
58.04173, False, 4, 4.965776
58.09739, False, 4, 8.697849
58.12774, False, 4, 6.319837
58.13816, False, 4, 4.486462
58.14909, False, 4, 2.334364
58.17316, False, 4, 4.975618
58.18426, False, 4, 6.090983
58.27165, False, 4, 1.279491
58.29372, False, 4, 1.841197
58.30654, False, 4, 0.9667109
58.31893, False, 4, 1.262985
58.33017, False, 4, 0.7473642
58.34254, False, 4, 0.9764349
58.35354, False, 4, 0.9986721
58.36339, False, 4, 1.041462
58.37452, False, 4, 1.025935
58.38477, False, 4, 4.527881
58.41812, False, 4, 8.43147
58.46334, False, 4, 3.065893
58.47565, False, 4, 2.245162
58.48684, False, 4, 4.614402
58.49814, False, 4, 0.8351492
58.50901, False, 4, 1.450034
58.52687, False, 4, 1.362832
58.53928, False, 4, 0.8690618
58.55056, False, 4, 1.0797
58.63804, False, 5, 7.120641
58.69386, False, 5, 5.636908
58.72687, False, 5, 4.938415
58.77131, False, 5, 5.320195
58.78282, False, 5, 6.980837
58.79347, False, 5, 2.659268
58.80484, False, 5, 5.791663
58.86041, False, 5, 4.146379
58.88228, False, 5, 2.326371
58.89366, False, 5, 1.528185
58.9048, False, 5, 1.071802
58.91571, False, 5, 2.251566
58.96018, False, 5, 9.830551
59.0284, False, 5, 3.859129
59.05116, False, 5, 4.675551
59.09682, False, 5, 2.351553
59.10842, False, 5, 2.106619
59.11969, False, 5, 1.614143
59.13161, False, 5, 2.122174
59.14286, False, 5, 3.625492
59.15369, False, 5, 2.903135
59.1655, False, 5, 1.874805
59.17584, False, 5, 1.578454
59.1884, False, 5, 1.303124
59.1997, False, 5, 1.067218
59.21043, False, 5, 4.887585
59.22232, False, 5, 3.80377
59.23962, False, 5, 1.396629
59.26901, False, 5, 3.72125
59.2798, False, 5, 2.777799
59.31207, False, 5, 3.199532
59.3252, False, 5, 3.628775
59.33656, False, 5, 3.979167
59.3478, False, 5, 3.123269
59.36037, False, 5, 2.822043
59.37276, False, 5, 8.572193
59.39779, False, 5, 1.530082
59.40957, False, 5, 2.307286
59.42072, False, 5, 2.184873
59.43351, False, 5, 2.200291
59.44425, False, 5, 2.034756
59.45511, False, 5, 2.058687
59.46624, False, 5, 2.092937
59.47823, False, 5, 2.410292
59.48803, False, 5, 2.362935
59.49834, False, 5, 2.290099
59.51106, False, 5, 2.306267
59.52056, False, 5, 2.305787
59.53058, False, 5, 2.305528
59.54213, False, 5, 2.277161
59.55304, False, 5, 1.575873
59.61698, False, 5, 7.896985
59.70501, False, 5, 5.353765
59.7164, False, 5, 7.235265
59.73844, False, 5, 6.561964
59.77075, False, 5, 7.413723
59.78173, False, 5, 6.385815
60.05091, False, 5, 3.636866
60.07347, False, 5, 2.97157
60.19828, False, 5, 5.137062
60.25104, False, 5, 6.212901
60.26218, False, 5, 3.30448
60.28436, False, 5, 9.778146
60.3084, False, 5, 4.730818
60.71972, False, 5, 7.429686
60.74173, False, 5, 2.241394
60.75902, False, 5, 3.413588
60.77167, False, 5, 8.822917
60.79405, False, 5, 3.842609
60.80563, False, 5, 7.891192
60.81625, False, 5, 2.558133
60.82676, False, 5, 2.897508
60.83846, False, 5, 3.169735
60.84939, False, 5, 3.004185
60.86045, False, 5, 8.594457
60.87259, False, 5, 9.672003
60.8855, False, 5, 2.485325
60.89725, False, 5, 6.020496
60.9096, False, 5, 5.626153
60.95235, False, 5, 8.539378
61.0923, False, 5, 8.946765
61.11449, False, 5, 5.515585
61.12637, False, 5, 8.649578
61.19279, False, 5, 6.619601
61.22568, False, 5, 8.058293
61.23845, False, 5, 8.685958
61.24933, False, 5, 4.09635
61.25944, False, 5, 4.646163
61.27096, False, 5, 6.178765
61.28285, False, 5, 4.244246
61.29271, False, 5, 4.454292
61.30375, False, 5, 3.32059
61.31607, False, 5, 2.111423
61.32663, False, 5, 1.744808
61.33794, False, 5, 1.599065
61.35035, False, 5, 1.593382
61.36174, False, 5, 1.619142
61.37292, False, 5, 1.718937
61.3843, False, 5, 1.747687
61.39608, False, 5, 1.510592
61.40697, False, 5, 1.297183
61.41828, False, 5, 1.122696
61.43612, False, 5, 1.014165
61.44684, False, 5, 0.9838684
61.45844, False, 5, 0.9328907
61.46893, False, 5, 0.9683369
61.47934, False, 5, 0.9914234
61.49257, False, 5, 0.9346743
61.50348, False, 5, 0.720224
61.51447, False, 5, 0.7314192
61.52649, False, 5, 0.7707728
61.53702, False, 5, 0.777279
61.54942, False, 5, 0.8495283
61.55929, False, 5, 0.818615
61.56999, False, 5, 0.788852
61.58072, False, 5, 0.8424329
61.59248, False, 5, 0.7714047
61.60344, False, 5, 0.7266883
61.61463, False, 5, 0.762163
61.62565, False, 5, 0.736964
61.6367, False, 5, 0.837504
61.64753, False, 5, 0.8002798
61.65876, False, 5, 0.7911625
61.66996, False, 5, 0.7681662
61.68109, False, 5, 0.7940224
61.69209, False, 5, 0.8226961
61.70309, False, 5, 0.9285133
61.71479, False, 5, 0.8862258
61.72734, False, 5, 0.9535563
61.73875, False, 5, 0.9387119
61.75079, False, 5, 0.8870991
61.76159, False, 5, 0.9851025
61.77322, False, 5, 1.036068
61.78431, False, 5, 0.9161191
61.79452, False, 5, 0.9373426
61.80572, False, 5, 0.9011208
61.81683, False, 5, 0.9459812
61.82726, False, 5, 0.9940262
61.83934, False, 5, 0.9915925
61.8499, False, 5, 0.9699163
61.85923, False, 5, 0.9202729
61.87066, False, 5, 1.412999
61.88226, False, 5, 1.435317
61.89329, False, 5, 1.62173
61.90575, False, 5, 1.282937
61.91944, False, 5, 1.12498
61.93011, False, 5, 1.223738
61.94244, False, 5, 1.19943
61.95345, False, 5, 1.555256
61.96466, False, 5, 1.760137
61.97533, False, 5, 1.387657
61.98516, False, 5, 1.98421
61.99594, False, 5, 1.878252
62.00808, False, 5, 1.996476
62.02708, False, 5, 3.499405
62.03882, False, 5, 3.017634
62.05001, False, 5, 4.110048
62.06067, False, 5, 2.832528
62.11497, False, 5, 4.310209
62.12609, False, 5, 5.377296
62.13803, False, 5, 5.240255
62.14939, False, 5, 9.465659
62.15956, False, 5, 2.083671
62.17014, False, 5, 2.190745
62.18039, False, 5, 2.469219
62.19191, False, 5, 2.414311
62.20289, False, 5, 1.510738
62.21482, False, 5, 1.906891
62.22598, False, 5, 1.825436
62.23711, False, 5, 1.830482
62.24753, False, 5, 1.91996
62.25959, False, 5, 1.91021
62.27123, False, 5, 1.934971
62.2832, False, 5, 1.969679
62.33757, False, 5, 6.52337
62.34792, False, 5, 9.374945
62.36942, False, 5, 6.805586
62.40405, False, 5, 6.140939
62.41527, False, 5, 6.95999
62.44798, False, 5, 9.45337
62.47068, False, 5, 0
62.49337, False, 5, 7.241641
62.50481, False, 5, 9.690098
62.66231, False, 5, 2.886179
62.6736, False, 5, 1.340972
62.70728, False, 5, 2.855519
62.72164, False, 5, 7.454449
62.74347, False, 5, 2.63958
62.75465, False, 5, 1.666991
62.76458, False, 5, 1.402213
62.77458, False, 5, 4.173809
62.78453, False, 5, 5.78572
62.7943, False, 5, 5.836746
62.82726, False, 5, 6.737494
62.83833, False, 5, 7.600994
62.84962, False, 5, 4.502556
62.8609, False, 5, 3.049846
62.8829, False, 5, 3.677721
63.02723, False, 5, 2.338272
63.03823, False, 5, 2.931431
63.04952, False, 5, 3.751978
63.06088, False, 5, 7.231322
63.1049, False, 5, 5.23959
63.116, False, 5, 5.372988
63.12742, False, 5, 3.723868
63.13929, False, 5, 3.563551
63.15014, False, 5, 6.36107
63.16133, False, 5, 7.185929
63.1729, False, 5, 5.569628
63.18392, False, 5, 5.659135
63.19507, False, 5, 4.594773
63.20792, False, 5, 5.088637
63.22961, False, 5, 4.537941
63.24058, False, 5, 4.984028
63.26344, False, 5, 4.689938
63.27488, False, 5, 3.42145
63.28674, False, 5, 3.160652
63.29795, False, 5, 4.792953
63.34055, False, 5, 1.327612
63.3526, False, 5, 4.379332
63.36292, False, 5, 4.373157
63.38588, False, 5, 4.799345
63.41395, False, 5, 3.815034
63.42505, False, 5, 3.720996
63.436, False, 5, 2.89875
63.44695, False, 5, 4.533524
63.45785, False, 5, 3.46334
63.46922, False, 5, 2.560649
63.50264, False, 5, 6.444686
63.5149, False, 5, 0.9599051
63.54707, False, 5, 2.753367
63.55814, False, 5, 5.170095
63.56915, False, 5, 1.476959
63.58027, False, 5, 2.277813
63.59139, False, 5, 2.242382
63.60365, False, 5, 2.708858
63.6165, False, 5, 2.714706
