3.053045, True, 0, 4.457261
3.064429, True, 0, 4.559442
3.075133, True, 0, 4.647292
3.09798, True, 0, 4.844926
3.185802, True, 0, 4.951696
3.197314, True, 0, 5.04172
3.208113, True, 0, 5.167631
3.219742, True, 0, 5.499438
3.24272, True, 0, 5.721606
3.40825, True, 0, 5.659775
3.419722, True, 0, 5.370779
3.430436, True, 0, 5.169447
3.442079, True, 0, 5.374325
3.456307, True, 0, 5.534486
3.469406, True, 0, 5.338636
3.481805, True, 0, 5.415495
3.495302, True, 0, 5.425208
3.506651, True, 0, 5.358828
3.51932, True, 0, 5.10192
3.530932, True, 0, 4.756722
3.542333, True, 0, 4.617356
3.553915, True, 0, 4.519776
3.6196, True, 0, 4.648462
3.642333, True, 0, 4.727338
3.654333, True, 0, 4.841909
3.665499, True, 0, 4.936557
3.685987, True, 0, 4.768507
3.697487, True, 0, 4.524301
3.730054, True, 0, 4.633522
3.741243, True, 0, 4.564932
3.752573, True, 0, 4.540471
3.764425, True, 0, 4.608654
3.774138, True, 0, 4.370526
3.786415, True, 0, 4.184514
3.79673, True, 0, 4.109759
3.80826, True, 0, 4.07307
3.819447, True, 0, 4.044593
4.009009, True, 0, 4.164561
4.020714, True, 0, 4.302085
4.043344, True, 0, 4.317629
4.055867, True, 0, 4.337555
4.06647, True, 0, 4.227326
4.088995, True, 0, 4.198458
4.11192, True, 0, 4.242589
4.123633, True, 0, 4.016038
4.135053, True, 0, 3.827032
4.151212, True, 0, 3.738203
4.163496, True, 0, 3.615437
4.174699, True, 0, 3.2191
4.186555, True, 0, 3.16888
4.197187, True, 0, 3.103576
4.208397, True, 0, 3.292819
4.219139, True, 0, 3.448223
4.231673, True, 0, 3.552381
4.24323, True, 0, 3.816411
4.255039, True, 0, 3.95514
4.26559, True, 0, 4.133407
4.274988, True, 0, 4.195033
4.286089, True, 0, 4.220704
4.297661, True, 0, 4.491434
4.308668, True, 0, 4.712164
4.320666, True, 0, 4.834782
4.33136, True, 0, 4.761407
4.34319, True, 0, 4.79638
4.35393, True, 0, 5.006116
4.364599, True, 0, 5.195165
4.376297, True, 0, 5.394888
4.386436, True, 0, 5.418273
4.397093, True, 0, 5.421731
4.688043, True, 0, 5.732296
4.709195, True, 0, 5.92204
4.72036, True, 0, 5.938708
4.731525, True, 0, 5.955659
4.754097, True, 0, 6.047958
4.764625, True, 0, 6.107751
4.776995, True, 0, 6.288608
4.788486, True, 0, 6.358111
5.000715, True, 0, 6.290459
5.014077, True, 0, 6.109993
5.197916, True, 1, 6.011634
5.20931, True, 1, 5.776969
5.253859, True, 1, 5.746869
5.275609, True, 1, 5.591211
5.297877, True, 1, 5.518413
5.353487, True, 1, 5.568015
5.364241, True, 1, 5.548229
5.387054, True, 1, 5.478691
5.397502, True, 1, 5.590829
5.409459, True, 1, 5.673248
5.420404, True, 1, 5.411647
5.432293, True, 1, 5.530827
5.544563, True, 1, 5.338988
5.638442, True, 1, 5.339138
5.648267, True, 1, 5.244948
5.681819, True, 1, 5.065156
5.973295, True, 1, 4.900324
5.984396, True, 1, 4.92485
5.995819, True, 1, 4.808292
6.018161, True, 1, 4.91224
6.051144, True, 1, 4.935598
6.243134, True, 1, 5.253364
6.277374, True, 1, 5.187265
6.288851, True, 1, 5.451029
6.31252, True, 1, 5.417365
6.322885, True, 1, 5.485692
6.334521, True, 1, 5.322956
6.346792, True, 1, 5.253461
6.359552, True, 1, 5.447515
6.369864, True, 1, 5.513446
6.409281, True, 1, 5.717274
6.431464, True, 1, 5.679145
6.463967, True, 1, 5.948006
6.496282, True, 1, 6.118443
6.52872, True, 1, 6.233337
6.585314, True, 1, 6.330169
6.596678, True, 1, 6.283806
6.607667, True, 1, 6.093139
6.618865, True, 1, 6.185325
6.630391, True, 1, 6.266491
6.640342, True, 1, 6.220725
6.652564, True, 1, 6.121734
6.663351, True, 1, 6.143816
6.67324, True, 1, 6.017022
6.684363, True, 1, 5.977661
6.696241, True, 1, 5.899117
6.705966, True, 1, 6.017681
6.719076, True, 1, 6.081236
6.730351, True, 1, 5.831826
6.742655, True, 1, 5.756082
6.752711, True, 1, 5.576202
6.762973, True, 1, 5.351503
6.77329, True, 1, 5.133524
6.785597, True, 1, 4.875731
6.79722, True, 1, 4.65865
6.807129, True, 1, 4.467955
6.819798, True, 1, 4.417804
6.829893, True, 1, 4.377724
6.86209, True, 1, 4.454522
6.873467, True, 1, 4.395967
6.884853, True, 1, 4.375417
6.896657, True, 1, 4.255599
6.908354, True, 1, 4.136637
6.919487, True, 1, 3.947299
6.930915, True, 1, 3.895202
6.942532, True, 1, 3.655655
6.953754, True, 1, 3.726339
6.965127, True, 1, 3.75983
6.977484, True, 1, 4.002803
6.98817, True, 1, 3.962071
6.999125, True, 1, 4.218078
7.021585, True, 1, 4.386563
7.038579, True, 1, 4.351377
7.048073, True, 1, 4.362433
7.057821, True, 1, 4.453612
7.068249, True, 1, 4.625406
7.100757, True, 1, 4.661087
7.122653, True, 1, 4.987927
7.154076, True, 1, 4.801477
7.165571, True, 1, 4.708784
7.187409, True, 1, 4.674562
7.197733, True, 1, 4.571641
7.208918, True, 1, 4.4887
7.219905, True, 1, 4.411295
7.242194, True, 1, 4.358708
7.253377, True, 1, 4.337862
7.275318, True, 1, 4.141683
7.286583, True, 1, 4.053042
7.297612, True, 1, 3.815736
7.308734, True, 1, 3.811552
7.320023, True, 1, 3.568653
7.330888, True, 1, 3.401286
7.375591, True, 1, 3.397471
7.408912, True, 1, 3.467743
7.420485, True, 1, 3.355426
7.431705, True, 1, 3.189802
7.442963, True, 1, 3.154891
7.476517, True, 1, 3.158286
7.501032, True, 1, 3.23795
7.512397, True, 1, 3.141096
7.523707, True, 1, 3.054519
7.534654, True, 1, 3.021692
7.546343, True, 1, 2.99545
7.556598, True, 1, 3.093307
7.57863, True, 1, 3.24248
7.588274, True, 1, 3.33495
7.599472, True, 1, 3.430177
7.611053, True, 1, 3.652359
7.621812, True, 1, 3.765699
7.702491, True, 1, 3.849776
7.712978, True, 1, 3.959628
7.722803, True, 1, 4.061441
7.745301, True, 1, 4.12009
7.757202, True, 1, 4.21284
7.769159, True, 1, 4.228645
7.779105, True, 1, 4.323611
7.790209, True, 1, 4.345655
7.80087, True, 1, 4.084997
7.886871, True, 1, 4.171259
8.097946, True, 1, 4.363914
8.12035, True, 1, 4.350189
8.13177, True, 1, 4.446509
8.154624, True, 1, 4.668108
8.176713, True, 1, 4.605678
8.187957, True, 1, 4.505408
8.20077, True, 1, 4.532786
8.224345, True, 1, 4.502069
8.237102, True, 1, 4.361457
8.248962, True, 1, 4.251532
8.261752, True, 1, 4.317535
8.274124, True, 1, 4.2647
8.305752, True, 1, 4.106511
8.372488, True, 1, 3.966656
8.409529, True, 1, 3.757113
8.420093, True, 1, 3.747548
8.43738, True, 1, 3.601564
8.447944, True, 1, 3.572043
8.460438, True, 1, 3.406213
8.471256, True, 1, 3.599903
8.483545, True, 1, 3.748552
8.495305, True, 1, 3.807034
8.508211, True, 1, 3.81238
8.518566, True, 1, 3.84307
8.561255, True, 1, 3.822212
8.583716, True, 1, 3.871254
8.59514, True, 1, 3.883036
8.627857, True, 1, 3.770911
8.63896, True, 1, 3.754432
8.651575, True, 1, 3.795964
8.66332, True, 1, 3.868283
8.675511, True, 1, 3.895832
8.686394, True, 1, 3.933386
8.697412, True, 1, 3.963979
8.718772, True, 1, 3.947356
8.730453, True, 1, 3.999461
8.796184, True, 1, 4.364044
8.806219, True, 1, 4.614444
8.828553, True, 1, 4.904101
8.85017, True, 1, 4.921542
8.894383, True, 1, 4.892278
8.917062, True, 1, 4.993982
8.995361, True, 1, 5.077923
9.006701, True, 1, 5.015708
9.018148, True, 1, 4.995225
9.029567, True, 1, 4.914123
9.041741, True, 1, 4.821284
9.053205, True, 1, 5.000175
9.074775, True, 1, 4.999114
9.209083, True, 1, 5.082771
9.27667, True, 1, 4.792474
9.310116, True, 1, 4.806683
9.321889, True, 1, 4.783418
9.333136, True, 1, 4.744658
9.345439, True, 1, 4.716584
9.356016, True, 1, 4.612831
9.453036, True, 1, 4.385728
9.464661, True, 1, 4.202331
9.477026, True, 1, 4.075476
9.48829, True, 1, 4.016121
9.552981, True, 1, 3.825615
9.564411, True, 1, 3.948902
9.630801, True, 1, 3.968708
9.643413, True, 1, 4.001457
9.654687, True, 1, 4.285446
9.775473, True, 1, 4.624529
10.052, True, 2, 4.83431
10.152, True, 2, 4.742295
10.16292, True, 2, 4.794417
10.21834, True, 2, 4.815524
10.22986, True, 2, 4.857056
10.28537, True, 2, 4.978261
10.33055, True, 2, 5.19471
10.35373, True, 2, 5.116008
10.56529, True, 2, 5.142982
10.57806, True, 2, 5.1657
10.5894, True, 2, 5.169768
10.60071, True, 2, 5.266053
10.61305, True, 2, 5.256857
10.62574, True, 2, 4.960631
10.63805, True, 2, 5.049349
10.64939, True, 2, 4.899512
10.66006, True, 2, 5.116012
10.67131, True, 2, 5.065527
10.68338, True, 2, 4.961644
10.69433, True, 2, 4.686296
10.71192, True, 2, 4.559188
10.75133, True, 2, 4.683668
10.90452, True, 2, 4.575343
10.91565, True, 2, 4.485405
10.92667, True, 2, 4.501168
10.93801, True, 2, 4.257588
10.94928, True, 2, 4.035951
10.96304, True, 2, 4.088256
10.9758, True, 2, 3.988787
10.98728, True, 2, 4.052562
11.01041, True, 2, 4.216947
11.02201, True, 2, 4.34774
11.0337, True, 2, 4.427359
11.05575, True, 2, 4.589551
11.06749, True, 2, 4.442544
11.0786, True, 2, 4.334819
11.0884, True, 2, 3.986235
11.10006, True, 2, 3.895153
11.11145, True, 2, 3.729266
11.12296, True, 2, 3.829446
11.1352, True, 2, 3.872803
11.14667, True, 2, 3.800884
11.16827, True, 2, 3.973777
11.17954, True, 2, 3.981367
11.2025, True, 2, 4.302438
11.21269, True, 2, 4.342207
11.22437, True, 2, 4.652314
11.23577, True, 2, 4.715346
11.24611, True, 2, 4.880489
11.25869, True, 2, 4.855129
11.27015, True, 2, 4.622338
11.27879, True, 2, 4.325429
11.29016, True, 2, 4.357693
11.30231, True, 2, 4.329102
11.31294, True, 2, 4.518723
11.34469, True, 2, 4.848987
11.40419, True, 2, 4.953575
11.41617, True, 2, 4.9806
11.42745, True, 2, 5.128607
11.45188, True, 2, 5.276754
11.47516, True, 2, 5.443406
11.49654, True, 2, 5.46288
11.50821, True, 2, 5.627555
11.52059, True, 2, 5.680919
11.5334, True, 2, 5.401424
11.54677, True, 2, 5.36166
11.5597, True, 2, 5.159491
11.5723, True, 2, 5.145766
11.58352, True, 2, 5.030339
11.59396, True, 2, 4.921695
11.60472, True, 2, 4.793238
11.61621, True, 2, 4.650787
11.62847, True, 2, 4.382899
11.63892, True, 2, 4.185661
11.64874, True, 2, 3.927463
11.65968, True, 2, 3.537327
11.67217, True, 2, 3.338974
11.68367, True, 2, 3.182128
11.69631, True, 2, 2.970644
11.70808, True, 2, 2.58151
11.72023, True, 2, 2.211614
11.73056, True, 2, 2.020453
11.74285, True, 2, 1.589828
11.7552, True, 2, 1.365194
11.76706, True, 2, 1.275045
11.77683, True, 2, 1.178639
11.78868, True, 2, 1.040688
11.80157, True, 2, 0.9855126
11.81274, True, 2, 0.9303106
11.82431, True, 2, 0.90144
11.83668, True, 2, 0.9001821
11.84974, True, 2, 0.9061203
11.86124, True, 2, 0.9211987
11.8723, True, 2, 0.9486781
11.8833, True, 2, 0.981563
11.89423, True, 2, 1.007817
11.9052, True, 2, 1.035889
11.91606, True, 2, 1.05408
11.92833, True, 2, 1.071386
11.93888, True, 2, 1.081771
11.95019, True, 2, 1.10826
11.96043, True, 2, 1.138321
11.97123, True, 2, 1.167466
11.989, True, 2, 1.187756
12.00023, True, 2, 1.209441
12.01067, True, 2, 1.223792
12.02156, True, 2, 1.254676
12.03004, True, 2, 1.265553
12.04196, True, 2, 1.280949
12.05247, True, 2, 1.296419
12.06406, True, 2, 1.314525
12.0752, True, 2, 1.319137
12.08519, True, 2, 1.308572
12.09557, True, 2, 1.303697
12.10705, True, 2, 1.2879
12.11814, True, 2, 1.277255
12.12855, True, 2, 1.26317
12.13938, True, 2, 1.257795
12.15114, True, 2, 1.254942
12.16311, True, 2, 1.2582
12.17315, True, 2, 1.242363
12.18332, True, 2, 1.224631
12.1953, True, 2, 1.209429
12.20649, True, 2, 1.203896
12.21906, True, 2, 1.196285
12.2294, True, 2, 1.194467
12.24107, True, 2, 1.175915
12.2533, True, 2, 1.17735
12.26488, True, 2, 1.176155
12.27668, True, 2, 1.180311
12.28723, True, 2, 1.177038
12.29839, True, 2, 1.18598
12.31055, True, 2, 1.198973
12.32275, True, 2, 1.214365
12.3341, True, 2, 1.233566
12.34496, True, 2, 1.24713
12.35572, True, 2, 1.260534
12.36617, True, 2, 1.271239
12.37552, True, 2, 1.279404
12.386, True, 2, 1.288448
12.39754, True, 2, 1.302493
12.40913, True, 2, 1.324078
12.41996, True, 2, 1.340626
12.43012, True, 2, 1.352969
12.44015, True, 2, 1.369626
12.45158, True, 2, 1.393361
12.4633, True, 2, 1.412228
12.47329, True, 2, 1.438811
12.48582, True, 2, 1.505407
12.49829, True, 2, 1.534038
12.50937, True, 2, 1.551233
12.52116, True, 2, 1.553127
12.53257, True, 2, 1.5823
12.54428, True, 2, 1.629075
12.56356, True, 2, 1.717897
12.57411, True, 2, 1.801925
12.58469, True, 2, 1.912983
12.59492, True, 2, 1.982249
12.60576, True, 2, 2.04196
12.61698, True, 2, 2.131099
12.62757, True, 2, 2.25636
12.63823, True, 2, 2.31917
12.65639, True, 2, 2.399572
12.66881, True, 2, 2.5224
12.67935, True, 2, 2.603982
12.68892, True, 2, 2.71679
12.7018, True, 2, 2.832656
12.71224, True, 2, 2.926424
12.72493, True, 2, 2.941959
12.73635, True, 2, 3.006946
12.74609, True, 2, 3.073872
12.75877, True, 2, 3.143306
12.78098, True, 2, 3.280776
12.79131, True, 2, 3.36893
12.80214, True, 2, 3.372812
12.81289, True, 2, 3.379574
12.82516, True, 2, 3.357764
12.83628, True, 2, 3.310364
12.84779, True, 2, 3.30879
12.85928, True, 2, 3.375453
12.87101, True, 2, 3.379375
12.88373, True, 2, 3.478115
12.89545, True, 2, 3.467377
12.90683, True, 2, 3.401302
12.94815, True, 2, 3.60903
12.95921, True, 2, 3.638573
12.97066, True, 2, 3.645241
12.98134, True, 2, 3.667681
12.99257, True, 2, 3.692959
13.00399, True, 2, 3.821978
13.01546, True, 2, 3.781539
13.02695, True, 2, 3.721018
13.03781, True, 2, 3.643461
13.04848, True, 2, 3.646997
13.05935, True, 2, 3.706932
13.07061, True, 2, 3.736322
13.62749, True, 2, 3.97953
13.85192, True, 2, 4.366132
13.998, True, 2, 4.508723
14.02561, True, 2, 4.368605
14.04898, True, 2, 4.625712
14.08273, True, 2, 4.498709
14.10447, True, 2, 4.807586
14.2478, True, 2, 4.85685
14.36957, True, 2, 4.843954
14.50528, True, 2, 4.896959
14.52782, True, 2, 4.758788
14.53929, True, 2, 4.729722
14.55072, True, 2, 4.83909
14.56552, True, 2, 4.84273
14.8567, True, 2, 4.904038
14.86936, True, 2, 4.907843
14.91368, True, 2, 4.814958
14.94708, True, 2, 4.84869
15.06991, True, 3, 4.741246
15.08096, True, 3, 4.61472
15.09342, True, 3, 4.269296
15.11538, True, 3, 3.974433
15.12724, True, 3, 3.809131
15.14751, True, 3, 3.877869
15.15979, True, 3, 3.523671
15.37167, True, 3, 3.787935
15.55168, True, 3, 3.476034
15.56302, True, 3, 3.67079
15.57502, True, 3, 3.673564
15.62224, True, 3, 3.475121
15.63364, True, 3, 3.566332
15.64507, True, 3, 3.484737
15.65575, True, 3, 3.291659
15.6672, True, 3, 3.096466
15.67856, True, 3, 2.993733
15.69077, True, 3, 3.033662
15.70307, True, 3, 3.106459
15.7134, True, 3, 3.18278
15.7243, True, 3, 3.228953
15.73558, True, 3, 3.402732
15.74663, True, 3, 3.605525
15.75804, True, 3, 3.56118
15.76898, True, 3, 3.588282
15.78019, True, 3, 3.550335
15.79171, True, 3, 3.581816
15.80372, True, 3, 3.278936
15.81519, True, 3, 3.242196
15.8261, True, 3, 2.947709
15.83625, True, 3, 2.680671
15.84665, True, 3, 2.726118
15.85927, True, 3, 2.67875
15.87116, True, 3, 2.676859
15.88271, True, 3, 2.678801
15.89411, True, 3, 2.720259
15.90473, True, 3, 2.723665
15.91644, True, 3, 2.752794
15.92819, True, 3, 2.708288
15.93906, True, 3, 2.486576
15.94973, True, 3, 2.422313
15.96185, True, 3, 2.266549
15.97321, True, 3, 2.08275
15.98309, True, 3, 2.014741
15.9945, True, 3, 1.956664
16.00562, True, 3, 1.896435
16.01651, True, 3, 1.825709
16.02799, True, 3, 1.814736
16.03817, True, 3, 1.767641
16.04956, True, 3, 1.745984
16.06324, True, 3, 1.708154
16.07503, True, 3, 1.637137
16.08636, True, 3, 1.581083
16.09835, True, 3, 1.54205
16.11072, True, 3, 1.502727
16.12123, True, 3, 1.414368
16.13474, True, 3, 1.399392
16.14484, True, 3, 1.311689
16.15665, True, 3, 1.275121
16.16699, True, 3, 1.230963
16.17803, True, 3, 1.17571
16.19652, True, 3, 1.148989
16.20839, True, 3, 1.12227
16.219, True, 3, 1.101846
16.23083, True, 3, 1.081936
16.24017, True, 3, 1.076519
16.25041, True, 3, 1.065546
16.26172, True, 3, 1.054584
16.27411, True, 3, 1.052922
16.28375, True, 3, 1.05
16.29375, True, 3, 1.053745
16.30437, True, 3, 1.06018
16.31631, True, 3, 1.07296
16.32649, True, 3, 1.091466
16.3368, True, 3, 1.108953
16.34798, True, 3, 1.123295
16.35948, True, 3, 1.125812
16.37008, True, 3, 1.122138
16.38195, True, 3, 1.12864
16.39295, True, 3, 1.13351
16.40278, True, 3, 1.148615
16.41299, True, 3, 1.155938
16.42393, True, 3, 1.169011
16.43579, True, 3, 1.179551
16.44779, True, 3, 1.183334
16.45946, True, 3, 1.185773
16.47039, True, 3, 1.190497
16.48293, True, 3, 1.190977
16.49445, True, 3, 1.185691
16.50546, True, 3, 1.18643
16.5169, True, 3, 1.178928
16.52752, True, 3, 1.174017
16.53796, True, 3, 1.181956
16.54733, True, 3, 1.165113
16.55767, True, 3, 1.154885
16.56859, True, 3, 1.13974
16.58115, True, 3, 1.13256
16.59317, True, 3, 1.123678
16.60315, True, 3, 1.110656
16.61378, True, 3, 1.099735
16.62549, True, 3, 1.085877
16.63567, True, 3, 1.074452
16.64774, True, 3, 1.066603
16.65838, True, 3, 1.057689
16.66986, True, 3, 1.055637
16.68291, True, 3, 1.079524
16.69432, True, 3, 1.080278
16.70673, True, 3, 1.090352
16.71792, True, 3, 1.112523
16.72842, True, 3, 1.136959
16.74094, True, 3, 1.18538
16.75212, True, 3, 1.225243
16.76627, True, 3, 1.269966
16.78137, True, 3, 1.309361
16.79269, True, 3, 1.375883
16.80374, True, 3, 1.453397
16.81515, True, 3, 1.52754
16.82545, True, 3, 1.619099
16.83601, True, 3, 1.715109
16.84745, True, 3, 1.846068
16.85879, True, 3, 1.956581
16.86873, True, 3, 2.308792
16.88047, True, 3, 2.456675
16.89314, True, 3, 2.762492
16.90206, True, 3, 2.871734
16.91314, True, 3, 2.950914
16.92408, True, 3, 3.069108
16.93549, True, 3, 3.187004
16.94678, True, 3, 3.278506
16.95751, True, 3, 3.434784
16.96907, True, 3, 3.577865
16.98175, True, 3, 3.779426
17.09087, True, 3, 4.001679
17.10311, True, 3, 4.27195
17.14672, True, 3, 4.450258
17.15842, True, 3, 4.711309
17.22585, True, 3, 5.05303
17.28271, True, 3, 5.377049
17.32858, True, 3, 5.412549
17.35105, True, 3, 5.707978
17.36227, True, 3, 5.775146
17.37367, True, 3, 5.555825
17.46223, True, 3, 5.549092
17.47813, True, 3, 5.362889
17.54659, True, 3, 5.472249
17.67977, True, 3, 5.805369
17.69133, True, 3, 5.967102
17.70219, True, 3, 5.931371
17.79077, True, 3, 5.972785
17.93666, True, 3, 5.972414
17.94819, True, 3, 5.969811
17.96042, True, 3, 5.914359
17.98221, True, 3, 5.781906
18.01624, True, 3, 5.689211
18.02738, True, 3, 5.502975
18.03889, True, 3, 5.251517
18.05095, True, 3, 4.931434
18.12828, True, 3, 4.742989
18.13967, True, 3, 4.917297
18.15162, True, 3, 4.708466
18.16204, True, 3, 4.790832
18.17317, True, 3, 4.8744
18.18415, True, 3, 4.920415
18.19528, True, 3, 5.051991
18.20737, True, 3, 4.929988
18.22265, True, 3, 4.711659
18.23454, True, 3, 4.622323
18.24519, True, 3, 4.880583
18.25726, True, 3, 4.956233
18.26858, True, 3, 4.971627
18.2795, True, 3, 4.879781
18.31217, True, 3, 4.970201
18.32475, True, 3, 5.019626
18.33674, True, 3, 4.871685
18.34864, True, 3, 5.088988
18.36134, True, 3, 5.129784
18.37103, True, 3, 5.148881
18.40225, True, 3, 5.345001
18.4123, True, 3, 5.394743
18.42357, True, 3, 5.233008
18.45681, True, 3, 5.0457
18.51272, True, 3, 4.886463
18.52455, True, 3, 4.712804
18.53627, True, 3, 4.808144
18.54638, True, 3, 4.863198
18.55729, True, 3, 4.983876
18.56867, True, 3, 4.773854
18.57985, True, 3, 4.44964
18.59163, True, 3, 4.238762
18.63626, True, 3, 4.059938
18.64757, True, 3, 4.058429
18.65981, True, 3, 3.841401
18.67136, True, 3, 3.728666
18.69449, True, 3, 3.699719
18.71565, True, 3, 3.794673
18.72654, True, 3, 3.780497
18.73739, True, 3, 3.875091
18.74765, True, 3, 3.562088
18.7687, True, 3, 3.342237
18.78018, True, 3, 3.39913
18.79112, True, 3, 3.439168
18.80293, True, 3, 3.487966
18.82478, True, 3, 3.851244
18.83638, True, 3, 3.668417
18.84687, True, 3, 3.666418
18.87249, True, 3, 3.37837
18.88425, True, 3, 3.424663
18.89544, True, 3, 3.739967
19.02463, True, 3, 3.817757
19.03584, True, 3, 4.135848
19.04714, True, 3, 4.305955
19.05878, True, 3, 4.41935
19.13626, True, 3, 4.625099
19.14686, True, 3, 4.713405
19.15759, True, 3, 4.412296
19.16899, True, 3, 4.396314
19.18, True, 3, 4.524253
19.19278, True, 3, 4.811266
19.22449, True, 3, 5.005893
19.23602, True, 3, 4.964289
19.24877, True, 3, 4.904263
19.25987, True, 3, 4.82933
19.51673, True, 3, 4.678435
19.54986, True, 3, 4.867284
19.73595, True, 3, 4.837971
19.77839, True, 3, 4.916546
19.86689, True, 3, 4.922708
19.87822, True, 3, 4.597686
19.89028, True, 3, 4.624156
19.90215, True, 3, 4.465806
19.91533, True, 3, 4.224582
19.93743, True, 3, 4.157147
19.96697, True, 3, 4.252395
20.00059, True, 3, 4.308183
20.02341, True, 3, 4.377158
20.03463, True, 3, 4.351127
20.07839, True, 4, 4.146127
20.0898, True, 4, 3.866604
20.10256, True, 4, 3.820151
20.11437, True, 4, 3.854588
20.12438, True, 4, 3.903298
20.13526, True, 4, 3.961102
20.2258, True, 4, 3.817852
20.2364, True, 4, 3.510944
20.24768, True, 4, 3.539615
20.25865, True, 4, 3.507017
20.27003, True, 4, 3.6514
20.28283, True, 4, 3.785928
20.29397, True, 4, 3.863229
20.32686, True, 4, 4.023893
20.3781, True, 4, 4.195657
20.41099, True, 4, 4.125461
20.42253, True, 4, 4.173732
20.43345, True, 4, 4.063512
20.46681, True, 4, 4.338052
20.478, True, 4, 4.390011
20.48938, True, 4, 4.306591
20.51097, True, 4, 4.395172
20.52314, True, 4, 4.225721
20.53501, True, 4, 4.260201
20.54564, True, 4, 4.145186
20.55758, True, 4, 4.055148
20.56981, True, 4, 3.970393
20.5806, True, 4, 3.940002
20.59385, True, 4, 3.845502
20.60471, True, 4, 3.803495
20.61747, True, 4, 3.718832
20.6267, True, 4, 3.617421
20.63764, True, 4, 3.47276
20.64804, True, 4, 3.211277
20.65946, True, 4, 3.063395
20.67012, True, 4, 3.175635
20.68185, True, 4, 2.844165
20.69429, True, 4, 2.832249
20.70649, True, 4, 2.55578
20.71821, True, 4, 2.548907
20.72867, True, 4, 2.619323
20.73892, True, 4, 2.717839
20.74963, True, 4, 2.646227
20.75952, True, 4, 2.587298
20.7703, True, 4, 2.661819
20.78173, True, 4, 2.726239
20.79279, True, 4, 2.790372
20.8477, True, 4, 2.91232
20.85862, True, 4, 3.005263
20.86815, True, 4, 3.024136
20.87764, True, 4, 3.05766
20.88876, True, 4, 3.105205
20.90003, True, 4, 3.116773
20.91105, True, 4, 3.075826
20.92251, True, 4, 3.087083
20.9345, True, 4, 2.975461
20.94587, True, 4, 2.908628
20.95719, True, 4, 2.882597
20.96806, True, 4, 2.794955
20.98491, True, 4, 2.758037
20.99697, True, 4, 2.707623
21.00863, True, 4, 2.460775
21.01803, True, 4, 2.48403
21.03041, True, 4, 2.424545
21.04095, True, 4, 2.440524
21.05158, True, 4, 2.454877
21.06197, True, 4, 2.440351
21.07324, True, 4, 2.374462
21.08494, True, 4, 2.28063
21.0936, True, 4, 2.245237
21.10256, True, 4, 2.10966
21.11332, True, 4, 2.024503
21.12461, True, 4, 1.955749
21.13601, True, 4, 1.916777
21.14993, True, 4, 1.861141
21.16046, True, 4, 1.823079
21.1698, True, 4, 1.770527
21.18144, True, 4, 1.721914
21.19285, True, 4, 1.672745
21.20289, True, 4, 1.592607
21.21474, True, 4, 1.5093
21.22598, True, 4, 1.437724
21.23666, True, 4, 1.36252
21.24845, True, 4, 1.326599
21.25854, True, 4, 1.235375
21.26975, True, 4, 1.146319
21.28163, True, 4, 1.090918
21.29414, True, 4, 1.017623
21.30478, True, 4, 0.953656
21.31592, True, 4, 0.9031315
21.32733, True, 4, 0.8946845
21.33868, True, 4, 0.8651357
21.34903, True, 4, 0.8555887
21.35974, True, 4, 0.8433782
21.37066, True, 4, 0.8342876
21.38235, True, 4, 0.8325269
21.39352, True, 4, 0.8465436
21.405, True, 4, 0.8518118
21.41636, True, 4, 0.8510189
21.42693, True, 4, 0.8511173
21.43773, True, 4, 0.8638703
21.44914, True, 4, 0.8773118
21.46081, True, 4, 0.8847289
21.47325, True, 4, 0.9106913
21.48465, True, 4, 0.9270149
21.4957, True, 4, 0.9427887
21.50768, True, 4, 0.944579
21.51647, True, 4, 0.9472967
21.52722, True, 4, 0.9557763
21.53967, True, 4, 0.9662371
21.55155, True, 4, 0.9743572
21.56979, True, 4, 0.9877474
21.58121, True, 4, 0.9933664
21.59367, True, 4, 1.000615
21.60527, True, 4, 1.009944
21.61754, True, 4, 1.009844
21.63258, True, 4, 1.004677
21.64318, True, 4, 1.009587
21.65302, True, 4, 1.006636
21.66419, True, 4, 1.013861
21.67501, True, 4, 1.016701
21.68534, True, 4, 1.02371
21.69505, True, 4, 1.039864
21.70488, True, 4, 1.037947
21.71604, True, 4, 1.056302
21.72702, True, 4, 1.063263
21.73822, True, 4, 1.114901
21.75942, True, 4, 1.307522
21.76898, True, 4, 1.369404
21.77891, True, 4, 1.398089
21.79028, True, 4, 1.405673
21.80262, True, 4, 1.423687
21.81054, True, 4, 1.456414
21.82169, True, 4, 1.480541
21.8335, True, 4, 1.622909
21.84385, True, 4, 1.685729
21.85505, True, 4, 1.814307
21.86656, True, 4, 1.981908
21.87749, True, 4, 2.36431
21.88941, True, 4, 2.552102
21.90006, True, 4, 2.641716
21.91085, True, 4, 2.960789
21.94421, True, 4, 3.138409
21.95593, True, 4, 3.370394
21.96731, True, 4, 3.513237
21.97711, True, 4, 3.543433
21.98831, True, 4, 3.565261
21.99933, True, 4, 3.456322
22.01062, True, 4, 3.508787
22.02173, True, 4, 3.635295
22.03329, True, 4, 3.768219
22.04658, True, 4, 3.840107
22.05898, True, 4, 3.880673
22.08988, True, 4, 4.241162
22.1108, True, 4, 4.361587
22.17932, True, 4, 4.448483
22.1989, True, 4, 4.353859
22.24222, True, 4, 4.579255
22.2861, True, 4, 4.355195
22.35904, True, 4, 4.241578
22.41364, True, 4, 4.224732
22.43328, True, 4, 4.057467
22.44422, True, 4, 3.917138
22.45515, True, 4, 3.751958
22.46708, True, 4, 3.654212
22.47754, True, 4, 3.684662
22.48852, True, 4, 3.666972
22.6324, True, 4, 3.745611
22.67685, True, 4, 3.855284
22.68842, True, 4, 3.794981
22.77823, True, 4, 3.958068
22.80085, True, 4, 3.931756
22.81229, True, 4, 3.964414
22.8234, True, 4, 3.767726
22.83527, True, 4, 3.498194
22.84634, True, 4, 3.359555
22.86968, True, 4, 3.461384
22.88054, True, 4, 3.242233
22.92658, True, 4, 3.314299
22.94637, True, 4, 3.257478
22.95826, True, 4, 3.16396
22.96913, True, 4, 3.045248
22.98078, True, 4, 3.364273
22.99262, True, 4, 3.296505
23.00186, True, 4, 3.25359
23.07898, True, 4, 3.164042
23.09015, True, 4, 3.233827
23.14518, True, 4, 3.400242
23.16768, True, 4, 3.373333
23.18976, True, 4, 3.366638
23.20066, True, 4, 3.138056
23.21194, True, 4, 3.08189
23.22313, True, 4, 2.999387
23.23396, True, 4, 2.832557
23.24529, True, 4, 2.852402
23.2576, True, 4, 2.855575
23.26807, True, 4, 2.764344
23.2787, True, 4, 2.614561
23.28976, True, 4, 2.415771
23.30137, True, 4, 2.4104
23.33442, True, 4, 2.570878
23.34601, True, 4, 2.666879
23.35882, True, 4, 2.412226
23.39121, True, 4, 2.452876
23.41356, True, 4, 2.704062
23.44773, True, 4, 2.816397
23.45917, True, 4, 2.760448
23.50368, True, 4, 2.379401
23.51514, True, 4, 2.131159
23.57053, True, 4, 2.081344
23.58144, True, 4, 2.000617
23.60359, True, 4, 2.288339
23.67542, True, 4, 2.372584
23.68608, True, 4, 2.774047
23.72136, True, 4, 2.82735
23.77752, True, 4, 2.954718
23.81071, True, 4, 3.067728
23.82311, True, 4, 3.206185
23.83448, True, 4, 3.2197
23.84384, True, 4, 3.26127
23.85412, True, 4, 3.195107
23.86618, True, 4, 3.114806
23.8769, True, 4, 3.306328
23.88736, True, 4, 3.442708
23.89884, True, 4, 3.296149
24.00965, True, 4, 3.223537
24.02054, True, 4, 3.339027
24.03372, True, 4, 3.516619
24.04429, True, 4, 3.861357
24.05612, True, 4, 4.04098
24.06661, True, 4, 4.414752
24.12171, True, 4, 4.154507
24.1333, True, 4, 4.095737
24.14306, True, 4, 3.783542
24.1551, True, 4, 3.863148
24.16629, True, 4, 3.944591
24.17756, True, 4, 3.877582
24.24582, True, 4, 4.060107
24.25725, True, 4, 4.330323
24.30312, True, 4, 4.420758
24.32553, True, 4, 4.613415
24.33689, True, 4, 4.884877
24.34811, True, 4, 4.859052
24.36357, True, 4, 4.886725
24.37926, True, 4, 5.094416
24.39463, True, 4, 5.35043
24.40944, True, 4, 5.37907
24.42907, True, 4, 5.514912
24.44005, True, 4, 5.641652
24.48102, True, 4, 5.549073
24.50243, True, 4, 5.436467
24.55364, True, 4, 5.610007
24.56532, True, 4, 5.717386
24.57752, True, 4, 5.943099
24.59016, True, 4, 5.845027
24.61217, True, 4, 5.78147
24.62394, True, 4, 5.755851
24.63446, True, 4, 5.401624
24.64621, True, 4, 5.389307
24.68762, True, 4, 5.681894
24.6991, True, 4, 5.707208
24.70918, True, 4, 5.348303
24.72077, True, 4, 5.157479
24.73241, True, 4, 4.961811
24.74384, True, 4, 4.630466
24.75663, True, 4, 4.359797
24.76786, True, 4, 4.202921
24.77818, True, 4, 4.019165
24.79048, True, 4, 3.862026
24.80118, True, 4, 3.947485
24.82439, True, 4, 3.99691
24.83449, True, 4, 3.882979
24.8455, True, 4, 3.843055
24.85526, True, 4, 3.66921
24.86757, True, 4, 3.813641
24.8898, True, 4, 3.773843
24.90124, True, 4, 3.814657
24.91301, True, 4, 4.263583
24.98949, True, 4, 4.12296
25.01188, True, 4, 3.9346
25.0334, True, 4, 3.904144
25.04844, True, 4, 4.128043
25.05924, True, 4, 4.212769
25.07171, True, 5, 4.259389
25.0964, True, 5, 4.26665
25.107, True, 5, 4.267909
25.11821, True, 5, 4.22142
25.12986, True, 5, 4.141628
25.1415, True, 5, 3.869366
25.15247, True, 5, 3.685537
25.16401, True, 5, 3.38507
25.17604, True, 5, 3.292389
25.18667, True, 5, 3.216663
25.19797, True, 5, 3.207247
25.20902, True, 5, 3.169158
25.22006, True, 5, 3.260243
25.23132, True, 5, 3.275928
25.24273, True, 5, 2.860894
25.25515, True, 5, 2.954081
25.26723, True, 5, 3.102761
25.27666, True, 5, 2.872541
25.28741, True, 5, 2.789792
25.29812, True, 5, 2.64733
25.30912, True, 5, 2.605824
25.32014, True, 5, 2.687259
25.33094, True, 5, 2.787026
25.34218, True, 5, 2.929027
25.3534, True, 5, 3.061987
25.36453, True, 5, 3.249151
25.37547, True, 5, 3.387014
25.38678, True, 5, 3.501408
25.3986, True, 5, 3.609856
25.40902, True, 5, 3.677342
25.80156, True, 5, 3.741243
25.81255, True, 5, 3.816626
25.85725, True, 5, 3.8093
25.90141, True, 5, 3.967036
25.91259, True, 5, 3.969918
25.92374, True, 5, 3.742362
25.93491, True, 5, 3.443045
25.94648, True, 5, 3.697474
25.95807, True, 5, 3.8799
26.00453, True, 5, 4.123317
26.05504, True, 5, 4.464319
26.0668, True, 5, 4.569503
26.09997, True, 5, 4.712782
26.1107, True, 5, 4.974251
26.1227, True, 5, 4.992128
26.14402, True, 5, 4.860198
26.15505, True, 5, 4.731006
26.16605, True, 5, 4.788421
26.19931, True, 5, 5.062665
26.2105, True, 5, 5.188174
26.24424, True, 5, 5.34581
26.26802, True, 5, 5.356036
26.31047, True, 5, 5.300826
26.34384, True, 5, 5.141149
26.35536, True, 5, 5.249356
26.36638, True, 5, 5.440598
26.37742, True, 5, 5.45934
26.38862, True, 5, 5.266666
26.40673, True, 5, 5.018051
26.41729, True, 5, 4.796282
26.42775, True, 5, 4.469784
26.43921, True, 5, 4.29437
26.45085, True, 5, 4.076232
26.46092, True, 5, 3.697095
26.47214, True, 5, 3.562526
26.48383, True, 5, 3.52247
26.49431, True, 5, 3.496502
26.50575, True, 5, 3.330988
26.51714, True, 5, 2.944692
26.52609, True, 5, 2.7284
26.53894, True, 5, 2.361631
26.55101, True, 5, 2.129685
26.56091, True, 5, 1.978487
26.57184, True, 5, 1.856568
26.58493, True, 5, 1.728754
26.59694, True, 5, 1.519601
26.60804, True, 5, 1.402791
26.61955, True, 5, 1.308473
26.63053, True, 5, 1.271992
26.64225, True, 5, 1.22875
26.65471, True, 5, 1.20463
26.66689, True, 5, 1.194907
26.67873, True, 5, 1.169228
26.68946, True, 5, 1.153292
26.70032, True, 5, 1.153796
26.70963, True, 5, 1.168145
26.72111, True, 5, 1.167419
26.73575, True, 5, 1.170799
26.74501, True, 5, 1.182364
26.75574, True, 5, 1.177944
26.76763, True, 5, 1.177454
26.77911, True, 5, 1.178541
26.78966, True, 5, 1.193341
26.79969, True, 5, 1.205889
26.81035, True, 5, 1.210208
26.82205, True, 5, 1.212267
26.83314, True, 5, 1.220156
26.84403, True, 5, 1.223083
26.85566, True, 5, 1.222239
26.86725, True, 5, 1.225353
26.87735, True, 5, 1.225035
26.8883, True, 5, 1.227081
26.89882, True, 5, 1.229885
26.909, True, 5, 1.224799
26.91997, True, 5, 1.217626
26.93147, True, 5, 1.204975
26.94286, True, 5, 1.204991
26.95446, True, 5, 1.199597
26.96642, True, 5, 1.199159
26.98452, True, 5, 1.205709
26.99396, True, 5, 1.225672
27.00467, True, 5, 1.269571
27.01461, True, 5, 1.290138
27.02409, True, 5, 1.311682
27.03392, True, 5, 1.314482
27.0448, True, 5, 1.327428
27.05399, True, 5, 1.339597
27.06535, True, 5, 1.366503
27.07622, True, 5, 1.395907
27.08771, True, 5, 1.422977
27.09819, True, 5, 1.455083
27.10999, True, 5, 1.503802
27.12122, True, 5, 1.588943
27.13221, True, 5, 1.777699
27.1426, True, 5, 1.957801
27.15329, True, 5, 2.120819
27.16394, True, 5, 2.271567
27.17471, True, 5, 2.397253
27.18627, True, 5, 2.524637
27.19689, True, 5, 2.698325
27.20862, True, 5, 2.92751
27.21995, True, 5, 3.260962
27.25305, True, 5, 3.620987
27.2859, True, 5, 3.701534
27.29889, True, 5, 3.843705
27.32195, True, 5, 4.012584
27.4089, True, 5, 4.361234
27.41993, True, 5, 4.663533
27.43182, True, 5, 4.688523
27.44288, True, 5, 4.966335
27.45476, True, 5, 5.353588
27.4998, True, 5, 5.486817
27.51154, True, 5, 5.527637
27.5229, True, 5, 5.443912
27.56751, True, 5, 5.572178
27.57967, True, 5, 5.510319
27.60102, True, 5, 5.596461
27.65135, True, 5, 5.502194
27.66224, True, 5, 5.43098
27.68355, True, 5, 5.515849
27.72467, True, 5, 5.37061
27.75701, True, 5, 5.361204
27.76776, True, 5, 5.173726
27.77785, True, 5, 5.218534
27.79891, True, 5, 5.503356
27.80942, True, 5, 5.338134
27.8189, True, 5, 4.969048
27.85225, True, 5, 4.797336
27.86514, True, 5, 5.10193
27.88715, True, 5, 4.847925
27.91901, True, 5, 4.703326
27.93004, True, 5, 4.650798
27.9521, True, 5, 4.665019
27.96356, True, 5, 4.963336
27.97435, True, 5, 4.805017
28.0188, True, 5, 4.76795
28.03002, True, 5, 4.563437
28.05216, True, 5, 4.850259
28.06406, True, 5, 4.963889
28.07553, True, 5, 5.010036
28.08736, True, 5, 5.173825
28.14183, True, 5, 4.861022
28.15318, True, 5, 4.6804
28.16477, True, 5, 4.581443
28.17596, True, 5, 4.239191
28.18752, True, 5, 4.236882
28.1993, True, 5, 4.28464
28.21041, True, 5, 4.1547
28.22249, True, 5, 3.811622
28.23374, True, 5, 3.837842
28.24508, True, 5, 3.935122
28.25606, True, 5, 3.936482
28.26713, True, 5, 3.933662
28.32567, True, 5, 3.82604
28.34672, True, 5, 3.765591
28.3588, True, 5, 3.693267
28.46457, True, 5, 3.995963
28.48532, True, 5, 3.798498
28.51875, True, 5, 3.655123
28.5421, True, 5, 3.697655
28.55223, True, 5, 3.495532
28.56358, True, 5, 3.532815
28.57439, True, 5, 3.55327
28.61867, True, 5, 3.630922
28.62966, True, 5, 3.650163
28.6408, True, 5, 3.68088
28.65198, True, 5, 3.866978
28.66285, True, 5, 3.94291
28.67393, True, 5, 3.961452
28.68784, True, 5, 3.898444
28.69969, True, 5, 3.518259
28.71017, True, 5, 3.431924
28.72285, True, 5, 3.399532
28.75325, True, 5, 3.11289
28.81241, True, 5, 3.388982
28.87658, True, 5, 3.427623
28.88801, True, 5, 3.189334
28.89931, True, 5, 3.162877
28.91014, True, 5, 3.217824
28.92359, True, 5, 2.897389
28.93458, True, 5, 2.888139
28.94627, True, 5, 2.832671
28.95705, True, 5, 2.863324
28.98704, True, 5, 2.731172
29.00014, True, 5, 2.660865
29.01124, True, 5, 2.611074
29.02415, True, 5, 2.374865
29.03427, True, 5, 2.257022
29.04383, True, 5, 2.259521
29.05539, True, 5, 2.227768
29.06515, True, 5, 2.230309
29.08676, True, 5, 2.371927
29.10893, True, 5, 2.5809
29.12015, True, 5, 2.649534
29.13154, True, 5, 2.436563
29.1427, True, 5, 2.623762
29.1645, True, 5, 2.618508
29.17554, True, 5, 2.660597
29.18677, True, 5, 2.744204
29.1984, True, 5, 2.730903
29.20877, True, 5, 2.774155
29.22011, True, 5, 2.716969
29.23115, True, 5, 2.733972
29.24275, True, 5, 2.755501
29.25364, True, 5, 2.710752
29.26442, True, 5, 2.653478
29.40984, True, 5, 2.839033
29.42137, True, 5, 2.915338
29.43278, True, 5, 3.209738
29.57867, True, 5, 3.305254
29.60078, True, 5, 3.364221
29.612, True, 5, 3.241517
29.62465, True, 5, 2.967342
29.63533, True, 5, 2.918957
29.67245, True, 5, 2.923775
29.68559, True, 5, 2.745355
29.69616, True, 5, 2.660219
29.70702, True, 5, 2.534289
29.71819, True, 5, 2.737564
29.84021, True, 5, 3.06771
29.86233, True, 5, 3.127022
29.87341, True, 5, 3.19238
29.88442, True, 5, 3.282157
29.89553, True, 5, 3.509354
30.00833, True, 5, 3.682756
30.01896, True, 5, 3.799572
30.05152, True, 5, 3.892703
30.06326, True, 5, 4.122729
36.59766, False, 0, 4.413415
36.60956, False, 0, 4.359037
36.6213, False, 0, 4.647348
36.63248, False, 0, 4.922523
36.64254, False, 0, 5.268044
36.66168, False, 0, 5.574305
36.6828, False, 0, 5.407567
36.69429, False, 0, 5.29228
36.70412, False, 0, 5.075862
36.71582, False, 0, 5.076702
36.72608, False, 0, 5.168044
36.73729, False, 0, 5.239684
36.74831, False, 0, 5.397752
36.76082, False, 0, 5.083571
36.7722, False, 0, 4.85591
36.78328, False, 0, 4.58434
36.81518, False, 0, 4.690652
36.8259, False, 0, 4.339733
36.83774, False, 0, 4.359781
36.84814, False, 0, 4.332126
36.87091, False, 0, 4.161661
36.88226, False, 0, 4.174363
36.9145, False, 0, 4.08773
36.94179, False, 0, 3.807684
36.95294, False, 0, 3.526933
36.96379, False, 0, 3.337693
36.97562, False, 0, 3.45938
36.98599, False, 0, 3.609973
36.99768, False, 0, 3.713062
37.00878, False, 0, 3.736476
37.01793, False, 0, 3.960658
37.0289, False, 0, 4.245337
37.04096, False, 0, 4.060179
37.0515, False, 0, 4.013844
37.0617, False, 0, 4.021463
37.0726, False, 0, 4.119285
37.09368, False, 0, 3.93944
37.10569, False, 0, 4.011015
37.11629, False, 0, 4.133107
37.13798, False, 0, 4.076301
37.14951, False, 0, 4.161191
37.16092, False, 0, 4.253956
37.17303, False, 0, 4.036487
37.18296, False, 0, 4.097544
37.19376, False, 0, 4.044826
37.21622, False, 0, 4.062405
37.22712, False, 0, 3.997972
37.23899, False, 0, 4.089667
37.26083, False, 0, 4.168872
37.28618, False, 0, 4.39925
37.29823, False, 0, 4.129965
37.30807, False, 0, 3.747903
37.3191, False, 0, 3.632449
37.33073, False, 0, 3.578321
37.34127, False, 0, 3.476301
37.35164, False, 0, 3.360254
37.36299, False, 0, 3.273887
37.3735, False, 0, 3.18197
37.38379, False, 0, 3.041958
37.39543, False, 0, 2.982069
37.40669, False, 0, 2.884563
37.41708, False, 0, 2.75348
37.42865, False, 0, 2.814176
37.44036, False, 0, 2.766705
37.4525, False, 0, 2.898224
37.46273, False, 0, 2.894136
37.47383, False, 0, 2.942647
37.48363, False, 0, 2.800184
37.49505, False, 0, 2.782681
37.50589, False, 0, 2.526431
37.51686, False, 0, 2.731595
37.52827, False, 0, 2.851787
37.54056, False, 0, 2.935583
37.55053, False, 0, 2.972773
37.56194, False, 0, 3.297401
37.70657, False, 0, 3.655936
37.81965, False, 0, 3.762161
37.83117, False, 0, 3.829494
37.87491, False, 0, 3.800172
37.88659, False, 0, 3.858955
37.89846, False, 0, 3.90611
37.90994, False, 0, 3.987059
37.92051, False, 0, 3.996059
38.00314, False, 0, 4.242047
38.01514, False, 0, 4.203541
38.05873, False, 0, 4.102556
38.07116, False, 0, 4.073699
38.18076, False, 0, 4.401763
38.36959, False, 0, 4.367245
38.3917, False, 0, 4.471511
38.40347, False, 0, 4.629398
38.43665, False, 0, 4.539645
38.4706, False, 0, 4.562189
38.53888, False, 0, 4.886679
38.55122, False, 0, 4.840635
38.57433, False, 1, 4.5897
38.69743, False, 1, 4.62219
38.75203, False, 1, 4.72932
38.76399, False, 1, 4.910689
38.77443, False, 1, 4.966563
38.78952, False, 1, 5.139285
38.82539, False, 1, 5.400758
38.84758, False, 1, 5.47314
38.85863, False, 1, 5.382501
38.90285, False, 1, 5.340762
38.91439, False, 1, 5.308522
38.92525, False, 1, 5.267759
38.93631, False, 1, 4.879344
38.94721, False, 1, 4.783068
38.96974, False, 1, 4.570104
38.98068, False, 1, 4.228702
38.99629, False, 1, 4.296264
39.09206, False, 1, 4.504413
39.10293, False, 1, 4.241099
39.11411, False, 1, 4.079182
39.12521, False, 1, 4.098435
39.13815, False, 1, 4.047448
39.14926, False, 1, 4.033504
39.16078, False, 1, 3.910566
39.17368, False, 1, 3.765256
39.18584, False, 1, 3.563587
39.21697, False, 1, 3.29719
39.28253, False, 1, 3.164352
39.29384, False, 1, 3.036027
39.30458, False, 1, 3.091041
39.51569, False, 1, 3.141844
39.52698, False, 1, 3.552634
39.58374, False, 1, 3.944602
39.59511, False, 1, 3.999836
39.60568, False, 1, 3.922898
39.75807, False, 1, 3.797007
39.76925, False, 1, 3.627102
39.7804, False, 1, 3.239929
39.7927, False, 1, 3.07666
39.80374, False, 1, 2.900613
39.8136, False, 1, 2.670117
39.8248, False, 1, 2.492898
39.83577, False, 1, 2.403712
39.8478, False, 1, 2.522758
39.85891, False, 1, 2.810351
39.8734, False, 1, 2.852554
39.88422, False, 1, 2.821038
39.89502, False, 1, 2.837983
39.90668, False, 1, 2.914759
39.91849, False, 1, 3.013392
39.93023, False, 1, 3.275007
39.95279, False, 1, 3.268634
39.97515, False, 1, 2.970374
39.986, False, 1, 2.963374
39.99725, False, 1, 3.033526
40.00699, False, 1, 3.082624
40.01857, False, 1, 3.139808
40.02996, False, 1, 3.173155
40.04006, False, 1, 3.220211
40.05244, False, 1, 3.259354
40.06339, False, 1, 3.298454
40.07482, False, 1, 3.344914
40.08579, False, 1, 3.232676
40.09729, False, 1, 3.03805
40.10794, False, 1, 2.72818
40.1193, False, 1, 2.627953
40.12951, False, 1, 2.53206
40.14101, False, 1, 2.42251
40.15144, False, 1, 2.175397
40.16328, False, 1, 1.867263
40.17241, False, 1, 1.453077
40.21888, False, 1, 1.387339
40.2341, False, 1, 1.356777
40.245, False, 1, 1.261402
40.25668, False, 1, 1.224759
40.26783, False, 1, 1.210216
40.27909, False, 1, 1.205753
40.28869, False, 1, 1.212652
40.29845, False, 1, 1.224298
40.31012, False, 1, 1.219283
40.32164, False, 1, 1.223886
40.33297, False, 1, 1.219903
40.34487, False, 1, 1.245454
40.35608, False, 1, 1.256406
40.36683, False, 1, 1.309522
40.37783, False, 1, 1.318152
40.38885, False, 1, 1.312465
40.39844, False, 1, 1.450512
40.44788, False, 1, 1.501553
40.45844, False, 1, 1.588149
40.46999, False, 1, 1.692125
40.48077, False, 1, 1.333085
40.49101, False, 1, 1.257368
40.50276, False, 1, 1.331139
40.51461, False, 1, 1.377568
40.52586, False, 1, 1.430877
40.53779, False, 1, 1.466115
40.54961, False, 1, 1.503682
40.72405, False, 1, 1.626847
40.73595, False, 1, 1.962493
40.76835, False, 1, 2.130895
40.79066, False, 1, 2.141415
40.80273, False, 1, 2.193853
40.81507, False, 1, 2.226743
40.82582, False, 1, 2.230727
40.83608, False, 1, 2.257663
40.87021, False, 1, 2.470077
40.90435, False, 1, 2.414444
40.92137, False, 1, 2.499703
40.93241, False, 1, 2.693068
40.94306, False, 1, 2.75447
40.95539, False, 1, 2.828654
40.96539, False, 1, 2.864332
40.98801, False, 1, 2.819003
40.99915, False, 1, 2.804876
41.01049, False, 1, 2.834594
41.01991, False, 1, 2.856993
41.03124, False, 1, 2.848182
41.04117, False, 1, 2.726636
41.053, False, 1, 2.475595
41.06413, False, 1, 2.387826
41.07375, False, 1, 2.454444
41.08517, False, 1, 2.432334
41.09682, False, 1, 2.393252
41.10736, False, 1, 2.423889
41.11782, False, 1, 2.460408
41.12766, False, 1, 2.319697
41.1382, False, 1, 2.304759
41.14953, False, 1, 2.266541
41.16111, False, 1, 2.154301
41.17161, False, 1, 2.265495
41.18268, False, 1, 2.215828
41.1927, False, 1, 2.217037
41.20275, False, 1, 2.344712
41.21405, False, 1, 2.38275
41.22604, False, 1, 2.412363
41.23591, False, 1, 2.481748
41.24673, False, 1, 2.583694
41.25746, False, 1, 2.724491
41.26945, False, 1, 2.799178
41.28563, False, 1, 2.792653
41.29708, False, 1, 2.821294
41.30746, False, 1, 2.950959
41.3196, False, 1, 3.026959
41.33023, False, 1, 3.041537
41.34011, False, 1, 3.100658
41.35103, False, 1, 3.228699
41.36303, False, 1, 3.402568
41.3751, False, 1, 3.482866
41.38671, False, 1, 3.553907
41.39736, False, 1, 3.43571
41.40695, False, 1, 3.533857
41.41841, False, 1, 3.498077
41.42921, False, 1, 3.383044
41.4402, False, 1, 3.371661
41.45163, False, 1, 3.416815
41.46337, False, 1, 3.357634
41.47435, False, 1, 3.297111
41.48722, False, 1, 3.18841
41.49718, False, 1, 3.069211
41.50712, False, 1, 3.026916
41.52409, False, 1, 2.938366
41.53883, False, 1, 2.76353
41.54942, False, 1, 2.685092
41.56059, False, 1, 2.599042
41.56998, False, 1, 2.460433
41.58075, False, 1, 2.26892
41.59135, False, 1, 2.035724
41.60267, False, 1, 1.908022
41.61415, False, 1, 1.719502
41.62438, False, 1, 1.609299
41.63506, False, 1, 1.466105
41.64575, False, 1, 1.429759
41.65702, False, 1, 1.390463
41.66788, False, 1, 1.335433
41.67912, False, 1, 1.19067
41.69038, False, 1, 1.107951
41.70304, False, 1, 1.030901
41.71416, False, 1, 0.9772288
41.72474, False, 1, 0.939025
41.73511, False, 1, 0.899177
41.7456, False, 1, 0.8754376
41.75679, False, 1, 0.8525702
41.76794, False, 1, 0.8347707
41.78014, False, 1, 0.8143692
41.7915, False, 1, 0.8069868
41.80297, False, 1, 0.79476
41.814, False, 1, 0.7825025
41.82362, False, 1, 0.7674044
41.83464, False, 1, 0.7526527
41.84556, False, 1, 0.740074
41.85674, False, 1, 0.7326084
41.86863, False, 1, 0.7280452
41.88046, False, 1, 0.7276328
41.89341, False, 1, 0.7277028
41.90293, False, 1, 0.7175741
41.91401, False, 1, 0.7167283
41.92626, False, 1, 0.7215457
41.93668, False, 1, 0.7249166
41.94717, False, 1, 0.7302593
41.95791, False, 1, 0.7357054
41.97038, False, 1, 0.7408613
41.98026, False, 1, 0.7511305
41.99161, False, 1, 0.7567315
42.00317, False, 1, 0.764818
42.01439, False, 1, 0.7740767
42.02578, False, 1, 0.7855929
42.03718, False, 1, 0.7980278
42.0485, False, 1, 0.8082464
42.06005, False, 1, 0.8287009
42.07117, False, 1, 0.8501145
42.08275, False, 1, 0.8799461
42.0938, False, 1, 0.9141688
42.10521, False, 1, 0.9474965
42.11607, False, 1, 0.9913869
42.13369, False, 1, 1.037221
42.14751, False, 1, 1.085085
42.164, False, 1, 1.143201
42.17478, False, 1, 1.183486
42.18673, False, 1, 1.233128
42.19725, False, 1, 1.280277
42.20703, False, 1, 1.356073
42.21878, False, 1, 1.50507
42.22921, False, 1, 1.609156
42.23977, False, 1, 1.867739
42.25003, False, 1, 2.090828
42.25979, False, 1, 2.22132
42.27053, False, 1, 2.362066
42.28179, False, 1, 2.633609
42.29296, False, 1, 2.760136
42.30328, False, 1, 3.117248
42.32578, False, 1, 3.264948
42.33585, False, 1, 3.492552
42.35655, False, 1, 3.623388
42.3678, False, 1, 3.67336
42.37882, False, 1, 3.759359
42.38969, False, 1, 3.76429
42.40089, False, 1, 3.792191
42.41228, False, 1, 3.799139
42.42357, False, 1, 3.781585
42.43552, False, 1, 3.802317
42.44643, False, 1, 3.762171
42.45731, False, 1, 3.676239
42.46775, False, 1, 3.739073
42.47866, False, 1, 3.57165
42.51217, False, 1, 3.503269
42.52346, False, 1, 3.52268
42.53535, False, 1, 3.58886
42.54775, False, 1, 3.463295
42.56056, False, 1, 3.445908
42.57096, False, 1, 3.210767
42.58156, False, 1, 3.159661
42.59351, False, 1, 3.028645
42.60475, False, 1, 3.024143
42.67096, False, 1, 3.105216
42.68159, False, 1, 3.108023
42.69343, False, 1, 3.394944
42.74882, False, 1, 3.684453
42.75975, False, 1, 3.708889
42.8298, False, 1, 3.829287
42.86097, False, 1, 3.994338
42.95636, False, 1, 4.164022
42.96909, False, 1, 4.146418
42.97988, False, 1, 4.044093
43.11206, False, 1, 4.270026
43.13415, False, 1, 4.324348
43.14578, False, 1, 4.293961
43.34898, False, 1, 4.316072
43.49441, False, 1, 4.461361
43.59717, False, 2, 4.44641
43.60755, False, 2, 4.46078
43.69138, False, 2, 4.659816
43.72498, False, 2, 4.595211
43.73653, False, 2, 4.488401
43.75861, False, 2, 4.768013
43.7916, False, 2, 4.843904
43.88133, False, 2, 4.80913
43.89392, False, 2, 4.508934
43.90511, False, 2, 4.559631
43.91516, False, 2, 4.791383
43.92469, False, 2, 4.753915
43.93594, False, 2, 4.680336
43.94712, False, 2, 4.87113
43.9581, False, 2, 5.042028
43.96937, False, 2, 4.927993
43.9805, False, 2, 5.031831
43.99241, False, 2, 5.142395
44.01625, False, 2, 5.246585
44.02677, False, 2, 5.178564
44.038, False, 2, 5.273279
44.05032, False, 2, 5.338064
44.07204, False, 2, 5.047468
44.16256, False, 2, 5.296845
44.19097, False, 2, 5.493111
44.20238, False, 2, 5.142247
44.22465, False, 2, 5.168985
44.23586, False, 2, 5.021857
44.24715, False, 2, 5.041224
44.26399, False, 2, 5.343315
44.27347, False, 2, 5.392777
44.29612, False, 2, 5.388264
44.31753, False, 2, 5.468731
44.3288, False, 2, 5.462121
44.36103, False, 2, 5.284202
44.3728, False, 2, 5.219417
44.38313, False, 2, 5.03669
44.44578, False, 2, 5.004185
44.47858, False, 2, 4.7762
44.49085, False, 2, 4.649364
44.50091, False, 2, 4.546632
44.51231, False, 2, 4.418417
44.52337, False, 2, 4.50639
44.58006, False, 2, 4.226043
44.59095, False, 2, 4.034561
44.60159, False, 2, 3.986546
44.61293, False, 2, 3.832947
44.63426, False, 2, 3.928541
44.70143, False, 2, 4.062016
44.72402, False, 2, 3.790113
44.735, False, 2, 3.40928
44.74574, False, 2, 3.287268
44.75703, False, 2, 3.133883
44.7688, False, 2, 2.990486
44.78024, False, 2, 2.954566
44.7919, False, 2, 2.85379
44.80313, False, 2, 2.712323
44.92723, False, 2, 2.652466
44.93891, False, 2, 2.847931
45.08858, False, 2, 2.705724
45.24403, False, 2, 2.697662
45.25539, False, 2, 2.675351
45.45813, False, 2, 2.650195
45.66012, False, 2, 3.009701
45.71577, False, 2, 3.161255
45.72664, False, 2, 3.30541
45.74892, False, 2, 3.306298
45.76032, False, 2, 3.202984
45.77895, False, 2, 3.124367
45.80209, False, 2, 3.145869
45.81254, False, 2, 3.305745
45.82387, False, 2, 3.593156
45.83553, False, 2, 3.720558
45.8476, False, 2, 3.7647
45.85942, False, 2, 3.872817
45.88053, False, 2, 3.854566
45.90451, False, 2, 3.9141
45.9159, False, 2, 3.807852
45.92648, False, 2, 3.596282
45.93795, False, 2, 3.719163
45.94843, False, 2, 3.623914
45.95921, False, 2, 3.574386
45.97202, False, 2, 3.517719
45.98286, False, 2, 3.219541
45.99509, False, 2, 3.032512
46.00648, False, 2, 2.897898
46.01831, False, 2, 2.876864
46.02813, False, 2, 2.810005
46.03841, False, 2, 2.731339
46.04738, False, 2, 2.635836
46.05907, False, 2, 2.504985
46.07074, False, 2, 2.247909
46.08179, False, 2, 2.10885
46.09451, False, 2, 1.975022
46.10494, False, 2, 1.885795
46.11686, False, 2, 1.934102
46.12865, False, 2, 1.97685
46.13968, False, 2, 2.030702
46.15101, False, 2, 2.016284
46.16301, False, 2, 2.019017
46.17472, False, 2, 2.113654
46.18655, False, 2, 2.195071
46.1981, False, 2, 2.268633
46.20866, False, 2, 2.218596
46.22029, False, 2, 2.212645
46.23137, False, 2, 2.169301
46.24382, False, 2, 2.167032
46.2546, False, 2, 2.109461
46.26583, False, 2, 2.050689
46.27698, False, 2, 1.979283
46.28883, False, 2, 1.901954
46.29973, False, 2, 1.820843
46.31078, False, 2, 1.791485
46.32142, False, 2, 1.805647
46.33245, False, 2, 1.766224
46.3446, False, 2, 1.699311
46.355, False, 2, 1.607917
46.37022, False, 2, 1.523357
46.38117, False, 2, 1.446021
46.39393, False, 2, 1.365267
46.40347, False, 2, 1.276433
46.4126, False, 2, 1.17978
46.42358, False, 2, 1.070677
46.43483, False, 2, 1.03162
46.44641, False, 2, 1.01762
46.45778, False, 2, 1.00373
46.46845, False, 2, 0.945459
46.47765, False, 2, 0.9338289
46.48895, False, 2, 0.9391112
46.49997, False, 2, 0.9708624
46.51087, False, 2, 0.9783748
46.52239, False, 2, 0.9773247
46.53277, False, 2, 0.9846727
46.54471, False, 2, 1.035957
46.55473, False, 2, 1.104648
46.5664, False, 2, 1.160954
46.57825, False, 2, 1.21626
46.58932, False, 2, 1.256554
46.60054, False, 2, 1.312112
46.61161, False, 2, 1.353298
46.62252, False, 2, 1.39046
46.63549, False, 2, 1.42461
46.64665, False, 2, 1.442111
46.65821, False, 2, 1.473979
46.66929, False, 2, 1.540712
46.68094, False, 2, 1.550766
46.69186, False, 2, 1.592693
46.70245, False, 2, 1.613639
46.71386, False, 2, 1.612061
46.7267, False, 2, 1.609125
46.7388, False, 2, 1.62718
46.74825, False, 2, 1.64166
46.76018, False, 2, 1.618947
46.77116, False, 2, 1.559645
46.78077, False, 2, 1.500787
46.7908, False, 2, 1.451805
46.8018, False, 2, 1.403631
46.81155, False, 2, 1.367087
46.82265, False, 2, 1.324413
46.83455, False, 2, 1.295751
46.84631, False, 2, 1.278673
46.8577, False, 2, 1.275706
46.86736, False, 2, 1.333296
46.87823, False, 2, 1.304894
46.88908, False, 2, 1.458109
46.90018, False, 2, 1.709463
46.91145, False, 2, 1.808752
46.92243, False, 2, 1.946979
46.93368, False, 2, 2.01595
46.95121, False, 2, 2.222578
46.96246, False, 2, 2.553428
46.97377, False, 2, 2.740145
46.98446, False, 2, 2.7996
46.99488, False, 2, 2.911304
47.00592, False, 2, 3.250882
47.01627, False, 2, 3.591605
47.02684, False, 2, 3.889441
47.03716, False, 2, 4.169064
47.05719, False, 2, 4.450178
47.06815, False, 2, 4.767683
47.0789, False, 2, 5.155946
47.08973, False, 2, 5.474995
47.10077, False, 2, 5.747745
47.111, False, 2, 6.077138
47.12241, False, 2, 6.136497
47.13335, False, 2, 6.066925
47.1448, False, 2, 6.063983
47.15485, False, 2, 6.318804
47.16686, False, 2, 6.664397
47.35416, False, 2, 6.851152
47.36563, False, 2, 6.703789
47.37703, False, 2, 6.671683
47.38831, False, 2, 6.758251
47.39984, False, 2, 6.823857
47.50172, False, 2, 6.618581
47.51345, False, 2, 6.375619
47.52536, False, 2, 6.476087
47.54712, False, 2, 6.407232
47.58146, False, 2, 6.229352
47.59264, False, 2, 6.041774
47.60404, False, 2, 6.015681
47.74609, False, 2, 5.847065
47.75734, False, 2, 5.78073
47.76896, False, 2, 5.80722
47.8237, False, 2, 5.588935
47.83522, False, 2, 5.433795
47.89076, False, 2, 5.348973
47.90277, False, 2, 5.04827
47.91376, False, 2, 4.726687
47.9268, False, 2, 4.335805
48.06926, False, 2, 4.330315
48.08061, False, 2, 4.597728
48.11834, False, 2, 4.539823
48.12927, False, 2, 4.462208
48.1386, False, 2, 4.454242
48.1493, False, 2, 4.745872
48.16117, False, 2, 4.485901
48.1903, False, 2, 4.48528
48.20085, False, 2, 4.525093
48.22206, False, 2, 4.755464
48.24357, False, 2, 4.698361
48.25521, False, 2, 4.826349
48.26504, False, 2, 4.770204
48.33194, False, 2, 4.552927
48.36875, False, 2, 4.802558
48.379, False, 2, 4.858327
48.4021, False, 2, 4.999967
48.41195, False, 2, 4.999501
48.44318, False, 2, 4.852504
48.62292, False, 3, 4.992236
48.64528, False, 3, 4.956282
48.65649, False, 3, 4.637309
48.66739, False, 3, 4.947553
48.67902, False, 3, 4.919549
48.68973, False, 3, 5.034522
48.71186, False, 3, 4.725092
48.73398, False, 3, 4.61544
48.74519, False, 3, 4.386386
48.88039, False, 3, 4.223057
48.89275, False, 3, 3.84537
48.90307, False, 3, 3.515355
48.92527, False, 3, 3.57099
48.93698, False, 3, 3.3812
48.98101, False, 3, 3.374952
49.20387, False, 3, 3.212395
49.24329, False, 3, 3.323898
49.28715, False, 3, 3.30194
49.29833, False, 3, 3.280918
49.30958, False, 3, 3.415085
49.32034, False, 3, 3.333688
49.33152, False, 3, 3.310521
49.34304, False, 3, 3.43663
49.36538, False, 3, 3.038003
49.37758, False, 3, 2.969284
49.43159, False, 3, 2.798167
49.44383, False, 3, 2.797978
49.45519, False, 3, 2.928015
49.4659, False, 3, 3.143613
49.48715, False, 3, 3.564798
49.52077, False, 3, 3.991553
49.53191, False, 3, 4.090872
49.54347, False, 3, 3.889485
49.55469, False, 3, 3.929168
49.56601, False, 3, 3.888822
49.57768, False, 3, 3.887604
49.58864, False, 3, 3.778347
49.59991, False, 3, 3.660072
49.61277, False, 3, 3.592495
49.62572, False, 3, 3.548118
49.6374, False, 3, 3.538458
49.64855, False, 3, 3.560477
49.65937, False, 3, 3.528546
49.67901, False, 3, 3.589696
49.69022, False, 3, 3.924616
49.70267, False, 3, 3.913642
49.71367, False, 3, 3.889381
49.72453, False, 3, 3.773884
49.73444, False, 3, 3.652454
49.74546, False, 3, 3.655801
49.75651, False, 3, 3.306945
49.76785, False, 3, 3.312446
49.77897, False, 3, 3.214601
49.79176, False, 3, 3.222949
49.80844, False, 3, 3.202149
49.8208, False, 3, 3.31501
49.83146, False, 3, 3.36662
49.84401, False, 3, 3.611844
49.86523, False, 3, 3.710595
49.87597, False, 3, 3.776899
49.88702, False, 3, 3.852502
49.89753, False, 3, 3.905174
49.9087, False, 3, 3.822325
49.92, False, 3, 3.942544
49.94189, False, 3, 3.850722
49.95442, False, 3, 3.94808
49.96449, False, 3, 4.072347
49.98654, False, 3, 4.449815
50.01968, False, 3, 4.365626
50.03093, False, 3, 4.137822
50.04287, False, 3, 4.191404
50.05395, False, 3, 4.268138
50.06437, False, 3, 4.294252
50.07528, False, 3, 4.287054
50.08659, False, 3, 4.417777
50.0975, False, 3, 4.407813
50.1089, False, 3, 4.351754
50.12013, False, 3, 4.133697
50.13259, False, 3, 4.070721
50.14404, False, 3, 4.034972
50.15489, False, 3, 3.958511
50.16568, False, 3, 3.79439
50.17582, False, 3, 3.695015
50.18719, False, 3, 3.541328
50.19741, False, 3, 3.312837
50.20873, False, 3, 3.169472
50.21991, False, 3, 2.994995
50.23133, False, 3, 2.578434
50.243, False, 3, 2.584698
50.25438, False, 3, 2.399138
50.26497, False, 3, 2.274334
50.27631, False, 3, 2.094222
50.28776, False, 3, 2.004833
50.29863, False, 3, 1.929259
50.3104, False, 3, 1.728701
50.32159, False, 3, 1.479386
50.33545, False, 3, 1.389316
50.34721, False, 3, 1.311082
50.35794, False, 3, 1.239455
50.36952, False, 3, 1.169913
50.38028, False, 3, 1.086012
50.39159, False, 3, 1.052453
50.40386, False, 3, 1.025326
50.42165, False, 3, 1.00181
50.43372, False, 3, 0.9835836
50.44512, False, 3, 0.9680006
50.45522, False, 3, 0.9626594
50.4679, False, 3, 0.9648892
50.4776, False, 3, 0.97053
50.48832, False, 3, 0.9728958
50.49989, False, 3, 0.9805666
50.51034, False, 3, 0.9915784
50.52316, False, 3, 0.9931605
50.53636, False, 3, 1.003678
50.54769, False, 3, 1.009617
50.55893, False, 3, 1.020124
50.5704, False, 3, 1.032924
50.58081, False, 3, 1.045066
50.59206, False, 3, 1.057475
50.60275, False, 3, 1.062157
50.6138, False, 3, 1.0678
50.62516, False, 3, 1.049945
50.63618, False, 3, 1.04446
50.64668, False, 3, 1.050535
50.65797, False, 3, 1.050685
50.66669, False, 3, 1.052751
50.67885, False, 3, 1.050621
50.69023, False, 3, 1.042154
50.69995, False, 3, 1.038574
50.71093, False, 3, 1.035823
50.72258, False, 3, 1.028366
50.73422, False, 3, 1.023969
50.74541, False, 3, 1.023706
50.75608, False, 3, 1.0207
50.76664, False, 3, 1.017824
50.77819, False, 3, 1.02105
50.79066, False, 3, 1.013587
50.80283, False, 3, 1.00607
50.81213, False, 3, 1.006097
50.82206, False, 3, 1.002503
50.83427, False, 3, 1.007483
50.8453, False, 3, 1.012233
50.85569, False, 3, 1.008681
50.86726, False, 3, 1.006793
50.87865, False, 3, 1.010813
50.88986, False, 3, 1.021199
50.90229, False, 3, 1.025935
50.91278, False, 3, 1.033588
50.92449, False, 3, 1.038098
50.9355, False, 3, 1.041203
50.94714, False, 3, 1.051317
50.95839, False, 3, 1.069213
50.96933, False, 3, 1.079505
50.97897, False, 3, 1.088244
50.98911, False, 3, 1.115297
51.00412, False, 3, 1.166184
51.04186, False, 3, 1.462793
51.05284, False, 3, 1.752666
51.16481, False, 3, 1.947443
51.20827, False, 3, 2.23209
51.21926, False, 3, 2.371439
51.23011, False, 3, 2.500625
51.24128, False, 3, 2.612219
51.25274, False, 3, 2.957181
51.26382, False, 3, 3.186596
51.2749, False, 3, 3.383098
51.29728, False, 3, 3.700022
51.30811, False, 3, 3.950517
51.34193, False, 3, 4.054408
51.35278, False, 3, 4.229509
51.37483, False, 3, 4.421578
51.38599, False, 3, 4.779494
51.397, False, 3, 4.952059
51.40884, False, 3, 5.105363
51.42048, False, 3, 5.211644
51.43204, False, 3, 5.441765
51.45326, False, 3, 5.352334
51.46368, False, 3, 5.313204
51.71289, False, 3, 5.492346
51.72733, False, 3, 5.360303
51.75785, False, 3, 5.459716
51.77448, False, 3, 5.378641
51.7865, False, 3, 5.419552
51.9194, False, 3, 5.210723
51.94229, False, 3, 5.06244
51.953, False, 3, 5.037999
51.96406, False, 3, 4.849648
51.97629, False, 3, 4.73758
51.98707, False, 3, 4.779876
51.99689, False, 3, 5.0458
52.01855, False, 3, 4.943037
52.03029, False, 3, 4.687303
52.04152, False, 3, 4.686413
52.05217, False, 3, 4.639111
52.06292, False, 3, 4.616834
52.07418, False, 3, 4.4055
52.08536, False, 3, 4.371684
52.09655, False, 3, 4.211958
52.1079, False, 3, 3.861054
52.17422, False, 3, 3.893636
52.18559, False, 3, 3.754749
52.19642, False, 3, 3.652367
52.40174, False, 3, 3.844565
52.41246, False, 3, 3.860192
52.42424, False, 3, 4.115765
52.50139, False, 3, 4.046309
52.5125, False, 3, 4.022467
52.54999, False, 3, 4.035902
52.58001, False, 3, 3.983311
52.59146, False, 3, 3.656942
52.61386, False, 3, 3.778843
52.62506, False, 3, 3.731126
52.63687, False, 3, 3.94724
52.64746, False, 3, 3.928012
52.65742, False, 3, 3.825911
52.6684, False, 3, 3.815424
52.68003, False, 3, 3.75514
52.73439, False, 3, 3.770005
52.78533, False, 3, 3.978604
52.81861, False, 3, 3.81619
52.82993, False, 3, 3.782656
52.84242, False, 3, 3.903924
52.85235, False, 3, 3.648202
52.87384, False, 3, 3.725333
52.95188, False, 3, 3.446803
52.96369, False, 3, 3.604041
53.00749, False, 3, 3.593826
53.01964, False, 3, 3.595845
53.0297, False, 3, 3.552202
53.04077, False, 3, 3.600929
53.05241, False, 3, 3.470749
53.1771, False, 3, 3.500504
53.18838, False, 3, 3.217626
53.28182, False, 3, 3.195428
53.29342, False, 3, 3.265557
53.30273, False, 3, 3.46833
53.39869, False, 3, 3.431608
53.41002, False, 3, 3.730638
53.45422, False, 3, 3.634133
53.46648, False, 3, 3.729357
53.47899, False, 3, 3.694094
53.49006, False, 3, 3.712512
53.50067, False, 3, 3.729939
53.51167, False, 3, 3.60112
53.52123, False, 3, 3.577692
53.53247, False, 3, 3.525175
53.54466, False, 3, 3.460741
53.55432, False, 3, 3.453543
53.57719, False, 3, 3.46804
53.60002, False, 3, 3.548026
53.6121, False, 4, 3.617752
53.63191, False, 4, 3.531
53.64378, False, 4, 3.545526
53.65452, False, 4, 3.519202
53.66581, False, 4, 3.510744
53.67696, False, 4, 3.262632
53.68809, False, 4, 3.237676
53.6993, False, 4, 2.883977
53.71091, False, 4, 2.779278
53.7554, False, 4, 2.671839
53.76691, False, 4, 2.683717
53.77785, False, 4, 2.803419
53.78928, False, 4, 2.946973
53.80041, False, 4, 2.916481
53.8111, False, 4, 2.962824
53.82239, False, 4, 2.926799
53.8333, False, 4, 2.921727
53.8446, False, 4, 2.796874
53.85574, False, 4, 2.734247
53.86786, False, 4, 2.496614
53.87893, False, 4, 2.339633
53.89021, False, 4, 2.343833
53.90263, False, 4, 2.214205
53.91634, False, 4, 2.342159
53.93085, False, 4, 2.414979
53.94245, False, 4, 2.781764
53.95496, False, 4, 3.17783
53.99785, False, 4, 3.364731
54.00694, False, 4, 3.498782
54.01793, False, 4, 3.611998
54.02917, False, 4, 3.814279
54.04072, False, 4, 3.674453
54.05286, False, 4, 3.670039
54.06475, False, 4, 3.684791
54.07672, False, 4, 3.669698
54.08709, False, 4, 3.566639
54.09888, False, 4, 3.601227
54.11012, False, 4, 3.75229
54.12133, False, 4, 3.866333
54.12989, False, 4, 3.985314
54.14195, False, 4, 4.080055
54.15375, False, 4, 4.168748
54.16435, False, 4, 4.220387
54.17569, False, 4, 4.124426
54.18604, False, 4, 4.056146
54.20776, False, 4, 4.063558
54.26193, False, 4, 3.856432
54.27319, False, 4, 3.856616
54.28642, False, 4, 3.85567
54.29777, False, 4, 4.12202
54.30911, False, 4, 4.090522
54.31902, False, 4, 4.323384
54.32946, False, 4, 4.407945
54.34057, False, 4, 4.677533
54.35122, False, 4, 4.838688
54.36286, False, 4, 4.995629
54.38548, False, 4, 5.08642
54.39701, False, 4, 5.011306
54.40828, False, 4, 5.258117
54.41967, False, 4, 5.357502
54.44247, False, 4, 5.389486
54.45393, False, 4, 5.425791
54.46546, False, 4, 5.777191
54.60689, False, 4, 5.829084
54.61834, False, 4, 5.910514
54.62908, False, 4, 5.592946
54.64001, False, 4, 5.391493
54.65099, False, 4, 5.319634
54.70673, False, 4, 5.352202
54.71764, False, 4, 5.347687
54.72873, False, 4, 5.15539
54.73973, False, 4, 4.913395
54.75104, False, 4, 4.623304
54.76546, False, 4, 4.354879
54.77629, False, 4, 4.181691
54.78655, False, 4, 4.060938
54.79759, False, 4, 3.964164
54.85084, False, 4, 4.102574
54.86214, False, 4, 4.175302
54.8731, False, 4, 4.041734
54.96375, False, 4, 3.864236
54.98568, False, 4, 3.85533
55.10701, False, 4, 3.517827
55.33023, False, 4, 3.733331
55.3414, False, 4, 3.820776
55.43155, False, 4, 3.808563
55.44268, False, 4, 3.906553
55.50853, False, 4, 3.82548
55.51931, False, 4, 3.686202
55.53014, False, 4, 3.334676
55.54153, False, 4, 3.334325
55.55304, False, 4, 3.301621
55.58565, False, 4, 3.331344
55.59701, False, 4, 3.31234
55.6083, False, 4, 3.321642
55.61921, False, 4, 3.33489
55.6412, False, 4, 3.469337
55.6525, False, 4, 3.665831
55.66385, False, 4, 3.510626
55.6749, False, 4, 3.55578
55.68557, False, 4, 3.779421
55.69714, False, 4, 3.7529
55.70802, False, 4, 3.948901
55.71937, False, 4, 3.763599
55.73078, False, 4, 3.69417
55.7653, False, 4, 3.916485
55.77547, False, 4, 4.105735
55.78677, False, 4, 4.436871
55.798, False, 4, 4.619862
55.81061, False, 4, 4.80517
55.82163, False, 4, 4.941762
55.83302, False, 4, 5.214001
55.84385, False, 4, 5.35129
55.85426, False, 4, 5.510531
55.86547, False, 4, 5.658821
55.87693, False, 4, 5.70963
55.88849, False, 4, 5.80449
55.8998, False, 4, 5.677808
55.98779, False, 4, 5.723985
55.99931, False, 4, 5.786841
56.01036, False, 4, 5.83538
56.0211, False, 4, 5.893796
56.03277, False, 4, 5.779029
56.05083, False, 4, 5.781828
56.0658, False, 4, 5.771054
56.08293, False, 4, 5.625806
56.09433, False, 4, 5.44867
56.10659, False, 4, 5.158896
56.11917, False, 4, 5.004997
56.12905, False, 4, 4.861598
56.14027, False, 4, 4.786197
56.15244, False, 4, 4.579168
56.16247, False, 4, 4.447364
56.17208, False, 4, 4.292608
56.1838, False, 4, 4.168117
56.19464, False, 4, 4.088936
56.20569, False, 4, 4.016822
56.2168, False, 4, 3.764852
56.22792, False, 4, 3.473175
56.2401, False, 4, 3.300275
56.25155, False, 4, 3.108589
56.26252, False, 4, 2.961378
56.27344, False, 4, 2.837428
56.28468, False, 4, 2.700037
56.29573, False, 4, 2.555186
56.30658, False, 4, 2.44346
56.31682, False, 4, 2.328866
56.32764, False, 4, 2.232682
56.33898, False, 4, 2.174531
56.35011, False, 4, 2.128389
56.36156, False, 4, 2.07676
56.37325, False, 4, 2.020939
56.38332, False, 4, 1.980614
56.3946, False, 4, 1.945053
56.40652, False, 4, 1.894574
56.41747, False, 4, 1.830378
56.43008, False, 4, 1.648406
56.44134, False, 4, 1.620351
56.45172, False, 4, 1.629548
56.46262, False, 4, 1.647776
56.47353, False, 4, 1.712163
56.48534, False, 4, 1.832277
56.49696, False, 4, 1.923564
56.50701, False, 4, 2.056478
56.51777, False, 4, 2.398218
56.52813, False, 4, 2.585039
56.53892, False, 4, 2.944261
56.55021, False, 4, 3.184943
56.56106, False, 4, 3.380143
56.57243, False, 4, 3.756924
56.66394, False, 4, 4.15092
56.6787, False, 4, 4.541416
56.69098, False, 4, 4.912269
56.70283, False, 4, 5.300303
56.71441, False, 4, 5.624961
56.72572, False, 4, 5.725911
56.73664, False, 4, 6.043784
56.74697, False, 4, 6.146404
56.75736, False, 4, 6.296905
56.76841, False, 4, 6.411096
56.77767, False, 4, 6.456342
56.78889, False, 4, 6.445801
56.79988, False, 4, 6.394753
56.81236, False, 4, 6.296239
56.82685, False, 4, 5.989234
56.83613, False, 4, 5.795961
56.84694, False, 4, 5.421372
56.85876, False, 4, 5.171001
56.8702, False, 4, 4.942738
56.8807, False, 4, 4.523684
56.89175, False, 4, 4.07841
56.90305, False, 4, 3.635637
56.91385, False, 4, 3.210614
56.92527, False, 4, 2.765279
56.93823, False, 4, 2.382452
56.9498, False, 4, 2.224596
56.96079, False, 4, 1.854307
56.97195, False, 4, 1.69911
56.98295, False, 4, 1.479964
56.99442, False, 4, 1.302667
57.00679, False, 4, 1.144162
57.01808, False, 4, 0.9973976
57.02904, False, 4, 0.9176691
57.0392, False, 4, 0.8378969
57.0495, False, 4, 0.7634647
57.06088, False, 4, 0.7245114
57.07183, False, 4, 0.6851056
57.08292, False, 4, 0.646613
57.09399, False, 4, 0.6324986
57.1059, False, 4, 0.6265918
57.11699, False, 4, 0.6240615
57.12854, False, 4, 0.6230272
57.13906, False, 4, 0.6249067
57.15138, False, 4, 0.6295117
57.16282, False, 4, 0.6350107
57.17457, False, 4, 0.6408613
57.1842, False, 4, 0.6459314
57.1939, False, 4, 0.6495932
57.20534, False, 4, 0.6562482
57.2179, False, 4, 0.6630582
57.22852, False, 4, 0.669197
57.2391, False, 4, 0.6759624
57.25644, False, 4, 0.6818355
57.26814, False, 4, 0.6888388
57.27895, False, 4, 0.6979939
57.29087, False, 4, 0.7093884
57.30243, False, 4, 0.7244381
57.31514, False, 4, 0.7350558
57.32554, False, 4, 0.7476661
57.33471, False, 4, 0.7605482
57.34526, False, 4, 0.7760257
57.35552, False, 4, 0.7888321
57.36618, False, 4, 0.799973
57.37658, False, 4, 0.8097588
57.38644, False, 4, 0.8222628
57.3973, False, 4, 0.8310827
57.41029, False, 4, 0.8403913
57.4221, False, 4, 0.8530661
57.43254, False, 4, 0.8705522
57.44321, False, 4, 0.8787131
57.45377, False, 4, 0.8916818
57.46527, False, 4, 0.9166969
57.47609, False, 4, 0.9509283
57.48671, False, 4, 1.023047
57.49549, False, 4, 1.094241
57.50583, False, 4, 1.139924
57.5173, False, 4, 1.175386
57.52764, False, 4, 1.205798
57.5389, False, 4, 1.247555
57.55097, False, 4, 1.303422
57.5606, False, 4, 1.347996
57.57304, False, 4, 1.411678
57.58424, False, 4, 1.473933
57.59482, False, 4, 1.530425
57.60484, False, 4, 1.579457
57.61626, False, 4, 1.636104
57.62781, False, 4, 1.691732
57.63816, False, 4, 1.741639
57.6498, False, 4, 1.784893
57.66092, False, 4, 1.837118
57.67136, False, 4, 1.886821
57.68277, False, 4, 1.926223
57.69431, False, 4, 1.964036
57.70606, False, 4, 1.96251
57.71845, False, 4, 1.961104
57.72899, False, 4, 1.990572
57.74177, False, 4, 2.02927
57.75307, False, 4, 2.07725
57.76439, False, 4, 2.275483
57.77615, False, 4, 2.351909
57.79832, False, 4, 2.743409
57.80972, False, 4, 2.826466
57.82042, False, 4, 3.035838
57.83878, False, 4, 3.041454
57.84985, False, 4, 3.194358
57.86019, False, 4, 3.228727
57.91024, False, 4, 3.614775
57.95071, False, 4, 3.778812
57.97385, False, 4, 4.061291
58.00664, False, 4, 4.286054
58.02946, False, 4, 4.43806
58.04173, False, 4, 4.584214
58.09739, False, 4, 4.910863
58.12774, False, 4, 5.118839
58.13816, False, 4, 5.233826
58.14909, False, 4, 5.233324
58.17316, False, 4, 5.362256
58.18426, False, 4, 5.546576
58.27165, False, 4, 5.325544
58.29372, False, 4, 5.238866
58.30654, False, 4, 4.803688
58.31893, False, 4, 4.67349
58.33017, False, 4, 4.393928
58.34254, False, 4, 4.33647
58.35354, False, 4, 4.136454
58.36339, False, 4, 4.052693
58.37452, False, 4, 3.617683
58.38477, False, 4, 3.583752
58.41812, False, 4, 3.625291
58.46334, False, 4, 3.454256
58.47565, False, 4, 3.314077
58.48684, False, 4, 3.296508
58.49814, False, 4, 2.903373
58.50901, False, 4, 2.659883
58.52687, False, 4, 2.503702
58.53928, False, 4, 2.430436
58.55056, False, 4, 2.23564
58.63804, False, 5, 2.287123
58.69386, False, 5, 2.504994
58.72687, False, 5, 2.659855
58.77131, False, 5, 2.877529
58.78282, False, 5, 3.163422
58.79347, False, 5, 3.259017
58.80484, False, 5, 3.499778
58.86041, False, 5, 3.657164
58.88228, False, 5, 3.721409
58.89366, False, 5, 3.746521
58.9048, False, 5, 3.573718
58.91571, False, 5, 3.264722
58.96018, False, 5, 3.602955
59.0284, False, 5, 3.683653
59.05116, False, 5, 3.686711
59.09682, False, 5, 3.762531
59.10842, False, 5, 3.79536
59.11969, False, 5, 3.807926
59.13161, False, 5, 3.870581
59.14286, False, 5, 3.997871
59.15369, False, 5, 3.786996
59.1655, False, 5, 3.598891
59.17584, False, 5, 3.430892
59.1884, False, 5, 3.230039
59.1997, False, 5, 2.934358
59.21043, False, 5, 3.045774
59.22232, False, 5, 2.946379
59.23962, False, 5, 2.808891
59.26901, False, 5, 2.878635
59.2798, False, 5, 2.941116
59.31207, False, 5, 3.047502
59.3252, False, 5, 3.116363
59.33656, False, 5, 2.823793
59.3478, False, 5, 2.787
59.36037, False, 5, 2.694325
59.37276, False, 5, 3.005357
59.39779, False, 5, 2.97653
59.40957, False, 5, 3.011187
59.42072, False, 5, 3.014322
59.43351, False, 5, 2.943062
59.44425, False, 5, 2.899643
59.45511, False, 5, 2.908837
59.46624, False, 5, 2.934561
59.47823, False, 5, 2.98992
59.48803, False, 5, 3.054706
59.49834, False, 5, 2.924832
59.51106, False, 5, 2.849956
59.52056, False, 5, 2.895414
59.53058, False, 5, 2.824628
59.54213, False, 5, 2.799596
59.55304, False, 5, 2.718413
59.61698, False, 5, 2.931824
59.70501, False, 5, 3.000554
59.7164, False, 5, 3.206153
59.73844, False, 5, 3.39315
59.77075, False, 5, 3.335227
59.78173, False, 5, 3.578013
60.05091, False, 5, 3.644492
60.07347, False, 5, 3.683827
60.19828, False, 5, 3.830666
60.25104, False, 5, 4.039573
60.26218, False, 5, 4.101862
60.28436, False, 5, 4.486123
60.3084, False, 5, 4.602149
60.71972, False, 5, 4.855487
60.74173, False, 5, 4.853051
60.75902, False, 5, 4.908418
60.77167, False, 5, 5.234274
60.79405, False, 5, 5.311128
60.80563, False, 5, 5.591829
60.81625, False, 5, 5.640943
60.82676, False, 5, 5.390968
60.83846, False, 5, 5.281766
60.84939, False, 5, 5.070212
60.86045, False, 5, 5.171837
60.87259, False, 5, 5.284751
60.8855, False, 5, 5.089727
60.89725, False, 5, 5.208909
60.9096, False, 5, 5.341638
60.95235, False, 5, 5.511753
61.0923, False, 5, 5.648446
61.11449, False, 5, 5.759002
61.12637, False, 5, 5.702573
61.19279, False, 5, 5.797012
61.22568, False, 5, 5.828443
61.23845, False, 5, 6.150671
61.24933, False, 5, 6.184809
61.25944, False, 5, 5.975971
61.27096, False, 5, 6.092779
61.28285, False, 5, 5.910432
61.29271, False, 5, 6.005239
61.30375, False, 5, 6.026393
61.31607, False, 5, 5.973478
61.32663, False, 5, 5.910509
61.33794, False, 5, 5.56074
61.35035, False, 5, 5.156808
61.36174, False, 5, 5.113499
61.37292, False, 5, 4.898421
61.3843, False, 5, 4.704498
61.39608, False, 5, 4.353059
61.40697, False, 5, 3.97058
61.41828, False, 5, 3.750935
61.43612, False, 5, 3.369165
61.44684, False, 5, 3.087379
61.45844, False, 5, 2.731108
61.46893, False, 5, 2.345227
61.47934, False, 5, 2.189981
61.49257, False, 5, 2.004406
61.50348, False, 5, 1.731479
61.51447, False, 5, 1.555838
61.52649, False, 5, 1.371662
61.53702, False, 5, 1.244497
61.54942, False, 5, 1.181402
61.55929, False, 5, 1.135092
61.56999, False, 5, 1.094582
61.58072, False, 5, 1.057034
61.59248, False, 5, 1.014647
61.60344, False, 5, 0.9650348
61.61463, False, 5, 0.9157586
61.62565, False, 5, 0.8770772
61.6367, False, 5, 0.8540933
61.64753, False, 5, 0.8379725
61.65876, False, 5, 0.8268223
61.66996, False, 5, 0.8160372
61.68109, False, 5, 0.8090938
61.69209, False, 5, 0.8018118
61.70309, False, 5, 0.7986662
61.71479, False, 5, 0.7962438
61.72734, False, 5, 0.8079104
61.73875, False, 5, 0.8182751
61.75079, False, 5, 0.8240913
61.76159, False, 5, 0.8344825
61.77322, False, 5, 0.8438095
61.78431, False, 5, 0.8486847
61.79452, False, 5, 0.8561091
61.80572, False, 5, 0.8590436
61.81683, False, 5, 0.8677725
61.82726, False, 5, 0.8811394
61.83934, False, 5, 0.8926108
61.8499, False, 5, 0.9042584
61.85923, False, 5, 0.9083969
61.87066, False, 5, 0.9390329
61.88226, False, 5, 0.9712406
61.89329, False, 5, 1.013919
61.90575, False, 5, 1.038365
61.91944, False, 5, 1.053479
61.93011, False, 5, 1.06824
61.94244, False, 5, 1.0839
61.95345, False, 5, 1.113985
61.96466, False, 5, 1.155057
61.97533, False, 5, 1.180084
61.98516, False, 5, 1.23004
61.99594, False, 5, 1.272149
62.00808, False, 5, 1.326167
62.02708, False, 5, 1.45427
62.03882, False, 5, 1.560096
62.05001, False, 5, 1.718299
62.06067, False, 5, 1.810224
62.11497, False, 5, 1.976155
62.12609, False, 5, 2.196524
62.13803, False, 5, 2.412523
62.14939, False, 5, 2.815156
62.15956, False, 5, 2.847574
62.17014, False, 5, 2.876025
62.18039, False, 5, 2.935339
62.19191, False, 5, 2.999805
62.20289, False, 5, 3.014155
62.21482, False, 5, 3.049529
62.22598, False, 5, 3.063037
62.23711, False, 5, 3.066555
62.24753, False, 5, 3.09317
62.25959, False, 5, 3.08947
62.27123, False, 5, 3.092306
62.2832, False, 5, 3.090966
62.33757, False, 5, 3.242164
62.34792, False, 5, 3.56003
62.36942, False, 5, 3.694807
62.40405, False, 5, 3.860228
62.41527, False, 5, 3.992717
62.44798, False, 5, 4.19652
62.47068, False, 5, 3.934507
62.49337, False, 5, 3.823306
62.50481, False, 5, 4.203628
62.66231, False, 5, 4.238399
62.6736, False, 5, 4.181987
62.70728, False, 5, 4.204047
62.72164, False, 5, 4.501233
62.74347, False, 5, 4.537868
62.75465, False, 5, 4.529945
62.76458, False, 5, 4.508532
62.77458, False, 5, 4.621224
62.78453, False, 5, 4.815
62.7943, False, 5, 5.010089
62.82726, False, 5, 5.248479
62.83833, False, 5, 5.302361
62.84962, False, 5, 5.058742
62.8609, False, 5, 4.870954
62.8829, False, 5, 4.747793
63.02723, False, 5, 4.516707
63.03823, False, 5, 4.19061
63.04952, False, 5, 4.378209
63.06088, False, 5, 4.377693
63.1049, False, 5, 4.155168
63.116, False, 5, 4.279509
63.12742, False, 5, 4.398654
63.13929, False, 5, 4.434055
63.15014, False, 5, 4.379386
63.16133, False, 5, 4.606703
63.1729, False, 5, 4.801835
63.18392, False, 5, 5.014681
63.19507, False, 5, 5.035729
63.20792, False, 5, 5.000875
63.22961, False, 5, 4.935935
63.24058, False, 5, 4.848262
63.26344, False, 5, 4.702708
63.27488, False, 5, 4.648653
63.28674, False, 5, 4.654193
63.29795, False, 5, 4.709955
63.34055, False, 5, 4.659422
63.3526, False, 5, 4.731818
63.36292, False, 5, 4.762877
63.38588, False, 5, 4.641278
63.41395, False, 5, 4.57005
63.42505, False, 5, 4.48745
63.436, False, 5, 4.446194
63.44695, False, 5, 4.494693
63.45785, False, 5, 4.349806
63.46922, False, 5, 4.118542
63.50264, False, 5, 4.162295
63.5149, False, 5, 3.927334
63.54707, False, 5, 3.835263
63.55814, False, 5, 3.839336
63.56915, False, 5, 3.686287
63.58027, False, 5, 3.550977
63.59139, False, 5, 3.428599
63.60365, False, 5, 3.392969
63.6165, False, 5, 3.370672
