0.0113107, 1.648036, 1.648036, 2.039077
0.0213849, 1.628957, 1.638497, 2.03916
0.0324725, 1.65817, 1.645054, 2.039175
0.0429024, 1.625822, 1.640246, 2.03916
0.0542006, 1.602373, 1.632672, 2.039157
0.0650955, 1.582229, 1.624265, 2.03904
0.0765268, 1.583496, 1.618441, 2.039004
0.08758689, 1.55057, 1.609957, 2.038734
0.0990622, 1.609211, 1.609874, 2.038685
0.1109203, 1.583934, 1.60728, 2.038643
0.1206043, 1.606125, 1.607175, 2.038578
0.1317612, 1.58912, 1.605671, 2.038524
0.1428533, 1.637487, 1.608118, 2.03864
0.1540584, 1.668747, 1.612449, 2.038584
0.1650007, 1.648841, 1.614875, 2.038556
0.1761256, 1.640346, 1.616467, 2.038491
0.1872436, 1.698972, 1.62132, 2.038423
0.1983648, 1.696012, 1.62547, 2.038326
0.2093656, 1.714504, 1.630156, 2.038252
0.2205964, 1.624362, 1.629866, 2.03923
0.2317384, 1.722122, 1.63357, 2.039204
0.2428508, 1.720663, 1.638156, 2.039168
0.2538688, 1.715533, 1.641024, 2.039131
0.2649524, 1.700735, 1.64477, 2.039007
0.2761271, 1.628508, 1.646077, 2.038979
0.2873224, 1.627118, 1.648321, 2.038982
0.2982747, 1.624359, 1.650364, 2.038954
0.30944, 1.600152, 1.652843, 2.038911
0.3205414, 1.577853, 1.651275, 2.03886
0.3316228, 1.704339, 1.657295, 2.038817
0.3426757, 1.681862, 1.661082, 2.038794
0.3539578, 1.764821, 1.669867, 2.038766
0.3648851, 1.765993, 1.676293, 2.038792
0.3765378, 1.766379, 1.681174, 2.038766
0.3872007, 1.669252, 1.682195, 2.038759
0.3982241, 1.713823, 1.685869, 2.038737
0.4092876, 1.641471, 1.682994, 2.038711
0.4204497, 1.747631, 1.685575, 2.038774
0.4314952, 1.736363, 1.686668, 2.038771
0.4427707, 1.737828, 1.692341, 2.038604
0.4538487, 1.731371, 1.692803, 2.038599
0.464686, 1.747611, 1.694151, 2.03842
0.4760112, 1.714272, 1.694088, 2.038406
0.4869446, 1.736126, 1.695857, 2.038206
0.4982769, 1.769064, 1.702885, 2.03899
0.5092567, 1.780386, 1.710548, 2.039036
0.5203899, 1.800441, 1.719352, 2.039046
0.5314112, 1.840895, 1.73139, 2.039067
0.5427144, 1.796011, 1.742298, 2.039237
0.5537003, 1.877011, 1.750931, 2.039295
0.5647948, 1.900826, 1.761879, 2.039333
0.5759863, 1.961439, 1.77171, 2.039421
0.5870597, 2.121022, 1.789462, 2.039515
0.5981104, 2.137186, 1.808002, 2.039578
0.6092337, 2.154847, 1.832281, 2.039652
0.6203264, 2.131391, 1.85316, 2.039693
0.6314433, 1.949898, 1.868581, 2.039762
0.6425577, 1.947688, 1.878584, 2.039834
0.653837, 1.894497, 1.886491, 2.039894
0.6647997, 1.96721, 1.89796, 2.040019
0.6759567, 1.811777, 1.90198, 2.040102
0.6871532, 1.627124, 1.895956, 2.040143
0.6981751, 1.675735, 1.894029, 2.040208
0.7092513, 1.762841, 1.895365, 2.04009
0.7203509, 1.806343, 1.897229, 2.04009
0.7314149, 1.886759, 1.902547, 2.040156
0.7425717, 1.919583, 1.908504, 2.040234
0.7537023, 1.904655, 1.911692, 2.040277
0.7647555, 1.914696, 1.917626, 2.040299
0.7759084, 1.940934, 1.920823, 2.040354
0.7870506, 1.879126, 1.919738, 2.04046
0.7980954, 1.837809, 1.913556, 2.039404
0.8091862, 1.851599, 1.900085, 2.039465
0.8202624, 1.812499, 1.883851, 2.0395
0.8313814, 1.7474, 1.863479, 2.039523
0.8425182, 1.741141, 1.843966, 2.039542
0.8537077, 1.761351, 1.834539, 2.039565
0.8646808, 1.730981, 1.823704, 2.039594
0.8759556, 1.746338, 1.816296, 2.039516
0.8869035, 1.707443, 1.803307, 2.039482
0.8979697, 1.722651, 1.798851, 2.039509
0.9091325, 1.727025, 1.803846, 2.039474
0.920184, 1.60129, 1.800124, 2.039888
0.9312232, 1.672657, 1.795615, 2.03993
0.9427127, 1.656147, 1.788105, 2.0399
0.9535523, 1.676805, 1.777607, 2.039941
0.964594, 1.660339, 1.764645, 2.039985
0.9755555, 1.658266, 1.752326, 2.04001
0.9868794, 1.666644, 1.739923, 2.040041
0.9980075, 1.656738, 1.725713, 2.040077
1.00945, 1.633911, 1.713453, 2.040139
1.0203, 1.624836, 1.702804, 2.040167
1.031207, 1.627444, 1.691596, 2.040234
1.042458, 1.646833, 1.683313, 2.040292
1.05352, 1.704448, 1.681165, 2.040338
1.064501, 1.590048, 1.673611, 2.040262
1.075717, 1.581551, 1.664621, 2.040298
1.086863, 1.711867, 1.663665, 2.040343
1.097863, 1.731412, 1.662919, 2.040378
1.109338, 1.681231, 1.661608, 2.040357
1.120711, 1.742294, 1.66259, 2.040387
1.132004, 1.710632, 1.661771, 2.040417
1.142951, 1.738322, 1.668622, 2.040314
1.154077, 1.82955, 1.676467, 2.04034
1.165212, 1.822464, 1.684783, 2.039043
1.176286, 1.817242, 1.691805, 2.039023
1.187212, 1.847447, 1.70116, 2.039001
1.198283, 1.995259, 1.71801, 2.038975
1.209622, 2.04654, 1.737004, 2.038963
1.220483, 1.991271, 1.753731, 2.038924
1.231276, 2.042454, 1.774158, 2.038917
1.242596, 2.042441, 1.795038, 2.038957
1.253695, 2.081856, 1.817759, 2.038959
1.264801, 2.072592, 1.839047, 2.038948
1.275882, 2.036083, 1.855629, 2.038986
1.286626, 2.042386, 1.878246, 2.038985
1.297701, 2.113245, 1.90483, 2.038998
1.308946, 2.135827, 1.926028, 2.039002
1.319982, 2.232164, 1.951066, 2.038998
1.331155, 2.281834, 1.981096, 2.03901
1.342219, 2.326502, 2.010306, 2.038958
1.35358, 2.195892, 2.034569, 2.038962
1.364445, 2.210529, 2.058179, 2.038949
1.375622, 2.035312, 2.068467, 2.03881
1.386735, 2.118982, 2.083293, 2.038908
1.397638, 2.24735, 2.104799, 2.038904
1.408852, 2.186425, 2.121747, 2.038985
1.419965, 2.337439, 2.138856, 2.038922
1.430981, 2.267455, 2.149902, 2.038917
1.44254, 2.190707, 2.159874, 2.039192
1.453356, 2.318691, 2.173686, 2.039207
1.464332, 2.426611, 2.192894, 2.039285
1.475652, 2.45074, 2.211339, 2.039288
1.48654, 2.348427, 2.225131, 2.039358
1.497699, 2.435324, 2.245093, 2.039386
1.51138, 2.37233, 2.26159, 2.039468
1.519975, 2.387236, 2.27529, 2.039039
1.530429, 2.320999, 2.284548, 2.039053
1.541632, 2.322264, 2.289053, 2.03906
1.552824, 2.327693, 2.291346, 2.039021
1.563861, 2.38567, 2.294305, 2.039008
1.574924, 2.348496, 2.301935, 2.039016
1.586035, 2.26879, 2.304848, 2.039039
1.597139, 2.341515, 2.320158, 2.039042
1.608264, 2.341545, 2.331286, 2.039188
1.619352, 2.378216, 2.33783, 2.039228
1.630412, 2.363881, 2.346703, 2.039229
1.641578, 2.372318, 2.348446, 2.039243
1.652769, 2.392353, 2.354691, 2.039231
1.663791, 2.293352, 2.359823, 2.039235
1.674974, 2.282663, 2.358022, 2.039227
1.686077, 2.265439, 2.349963, 2.039272
1.697196, 2.256756, 2.340264, 2.039058
1.708108, 2.242039, 2.334944, 2.039016
1.719342, 2.22285, 2.324321, 2.038986
1.73039, 2.202918, 2.31585, 2.03896
1.741586, 2.299731, 2.311475, 2.038762
1.752727, 2.448408, 2.317845, 2.038728
1.763667, 2.398964, 2.321681, 2.038673
1.77489, 2.427112, 2.326651, 2.03863
1.786038, 2.496381, 2.332187, 2.038638
1.797087, 2.488518, 2.339188, 2.038599
1.808332, 2.498054, 2.350651, 2.038609
1.819305, 2.358354, 2.351493, 2.038607
1.830323, 2.357195, 2.352275, 2.038583
1.84147, 2.357099, 2.35122, 2.038548
1.852699, 2.439068, 2.354979, 2.038521
1.863737, 2.348361, 2.353781, 2.038295
1.874925, 2.322066, 2.350267, 2.038263
1.886364, 2.308448, 2.351022, 2.038239
1.897304, 2.331873, 2.353482, 2.038207
1.908566, 2.285637, 2.354492, 2.038122
1.919705, 2.280092, 2.355659, 2.03807
1.93074, 2.280083, 2.357561, 2.038126
1.942248, 2.291923, 2.361015, 2.038059
1.953054, 2.205982, 2.361168, 2.038022
1.964163, 2.180385, 2.355201, 2.03791
1.975469, 2.184009, 2.341981, 2.037872
1.986415, 2.249092, 2.334487, 2.037931
1.997452, 2.274147, 2.326839, 2.037897
2.008591, 2.380898, 2.321065, 2.037822
2.020007, 2.397628, 2.31652, 2.03789
2.030668, 2.396657, 2.31145, 2.037864
2.041919, 2.428833, 2.314974, 2.037936
2.053083, 2.551391, 2.324684, 2.037901
2.064229, 2.543662, 2.334013, 2.037899
2.07513, 2.410839, 2.332601, 2.037864
2.086298, 2.688826, 2.349624, 2.037741
2.097447, 3.422369, 2.404639, 2.037724
2.108501, 3.184988, 2.448466, 2.037743
2.119769, 2.874102, 2.475578, 2.037749
2.130643, 3.106803, 2.516636, 2.037738
2.141986, 3.00739, 2.553001, 2.03833
2.153056, 2.949244, 2.586459, 2.038345
2.164046, 2.781137, 2.61092, 2.038372
2.175249, 2.814457, 2.641344, 2.038348
2.186351, 2.755477, 2.670098, 2.038332
2.19741, 2.796722, 2.700734, 2.038351
2.20845, 2.800509, 2.728305, 2.038347
2.219724, 3.246503, 2.776923, 2.038349
2.230652, 3.268087, 2.821282, 2.038311
2.241788, 3.265471, 2.864674, 2.038416
2.253074, 3.574698, 2.923576, 2.038595
2.263955, 3.567815, 2.980525, 2.038679
2.27513, 3.626328, 3.034272, 2.038725
2.286441, 3.800242, 3.097101, 2.038785
2.298118, 3.804745, 3.166797, 2.038829
2.309029, 3.858995, 3.225305, 2.0389
2.320083, 3.57827, 3.2331, 2.03894
2.331157, 3.333361, 3.240519, 2.038912
2.342164, 3.412281, 3.267428, 2.038943
2.353711, 2.985378, 3.261356, 2.03898
2.364578, 2.740053, 3.247989, 2.038948
2.375796, 2.746342, 3.237844, 2.038955
2.38686, 2.717497, 3.234663, 2.039009
2.39776, 2.76353, 3.232116, 2.039018
2.408852, 2.768064, 3.232745, 2.039028
2.420141, 2.764301, 3.231124, 2.039024
2.431187, 2.935247, 3.237861, 2.039036
2.442491, 2.921874, 3.22163, 2.038753
2.453324, 3.093331, 3.212892, 2.038733
2.464031, 2.99267, 3.199252, 2.038706
2.47493, 3.167873, 3.17891, 2.038697
2.486229, 3.716055, 3.186322, 2.0387
2.497208, 3.521345, 3.181073, 2.038666
2.508201, 3.524244, 3.167273, 2.038798
2.519294, 3.343304, 3.144201, 2.038655
2.530817, 3.184299, 3.110466, 2.038641
2.541533, 3.363031, 3.099704, 2.038138
2.552749, 3.343334, 3.100203, 2.038098
2.563979, 3.349383, 3.097058, 2.038028
2.575056, 3.075729, 3.101575, 2.037965
2.586104, 3.494468, 3.139296, 2.03788
2.597146, 3.466733, 3.175315, 2.037804
2.611215, 3.053918, 3.192136, 2.03775
2.619434, 3.592014, 3.233561, 2.037706
2.630366, 3.043982, 3.247356, 2.037714
2.641575, 3.053448, 3.261814, 2.037667
2.652811, 3.612224, 3.295663, 2.037629
2.663902, 3.746146, 3.336876, 2.037634
2.674968, 4.328185, 3.398619, 2.037597
2.686064, 5.07374, 3.502673, 2.037599
2.697155, 4.947155, 3.591637, 2.037408
2.708298, 5.554097, 3.683539, 2.0378
2.719592, 5.002969, 3.75762, 2.037824
2.730571, 4.972681, 3.830042, 2.037819
2.74165, 4.979574, 3.911855, 2.037741
2.752712, 4.121661, 3.958724, 2.037734
2.763811, 4.066674, 3.993906, 2.037792
2.77497, 3.709416, 4.01221, 2.037534
2.786037, 3.500529, 4.019767, 2.037506
2.796967, 3.31894, 4.031928, 2.03749
2.808238, 3.302461, 4.022327, 2.037456
2.81973, 3.250889, 4.011535, 2.03748
2.830314, 3.090928, 4.013385, 2.037484
2.841494, 2.995024, 3.983536, 2.037487
2.852736, 3.093156, 3.985995, 2.037512
2.863683, 3.052221, 3.985933, 2.037561
2.874899, 3.064384, 3.958541, 2.037577
2.886063, 3.404598, 3.941464, 2.037585
2.896996, 3.531951, 3.901653, 2.037641
2.908196, 3.714085, 3.83367, 2.037663
2.919497, 3.545098, 3.763566, 2.037563
2.930438, 3.542045, 3.662964, 2.037571
2.941576, 3.520181, 3.588825, 2.037577
2.952719, 3.196177, 3.499999, 2.037471
2.963673, 3.180708, 3.410056, 2.037304
2.97481, 3.167939, 3.36237, 2.037301
2.985916, 3.322176, 3.325145, 2.037366
2.997099, 3.167721, 3.29806, 2.037347
3.008106, 3.088615, 3.277464, 2.037354
3.019755, 2.930532, 3.258044, 2.037372
3.030287, 3.055046, 3.245673, 2.03723
3.041359, 3.050016, 3.23563, 2.03724
3.052672, 3.180106, 3.240089, 2.037972
3.063543, 2.994668, 3.240071, 2.037977
3.074833, 3.11025, 3.240926, 2.038015
3.085949, 3.110315, 3.24383, 2.038041
3.096897, 3.310635, 3.256143, 2.038073
3.108133, 3.294129, 3.250619, 2.038134
3.119187, 3.114814, 3.229763, 2.038207
3.130292, 3.098023, 3.19896, 2.038239
3.141386, 3.213747, 3.182392, 2.038291
3.152606, 3.147892, 3.162685, 2.03831
3.163526, 3.209059, 3.147129, 2.038372
3.174757, 3.031377, 3.138889, 2.038424
3.185879, 3.039443, 3.131825, 2.038453
3.197015, 3.032621, 3.12506, 2.038491
3.208002, 3.011104, 3.109506, 2.038529
3.219236, 2.724861, 3.087363, 2.038545
3.230154, 2.823481, 3.074106, 2.038562
3.241358, 2.819366, 3.068548, 2.038421
3.252517, 2.719916, 3.051791, 2.03844
3.263531, 2.805095, 3.039546, 2.038421
3.274642, 2.719995, 3.01654, 2.038431
3.285773, 2.813439, 3.007478, 2.038564
3.296901, 2.712806, 2.987606, 2.038561
3.308048, 2.666947, 2.965438, 2.038457
3.319184, 2.748728, 2.937342, 2.038552
3.330158, 2.676162, 2.906444, 2.03855
3.341306, 2.710892, 2.886248, 2.038566
3.352744, 2.672269, 2.86496, 2.03855
3.363693, 2.725737, 2.840559, 2.038735
3.374619, 2.620946, 2.814212, 2.038733
3.385764, 2.530252, 2.780272, 2.038507
3.396828, 2.531515, 2.755279, 2.03863
3.407975, 2.662936, 2.736453, 2.038628
3.419179, 2.677533, 2.718699, 2.038095
3.430127, 2.690236, 2.702655, 2.038071
3.441236, 2.775317, 2.705178, 2.037995
3.45236, 2.81854, 2.704931, 2.037966
3.463442, 2.646641, 2.696295, 2.037923
3.474604, 2.490051, 2.684802, 2.037869
3.485681, 2.655779, 2.677336, 2.037847
3.497178, 2.486745, 2.665673, 2.037786
3.508057, 2.488225, 2.649412, 2.037795
3.518959, 2.474079, 2.637476, 2.037748
3.529958, 2.496176, 2.628937, 2.037527
3.541305, 2.467801, 2.614891, 2.037467
3.55249, 2.677681, 2.614967, 2.037317
3.563419, 2.260375, 2.592441, 2.037261
3.574466, 2.402841, 2.57897, 2.037208
3.585768, 2.614989, 2.573432, 2.037185
3.59656, 2.740484, 2.579409, 2.037117
3.607844, 2.744762, 2.590135, 2.037048
3.61898, 2.635198, 2.595319, 2.036983
3.630212, 2.658258, 2.595085, 2.036919
3.641225, 2.651544, 2.593786, 2.036793
3.652428, 2.738254, 2.596186, 2.036741
3.663351, 2.657146, 2.590278, 2.036676
3.674433, 2.653386, 2.58202, 2.036625
3.685663, 2.647483, 2.582062, 2.036598
3.69667, 2.656616, 2.590391, 2.03655
3.707733, 2.687741, 2.591989, 2.03658
3.719023, 2.737475, 2.604525, 2.036536
3.729965, 2.783427, 2.619286, 2.036882
3.741171, 2.570993, 2.624131, 2.036856
3.752175, 2.708518, 2.634748, 2.036846
3.763304, 2.65363, 2.64404, 2.036836
3.774431, 2.615044, 2.640908, 2.036815
3.785631, 2.80275, 2.668027, 2.036851
3.796548, 2.706477, 2.683209, 2.036844
3.807773, 2.796723, 2.692295, 2.036834
3.818927, 2.622115, 2.686377, 2.036849
3.829949, 2.70469, 2.684373, 2.036834
3.841111, 2.723315, 2.688779, 2.036816
3.852175, 2.68101, 2.689917, 2.037061
3.863175, 2.70281, 2.69248, 2.037089
3.874413, 2.673555, 2.689245, 2.037109
3.885429, 2.686327, 2.690704, 2.036977
3.896535, 2.690856, 2.692578, 2.036991
3.907717, 2.583633, 2.689385, 2.037024
3.918836, 2.618041, 2.687457, 2.037038
3.929816, 2.418926, 2.674016, 2.037061
3.941166, 2.327551, 2.65352, 2.037101
3.952183, 2.484319, 2.638564, 2.037109
3.96333, 2.713915, 2.64571, 2.037107
3.974348, 2.568687, 2.638719, 2.037124
3.985385, 2.815581, 2.646816, 2.037193
3.996606, 3.057178, 2.668923, 2.037206
4.007847, 2.931828, 2.675377, 2.037237
4.018836, 3.152652, 2.697686, 2.037152
4.02978, 3.182206, 2.71696, 2.037154
4.040962, 3.154194, 2.743564, 2.037087
4.052038, 3.156721, 2.766165, 2.037082
4.063122, 3.173385, 2.788669, 2.037068
4.074267, 3.138366, 2.811537, 2.037065
4.085325, 2.877398, 2.820266, 2.037049
4.09677, 2.869056, 2.830041, 2.037038
4.107565, 2.804237, 2.835937, 2.037036
4.118721, 2.808394, 2.841814, 2.037012
4.129737, 2.935781, 2.859421, 2.03699
4.140899, 2.806487, 2.868844, 2.036968
4.151983, 2.710374, 2.883416, 2.03693
4.163094, 2.944556, 2.914266, 2.036912
4.174205, 2.707639, 2.925432, 2.03688
4.185252, 2.997751, 2.939624, 2.036848
4.196472, 3.281061, 2.975243, 2.036857
4.207576, 3.387966, 3.003862, 2.036824
4.218697, 3.229871, 3.012496, 2.036753
4.229705, 3.55148, 3.043479, 2.036703
4.240904, 3.443287, 3.058011, 2.036726
4.251925, 3.255353, 3.061668, 2.036686
4.263067, 3.592392, 3.083578, 2.036743
4.274286, 3.142913, 3.082887, 2.036698
4.285266, 2.999025, 3.07417, 2.036717
4.29636, 3.144431, 3.074473, 2.036755
4.307478, 3.018497, 3.081528, 2.036729
4.318698, 2.862519, 3.081201, 2.036677
4.329679, 2.856298, 3.083804, 2.036622
4.340724, 2.838434, 3.085306, 2.036481
4.35196, 2.752941, 3.076164, 2.036432
4.363142, 2.780073, 3.074843, 2.036467
4.374192, 2.805696, 3.079609, 2.036408
4.385207, 2.823287, 3.073546, 2.037051
4.396235, 3.193917, 3.09786, 2.037118
4.407448, 2.872869, 3.091615, 2.03709
4.418573, 3.393871, 3.097256, 2.037073
4.429815, 3.447278, 3.100222, 2.037032
4.440832, 3.342311, 3.105844, 2.037004
4.45184, 3.169091, 3.086725, 2.036965
4.462912, 3.013637, 3.065242, 2.036935
4.474191, 2.87916, 3.046433, 2.036921
4.485204, 2.934551, 3.013541, 2.036892
4.496284, 2.856019, 2.999196, 2.036845
4.507463, 2.773644, 2.987927, 2.036799
4.518424, 2.850153, 2.973213, 2.036809
4.529572, 2.825941, 2.963585, 2.036763
4.5407, 2.928299, 2.966874, 2.036768
4.551775, 3.055513, 2.976835, 2.036727
4.562945, 3.086747, 2.989251, 2.036687
4.574026, 3.089017, 3.006054, 2.036655
4.585135, 2.967756, 3.015439, 2.036655
4.596291, 2.996435, 3.024976, 2.036628
4.607357, 2.985188, 3.033071, 2.036619
4.61848, 3.204942, 3.033622, 2.036493
4.629531, 3.418315, 3.060894, 2.036456
4.640642, 3.388832, 3.060642, 2.036707
4.651747, 3.202795, 3.048418, 2.036702
4.662928, 3.210287, 3.041817, 2.036702
4.674065, 3.202396, 3.043482, 2.036747
4.685176, 3.009349, 3.043268, 2.036719
4.696199, 3.173641, 3.057992, 2.036722
4.70729, 3.10385, 3.066456, 2.036721
4.71835, 3.126795, 3.079995, 2.036693
4.729408, 3.14164, 3.098395, 2.036699
4.740729, 3.141835, 3.112979, 2.0367
4.751717, 3.070226, 3.125194, 2.03672
4.762857, 2.93105, 3.125331, 2.036758
4.773965, 2.970487, 3.12108, 2.036783
4.785083, 3.105486, 3.122017, 2.036953
4.796206, 3.105486, 3.122841, 2.036989
4.807353, 2.999864, 3.124446, 2.036999
4.818301, 3.061967, 3.127723, 2.037135
4.829373, 3.1298, 3.134953, 2.037187
4.840627, 0, 2.974706, 2.037152
4.851583, 3.129072, 2.960244, 2.037189
4.862792, 3.037992, 2.942702, 2.036827
4.873917, 2.930051, 2.929065, 2.036851
4.885057, 2.925924, 2.914847, 2.036798
4.896139, 2.896034, 2.899529, 2.03685
4.907283, 2.956827, 2.896903, 2.036768
4.918283, 3.137901, 2.895115, 2.036963
4.929376, 3.135471, 2.896697, 2.036975
4.940638, 3.183511, 2.899532, 2.036911
4.951735, 3.382118, 2.911556, 2.036923
4.962685, 3.381743, 2.923552, 2.036835
4.973875, 3.67705, 2.953893, 2.036839
4.98493, 3.479296, 2.981306, 2.037846
4.996025, 0, 2.832781, 2.037887
5.007148, 0, 2.677507, 2.037932
