0.010641, 2.325234, 2.325234, 2.531094
0.0210649, 2.352486, 2.33886, 2.531321
0.0324216, 2.209429, 2.295716, 2.531207
0.0434494, 2.262753, 2.287476, 2.530998
0.0544624, 2.266832, 2.283347, 2.530649
0.0657892, 2.338676, 2.292568, 2.530322
0.0766866, 2.304466, 2.294268, 2.529923
0.0878166, 2.298351, 2.294779, 2.529534
0.099292, 2.294097, 2.294703, 2.529168
0.1099998, 2.266313, 2.291864, 2.528697
0.1211446, 2.195026, 2.283061, 2.52821
0.13216, 2.149434, 2.271925, 2.527577
0.1433605, 2.235905, 2.269154, 2.526869
0.1548139, 2.185796, 2.2632, 2.526167
0.1666626, 2.092622, 2.251828, 2.525348
0.1767766, 2.066797, 2.240264, 2.524629
0.1876459, 2.083151, 2.231022, 2.52375
0.19894, 2.029862, 2.219846, 2.522759
0.2103289, 2.036025, 2.210172, 2.521739
0.221131, 2.098003, 2.204563, 2.520657
0.2322709, 2.10894, 2.193749, 2.519639
0.2433083, 2.121075, 2.182178, 2.518455
0.2544262, 2.116242, 2.177519, 2.517292
0.2656022, 2.086286, 2.168695, 2.516027
0.2766897, 2.074251, 2.159066, 2.514762
0.2876545, 2.158415, 2.150054, 2.513409
0.2988848, 2.181612, 2.143911, 2.511944
0.3129037, 2.049716, 2.131479, 2.510085
0.3210274, 2.033818, 2.118465, 2.508997
0.332438, 2.086776, 2.109488, 2.507378
0.343235, 2.110675, 2.105271, 2.50578
0.354416, 2.102539, 2.102926, 2.504072
0.3655107, 2.093921, 2.095827, 2.50241
0.3766121, 2.122666, 2.09267, 2.500621
0.3875767, 2.062653, 2.091172, 2.498803
0.3990692, 2.064682, 2.091066, 2.496818
0.4100057, 2.110608, 2.092439, 2.494881
0.4209048, 2.092085, 2.09555, 2.493021
0.4321221, 2.372255, 2.112361, 2.490849
0.4431976, 2.692402, 2.142081, 2.488758
0.454342, 2.716939, 2.172481, 2.486601
0.4656229, 2.735867, 2.203221, 2.48434
0.4765136, 2.531598, 2.223989, 2.482118
0.4875788, 2.437056, 2.241527, 2.479827
0.4987359, 2.500947, 2.262862, 2.477499
0.5098556, 2.49635, 2.279759, 2.475098
0.5208858, 2.480791, 2.294718, 2.472684
0.532212, 2.453301, 2.314897, 2.47016
0.5432389, 2.713532, 2.348882, 2.467668
0.5542628, 2.745084, 2.381798, 2.46518
0.5654709, 2.773177, 2.414923, 2.462514
0.5765281, 2.405838, 2.430088, 2.459677
0.5874909, 2.342381, 2.442511, 2.456961
0.5987647, 2.33916, 2.453336, 2.45411
0.6097351, 2.366997, 2.468553, 2.45131
0.6208861, 2.34258, 2.482448, 2.448379
0.6320577, 2.356294, 2.494732, 2.445438
0.6431473, 2.322654, 2.50626, 2.442379
0.654219, 2.324333, 2.503864, 2.439403
0.6654574, 2.283578, 2.483423, 2.436267
0.6764217, 2.250863, 2.460119, 2.433217
0.6875986, 2.19503, 2.433077, 2.430008
0.6987226, 2.198275, 2.416411, 2.426749
0.7097571, 2.19979, 2.404548, 2.423473
0.7208471, 2.299429, 2.394472, 2.420135
0.7321672, 2.358049, 2.387557, 2.41672
0.7430472, 2.332091, 2.380122, 2.41338
0.7541878, 2.250084, 2.369961, 2.409934
0.765605, 2.285826, 2.348576, 2.406345
0.7764806, 2.173657, 2.320005, 2.402948
0.7874964, 2.197633, 2.291228, 2.399387
0.7986556, 2.320714, 2.286971, 2.395875
0.8096741, 2.511948, 2.29545, 2.392246
0.8208175, 2.509964, 2.30399, 2.388542
0.832234, 2.516481, 2.311464, 2.384698
0.8431887, 2.491729, 2.318922, 2.380947
0.8540649, 2.426113, 2.322412, 2.377163
0.8652641, 2.54166, 2.333363, 2.373233
0.8763455, 2.448563, 2.339574, 2.369232
0.8873643, 2.33696, 2.342243, 2.365268
0.8987357, 2.244473, 2.341924, 2.36099
0.9096325, 2.1789, 2.341117, 2.356956
0.9206923, 2.166301, 2.339519, 2.352675
0.9319238, 2.245846, 2.341821, 2.348446
0.9429546, 2.329269, 2.343314, 2.344201
0.9540433, 2.347527, 2.342788, 2.339855
0.9651814, 2.383304, 2.345348, 2.335477
0.9762597, 2.604692, 2.363079, 2.331089
0.9873227, 2.658774, 2.381726, 2.326662
0.998562, 2.724488, 2.409267, 2.322123
1.009581, 2.83847, 2.441309, 2.3176
1.02061, 2.863649, 2.468456, 2.313123
1.031921, 2.976737, 2.491696, 2.308546
1.042814, 3.038864, 2.518141, 2.303977
1.05412, 3.194146, 2.552024, 2.299052
1.065194, 3.214054, 2.58814, 2.294316
1.076166, 3.292792, 2.631474, 2.289609
1.087236, 3.300828, 2.669432, 2.284764
1.098465, 3.259311, 2.70997, 2.279819
1.109638, 3.016007, 2.743922, 2.274863
1.120635, 3.048644, 2.784131, 2.269945
1.131823, 3.025818, 2.826477, 2.26492
1.142814, 3.208427, 2.878583, 2.259749
1.154075, 3.243459, 2.928463, 2.254571
1.165309, 3.336988, 2.978849, 2.249371
1.176717, 3.46402, 3.034674, 2.244013
1.187361, 3.372037, 3.084111, 2.239
1.19844, 3.32774, 3.120263, 2.233947
1.209639, 2.973241, 3.135987, 2.228628
1.220569, 2.735958, 3.13656, 2.223509
1.231703, 2.434934, 3.116383, 2.218194
1.242792, 2.386687, 3.092535, 2.212816
1.254077, 2.413642, 3.064381, 2.207356
1.26512, 2.449862, 3.034931, 2.201934
1.276108, 2.502312, 3.000339, 2.196304
1.287269, 2.558265, 2.96755, 2.19075
1.298456, 2.599405, 2.93288, 2.185256
1.309626, 2.477691, 2.891723, 2.179615
1.320515, 2.398414, 2.848678, 2.174068
1.331621, 2.647987, 2.830277, 2.168433
1.342787, 2.619951, 2.808843, 2.162703
1.353843, 2.556584, 2.785381, 2.156946
1.365088, 2.551159, 2.752517, 2.151093
1.37606, 2.748761, 2.727783, 2.145331
1.387167, 2.76563, 2.699215, 2.139489
1.398508, 2.776609, 2.664844, 2.133498
1.409539, 2.751659, 2.633825, 2.127603
1.420427, 2.705923, 2.602734, 2.121763
1.431656, 2.752344, 2.59169, 2.115638
1.44263, 2.681594, 2.588972, 2.10969
1.453873, 2.534057, 2.593928, 2.103584
1.465079, 2.363842, 2.592785, 2.097437
1.476034, 2.346474, 2.589427, 2.091547
1.487184, 2.315534, 2.582711, 2.085371
1.498326, 2.26759, 2.570974, 2.079033
1.509396, 2.234452, 2.554784, 2.072825
1.520527, 2.191598, 2.534393, 2.066563
1.531539, 2.193118, 2.520165, 2.06033
1.542713, 2.147714, 2.50763, 2.053964
1.553785, 2.124137, 2.481437, 2.047856
1.564854, 2.104237, 2.455652, 2.0415
1.576124, 2.00392, 2.428018, 2.035068
1.587104, 2.022851, 2.401603, 2.028719
1.598257, 2.122956, 2.370313, 2.022277
1.609627, 2.298587, 2.346961, 2.015636
1.620469, 2.152187, 2.31574, 2.009185
1.631662, 2.099239, 2.283119, 2.002647
1.642646, 2.113713, 2.253508, 1.996161
1.653718, 2.139506, 2.222866, 1.989544
1.664793, 2.172741, 2.197423, 1.982945
1.675928, 2.167572, 2.179099, 1.976218
1.687001, 2.174862, 2.16965, 1.96954
1.698196, 2.172741, 2.160964, 1.962727
1.709562, 2.199307, 2.155152, 1.955827
1.720316, 2.199247, 2.151735, 1.949282
1.731468, 2.174448, 2.148735, 1.942557
1.742524, 2.052702, 2.14179, 1.935797
1.753566, 1.937519, 2.12901, 1.928809
1.764857, 1.919279, 2.117589, 1.921836
1.775938, 2.281686, 2.125466, 1.914991
1.786999, 1.824458, 2.111477, 1.908107
1.79816, 1.575189, 2.09004, 1.901102
1.809789, 2.238162, 2.100806, 1.893867
1.820318, 2.505101, 2.119913, 1.887236
1.831374, 2.76274, 2.143121, 1.88026
1.842427, 2.493741, 2.160198, 1.87328
1.853718, 2.563508, 2.183412, 1.866078
1.864835, 2.632702, 2.209361, 1.859002
1.875834, 2.840904, 2.244431, 1.851926
1.886939, 2.956138, 2.283601, 1.844785
1.898114, 3.120712, 2.331258, 1.837833
1.909354, 2.681655, 2.356598, 1.830581
1.920129, 2.29378, 2.36265, 1.823758
1.931457, 2.251604, 2.365265, 1.816417
1.942551, 2.283651, 2.369485, 1.809209
1.953632, 2.277434, 2.374634, 1.802082
1.964775, 2.115988, 2.377799, 1.794816
1.975749, 2.024578, 2.382151, 1.787598
1.986984, 2.059016, 2.389138, 1.780245
1.998013, 1.98119, 2.374114, 1.773025
2.009072, 1.965374, 2.381159, 1.765751
2.020304, 1.981686, 2.401484, 1.758343
2.031278, 1.9907, 2.389111, 1.751127
2.042364, 2.077344, 2.367723, 1.743779
2.05356, 2.086862, 2.333929, 1.736178
2.064684, 2.08066, 2.313275, 1.728757
2.075736, 2.093465, 2.289773, 1.721443
2.086824, 2.190422, 2.267659, 1.714037
2.098039, 2.208827, 2.236055, 1.706504
2.109071, 2.140143, 2.195256, 1.699081
2.12019, 2.103684, 2.144404, 1.691562
2.131207, 2.29411, 2.125027, 1.684093
2.142312, 3.007128, 2.160694, 1.676537
2.15349, 2.799862, 2.188107, 1.66889
2.16471, 2.359872, 2.191918, 1.661195
2.175828, 2.789417, 2.217517, 1.653395
2.18679, 2.729042, 2.24817, 1.645841
2.197983, 2.846915, 2.289287, 1.638127
2.209056, 2.459921, 2.309332, 1.6306
2.220158, 2.558764, 2.338211, 1.622936
2.231287, 2.306385, 2.355261, 1.615671
2.24239, 2.32724, 2.372539, 1.608027
2.253416, 2.35631, 2.39082, 1.600438
2.264612, 2.382321, 2.406068, 1.592538
2.27573, 2.330976, 2.418274, 1.5849
2.286819, 2.350231, 2.431753, 1.577268
2.297928, 2.366539, 2.445406, 1.569714
2.308976, 2.312563, 2.451514, 1.562129
2.320105, 2.31543, 2.456844, 1.554414
2.331179, 2.299959, 2.464835, 1.546776
2.342392, 2.338861, 2.476593, 1.539052
2.35335, 2.330733, 2.478425, 1.531585
2.364597, 1.937894, 2.424963, 1.523851
2.375585, 1.841592, 2.377049, 1.516274
2.386713, 1.912135, 2.354663, 1.508624
2.397956, 2.066423, 2.318513, 1.50104
2.411937, 2.085954, 2.286358, 1.491319
2.42216, 1.984608, 2.243243, 1.484275
2.431182, 1.91573, 2.216033, 1.478142
2.442246, 1.943437, 2.185267, 1.470547
2.453455, 2.074635, 2.173679, 1.462853
2.464452, 1.600393, 2.137337, 1.455333
2.475571, 1.910793, 2.115061, 1.447763
2.486678, 1.582539, 2.075072, 1.440156
2.497915, 1.495734, 2.03331, 1.432522
2.508884, 1.889369, 2.010267, 1.425035
2.519977, 1.666641, 1.975272, 1.417446
2.531088, 2.040619, 1.961675, 1.409826
2.542216, 1.955165, 1.943662, 1.402191
2.553346, 1.962983, 1.926813, 1.394574
2.564466, 2.012151, 1.910477, 1.386955
2.575544, 1.961309, 1.892006, 1.379397
2.586619, 1.86398, 1.88831, 1.371804
2.597743, 1.854458, 1.888954, 1.364126
2.608835, 1.837506, 1.885222, 1.356594
2.619971, 1.825727, 1.873187, 1.348943
2.631033, 1.795201, 1.85865, 1.341324
2.642105, 1.784326, 1.848635, 1.33372
2.653294, 1.799299, 1.842814, 1.326102
2.664356, 1.699807, 1.830632, 1.318527
2.675586, 1.699142, 1.811858, 1.310736
2.6865, 1.722693, 1.817973, 1.303254
2.697739, 1.720982, 1.808482, 1.295539
2.708921, 1.718095, 1.81526, 1.287933
2.719844, 1.747937, 1.82787, 1.280469
2.731034, 1.820414, 1.824422, 1.272616
2.741994, 1.914882, 1.836835, 1.265099
2.753259, 1.989272, 1.834267, 1.257347
2.764327, 1.974531, 1.835235, 1.249775
2.775437, 1.836714, 1.828922, 1.24215
2.786544, 1.802305, 1.81843, 1.234546
2.797614, 1.804752, 1.810602, 1.227054
2.808705, 1.781471, 1.806476, 1.219441
2.819842, 1.756875, 1.801597, 1.211847
2.83113, 1.74423, 1.796933, 1.203994
2.84208, 1.663957, 1.788845, 1.196536
2.85318, 1.598706, 1.77902, 1.189198
2.864472, 1.547735, 1.767191, 1.181553
2.875375, 1.433665, 1.748909, 1.174212
2.886484, 1.431262, 1.735482, 1.166741
2.897601, 1.387084, 1.719879, 1.159315
2.908669, 1.39262, 1.703375, 1.151729
2.9197, 1.394926, 1.687073, 1.144318
2.930983, 1.387046, 1.67052, 1.136638
2.942158, 1.335546, 1.649901, 1.129147
2.953159, 1.33115, 1.625437, 1.121863
2.964392, 1.332501, 1.596318, 1.114406
2.975354, 1.297941, 1.561752, 1.107035
2.986437, 1.262787, 1.526165, 1.099695
2.997507, 1.239658, 1.496312, 1.092289
3.008643, 1.314466, 1.47192, 1.084925
3.01976, 1.314, 1.447382, 1.077597
3.030859, 1.302246, 1.423421, 1.070316
3.042049, 1.280217, 1.399588, 1.063011
3.053129, 1.271297, 1.375941, 1.055989
3.064247, 1.285213, 1.357004, 1.04879
3.075327, 1.296164, 1.341877, 1.04167
3.086406, 1.280239, 1.328502, 1.034541
3.097469, 1.245174, 1.319078, 1.027348
3.108591, 1.294191, 1.312224, 1.020375
3.119771, 1.280364, 1.306888, 1.01326
3.130873, 1.293058, 1.30191, 1.006231
3.141906, 1.256163, 1.294972, 0.9992468
3.153045, 1.229545, 1.287097, 0.9921442
3.164116, 1.3945, 1.290045, 0.9851829
3.175364, 1.261768, 1.286576, 0.9780805
3.186336, 1.328775, 1.286389, 0.9712171
3.197595, 1.347286, 1.288857, 0.9642725
3.208555, 1.273735, 1.289404, 0.9575327
3.219671, 1.291768, 1.29201, 0.9506904
3.230821, 1.293932, 1.290983, 0.9438279
3.24179, 1.302663, 1.290416, 0.9371198
3.253104, 1.302054, 1.290406, 0.9302592
3.264038, 1.291626, 1.290977, 0.923618
3.275151, 1.282007, 1.291512, 0.9169678
3.286374, 1.29743, 1.292123, 0.9101733
3.297448, 1.291167, 1.291873, 0.9034529
3.308476, 1.307534, 1.293238, 0.8968076
3.31966, 1.301728, 1.296066, 0.8901356
3.330837, 1.302189, 1.296466, 0.8834997
3.341745, 1.316506, 1.298273, 0.8769386
3.352854, 1.285987, 1.297919, 0.870236
3.364128, 1.277725, 1.298997, 0.863577
3.37511, 1.298722, 1.302456, 0.857116
3.386222, 1.284883, 1.296975, 0.8505923
3.397468, 1.303598, 1.299067, 0.8442886
3.408494, 1.24093, 1.294674, 0.8380268
3.419561, 1.279438, 1.291282, 0.8316439
3.430714, 1.268516, 1.291021, 0.8251264
3.441758, 1.169792, 1.284922, 0.8188104
3.452979, 1.177081, 1.27908, 0.8123379
3.463964, 1.183839, 1.273139, 0.8061129
3.475079, 1.152275, 1.26565, 0.7997776
3.48625, 1.154904, 1.258814, 0.7935174
3.49732, 1.150596, 1.252243, 0.7875073
3.508474, 1.12513, 1.243628, 0.7811484
3.519549, 1.117983, 1.234969, 0.7749188
3.530734, 1.12906, 1.226045, 0.7687471
3.541722, 1.154259, 1.218672, 0.7627671
3.552891, 1.174485, 1.212286, 0.7566586
3.563965, 1.164743, 1.204698, 0.7506503
3.575, 1.056548, 1.193226, 0.7447823
3.58618, 1.046815, 1.181681, 0.738771
3.597351, 1.002197, 1.166855, 0.7327595
3.60832, 0.9405649, 1.149639, 0.7269228
3.619497, 0.8885239, 1.128885, 0.7209679
3.630571, 0.8938191, 1.111529, 0.7151529
3.6417, 0.8647564, 1.090795, 0.7093285
3.652843, 0.8724702, 1.070993, 0.7036747
3.663951, 0.8608153, 1.055544, 0.6979429
3.675016, 0.8595778, 1.039669, 0.6922339
3.686145, 0.8455006, 1.022752, 0.6865873
3.697206, 0.8510998, 1.007693, 0.6809789
3.708328, 0.8482101, 0.9923585, 0.6753813
3.719455, 0.8434273, 0.9770001, 0.6698679
3.730628, 0.8428823, 0.9628876, 0.6643699
3.741653, 0.8263725, 0.9483072, 0.6589376
3.752779, 0.8270639, 0.9332073, 0.6534851
3.76405, 0.8289678, 0.9169428, 0.6480216
3.774896, 0.8466527, 0.9005511, 0.6426423
3.786258, 0.8437936, 0.8845037, 0.6372015
3.797306, 0.8560686, 0.8744797, 0.6320552
3.808328, 0.8667594, 0.865477, 0.6268643
3.819362, 0.8701797, 0.8588761, 0.6216273
3.830544, 0.8676508, 0.8552305, 0.6164232
3.84164, 0.8658385, 0.8540962, 0.611307
3.852708, 0.8770713, 0.8532588, 0.6063573
3.863785, 0.8789376, 0.8539678, 0.6013449
3.874899, 0.8770101, 0.8541948, 0.5961239
3.886104, 0.8700135, 0.8546548, 0.5911213
3.897125, 0.8617175, 0.8547618, 0.5862629
3.908278, 0.8309692, 0.8540352, 0.5813738
3.919365, 0.8189684, 0.8524286, 0.5766945
3.930509, 0.8168907, 0.8508627, 0.5720801
3.941627, 0.8019881, 0.8487908, 0.5673262
3.952753, 0.7961916, 0.8464562, 0.5626225
3.963729, 0.7942601, 0.8448507, 0.5580311
3.974904, 0.8003836, 0.8435165, 0.553383
3.986039, 0.7998794, 0.8420621, 0.5488532
3.997166, 0.7707653, 0.8382677, 0.5442692
4.008237, 0.7563481, 0.8338954, 0.5397205
4.019481, 0.7488933, 0.8285367, 0.5351977
4.030463, 0.7418696, 0.8222921, 0.530854
4.04154, 0.7114677, 0.8143565, 0.5264726
4.052732, 0.7025233, 0.8061002, 0.5219733
4.06388, 0.7084997, 0.7982332, 0.517638
4.074955, 0.7121893, 0.7899891, 0.5134186
4.086084, 0.7158627, 0.7818353, 0.5091674
4.097054, 0.7035273, 0.7731611, 0.5051073
4.108256, 0.6932555, 0.7643233, 0.5009868
4.119277, 0.6913632, 0.7558056, 0.496939
4.130406, 0.6920514, 0.7488597, 0.4928635
4.14145, 0.7029908, 0.7430608, 0.4888758
4.152565, 0.6998541, 0.737209, 0.4848659
4.163685, 0.6959837, 0.7319087, 0.4809822
4.174759, 0.6750194, 0.7258502, 0.477125
4.185881, 0.6749941, 0.7198869, 0.4732945
4.19697, 0.6608362, 0.7129095, 0.4697268
4.208078, 0.6414989, 0.7049905, 0.4660288
4.219302, 0.6475074, 0.6988276, 0.4622405
4.230378, 0.6571549, 0.693868, 0.4586184
4.241506, 0.6568481, 0.6892657, 0.4550359
4.252631, 0.6660737, 0.6854759, 0.4516192
4.263534, 0.6617922, 0.6829921, 0.4482258
4.274796, 0.6346182, 0.6795968, 0.4448405
4.286016, 0.6462265, 0.6764832, 0.4414304
4.296882, 0.6429456, 0.673021, 0.4380752
4.308028, 0.6016138, 0.6673085, 0.4347015
4.31913, 0.5783331, 0.6610488, 0.43147
4.330313, 0.607751, 0.6567736, 0.4283828
4.341519, 0.6104934, 0.6527301, 0.4252451
4.352546, 0.6097463, 0.6486148, 0.4220267
4.363582, 0.6047368, 0.6437021, 0.418995
4.374707, 0.6064953, 0.6390342, 0.4161956
4.385876, 0.6029639, 0.6343831, 0.4132497
4.396889, 0.6000384, 0.6306341, 0.41041
4.407965, 0.6031185, 0.6270403, 0.4074689
4.419184, 0.6089246, 0.6244447, 0.4046705
4.430136, 0.6076607, 0.6227528, 0.4020675
4.441329, 0.5953999, 0.6201474, 0.3994282
4.452711, 0.5848074, 0.6165301, 0.3967256
4.463518, 0.5680132, 0.6120883, 0.3942423
4.474683, 0.5761119, 0.6075902, 0.3918431
4.48593, 0.5832006, 0.6036606, 0.3893327
4.496821, 0.5839899, 0.6011292, 0.3869809
4.507968, 0.5799753, 0.5978166, 0.3844686
4.5193, 0.5517642, 0.5932576, 0.3821165
4.530164, 0.5439502, 0.5903744, 0.3800431
4.541217, 0.539574, 0.5884365, 0.3778737
4.552396, 0.5420006, 0.5851489, 0.3756566
4.563529, 0.5360392, 0.5814263, 0.373558
4.574649, 0.5157763, 0.5767277, 0.3716822
4.585676, 0.5481876, 0.5739003, 0.3697588
4.596772, 0.5411044, 0.5706308, 0.3678623
4.607862, 0.5077643, 0.5658708, 0.3661094
4.619032, 0.5054773, 0.5611427, 0.3643169
4.630076, 0.5076173, 0.5563676, 0.3625854
4.641315, 0.5148884, 0.5516658, 0.3608533
4.652393, 0.4885475, 0.5457102, 0.3591681
4.663444, 0.482169, 0.5400487, 0.3576043
4.674601, 0.5011084, 0.5358637, 0.3559843
4.685689, 0.4956172, 0.5322438, 0.3546224
4.696722, 0.5025883, 0.5285677, 0.3531579
4.707906, 0.4522404, 0.5220197, 0.351721
4.719058, 0.458055, 0.5157229, 0.3503996
4.730151, 0.4597744, 0.5097129, 0.3490537
4.74102, 0.4574398, 0.5049967, 0.3478782
4.752477, 0.4580633, 0.5007023, 0.3467292
4.763453, 0.4619409, 0.4968206, 0.3456536
4.774546, 0.4470462, 0.4920729, 0.3446111
4.785757, 0.4404876, 0.4872953, 0.3436077
4.796795, 0.4334118, 0.4831771, 0.3427116
4.807789, 0.4334258, 0.477439, 0.3417441
4.81901, 0.4473305, 0.4727503, 0.3408599
4.830002, 0.4211549, 0.4684198, 0.3400606
4.841107, 0.3826502, 0.4622785, 0.3394079
4.852386, 0.3998607, 0.4568907, 0.3387183
4.863587, 0.3922607, 0.4507593, 0.3379837
4.874367, 0.3855147, 0.4456076, 0.3373942
4.885742, 0.3847147, 0.4407349, 0.3367733
4.896702, 0.3836183, 0.4348604, 0.3362272
4.907794, 0.3818002, 0.4291696, 0.3357421
4.918912, 0.3808014, 0.4230802, 0.3353332
4.929935, 0.3782902, 0.4193827, 0.3350864
4.94094, 0.3783403, 0.415397, 0.3347929
4.952312, 0.377245, 0.4112705, 0.3344558
4.963483, 0.3768599, 0.4072415, 0.334296
4.974542, 0.3726669, 0.4029717, 0.3340655
4.985528, 0.3726622, 0.3985078, 0.333872
4.996631, 0.3726538, 0.3947882, 0.3339016
5.007742, 0.3748902, 0.3915084, 0.3339153
5.019222, 0.3718418, 0.3884299, 0.3339214
5.029897, 0.3792919, 0.3857232, 0.3341484
5.04107, 0.3786998, 0.3822916, 0.3342804
5.052105, 0.3774253, 0.3801051, 0.3343197
5.063242, 0.3763081, 0.379788, 0.33452
5.074362, 0.3749918, 0.3785445, 0.3348279
5.085521, 0.3736757, 0.3776153, 0.3351919
5.096539, 0.3721677, 0.3769479, 0.3355942
5.107753, 0.3710828, 0.3762664, 0.3361464
5.118771, 0.370569, 0.3756139, 0.3366744
5.129817, 0.371169, 0.3750823, 0.3372473
5.141012, 0.3725545, 0.37467, 0.3378769
5.152129, 0.3703641, 0.3742737, 0.3387467
5.163208, 0.3693245, 0.3738229, 0.339484
5.174459, 0.3664638, 0.3732838, 0.3402337
5.185489, 0.3647724, 0.3726795, 0.3410772
5.196628, 0.3661506, 0.3723537, 0.341913
5.20752, 0.3635177, 0.3718964, 0.3428031
5.218837, 0.3717398, 0.3718508, 0.3438164
5.229824, 0.3769354, 0.371953, 0.3448852
5.24107, 0.3609666, 0.3714092, 0.3459789
5.252579, 0.3756967, 0.3712295, 0.3472227
5.263148, 0.3994197, 0.3722655, 0.3483588
5.274242, 0.3920845, 0.3729984, 0.3495411
5.285446, 0.3972949, 0.3740478, 0.3508701
5.29641, 0.4013435, 0.3753654, 0.3522556
5.307614, 0.3985661, 0.3766099, 0.3537098
5.318747, 0.4005211, 0.3780276, 0.3551955
5.329796, 0.4003675, 0.3794918, 0.356735
5.340929, 0.3977557, 0.3808512, 0.3583762
5.352074, 0.395652, 0.3820753, 0.3600081
5.363076, 0.4159136, 0.3842433, 0.3616691
5.374189, 0.3966341, 0.3855568, 0.36347
5.385418, 0.4007856, 0.3871298, 0.3652925
5.39654, 0.4013853, 0.3888759, 0.3671911
5.407508, 0.3945328, 0.390364, 0.3691664
5.418662, 0.3934127, 0.3917271, 0.371148
5.42969, 0.3884716, 0.3929748, 0.3731525
5.441027, 0.3925185, 0.3940137, 0.3753119
5.451942, 0.3956811, 0.394951, 0.3773738
5.462997, 0.3978134, 0.3967933, 0.3795556
5.474196, 0.3983529, 0.3979261, 0.3817679
5.485275, 0.3972985, 0.3978201, 0.3840601
5.496369, 0.3984913, 0.3981404, 0.3864094
5.507517, 0.4094306, 0.3987471, 0.3888484
5.518622, 0.4077779, 0.3990689, 0.3913284
5.529773, 0.4086585, 0.3995735, 0.3938038
5.540812, 0.4176473, 0.4004298, 0.3963388
5.551976, 0.4265321, 0.401738, 0.3989877
5.563004, 0.4272167, 0.403211, 0.4015527
5.574094, 0.4252614, 0.4046915, 0.4043262
5.58515, 0.3834186, 0.4030668, 0.4070754
5.596385, 0.3955926, 0.4030147, 0.4097879
5.607357, 0.3981897, 0.4028849, 0.4126573
5.61871, 0.399188, 0.402775, 0.4156266
5.629792, 0.4043018, 0.4032635, 0.41849
5.640722, 0.4185589, 0.4045208, 0.4214363
5.651897, 0.4207959, 0.406137, 0.4245285
5.663043, 0.4143685, 0.4072295, 0.4276229
5.673962, 0.4566331, 0.4102771, 0.4307249
5.685295, 0.459823, 0.4133775, 0.4339889
5.696279, 0.4500351, 0.4159617, 0.4371992
5.707535, 0.4444275, 0.4183181, 0.4405081
5.718763, 0.443961, 0.4205916, 0.4438758
5.729605, 0.4362777, 0.4219339, 0.4472711
5.740834, 0.4290822, 0.4229991, 0.4507492
5.751903, 0.4263327, 0.4238829, 0.4541656
5.763014, 0.4287543, 0.4244382, 0.4577193
5.774171, 0.4375716, 0.4249902, 0.4611714
5.785136, 0.4405629, 0.4256575, 0.4647286
5.796275, 0.4429826, 0.4265436, 0.4685359
5.807288, 0.4412506, 0.4294352, 0.4721945
5.818579, 0.4401664, 0.4316638, 0.4760196
5.829411, 0.4422296, 0.4338658, 0.4795726
5.840667, 0.4403495, 0.4359239, 0.483456
5.851788, 0.4572532, 0.4385715, 0.4873801
5.863071, 0.4617634, 0.4407317, 0.491328
5.8741, 0.460392, 0.4427115, 0.4953679
5.885073, 0.467673, 0.4453768, 0.499358
5.896187, 0.4726748, 0.4461788, 0.5034699
5.907194, 0.4754725, 0.4469613, 0.5075836
5.918382, 0.4732509, 0.4481221, 0.5118033
5.92954, 0.472974, 0.4495494, 0.5160384
5.940609, 0.4795108, 0.4513269, 0.5202986
5.951735, 0.4817462, 0.4536004, 0.5244918
5.96267, 0.4868416, 0.4564884, 0.5288275
5.974121, 0.4927884, 0.4598112, 0.5334162
5.98505, 0.5069963, 0.4637233, 0.537748
5.996147, 0.5104155, 0.4673654, 0.5422362
6.007222, 0.5243434, 0.4715545, 0.5468168
6.018397, 0.5335708, 0.4760839, 0.551435
6.029712, 0.5327922, 0.480661, 0.5561772
6.040614, 0.5315198, 0.4852286, 0.5607489
6.051712, 0.5331724, 0.4897758, 0.5654688
6.062709, 0.5425944, 0.494888, 0.5701313
6.073864, 0.5466489, 0.4993578, 0.5749229
6.085027, 0.5463498, 0.5035871, 0.5798236
6.096117, 0.558455, 0.5084903, 0.5846647
6.10716, 0.5530561, 0.5127594, 0.5894994
6.118452, 0.5618238, 0.5172169, 0.5945443
6.129849, 0.5748239, 0.5221844, 0.5996603
6.140568, 0.5941651, 0.5282301, 0.6045693
6.151615, 0.6002922, 0.534596, 0.6095999
6.16274, 0.6045477, 0.5408478, 0.614717
6.173874, 0.6022999, 0.5468755, 0.6199042
6.185098, 0.6067594, 0.5528713, 0.6252229
6.196214, 0.6111532, 0.5587896, 0.6304772
6.207169, 0.6098666, 0.5639332, 0.6357455
6.218414, 0.6280615, 0.5698155, 0.6411172
6.229758, 0.6218076, 0.5746887, 0.6465436
6.240481, 0.6831206, 0.5821662, 0.6517473
6.254122, 0.6756861, 0.5893109, 0.6583052
6.262838, 0.6617926, 0.5958245, 0.6625996
6.27398, 0.6797785, 0.6031548, 0.6681644
6.284987, 0.6802749, 0.6100389, 0.6736547
6.296217, 0.6812525, 0.616769, 0.6792681
6.307103, 0.6782816, 0.6233656, 0.684776
6.318205, 0.6667483, 0.6287802, 0.6904036
6.329664, 0.7624661, 0.6392508, 0.6961997
6.340592, 0.6580051, 0.6440598, 0.7018026
6.351691, 0.6695377, 0.6487955, 0.7076105
6.362993, 0.6842317, 0.6532989, 0.7134984
6.374009, 0.7205552, 0.659312, 0.7193587
6.385, 0.723057, 0.6652375, 0.7251512
6.396028, 0.7384322, 0.6720441, 0.7310293
6.407169, 0.726001, 0.6780062, 0.7371398
6.418309, 0.7273697, 0.683817, 0.7430437
6.429358, 0.7371969, 0.6901835, 0.7489006
6.440511, 0.7489807, 0.6962294, 0.7549403
6.451782, 0.7568034, 0.7029792, 0.7609907
6.462719, 0.7593905, 0.7067927, 0.7669588
6.473769, 0.7617598, 0.7110964, 0.7730485
6.484811, 0.7531262, 0.7156631, 0.7790741
6.496136, 0.755181, 0.7194332, 0.7853925
6.50713, 0.7647468, 0.7236568, 0.7915601
6.518175, 0.772515, 0.7282199, 0.7977797
6.529344, 0.7973594, 0.7341738, 0.8039901
6.540392, 0.8038398, 0.7410284, 0.8102958
6.551716, 0.8347691, 0.7446436, 0.8167553
6.562808, 0.8485662, 0.7541716, 0.8231224
6.573612, 0.8329452, 0.762342, 0.8293633
6.584957, 0.838394, 0.7700501, 0.8358572
6.595972, 0.8509955, 0.7765721, 0.8422788
6.607008, 0.856627, 0.7832506, 0.8487079
6.618395, 0.8492393, 0.788791, 0.8553717
6.629351, 0.8560701, 0.7952944, 0.8618172
6.640385, 0.8766895, 0.8027604, 0.8683128
6.651421, 0.9063978, 0.8112203, 0.8748513
6.662705, 0.9054114, 0.8190418, 0.8815682
6.673701, 0.9099308, 0.8266982, 0.8881123
6.684816, 0.9143863, 0.834448, 0.894882
6.695904, 0.9110296, 0.8419115, 0.901572
6.706979, 0.9105632, 0.8497833, 0.9082828
6.718133, 0.906957, 0.8573722, 0.9150481
6.729276, 0.9147516, 0.8648723, 0.921839
6.740324, 0.9036187, 0.8714275, 0.9286537
6.751452, 0.9009074, 0.8766049, 0.935419
6.762774, 0.9037665, 0.8816012, 0.9423916
6.773602, 0.9244591, 0.8860858, 0.9492401
6.78479, 0.9351986, 0.8904174, 0.9561468
6.795764, 0.9166324, 0.8946017, 0.9629214
6.806863, 0.9153049, 0.8984472, 0.9698902
6.818062, 0.95349, 0.9035719, 0.9768782
6.829315, 0.9635347, 0.9089173, 0.9839532
6.840183, 0.9500269, 0.9139568, 0.9907883
6.85138, 0.9378029, 0.9180434, 0.997768
6.862532, 0.9762711, 0.9230224, 1.004818
6.8737, 0.9566852, 0.9255369, 1.011842
6.884757, 0.9670866, 0.9286207, 1.019021
6.895874, 0.9421514, 0.9302318, 1.026125
6.907007, 0.8830439, 0.9286646, 1.033329
6.918054, 0.9602501, 0.9311256, 1.040472
6.929108, 1.041576, 0.9376763, 1.047559
6.940152, 1.042676, 0.9444622, 1.05472
6.951326, 1.040398, 0.9507445, 1.061858
6.962417, 1.046409, 0.9578841, 1.069096
6.973505, 1.0638, 0.9660287, 1.07631
6.9846, 1.068183, 0.9742495, 1.083587
6.995778, 1.066807, 0.9813669, 1.090906
7.006847, 1.063914, 0.9878027, 1.098098
7.017902, 1.064178, 0.99518, 1.105363
7.029036, 1.061065, 1.002468, 1.112666
7.040201, 1.075708, 1.008579, 1.120008
7.051287, 1.084252, 1.014615, 1.127307
7.062468, 1.127082, 1.023468, 1.134699
7.073467, 1.157755, 1.034465, 1.142087
7.084679, 1.159117, 1.043607, 1.14949
7.095708, 1.160149, 1.053781, 1.156981
7.106767, 1.145044, 1.062679, 1.164312
7.117933, 1.185851, 1.074864, 1.171934
7.128993, 1.17985, 1.089704, 1.179204
7.140185, 1.225605, 1.102972, 1.186734
7.151277, 1.260337, 1.113909, 1.194034
7.162375, 1.26987, 1.125269, 1.201421
7.173416, 1.234544, 1.134977, 1.208854
7.184555, 1.226279, 1.14397, 1.216457
7.195687, 1.244098, 1.152985, 1.223931
7.206728, 1.236488, 1.1614, 1.231429
7.218023, 1.235685, 1.169844, 1.239074
7.2291, 1.298175, 1.181557, 1.246705
7.239989, 1.292307, 1.192964, 1.254067
7.251173, 1.304921, 1.205156, 1.261696
7.262256, 1.373167, 1.220029, 1.269265
7.273298, 1.384913, 1.235062, 1.276817
7.284673, 1.38734, 1.248075, 1.284516
7.295753, 1.372345, 1.258805, 1.292062
7.306703, 1.338156, 1.267757, 1.299685
7.317823, 1.528789, 1.286189, 1.307284
7.328918, 1.301956, 1.294034, 1.315033
7.340062, 1.407427, 1.305113, 1.322692
7.351239, 1.474036, 1.319822, 1.330348
7.362368, 1.552471, 1.336166, 1.338027
7.373436, 1.54695, 1.350496, 1.345639
7.38457, 1.57715, 1.36586, 1.35326
7.395603, 1.634646, 1.385865, 1.36091
7.406546, 1.679285, 1.408516, 1.3684
7.417727, 1.692682, 1.430945, 1.376073
7.429004, 1.721653, 1.455203, 1.384015
7.439934, 1.709321, 1.478885, 1.391529
7.451144, 1.73208, 1.50058, 1.399371
7.462301, 1.724845, 1.522207, 1.407102
7.473271, 1.786488, 1.546285, 1.41465
7.484506, 1.798339, 1.567544, 1.422458
7.495504, 1.859407, 1.591269, 1.430072
7.506549, 1.849267, 1.614365, 1.437676
7.517749, 1.887893, 1.640142, 1.445396
7.529151, 1.926533, 1.669561, 1.453258
7.539997, 1.867343, 1.686489, 1.460736
7.551023, 1.903386, 1.71656, 1.468338
7.562128, 1.936013, 1.74299, 1.476029
7.573287, 1.918745, 1.765225, 1.483552
7.584346, 1.934363, 1.78432, 1.491238
7.595824, 1.951089, 1.804526, 1.499109
7.606371, 1.927191, 1.822028, 1.506466
7.617658, 1.962518, 1.838422, 1.514333
7.628759, 1.989477, 1.853931, 1.522027
7.639838, 1.925277, 1.865561, 1.529668
7.650952, 1.925268, 1.875742, 1.537291
7.662137, 1.878025, 1.884177, 1.544959
7.673301, 1.894617, 1.892304, 1.55265
7.68438, 1.902955, 1.901209, 1.560251
7.695436, 2.019878, 1.912879, 1.567855
7.706569, 1.97594, 1.921759, 1.575488
7.717562, 1.948601, 1.926219, 1.58303
7.72877, 1.98368, 1.93294, 1.590562
7.739813, 2.053647, 1.941227, 1.598155
7.750958, 2.060753, 1.947938, 1.605794
7.762091, 2.069054, 1.958024, 1.613387
7.77314, 2.063733, 1.966041, 1.620984
7.784293, 1.991311, 1.968806, 1.628598
7.795348, 1.973734, 1.971555, 1.636232
7.80641, 1.992655, 1.97447, 1.643782
7.817575, 1.994631, 1.976647, 1.651283
7.828683, 2.010357, 1.980806, 1.658822
7.839743, 2.082095, 1.986785, 1.666312
7.850958, 2.081943, 1.991408, 1.673631
7.862069, 2.127634, 2.001525, 1.681114
7.873654, 2.176298, 2.014077, 1.689078
7.884185, 2.131896, 2.026771, 1.696151
7.895332, 2.147549, 2.039417, 1.703632
7.906465, 2.130482, 2.050794, 1.711102
7.917603, 2.110735, 2.055336, 1.718548
7.92863, 2.107357, 2.061907, 1.725911
7.939762, 2.197221, 2.074338, 1.733431
7.950883, 2.598715, 2.10509, 1.740969
7.962071, 2.336575, 2.119236, 1.748325
7.973114, 2.496185, 2.141008, 1.755549
7.984076, 2.727963, 2.173953, 1.762829
7.995307, 2.300491, 2.185791, 1.770164
8.006265, 3.431023, 2.257777, 1.777336
8.017487, 3.283141, 2.323247, 1.784777
8.028712, 3.176679, 2.382448, 1.792124
8.039611, 2.917028, 2.428568, 1.799096
8.050788, 3.258038, 2.490952, 1.806411
8.061805, 3.691504, 2.571422, 1.813576
8.073174, 3.80155, 2.657403, 1.82091
8.084219, 3.647112, 2.733377, 1.828078
8.095223, 3.501602, 2.799642, 1.835085
8.106329, 3.384301, 2.862262, 1.842218
8.117455, 3.343333, 2.922051, 1.849326
8.128408, 3.33, 2.982027, 1.856549
8.139586, 3.298437, 3.041412, 1.863781
8.150806, 3.436727, 3.107881, 1.870802
8.161831, 3.235693, 3.159805, 1.87779
8.173248, 3.646358, 3.212186, 1.885015
8.184176, 3.996531, 3.295184, 1.89189
8.195324, 3.272642, 3.334007, 1.89909
8.206308, 3.109257, 3.353072, 1.90577
8.217264, 3.133097, 3.394702, 1.912445
8.228688, 3.269382, 3.38662, 1.919556
8.23974, 3.518985, 3.398412, 1.926422
8.250707, 3.630507, 3.421103, 1.933178
8.261813, 3.563995, 3.453452, 1.939995
8.272951, 3.804115, 3.480755, 1.946814
8.284152, 3.49394, 3.470877, 1.953515
8.295173, 3.533842, 3.457492, 1.960185
8.306549, 3.19728, 3.435, 1.967096
8.317402, 3.045472, 3.412194, 1.973663
8.328465, 3.340235, 3.40999, 1.980286
8.339593, 3.299896, 3.407819, 1.986981
8.350618, 3.469051, 3.414771, 1.993695
8.361727, 3.462801, 3.422989, 2.000306
8.372945, 3.651104, 3.433708, 2.006923
8.38408, 5.220547, 3.53295, 2.013472
8.39513, 3.343196, 3.517792, 2.019945
9.705694, 2.486215, 3.442276, 2.515856
9.727671, 3.169964, 3.437142, 2.518719
9.738944, 8.884563, 3.725908, 2.520012
9.749938, 8.867086, 4.012607, 2.521237
9.761137, 9.452767, 4.321776, 2.52242
9.772415, 4.528172, 4.372236, 2.523533
9.783405, 2.633804, 4.322401, 2.524561
9.794565, 2.293749, 4.258889, 2.52564
9.805551, 2.653862, 4.201376, 2.526511
9.816651, 2.219116, 4.137635, 2.527433
9.82774, 2.803083, 4.101097, 2.528441
9.839055, 2.504679, 4.066466, 2.529278
9.849985, 2.436813, 4.036034, 2.530159
9.861324, 2.39648, 3.988846, 2.530759
9.872441, 2.289367, 3.938319, 2.531342
9.883312, 2.312013, 3.880468, 2.531957
9.894397, 2.348454, 3.82475, 2.53254
9.9059, 2.170422, 3.750716, 2.533047
9.916692, 2.426363, 3.611007, 2.53353
9.927837, 2.323216, 3.560008, 2.533994
9.938913, 2.085777, 3.539986, 2.534367
9.950036, 1.879686, 3.475473, 2.534714
9.961011, 2.465356, 3.154512, 2.53497
9.97222, 2.098459, 2.816081, 2.535179
9.9833, 2.52001, 2.469443, 2.535363
9.994274, 2.101117, 2.34809, 2.535454
10.00569, 2.745587, 2.353679, 2.535488
10.01663, 2.787209, 2.378352, 2.535475
10.02754, 2.786732, 2.384996, 2.535358
10.03878, 2.585147, 2.403297, 2.5352
10.04981, 2.400765, 2.383182, 2.534852
10.061, 2.412324, 2.378564, 2.534496
10.07218, 2.387541, 2.3761, 2.534206
10.08329, 2.594627, 2.386007, 2.533756
10.09431, 2.927753, 2.417927, 2.53324
10.10538, 3.03403, 2.454028, 2.532668
10.11649, 2.549667, 2.464088, 2.532103
10.1276, 2.593967, 2.485265, 2.531541
10.13877, 2.662041, 2.49705, 2.530848
10.14983, 2.24525, 2.493151, 2.530094
10.16097, 2.513556, 2.51454, 2.529336
10.17213, 2.671177, 2.554115, 2.528519
10.18315, 2.689259, 2.56531, 2.527634
10.19427, 2.580161, 2.589395, 2.5267
10.2054, 2.590639, 2.592927, 2.525701
10.21651, 2.579872, 2.616864, 2.524653
10.22767, 2.424069, 2.600789, 2.523503
10.23873, 2.427957, 2.582826, 2.522374
10.2498, 2.443248, 2.565652, 2.521108
10.26095, 2.433231, 2.558056, 2.51986
10.27202, 2.387709, 2.557403, 2.518653
10.28315, 2.484338, 2.561004, 2.517228
10.29422, 2.446955, 2.563975, 2.515834
10.30528, 2.448722, 2.556679, 2.51437
10.31638, 2.353904, 2.527987, 2.512846
10.32747, 2.335467, 2.493059, 2.511329
10.33873, 2.289721, 2.480062, 2.509661
10.34982, 2.441499, 2.472438, 2.507883
10.36074, 1.826029, 2.430638, 2.506251
10.37195, 2.017958, 2.419273, 2.504401
10.38314, 2.133447, 2.400268, 2.50229
10.39419, 1.501293, 2.341774, 2.500361
10.40523, 1.938318, 2.304226, 2.498392
10.41627, 1.872403, 2.268838, 2.496391
10.42732, 1.74084, 2.226349, 2.494411
10.43853, 1.971266, 2.195919, 2.492322
10.44974, 1.965652, 2.172998, 2.490331
10.46073, 1.847949, 2.143997, 2.488188
10.47176, 1.876989, 2.115684, 2.485903
10.4832, 1.986976, 2.093372, 2.483538
10.49415, 2.042458, 2.076109, 2.481247
10.50519, 2.039629, 2.053874, 2.478858
10.51621, 2.101746, 2.036613, 2.476465
10.52741, 2.212964, 2.024825, 2.474001
10.53854, 2.099225, 2.012091, 2.471493
10.54961, 2.023277, 1.996482, 2.468985
10.56064, 1.674066, 1.965699, 2.466503
10.57182, 1.832149, 1.935231, 2.463862
10.583, 2.080743, 1.947967, 2.461242
10.5941, 2.311503, 1.962644, 2.458593
10.60512, 1.743413, 1.943143, 2.456004
10.61633, 1.794037, 1.95778, 2.453187
10.62737, 1.531226, 1.937425, 2.450302
10.63845, 1.594253, 1.923518, 2.447386
10.64955, 1.655022, 1.919227, 2.444384
10.66082, 1.763935, 1.90886, 2.441242
10.67186, 1.701337, 1.895644, 2.438172
10.68286, 1.671733, 1.886834, 2.43512
10.69398, 1.674912, 1.87673, 2.431975
10.70508, 1.616437, 1.858203, 2.428736
10.71633, 1.699882, 1.841074, 2.425421
10.72732, 1.755967, 1.826891, 2.422118
10.7383, 1.903483, 1.816978, 2.418757
10.7495, 1.957881, 1.804224, 2.415304
10.76074, 1.942944, 1.79641, 2.411755
10.77164, 1.972161, 1.793854, 2.408257
10.78288, 2.013271, 1.810814, 2.404503
10.79408, 1.995398, 1.818977, 2.400812
10.80501, 1.999172, 1.814898, 2.397187
10.81614, 2.152897, 1.806968, 2.393415
10.82723, 2.01425, 1.82051, 2.389573
10.83846, 2.140879, 1.837852, 2.385708
10.84953, 2.129517, 1.867766, 2.381826
10.86059, 2.156209, 1.895864, 2.377914
10.87158, 1.901199, 1.908173, 2.374086
10.88399, 2.868547, 1.963403, 2.369316
10.89384, 2.394295, 1.998051, 2.365681
10.90488, 2.628049, 2.045867, 2.361762
10.91609, 2.651853, 2.094714, 2.357616
10.92715, 2.612132, 2.144499, 2.353528
10.93826, 2.408187, 2.179914, 2.349308
10.94946, 2.143484, 2.19929, 2.344768
10.96053, 2.637488, 2.235991, 2.340418
10.97159, 2.309877, 2.25359, 2.336071
10.98275, 2.122934, 2.26259, 2.33173
10.99371, 2.141217, 2.271042, 2.327333
11.00499, 2.074071, 2.274082, 2.322897
11.01601, 2.239601, 2.286293, 2.318343
11.02722, 2.009193, 2.286793, 2.313773
11.03824, 2.21819, 2.290058, 2.309079
11.04937, 1.861524, 2.282422, 2.304071
11.06051, 1.931205, 2.271938, 2.299118
11.07159, 2.180012, 2.274463, 2.29409
11.08268, 2.059053, 2.269605, 2.289008
11.09376, 2.025693, 2.27583, 2.283945
11.10494, 2.3584, 2.250322, 2.278825
11.11602, 2.376096, 2.249412, 2.273717
11.12706, 2.224443, 2.229232, 2.268687
11.13825, 2.151546, 2.204216, 2.263477
11.14931, 2.282061, 2.187713, 2.258246
11.16045, 1.973704, 2.165989, 2.25313
11.17154, 1.929678, 2.155298, 2.247861
11.18263, 2.079968, 2.127422, 2.242561
11.19407, 2.138115, 2.118834, 2.23709
11.20488, 2.380244, 2.1317, 2.231928
11.21603, 2.4544, 2.147359, 2.226611
11.22709, 2.705329, 2.178922, 2.221294
11.23813, 1.957702, 2.164827, 2.215921
11.24931, 2.419431, 2.185339, 2.210443
11.26048, 2.356069, 2.192233, 2.204783
11.27149, 2.837865, 2.24105, 2.199216
11.28276, 2.415099, 2.265245, 2.193511
11.2937, 2.463868, 2.279438, 2.187917
11.30481, 2.338045, 2.293387, 2.182205
11.31589, 2.307602, 2.307482, 2.176468
11.32703, 2.12512, 2.295819, 2.170607
11.33812, 2.152398, 2.284634, 2.164811
11.34927, 1.922334, 2.269528, 2.158946
11.36035, 2.186741, 2.271288, 2.153141
11.37149, 1.854535, 2.249912, 2.147318
11.38259, 2.513651, 2.276909, 2.141935
11.39378, 3.223251, 2.341588, 2.136053
11.40475, 2.474865, 2.361332, 2.13011
11.41614, 2.918993, 2.400377, 2.12407
11.427, 3.181694, 2.440449, 2.118266
11.43829, 3.074735, 2.471466, 2.112096
11.44911, 2.786721, 2.475535, 2.106234
11.46022, 2.644299, 2.509865, 2.100116
11.47146, 2.566389, 2.517213, 2.094063
11.48243, 2.688854, 2.533852, 2.088105
11.49415, 2.752636, 2.529591, 2.081669
11.50473, 2.715969, 2.544634, 2.07604
11.51581, 2.741643, 2.558523, 2.06991
11.52706, 2.751058, 2.579174, 2.06367
11.53813, 2.749104, 2.601249, 2.057532
11.54916, 2.33151, 2.611568, 2.051336
11.56024, 1.929774, 2.600437, 2.044991
11.57136, 3.599296, 2.684285, 2.038667
11.58244, 3.414847, 2.745691, 2.032376
11.59379, 4.714683, 2.888698, 2.025866
11.60475, 4.849616, 3.005496, 2.019673
11.61577, 6.239972, 3.156332, 2.013311
11.6269, 3.905472, 3.227863, 2.006846
11.63797, 3.286031, 3.246215, 2.000403
11.64922, 3.963871, 3.285324, 1.993903
11.6628, 4.462376, 3.354706, 1.985834
11.67124, 2.973478, 3.364044, 1.980844
11.68242, 3.187979, 3.391228, 1.974199
11.69347, 3.452126, 3.435514, 1.967587
11.70458, 3.60085, 3.481114, 1.960856
11.71567, 3.742195, 3.530592, 1.954153
11.72694, 3.61656, 3.575622, 1.947435
11.7379, 9.592216, 3.91815, 1.940807
11.74907, 2.704608, 3.915828, 1.933911
11.76022, 2.033225, 3.880033, 1.927146
11.77115, 1.41766, 3.834341, 1.920401
11.78243, 2.033445, 3.839525, 1.913538
11.79359, 1.28124, 3.723622, 1.906579
11.80465, 1.7507, 3.640415, 1.899549
11.81563, 2.810266, 3.545194, 1.892637
11.82674, 2.537492, 3.429588, 1.88552
11.83792, 4.584648, 3.346821, 1.878425
11.84897, 4.389456, 3.371021, 1.871388
11.86013, 5.731359, 3.493287, 1.864267
11.87118, 3.690414, 3.479614, 1.857211
11.88239, 3.760592, 3.444524, 1.850016
11.89345, 3.435115, 3.467606, 1.842923
11.90443, 3.223693, 3.469392, 1.835882
11.91558, 2.700625, 3.431817, 1.828699
11.92671, 2.462695, 3.374908, 1.821664
11.93783, 3.914924, 3.383545, 1.814473
11.94895, 4.115114, 3.408473, 1.807431
11.95999, 5.645498, 3.211137, 1.800267
11.97126, 4.713241, 3.311568, 1.792971
11.98228, 4.828128, 3.451313, 1.785831
11.99333, 5.227989, 3.64183, 1.778652
12.0045, 5.711283, 3.825721, 1.771295
12.01558, 5.326936, 4.028006, 1.764055
12.02667, 5.885063, 4.234724, 1.756856
12.03773, 5.837636, 4.386093, 1.749577
12.04887, 5.128659, 4.515651, 1.742248
12.06002, 4.805266, 4.526682, 1.735009
12.08233, 5.320844, 4.573252, 1.720148
12.09331, 4.130342, 4.493201, 1.712805
12.10431, 3.564386, 4.486899, 1.705476
12.11554, 2.915692, 4.444654, 1.697928
12.12655, 2.742779, 4.410038, 1.690495
12.13777, 1.818365, 4.339771, 1.682923
12.14887, 2.677773, 4.338629, 1.675482
12.15985, 2.270575, 4.329023, 1.668002
12.17106, 2.722914, 4.269423, 1.660359
12.18225, 1.848565, 4.156095, 1.652644
12.19334, 1.718928, 3.959766, 1.645097
12.20434, 1.474755, 3.797842, 1.637607
12.21555, 1.693063, 3.641089, 1.629966
12.22664, 1.912565, 3.475318, 1.622412
12.2378, 2.215841, 3.300546, 1.614773
12.24879, 1.69236, 3.118817, 1.607146
12.26002, 1.995457, 2.924337, 1.599646
12.27094, 1.600129, 2.712461, 1.592142
12.28199, 1.555076, 2.533782, 1.584437
12.29326, 1.526947, 2.369866, 1.576674
12.30439, 1.524408, 2.180044, 1.568945
12.31536, 1.621352, 2.054595, 1.561373
12.32653, 1.734985, 1.963125, 1.553536
12.33764, 1.730134, 1.903847, 1.54584
12.34886, 1.858713, 1.859644, 1.538231
12.35983, 2.047468, 1.871099, 1.530626
12.37117, 1.964578, 1.835439, 1.522706
12.38217, 1.895279, 1.816674, 1.515077
12.39319, 1.903422, 1.775699, 1.507429
12.4044, 1.873207, 1.776932, 1.499573
12.4153, 2.021737, 1.792072, 1.492019
12.42649, 2.173855, 1.827027, 1.484223
12.43759, 1.695557, 1.827152, 1.476553
12.44878, 1.453389, 1.804193, 1.468709
12.45997, 1.711472, 1.778975, 1.461
12.47086, 1.87507, 1.78811, 1.453457
12.48206, 2.036789, 1.790177, 1.445754
12.49318, 1.936296, 1.806985, 1.438069
12.50445, 1.93474, 1.825968, 1.430243
12.51544, 1.886317, 1.843937, 1.422667
12.52649, 1.873044, 1.861368, 1.415013
12.53765, 1.859345, 1.873268, 1.407326
12.54871, 1.838462, 1.878442, 1.399611
12.55981, 1.84869, 1.88437, 1.391885
12.57095, 1.774228, 1.880145, 1.384203
12.58203, 1.745605, 1.865052, 1.376561
12.59312, 1.750523, 1.85435, 1.36893
12.60434, 2.028119, 1.860992, 1.361171
12.61533, 2.276664, 1.879654, 1.353599
12.62646, 2.235675, 1.897777, 1.345997
12.63751, 1.785142, 1.885947, 1.338412
12.64871, 2.148803, 1.884695, 1.330775
12.65978, 2.047892, 1.902312, 1.323175
12.67073, 1.981963, 1.928741, 1.315676
12.68192, 1.854724, 1.935903, 1.308129
12.6931, 1.649369, 1.924618, 1.300488
12.7043, 1.883552, 1.916956, 1.292884
12.7153, 1.48599, 1.894441, 1.285386
12.7264, 1.625858, 1.878997, 1.277729
12.7375, 1.748184, 1.87209, 1.270142
12.74865, 1.798028, 1.86834, 1.26249
12.75978, 1.816761, 1.86621, 1.254854
12.77099, 1.832449, 1.86591, 1.247234
12.78194, 1.845692, 1.86576, 1.239788
12.79319, 1.827388, 1.868418, 1.232132
12.80418, 1.792702, 1.870773, 1.22459
12.81529, 1.781301, 1.872312, 1.217035
12.82634, 1.747921, 1.858302, 1.209655
12.8374, 1.604838, 1.82471, 1.202179
12.84872, 1.834919, 1.804673, 1.194618
12.85969, 1.798231, 1.805327, 1.187071
12.87082, 1.737039, 1.784739, 1.179618
12.88194, 1.543962, 1.759542, 1.172194
12.89306, 1.441461, 1.732517, 1.164718
12.90414, 1.427676, 1.711165, 1.157159
12.91521, 1.456055, 1.701499, 1.149725
12.92647, 1.415379, 1.67809, 1.14224
12.93735, 1.339882, 1.670785, 1.134964
12.94847, 1.507802, 1.664882, 1.127548
12.9596, 1.35094, 1.64502, 1.120116
12.97066, 1.607623, 1.6355, 1.112787
12.98177, 1.619496, 1.625636, 1.105363
12.99308, 1.388128, 1.60342, 1.097896
13.00408, 1.501256, 1.586198, 1.090722
13.01527, 1.519701, 1.570814, 1.083383
13.02635, 1.524923, 1.557425, 1.076133
13.03735, 1.536139, 1.545167, 1.068945
13.04834, 1.565989, 1.53607, 1.061814
13.05964, 1.507578, 1.531207, 1.054418
13.07061, 1.479458, 1.513434, 1.047328
13.08173, 1.459709, 1.496508, 1.040095
13.09279, 1.464472, 1.48288, 1.032958
13.10398, 1.439963, 1.477679, 1.025774
13.11506, 1.446287, 1.477921, 1.018681
13.12633, 1.411468, 1.477111, 1.011423
13.13745, 1.381026, 1.473359, 1.004354
13.1484, 1.368178, 1.470999, 0.9974103
13.15956, 1.315078, 1.469759, 0.9902761
13.17058, 1.285849, 1.458661, 0.9832969
13.18186, 1.231195, 1.452674, 0.9760747
13.19292, 1.238086, 1.434197, 0.9691259
13.20397, 1.203176, 1.413381, 0.9623025
13.21522, 1.175788, 1.402764, 0.9552913
13.22616, 1.183805, 1.386891, 0.9485298
13.23725, 1.179004, 1.369857, 0.941669
13.24825, 1.174626, 1.352342, 0.9349139
13.25949, 1.137612, 1.332415, 0.928037
13.27058, 1.139857, 1.311109, 0.9212657
13.28176, 1.105248, 1.290992, 0.9143866
13.29274, 1.085734, 1.271306, 0.9077073
13.30387, 1.08454, 1.252548, 0.9010548
13.31494, 1.057494, 1.232199, 0.8943853
13.32614, 1.047467, 1.212574, 0.8876683
13.33737, 1.044718, 1.192495, 0.8809404
13.34824, 1.057107, 1.174777, 0.8743068
13.3594, 1.055951, 1.158523, 0.8678393
13.37039, 1.048989, 1.142564, 0.8613358
13.38166, 1.036174, 1.128619, 0.8546731
13.39295, 1.038828, 1.116268, 0.8480414
13.40388, 1.043962, 1.106906, 0.8417746
13.41491, 1.016958, 1.09585, 0.8353744
13.42609, 1.016081, 1.086495, 0.8288609
13.43726, 1.034706, 1.079441, 0.822396
13.44824, 1.018789, 1.07119, 0.8162316
13.45947, 1.020824, 1.063281, 0.8098988
13.4705, 1.03761, 1.05643, 0.8036625
13.48158, 0.9995367, 1.049527, 0.7973735
13.49271, 1.017691, 1.043418, 0.7911178
13.50382, 1.01172, 1.038742, 0.7849219
13.51495, 1.002079, 1.034559, 0.778777
13.52615, 0.9932551, 1.029995, 0.7726823
13.53728, 0.9934694, 1.026794, 0.7665637
13.54819, 0.9857933, 1.02371, 0.7604182
13.5593, 0.9727277, 1.02011, 0.7543695
13.57036, 0.9729385, 1.015902, 0.7483644
13.58153, 0.9595057, 1.01108, 0.742439
13.59272, 0.940135, 1.005637, 0.7364442
13.60373, 0.9206337, 0.9998601, 0.7305464
13.61473, 0.8982191, 0.9928296, 0.7247061
13.626, 0.8989561, 0.9855793, 0.7187648
13.63705, 0.887387, 0.9791007, 0.7129728
13.64816, 0.8823907, 0.9724162, 0.7072476
13.65929, 0.8636398, 0.9638629, 0.7015275
13.67285, 0.8572294, 0.9557849, 0.694564
13.68151, 0.8586968, 0.9476784, 0.6902505
13.69264, 0.8564318, 0.9386195, 0.6845977
13.7037, 0.8597801, 0.9316317, 0.6790116
13.71479, 0.842975, 0.9228959, 0.6734641
13.726, 0.8413525, 0.9143776, 0.667797
13.73697, 0.8359776, 0.9060725, 0.6624045
13.74811, 0.8279821, 0.8978088, 0.6569353
13.75949, 0.8279723, 0.889534, 0.6513062
13.77049, 0.8262072, 0.8815547, 0.6460052
13.78144, 0.8273933, 0.874288, 0.6407198
13.79252, 0.8237541, 0.8668287, 0.6354516
13.80386, 0.8161893, 0.8596629, 0.6300758
13.81485, 0.8183384, 0.853573, 0.6248989
13.82586, 0.817781, 0.8484305, 0.619792
13.8371, 0.7896048, 0.8429996, 0.614538
13.84835, 0.7840436, 0.837254, 0.6093411
13.85937, 0.7984045, 0.832805, 0.6042777
13.87036, 0.7861706, 0.827994, 0.599265
13.88138, 0.7722517, 0.8234245, 0.5943894
13.89258, 0.7643969, 0.8187829, 0.5893807
13.90367, 0.7652879, 0.8141125, 0.5844323
13.91475, 0.7483867, 0.8087102, 0.5795971
13.92586, 0.7440562, 0.802924, 0.5746993
13.93688, 0.7283646, 0.7971936, 0.5699563
13.94803, 0.7462819, 0.7924401, 0.5651872
13.95922, 0.7381377, 0.7875481, 0.5605309
13.9703, 0.7355779, 0.7829279, 0.5558601
13.9812, 0.740282, 0.7785434, 0.5513113
13.99256, 0.742785, 0.7743722, 0.5465811
14.00368, 0.7329825, 0.7696517, 0.5420654
14.01466, 0.7293188, 0.7649299, 0.5376378
14.02595, 0.7221916, 0.7602301, 0.5331182
14.03684, 0.715253, 0.7550758, 0.528829
14.04794, 0.6949747, 0.7489355, 0.5244695
14.05924, 0.6910774, 0.7440091, 0.520034
14.07033, 0.6955285, 0.7395834, 0.5158374
14.0813, 0.7016595, 0.7347461, 0.5116882
14.09242, 0.6933194, 0.7301035, 0.5074914
14.10351, 0.6937883, 0.7261803, 0.5035669
14.11473, 0.6689892, 0.7214099, 0.4994446
14.12581, 0.6621591, 0.7162535, 0.4954702
14.13684, 0.6577215, 0.7117202, 0.4916343
14.1479, 0.6515971, 0.7070972, 0.4877161
14.15902, 0.6514952, 0.7032537, 0.4838551
14.17021, 0.6453305, 0.6982062, 0.4799794
14.1813, 0.6400189, 0.6933002, 0.4762255
14.1924, 0.6402892, 0.6885358, 0.4724799
14.20351, 0.620104, 0.6825269, 0.4688156
14.21462, 0.6088435, 0.6758299, 0.4651282
14.2257, 0.603341, 0.6693478, 0.4615112
14.23683, 0.5839288, 0.6620783, 0.4578983
14.24784, 0.5824656, 0.655092, 0.4544472
14.25898, 0.5764297, 0.6481508, 0.4508687
14.27005, 0.5751035, 0.6421573, 0.4474613
14.28113, 0.5638472, 0.6357958, 0.444125
14.29231, 0.5633016, 0.6291844, 0.4407655
14.30344, 0.5591146, 0.6220572, 0.4375135
14.31454, 0.5584177, 0.6153121, 0.4342742
14.32565, 0.5627803, 0.6087617, 0.431084
14.33677, 0.5779066, 0.6042076, 0.4279034
14.3478, 0.534719, 0.5978356, 0.4248757
14.35898, 0.5278928, 0.5913442, 0.4218505
14.37012, 0.5469909, 0.5861139, 0.4187953
14.38104, 0.5390304, 0.5804906, 0.4158569
14.39235, 0.5283909, 0.5746437, 0.4128943
14.40343, 0.5383118, 0.5695583, 0.4100626
14.41465, 0.5327179, 0.5641798, 0.4072335
14.42578, 0.5341353, 0.5598813, 0.4045645
14.43676, 0.5379106, 0.5563346, 0.4019055
14.44773, 0.5408998, 0.5532126, 0.3993692
14.45887, 0.537315, 0.5508819, 0.3966877
14.47006, 0.5372287, 0.5486201, 0.3941294
14.48105, 0.5285198, 0.5462246, 0.3916397
14.49211, 0.5312597, 0.5440324, 0.3892772
14.50338, 0.5304034, 0.5423602, 0.3868999
14.51487, 0.5272212, 0.5405561, 0.3844654
14.52568, 0.5271469, 0.5389578, 0.3822181
14.53667, 0.5250503, 0.5372894, 0.3799871
14.54778, 0.5192667, 0.5351138, 0.3777623
14.55887, 0.5207993, 0.5322584, 0.3756642
14.5699, 0.5143248, 0.5312387, 0.3735907
14.58098, 0.502388, 0.5299634, 0.3715884
14.59227, 0.49965, 0.5275964, 0.3695811
14.6033, 0.4979746, 0.5255436, 0.367538
14.61447, 0.4942859, 0.5238383, 0.3656404
14.62546, 0.4927308, 0.5215593, 0.3636872
14.63679, 0.4894874, 0.5193978, 0.3620254
14.64769, 0.4833548, 0.5168588, 0.3603342
14.6588, 0.4807002, 0.5139983, 0.3586867
14.66998, 0.4771608, 0.5108113, 0.3570921
14.68352, 0.4668638, 0.5072888, 0.3551912
14.69218, 0.4708222, 0.5039684, 0.3540329
14.70333, 0.4693646, 0.5010107, 0.3527048
14.71437, 0.4598026, 0.4974378, 0.3513294
14.72545, 0.4563358, 0.4937344, 0.3500968
14.73656, 0.438705, 0.4893087, 0.3487343
14.74766, 0.4407803, 0.4849903, 0.3475161
14.75906, 0.4417583, 0.4808257, 0.3462654
14.76985, 0.4384513, 0.4767849, 0.3451798
14.78101, 0.4372896, 0.4726094, 0.3440993
14.79201, 0.4379967, 0.468793, 0.3430889
14.80317, 0.4121918, 0.4642832, 0.342176
14.81437, 0.4503464, 0.461818, 0.3412634
14.82539, 0.4339521, 0.4586169, 0.3404402
14.83663, 0.4463496, 0.4562201, 0.3396502
14.84769, 0.4049946, 0.4518332, 0.3388881
14.85863, 0.4092627, 0.447822, 0.3383192
14.86976, 0.4048267, 0.4438956, 0.3376775
14.88085, 0.4048035, 0.4401008, 0.3370366
14.89199, 0.4043117, 0.4364583, 0.3364798
14.90321, 0.4025104, 0.4332407, 0.3359842
14.91425, 0.4019232, 0.4297957, 0.3355071
14.92536, 0.4031765, 0.4264863, 0.3351737
14.93652, 0.3791127, 0.4224518, 0.3348275
14.94762, 0.3872, 0.4189951, 0.3345403
14.95873, 0.3865301, 0.4163863, 0.3344681
14.96973, 0.3900658, 0.4138505, 0.3343147
14.98085, 0.3954982, 0.4115376, 0.3342126
14.99212, 0.3960657, 0.4094183, 0.3341427
15.0031, 0.4015809, 0.4076328, 0.3341784
15.01422, 0.4100095, 0.4062335, 0.3342186
15.02527, 0.4057893, 0.4059134, 0.3343248
15.03648, 0.3986098, 0.4033266, 0.3345173
15.04757, 0.3929001, 0.401274, 0.3347617
15.05863, 0.3916728, 0.3985401, 0.3350554
15.06974, 0.3912425, 0.3978525, 0.3354208
15.08081, 0.3921031, 0.3969945, 0.3357572
15.09191, 0.3921877, 0.3963626, 0.336233
15.1033, 0.3917615, 0.3957105, 0.3368632
15.1142, 0.3920611, 0.395098, 0.3373921
15.12523, 0.3914325, 0.3945441, 0.3380619
15.13637, 0.3916015, 0.394028, 0.3385303
15.14749, 0.3900843, 0.3933734, 0.3392284
15.15847, 0.3900064, 0.3939181, 0.3399867
15.16957, 0.3900486, 0.3940605, 0.3407823
15.18079, 0.3900563, 0.3942368, 0.3416268
15.19192, 0.3942763, 0.3944474, 0.3424765
15.20294, 0.3912479, 0.3942348, 0.3434603
15.21414, 0.3908681, 0.393975, 0.3444417
15.22516, 0.3904061, 0.3934162, 0.3455488
15.23631, 0.3899164, 0.3924116, 0.3466603
15.24735, 0.3913493, 0.3916895, 0.3478476
15.25853, 0.3868525, 0.3911017, 0.349038
15.26965, 0.387018, 0.3908076, 0.3504055
15.28071, 0.3921806, 0.390833, 0.3517732
15.29186, 0.392401, 0.3908909, 0.3531688
15.30305, 0.3940482, 0.3909882, 0.3545367
15.31405, 0.3951794, 0.3911378, 0.3560217
15.32519, 0.3916166, 0.3911305, 0.3575768
15.33622, 0.4067872, 0.3918668, 0.3592346
15.34741, 0.396696, 0.39213, 0.360881
15.3584, 0.4141901, 0.3932594, 0.3625615
15.36957, 0.4246818, 0.3949893, 0.3643301
15.38071, 0.4035614, 0.395667, 0.3662368
15.39171, 0.4207909, 0.3972041, 0.3680578
15.40295, 0.4154006, 0.3984714, 0.3699206
15.41413, 0.4173535, 0.3996252, 0.3718994
15.42526, 0.4188594, 0.4010058, 0.3739253
15.43621, 0.4216318, 0.402544, 0.3759668
15.44726, 0.4220357, 0.4041255, 0.3780597
15.45839, 0.420606, 0.40566, 0.3801896
15.46947, 0.4231078, 0.4072479, 0.3824224
15.4806, 0.4218013, 0.4089954, 0.3847173
15.49163, 0.4328344, 0.4112862, 0.3870416
15.50298, 0.4317884, 0.4132666, 0.3893789
15.51404, 0.4293543, 0.4151143, 0.3918259
15.52514, 0.4269774, 0.4167607, 0.3942212
15.53618, 0.4289999, 0.4184517, 0.3967629
15.54723, 0.4317123, 0.4204565, 0.3994052
15.55839, 0.4388673, 0.4220605, 0.4021157
15.56962, 0.4347908, 0.4239653, 0.4048209
15.58053, 0.4427598, 0.4253937, 0.4074011
15.59166, 0.4397303, 0.4261462, 0.4101422
15.6028, 0.4385649, 0.4278964, 0.4129912
15.61393, 0.4319765, 0.4284557, 0.4158671
15.625, 0.4306453, 0.4292179, 0.4188747
15.63618, 0.4296352, 0.4298319, 0.4218323
15.64716, 0.4300501, 0.4303915, 0.4248232
15.65841, 0.4279177, 0.4307057, 0.4279843
15.66971, 0.423984, 0.4308031, 0.4310856
15.68049, 0.4358518, 0.4315654, 0.4342021
15.69172, 0.4388778, 0.4323539, 0.437408
15.70282, 0.4379605, 0.4331619, 0.4407071
15.71382, 0.440108, 0.4335256, 0.4439729
15.72503, 0.4392854, 0.4339004, 0.4472432
15.73615, 0.4405144, 0.4344584, 0.4506615
15.74762, 0.4443432, 0.4353267, 0.4542171
15.75869, 0.4623503, 0.4369942, 0.4577279
15.76995, 0.4699352, 0.4389054, 0.4613321
15.78047, 0.4782406, 0.440874, 0.4647395
15.79171, 0.4825403, 0.4432615, 0.4684316
15.80285, 0.482115, 0.4452293, 0.472212
15.81394, 0.4889209, 0.4476888, 0.4759572
15.82498, 0.494816, 0.4505014, 0.4797293
15.83624, 0.4949674, 0.4536509, 0.4836137
15.84728, 0.5200235, 0.4581198, 0.4875526
15.85832, 0.523677, 0.4628219, 0.491316
15.86947, 0.5870625, 0.4706725, 0.4953186
15.88057, 0.5300283, 0.4757781, 0.4993087
15.89161, 0.5442672, 0.4817923, 0.5034024
15.90292, 0.5466182, 0.4873306, 0.5075797
15.9139, 0.5529292, 0.4930332, 0.5116237
15.92502, 0.5538533, 0.4988278, 0.5158442
15.93607, 0.547299, 0.5041873, 0.5200906
15.94714, 0.5429409, 0.5093701, 0.5243482
15.95819, 0.5435616, 0.5145225, 0.5286345
15.96945, 0.5440298, 0.5195068, 0.533087
15.98042, 0.5503267, 0.5239056, 0.5374844
15.99155, 0.5485946, 0.5278386, 0.5418867
16.00275, 0.5466314, 0.5312582, 0.5465375
16.01377, 0.5444044, 0.5343513, 0.5510498
16.02485, 0.5685824, 0.5386747, 0.5555665
16.0362, 0.5647178, 0.5424646, 0.5603076
16.04704, 0.5867611, 0.5470619, 0.5648693
16.05819, 0.5792291, 0.551275, 0.5696186
16.06934, 0.5836125, 0.5544544, 0.5744219
16.0806, 0.5893218, 0.5577367, 0.5792855
16.09147, 0.5911171, 0.5579394, 0.5840107
16.10267, 0.6045663, 0.5616663, 0.5890037
16.11377, 0.6086661, 0.5648862, 0.5939354
16.12489, 0.6215886, 0.5686347, 0.5989065
16.13591, 0.6243072, 0.5722036, 0.6039286
16.14705, 0.6220441, 0.5756131, 0.6089816
16.15808, 0.6232266, 0.5794095, 0.6140801
16.16929, 0.652923, 0.5849086, 0.61924
16.18043, 0.6644042, 0.5909507, 0.6244916
16.19134, 0.6632787, 0.5969131, 0.62964
16.20267, 0.6546206, 0.6021278, 0.6350458
16.21379, 0.6707281, 0.6082345, 0.6403553
16.22487, 0.666474, 0.6142266, 0.6456546
16.23607, 0.6600814, 0.6200104, 0.6509408
16.24696, 0.6626155, 0.6247121, 0.6561803
16.25819, 0.6787233, 0.6304123, 0.6617024
16.26931, 0.6866856, 0.6354085, 0.6671672
16.28035, 0.68238, 0.6405661, 0.6726007
16.29145, 0.6848059, 0.6456257, 0.678151
16.30265, 0.7004475, 0.651182, 0.6838801
16.31368, 0.711328, 0.6571926, 0.6894087
16.32461, 0.7134291, 0.6626357, 0.6949832
16.3359, 0.7199196, 0.6681983, 0.7008374
16.34683, 0.7310745, 0.6736726, 0.7064635
16.35797, 0.737625, 0.6793386, 0.7123302
16.36917, 0.7282557, 0.6846492, 0.7181871
16.38024, 0.715906, 0.6892832, 0.7239924
16.3915, 0.7229683, 0.6927854, 0.7298915
16.40275, 0.7390175, 0.6965162, 0.7358474
16.41368, 0.7580485, 0.7012547, 0.7416777
16.42472, 0.7610256, 0.7065749, 0.7476047
16.4359, 0.7589875, 0.7109879, 0.7536434
16.44703, 0.7745245, 0.7163904, 0.7597467
16.45801, 0.7648005, 0.7216264, 0.7655793
16.46908, 0.7572816, 0.7263597, 0.7716258
16.48026, 0.7494647, 0.7298967, 0.777797
16.49126, 0.7486207, 0.7329935, 0.7839074
16.5025, 0.7542537, 0.7365872, 0.7901847
16.51354, 0.7560483, 0.7401493, 0.7962973
16.52464, 0.7520818, 0.742731, 0.8025488
16.53588, 0.7497935, 0.7446543, 0.8089371
16.54686, 0.7652378, 0.7472447, 0.8151698
16.55799, 0.7990512, 0.7512013, 0.8216406
16.56905, 0.8036028, 0.7548277, 0.8279902
16.58022, 0.8087689, 0.7583849, 0.8344375
16.59125, 0.8469005, 0.7643172, 0.840848
16.60286, 0.8476187, 0.7709028, 0.8475664
16.61352, 0.8526204, 0.7773854, 0.8538334
16.62458, 0.8612478, 0.7834969, 0.860254
16.63578, 0.8690426, 0.7890466, 0.8668773
16.64679, 0.8765754, 0.7948241, 0.8734584
16.65784, 0.8777499, 0.8007622, 0.8800548
16.66919, 0.8870259, 0.8063872, 0.886878
16.68013, 0.9621305, 0.8162537, 0.8934521
16.69119, 0.9551522, 0.8261472, 0.9002849
16.70248, 0.9238808, 0.8348681, 0.9071232
16.71347, 1.030084, 0.8489412, 0.9138902
16.72744, 1.034752, 0.8629662, 0.9224672
16.73559, 1.046458, 0.8774867, 0.9274996
16.74674, 1.059574, 0.8928614, 0.9343837
16.75787, 1.048089, 0.9077761, 0.9411014
16.76914, 1.038076, 0.921418, 0.9480495
16.78016, 1.053343, 0.9341326, 0.9547848
16.79114, 1.046194, 0.9462622, 0.9616184
16.80231, 1.043458, 0.9579967, 0.9686682
16.8133, 1.043167, 0.96781, 0.9754937
16.82446, 1.03234, 0.9770461, 0.9824874
16.83573, 1.009481, 0.9848891, 0.9895716
16.84682, 1.050926, 0.994373, 0.9965602
16.85794, 1.040325, 1.002937, 1.003853
16.86895, 1.060646, 1.012141, 1.010821
16.88003, 1.020512, 1.019279, 1.017875
16.8913, 1.04087, 1.026971, 1.025092
16.90231, 1.024816, 1.030105, 1.032257
16.9133, 1.035121, 1.034104, 1.039304
16.92438, 1.031966, 1.039508, 1.046407
16.93561, 1.017244, 1.038866, 1.053671
16.94666, 1.058787, 1.040067, 1.060829
16.95783, 1.068168, 1.041153, 1.068064
16.96897, 1.053568, 1.040853, 1.075277
16.98008, 1.075485, 1.042222, 1.082564
16.99102, 1.05731, 1.043184, 1.089684
17.0021, 1.079997, 1.044517, 1.096887
17.01347, 1.078861, 1.04615, 1.104529
17.02429, 1.075376, 1.047746, 1.111661
17.0356, 1.098863, 1.050531, 1.119111
17.0468, 1.119551, 1.054891, 1.126488
17.0577, 1.124323, 1.060633, 1.133745
17.06895, 1.12369, 1.064272, 1.141198
17.07994, 1.166096, 1.07056, 1.148504
17.09097, 1.205062, 1.077781, 1.155809
17.10222, 1.224239, 1.087967, 1.163372
17.11336, 1.237852, 1.097816, 1.170846
17.12443, 1.229531, 1.108052, 1.17826
17.13554, 1.233309, 1.117962, 1.18573
17.14665, 1.231093, 1.127918, 1.19319
17.15767, 1.257335, 1.139922, 1.200586
17.16905, 1.242655, 1.149116, 1.208244
17.17996, 1.255024, 1.158459, 1.215605
17.19095, 1.251893, 1.168375, 1.223024
17.20209, 1.312894, 1.180245, 1.230452
17.21317, 1.381367, 1.196448, 1.237973
17.2243, 1.397598, 1.212328, 1.24542
17.23542, 1.387573, 1.227764, 1.253027
17.24653, 1.429731, 1.245482, 1.260587
17.25765, 1.432325, 1.262155, 1.268165
17.26873, 1.426704, 1.277512, 1.275727
17.28009, 1.439319, 1.293262, 1.283538
17.29094, 1.46483, 1.310319, 1.290941
17.30207, 1.522151, 1.328122, 1.298812
17.31322, 1.587518, 1.347245, 1.306477
17.32442, 1.630873, 1.367576, 1.314193
17.33544, 1.603741, 1.385871, 1.321713
17.34659, 1.661958, 1.407492, 1.329391
17.35756, 1.682015, 1.429928, 1.336931
17.36877, 1.68969, 1.452857, 1.344675
17.37992, 1.696645, 1.474823, 1.352417
17.39095, 1.689574, 1.497169, 1.360025
17.40199, 1.702887, 1.519562, 1.367698
17.41345, 1.783021, 1.546118, 1.375624
17.42425, 1.799699, 1.570459, 1.383058
17.43535, 1.796511, 1.591216, 1.39061
17.4465, 1.69295, 1.605983, 1.398301
17.45762, 1.665353, 1.619872, 1.406075
17.46873, 1.637258, 1.630249, 1.413696
17.47986, 1.204752, 1.61887, 1.421528
17.49079, 1.573835, 1.626227, 1.4291
17.50199, 1.585117, 1.633517, 1.436842
17.51321, 1.725147, 1.646532, 1.444419
17.52426, 2.234713, 1.68216, 1.452079
17.53571, 2.420506, 1.72381, 1.460006
17.54653, 2.882327, 1.786382, 1.467523
17.55751, 2.778382, 1.845114, 1.475292
17.56873, 2.516343, 1.887834, 1.48286
17.57979, 2.454706, 1.926468, 1.490554
17.59076, 2.347422, 1.959355, 1.498132
17.60194, 2.32878, 1.990962, 1.505775
17.6132, 2.32499, 2.022732, 1.51354
17.62409, 2.342464, 2.054711, 1.521035
17.63533, 2.356087, 2.083365, 1.529033
17.64644, 2.371218, 2.111941, 1.536697
17.65744, 2.376717, 2.140951, 1.544191
17.66861, 2.388175, 2.175712, 1.551891
17.67976, 2.602014, 2.222545, 1.559584
17.69074, 2.421492, 2.261757, 1.567118
17.70187, 2.528315, 2.327935, 1.574894
17.71303, 1.87193, 2.34284, 1.582503
17.72416, 2.033259, 2.365247, 1.590086
17.73536, 2.09524, 2.383752, 1.59767
17.74638, 2.018456, 2.372939, 1.605127
17.75747, 2.051232, 2.354475, 1.612671
17.76865, 2.124236, 2.316571, 1.620309
17.77971, 2.094984, 2.282401, 1.627853
17.79075, 3.123143, 2.312741, 1.635332
17.80184, 2.628441, 2.321428, 1.642929
17.81297, 2.267386, 2.317426, 1.650539
17.82406, 2.060031, 2.303988, 1.657992
17.83525, 3.229561, 2.349217, 1.665394
17.84632, 2.780129, 2.3711, 1.672844
17.85745, 2.487407, 2.377666, 1.680439
17.86851, 2.624606, 2.390336, 1.687922
17.8797, 2.958527, 2.419426, 1.695462
17.89061, 2.826926, 2.441364, 1.702784
17.90178, 2.686011, 2.445564, 1.710319
17.91302, 2.461406, 2.447559, 1.717954
17.924, 2.377384, 2.440013, 1.725257
17.93515, 2.357273, 2.46428, 1.732712
17.94654, 2.57153, 2.491193, 1.7403
17.95721, 2.60645, 2.516754, 1.747402
17.96844, 2.722484, 2.551955, 1.754891
17.97956, 3.017655, 2.600276, 1.762157
17.99058, 3.18966, 2.653548, 1.769457
18.00183, 3.207732, 2.709185, 1.7769
18.01287, 3.782944, 2.742175, 1.784164
18.02403, 3.710129, 2.796259, 1.791522
18.03515, 3.581149, 2.861948, 1.798757
18.04622, 4.03919, 2.960906, 1.805979
18.05728, 3.975731, 2.998214, 1.813183
18.06838, 3.955019, 3.056959, 1.820349
18.07969, 3.611694, 3.113173, 1.827651
18.09056, 3.58786, 3.161335, 1.834656
18.10173, 3.437685, 3.185293, 1.841872
18.11291, 3.39616, 3.213755, 1.849178
18.12382, 3.54827, 3.256868, 1.856169
18.13511, 3.617096, 3.314652, 1.863417
18.1462, 3.882979, 3.389932, 1.870487
18.15722, 4.070235, 3.47558, 1.877493
18.16848, 4.282701, 3.561139, 1.884652
18.1796, 4.199728, 3.640802, 1.891634
18.19036, 3.998141, 3.704585, 1.898415
18.20165, 4.078967, 3.757651, 1.905519
18.22379, 4.723528, 3.834344, 1.919455
18.23495, 2.649794, 3.806447, 1.926449
18.24622, 2.73507, 3.754054, 1.933425
18.25717, 3.249514, 3.731023, 1.94035
18.26824, 2.385401, 3.671235, 1.947265
18.27943, 3.459855, 3.642268, 1.954085
18.29049, 3.372714, 3.612117, 1.960894
18.30182, 3.884836, 3.608608, 1.967919
18.31285, 2.53037, 3.554542, 1.974556
18.32384, 1.905914, 3.470445, 1.981199
18.33498, 2.230232, 3.410072, 1.987823
18.34609, 1.844875, 3.332508, 1.994499
18.35717, 1.890324, 3.249611, 2.001176
18.36828, 1.800155, 3.158764, 2.007771
18.3794, 1.844583, 3.056844, 2.014481
18.39053, 1.802273, 2.943446, 2.021016
18.40151, 1.748622, 2.816742, 2.027528
18.41283, 1.731673, 2.693339, 2.034168
18.42391, 1.717109, 2.579288, 2.040561
18.43497, 1.675308, 2.459105, 2.04694
18.44611, 1.967473, 2.321302, 2.053303
18.45713, 1.93476, 2.28555, 2.059573
18.46829, 2.003571, 2.248975, 2.065986
18.47947, 2.062007, 2.1896, 2.072165
18.49042, 2.06745, 2.173702, 2.078309
18.50155, 2.03666, 2.102543, 2.0846
18.51268, 2.137021, 2.040758, 2.0908
18.52378, 2.167751, 1.954904, 2.096938
18.53491, 2.257639, 1.941267, 2.102943
18.54593, 2.352365, 1.96359, 2.108945
18.55704, 2.388421, 1.971499, 2.114995
18.56818, 2.376302, 1.99807, 2.120955
18.57928, 2.420024, 2.024555, 2.126973
18.59034, 2.393289, 2.054212, 2.132938
18.60145, 2.55489, 2.089727, 2.138752
18.61257, 2.635143, 2.131371, 2.144592
18.62366, 2.964942, 2.192187, 2.150383
18.63482, 2.947848, 2.252996, 2.156192
18.64594, 2.810933, 2.307687, 2.161965
18.65693, 2.836139, 2.365728, 2.167442
18.66817, 2.846181, 2.409664, 2.173198
18.67942, 2.854146, 2.455633, 2.178977
18.69027, 2.88036, 2.499472, 2.184423
18.70149, 2.78881, 2.535813, 2.190027
18.71251, 2.713269, 2.568103, 2.195487
18.72363, 2.641303, 2.598336, 2.20099
18.7348, 2.517522, 2.617361, 2.206645
18.74581, 2.716496, 2.644798, 2.212045
18.75698, 2.534809, 2.658656, 2.217459
18.76802, 2.536367, 2.667857, 2.222821
18.77924, 2.701635, 2.683517, 2.228106
18.79031, 2.580558, 2.69373, 2.23343
18.80143, 2.810024, 2.71323, 2.238752
18.81246, 2.807409, 2.733936, 2.243965
18.82354, 2.83632, 2.748008, 2.249186
18.83479, 2.80011, 2.756256, 2.254416
18.84581, 2.764366, 2.746227, 2.259539
18.85687, 2.797735, 2.738722, 2.264582
18.86798, 2.780369, 2.737194, 2.269608
18.87914, 2.991759, 2.744975, 2.274448
18.89024, 3.011786, 2.753255, 2.279339
18.90134, 2.750578, 2.748076, 2.284207
18.91237, 2.69446, 2.738781, 2.289037
18.92357, 2.727313, 2.735707, 2.29382
18.9347, 2.722157, 2.736151, 2.298534
18.94571, 2.478528, 2.728012, 2.30319
18.95683, 2.839549, 2.744114, 2.307664
18.96798, 3.19027, 2.767802, 2.312261
18.97904, 3.197668, 2.800945, 2.316938
18.99019, 3.190298, 2.833642, 2.321443
19.00127, 3.061839, 2.851652, 2.325831
19.01249, 2.879201, 2.866584, 2.330325
19.02345, 2.853666, 2.868766, 2.334616
19.03477, 2.853824, 2.871087, 2.338959
19.04576, 2.797452, 2.869143, 2.343211
19.05686, 3.175797, 2.887928, 2.347414
19.06791, 3.273738, 2.913396, 2.351597
19.0789, 3.026525, 2.924836, 2.355772
19.09002, 2.886183, 2.930127, 2.359938
19.10137, 2.927142, 2.926896, 2.364272
19.11234, 2.958848, 2.924249, 2.368309
19.12337, 3.067228, 2.940081, 2.372241
19.13467, 2.999848, 2.955351, 2.37631
19.14564, 3.065253, 2.972248, 2.380252
19.15673, 3.023483, 2.987314, 2.383997
19.16788, 2.908643, 3.00882, 2.387862
19.17899, 2.959529, 3.014819, 2.391736
19.19001, 3.088789, 3.009745, 2.395451
19.20118, 2.930484, 2.996386, 2.399081
19.21227, 3.105251, 2.992133, 2.402704
19.22341, 2.842646, 2.981174, 2.406323
19.23448, 2.915015, 2.982965, 2.409899
19.24556, 3.232865, 3.001925, 2.413346
19.25681, 2.774948, 2.997981, 2.416861
19.26783, 2.43878, 2.980047, 2.420222
19.27895, 2.904086, 2.966462, 2.423555
19.29011, 3.044169, 2.954983, 2.426845
19.30134, 2.456751, 2.926495, 2.430134
19.31226, 3.465837, 2.955477, 2.433224
19.3234, 4.756679, 3.046954, 2.436394
19.33452, 3.298509, 3.063937, 2.439556
19.34559, 3.446444, 3.082898, 2.442639
19.35677, 2.198017, 3.042806, 2.445771
19.36779, 4.001349, 3.089611, 2.448768
19.37886, 0, 2.938437, 2.451623
19.43449, 1.591779, 2.872594, 2.465405
19.44553, 1.804811, 2.814858, 2.468011
19.45665, 2.071184, 2.763978, 2.470742
19.46765, 1.870368, 2.710972, 2.473256
19.47886, 2.766936, 2.694056, 2.475691
19.49004, 3.201483, 2.711998, 2.478113
19.50159, 2.821668, 2.70733, 2.480516
19.51232, 2.590022, 2.675188, 2.48269
19.52333, 2.760773, 2.674479, 2.484821
19.53439, 2.754447, 2.690263, 2.487128
19.54553, 3.407011, 2.715409, 2.489205
19.55668, 2.849252, 2.705663, 2.491093
19.56773, 3.568578, 2.761254, 2.493029
19.57871, 3.862976, 2.781111, 2.494919
19.58993, 4.201517, 2.753353, 2.496811
19.60104, 3.974887, 2.787172, 2.498785
19.61212, 3.745374, 2.802118, 2.500631
19.62321, 3.685499, 2.876493, 2.502368
19.63438, 3.2432, 2.838585, 2.503971
19.64545, 3.034673, 2.990319, 2.505631
19.65661, 2.848259, 3.053143, 2.507225
19.66771, 2.817503, 3.103777, 2.508652
19.67876, 2.722384, 3.136337, 2.510136
19.68981, 2.704671, 3.178052, 2.511594
19.70109, 2.770026, 3.178207, 2.513015
19.712, 2.680997, 3.152183, 2.514509
19.72309, 2.780833, 3.150141, 2.515837
19.7344, 2.631586, 3.152219, 2.516964
19.74519, 2.361372, 3.132249, 2.518124
19.75643, 2.625038, 3.125779, 2.519244
19.7676, 2.570632, 3.08396, 2.520322
19.77863, 2.200971, 3.051546, 2.521516
19.78991, 2.079566, 2.977095, 2.522531
19.80092, 2.007894, 2.884341, 2.523595
19.81207, 2.671203, 2.807825, 2.52457
19.82315, 2.269078, 2.722535, 2.525466
19.83433, 2.671663, 2.668849, 2.526392
19.84527, 2.103162, 2.589732, 2.527213
19.85888, 2.310924, 2.543118, 2.52809
19.86749, 2.758271, 2.529298, 2.528595
19.87859, 2.584682, 2.516119, 2.529193
19.88977, 2.456525, 2.49807, 2.529805
19.90103, 2.527538, 2.488328, 2.530306
19.91198, 2.487856, 2.477488, 2.530807
19.92308, 2.604762, 2.469224, 2.531266
19.93419, 2.689858, 2.469667, 2.531669
19.9453, 2.715433, 2.466397, 2.532036
19.95634, 2.746153, 2.472126, 2.532359
19.96758, 2.716997, 2.489907, 2.532619
19.97852, 2.732877, 2.495299, 2.532654
19.9897, 2.727496, 2.503142, 2.532793
20.00089, 2.941818, 2.540184, 2.532999
