3.657856, True, 0, 4.899075
3.682032, True, 0, 4.817075
3.695584, True, 0, 6.296395
3.819483, True, 0, 7.51899
3.90432, True, 0, 6.29424
3.948621, True, 0, 6.185598
3.959387, True, 0, 5.220162
3.969567, True, 0, 7.351665
3.980889, True, 0, 5.743912
3.993008, True, 0, 4.306383
4.017364, True, 0, 4.428809
4.028996, True, 0, 6.309575
4.040171, True, 0, 0
4.193116, True, 0, 4.132251
4.215042, True, 0, 2.661191
4.226911, True, 0, 2.719145
4.292526, True, 0, 6.926388
4.392626, True, 0, 9.688332
4.415486, True, 0, 2.044864
4.44118, True, 0, 6.315419
4.47595, True, 0, 3.72314
4.646817, True, 0, 6.234919
4.717487, True, 0, 2.002111
4.727134, True, 0, 4.312147
4.770467, True, 0, 7.275996
4.825203, True, 0, 8.634758
4.980062, True, 0, 9.447371
4.99208, True, 0, 4.371655
5.029731, True, 0, 5.778089
5.04099, True, 0, 2.385767
5.052384, True, 0, 6.899171
5.095325, True, 0, 9.187558
5.314742, True, 0, 2.119826
5.327129, True, 0, 3.163906
5.431725, True, 0, 6.226447
5.44377, True, 0, 4.595047
5.512043, True, 0, 3.836923
5.577324, True, 0, 5.449423
5.588822, True, 0, 3.707694
5.600861, True, 0, 2.97452
5.613457, True, 0, 4.04705
5.663431, True, 1, 3.260343
5.804183, True, 1, 8.188088
5.815917, True, 1, 4.158565
5.837589, True, 1, 4.399323
5.849315, True, 1, 1.68126
5.860487, True, 1, 2.408835
5.87167, True, 1, 4.382655
5.883357, True, 1, 2.878258
5.903993, True, 1, 3.161413
5.950088, True, 1, 4.489759
5.973446, True, 1, 2.319383
6.479737, True, 1, 8.77115
6.624686, True, 1, 7.982144
6.658024, True, 1, 4.692482
6.670205, True, 1, 7.883754
6.6806, True, 1, 5.842846
6.693548, True, 1, 4.363653
6.704844, True, 1, 8.447512
6.783518, True, 1, 2.783369
6.79666, True, 1, 4.517634
6.807201, True, 1, 5.656419
6.818951, True, 1, 4.856277
6.83182, True, 1, 3.498503
6.84417, True, 1, 4.479708
6.856125, True, 1, 3.396312
6.867797, True, 1, 2.119104
6.880567, True, 1, 2.030349
6.893354, True, 1, 1.972177
6.903722, True, 1, 1.647453
6.915254, True, 1, 1.498272
6.92733, True, 1, 2.054616
6.941359, True, 1, 1.439315
6.958131, True, 1, 1.469761
6.970029, True, 1, 1.298147
6.981378, True, 1, 1.096537
6.992645, True, 1, 1.305877
7.002656, True, 1, 1.501493
7.013376, True, 1, 1.430826
7.025137, True, 1, 1.469687
7.036439, True, 1, 1.482126
7.047437, True, 1, 1.707613
7.060194, True, 1, 1.409598
7.071093, True, 1, 1.397516
7.081965, True, 1, 1.580648
7.092629, True, 1, 1.463424
7.104772, True, 1, 1.141757
7.117017, True, 1, 1.191075
7.129994, True, 1, 1.166697
7.141675, True, 1, 1.127861
7.154, True, 1, 1.128483
7.164361, True, 1, 1.145112
7.175598, True, 1, 1.153429
7.187861, True, 1, 1.159914
7.198654, True, 1, 1.178982
7.210736, True, 1, 1.174718
7.220832, True, 1, 1.276317
7.232048, True, 1, 1.059893
7.244889, True, 1, 0.9458398
7.258347, True, 1, 1.118179
7.270399, True, 1, 1.225747
7.282153, True, 1, 1.388455
7.294647, True, 1, 1.312873
7.306269, True, 1, 1.281743
7.317567, True, 1, 1.221844
7.329037, True, 1, 1.227275
7.34129, True, 1, 1.207063
7.353439, True, 1, 1.192806
7.36356, True, 1, 1.247075
7.375755, True, 1, 1.209347
7.387242, True, 1, 1.173816
7.398676, True, 1, 1.232592
7.410788, True, 1, 1.240119
7.421952, True, 1, 1.178808
7.435156, True, 1, 1.173906
7.44623, True, 1, 1.173186
7.457895, True, 1, 1.162104
7.469792, True, 1, 1.162859
7.480041, True, 1, 1.060526
7.490444, True, 1, 1.058017
7.502433, True, 1, 1.049901
7.51261, True, 1, 0.8482146
7.523818, True, 1, 0.8726026
7.535394, True, 1, 0.8704321
7.547132, True, 1, 0.8713287
7.562241, True, 1, 0.8764494
7.573881, True, 1, 0.8842702
7.586723, True, 1, 0.8654137
7.598504, True, 1, 0.8813318
7.611772, True, 1, 0.8890018
7.622981, True, 1, 0.9217432
7.636232, True, 1, 0.9602534
7.647535, True, 1, 0.9852529
7.658086, True, 1, 1.001107
7.669343, True, 1, 1.053868
7.680816, True, 1, 1.141898
7.692904, True, 1, 1.171769
7.703725, True, 1, 1.160567
7.715526, True, 1, 1.271131
7.72962, True, 1, 1.32697
7.741866, True, 1, 1.307415
7.753989, True, 1, 1.372206
7.766727, True, 1, 1.342075
7.77955, True, 1, 1.305434
7.79094, True, 1, 1.364544
7.80226, True, 1, 1.345229
7.812612, True, 1, 1.302689
7.82357, True, 1, 1.267784
7.836239, True, 1, 1.25669
7.84753, True, 1, 1.258039
7.858657, True, 1, 1.242384
7.870501, True, 1, 1.252933
7.881362, True, 1, 1.274254
7.894049, True, 1, 1.259386
7.904372, True, 1, 1.28397
7.914599, True, 1, 1.36477
7.926926, True, 1, 1.346652
7.938305, True, 1, 1.426543
7.950593, True, 1, 1.52165
7.961854, True, 1, 1.337723
7.972932, True, 1, 1.312198
7.984216, True, 1, 1.416385
7.997074, True, 1, 1.408526
8.009292, True, 1, 1.389946
8.019982, True, 1, 1.38009
8.032219, True, 1, 1.370015
8.044902, True, 1, 1.358897
8.056042, True, 1, 1.336287
8.066285, True, 1, 1.33348
8.077556, True, 1, 1.306826
8.088074, True, 1, 1.293057
8.099082, True, 1, 1.245116
8.111883, True, 1, 1.243352
8.122746, True, 1, 1.258874
8.135189, True, 1, 1.261443
8.145985, True, 1, 1.255642
8.162073, True, 1, 1.222803
8.177354, True, 1, 1.203584
8.187952, True, 1, 1.215283
8.198316, True, 1, 1.226951
8.210594, True, 1, 1.224186
8.221752, True, 1, 1.213465
8.234801, True, 1, 1.208508
8.246387, True, 1, 1.208945
8.25867, True, 1, 1.147019
8.270811, True, 1, 1.145448
8.282061, True, 1, 1.277807
8.294436, True, 1, 1.540328
8.304427, True, 1, 1.575248
8.317192, True, 1, 1.484054
8.327247, True, 1, 1.332129
8.338659, True, 1, 1.409153
8.350415, True, 1, 1.710046
8.360127, True, 1, 2.143583
8.371401, True, 1, 2.232011
8.38396, True, 1, 2.613388
8.395108, True, 1, 2.48387
8.406792, True, 1, 7.022221
8.428919, True, 1, 8.544762
8.440351, True, 1, 9.392738
8.452946, True, 1, 9.66285
8.734045, True, 1, 7.528571
8.744983, True, 1, 7.788699
8.756318, True, 1, 6.84782
8.767279, True, 1, 6.888453
8.778855, True, 1, 7.07397
8.802619, True, 1, 9.916839
9.302476, True, 1, 2.584281
9.314254, True, 1, 2.778039
9.326695, True, 1, 6.926878
9.337661, True, 1, 5.50877
9.435543, True, 1, 3.978156
9.635329, True, 1, 5.963811
9.646522, True, 1, 6.420983
9.658181, True, 1, 3.984187
9.67015, True, 1, 4.052929
9.721179, True, 1, 5.49786
9.732365, True, 1, 8.357588
9.888885, True, 1, 8.360744
9.944678, True, 1, 5.071452
9.955806, True, 1, 5.280235
10.2465, True, 1, 2.843605
10.2572, True, 1, 7.265326
10.48611, True, 1, 7.073935
10.70468, True, 2, 4.897003
10.76938, True, 2, 2.012946
11.03292, True, 2, 5.160145
11.05505, True, 2, 6.270168
11.15719, True, 2, 1.645937
11.16869, True, 2, 3.177807
11.20318, True, 2, 2.376911
11.23754, True, 2, 6.881616
11.25029, True, 2, 6.746391
11.26185, True, 2, 4.640401
11.27323, True, 2, 6.810135
11.29861, True, 2, 3.690969
11.31062, True, 2, 1.790856
11.32153, True, 2, 2.444825
11.3331, True, 2, 2.358368
11.45271, True, 2, 4.900324
11.46377, True, 2, 1.940767
11.47536, True, 2, 2.052581
11.48757, True, 2, 1.633161
11.50086, True, 2, 1.971098
11.51314, True, 2, 1.940066
11.5354, True, 2, 4.485646
11.54566, True, 2, 2.687768
11.55761, True, 2, 1.801889
11.56829, True, 2, 2.155737
11.61147, True, 2, 9.961415
11.64461, True, 2, 3.102831
11.65579, True, 2, 2.102627
11.66705, True, 2, 3.42186
11.67763, True, 2, 3.385556
11.68892, True, 2, 3.038255
11.70016, True, 2, 3.005558
11.71107, True, 2, 2.276356
11.72128, True, 2, 2.612314
11.73244, True, 2, 4.627609
11.74407, True, 2, 4.089965
11.75451, True, 2, 3.296128
11.7658, True, 2, 3.599185
11.7774, True, 2, 2.487496
11.79898, True, 2, 4.299778
11.81199, True, 2, 4.317922
11.8261, True, 2, 2.284501
11.83707, True, 2, 2.716638
11.85109, True, 2, 3.995614
11.86119, True, 2, 3.149078
11.96602, True, 2, 1.300702
12.22939, True, 2, 7.130604
12.24118, True, 2, 9.145629
12.25222, True, 2, 9.529598
12.48784, True, 2, 7.368838
12.5009, True, 2, 5.331732
12.51261, True, 2, 3.397564
12.52349, True, 2, 1.261742
12.53436, True, 2, 1.966224
12.54445, True, 2, 1.176425
12.55444, True, 2, 1.113792
12.56665, True, 2, 0.9280598
12.57823, True, 2, 0.9716333
12.58943, True, 2, 1.352649
12.59923, True, 2, 1.493422
12.61069, True, 2, 1.557468
12.62129, True, 2, 1.3282
12.63262, True, 2, 1.326713
12.64348, True, 2, 1.165156
12.65612, True, 2, 1.1638
12.66779, True, 2, 1.33832
12.67862, True, 2, 1.247596
12.69051, True, 2, 1.14491
12.70241, True, 2, 0.9383249
12.71383, True, 2, 0.9052138
12.72504, True, 2, 0.9118333
12.7379, True, 2, 0.927765
12.75116, True, 2, 0.9736759
12.76295, True, 2, 1.002246
12.77384, True, 2, 1.006912
12.78512, True, 2, 1.029515
12.79671, True, 2, 1.055889
12.81564, True, 2, 1.108644
12.82746, True, 2, 1.146226
12.84013, True, 2, 1.240247
12.85041, True, 2, 1.379876
12.86202, True, 2, 1.314916
12.87386, True, 2, 1.233433
12.88729, True, 2, 1.394138
12.89807, True, 2, 1.315755
12.91115, True, 2, 1.159618
12.92179, True, 2, 1.067468
12.93267, True, 2, 1.138625
12.94341, True, 2, 1.112255
12.95434, True, 2, 1.102718
12.96527, True, 2, 1.230363
12.97663, True, 2, 1.110314
12.988, True, 2, 1.218947
12.99895, True, 2, 1.222178
13.01035, True, 2, 1.18286
13.02163, True, 2, 1.1399
13.03187, True, 2, 1.10572
13.0436, True, 2, 1.139298
13.05565, True, 2, 1.247178
13.06781, True, 2, 1.259312
13.07806, True, 2, 1.313253
13.08818, True, 2, 1.339622
13.0992, True, 2, 1.314731
13.11082, True, 2, 1.30058
13.12479, True, 2, 1.275567
13.13718, True, 2, 1.283907
13.14812, True, 2, 1.293246
13.15887, True, 2, 1.320181
13.17038, True, 2, 1.337544
13.18168, True, 2, 1.372898
13.19326, True, 2, 1.313641
13.20434, True, 2, 1.353167
13.21752, True, 2, 1.352664
13.22892, True, 2, 1.333755
13.24031, True, 2, 1.325131
13.25308, True, 2, 1.364347
13.2635, True, 2, 1.093219
13.27601, True, 2, 1.322016
13.28751, True, 2, 1.29657
13.29865, True, 2, 1.203352
13.31107, True, 2, 1.151544
13.32381, True, 2, 1.182871
13.33673, True, 2, 1.180255
13.34764, True, 2, 1.162408
13.36056, True, 2, 1.175236
13.37342, True, 2, 1.181449
13.38609, True, 2, 1.184789
13.39721, True, 2, 1.149523
13.40944, True, 2, 1.146501
13.42088, True, 2, 1.148373
13.43649, True, 2, 1.131586
13.44827, True, 2, 1.137672
13.45932, True, 2, 1.126209
13.47033, True, 2, 1.115055
13.48322, True, 2, 0.9666425
13.49447, True, 2, 1.006843
13.50612, True, 2, 1.020007
13.51785, True, 2, 1.001402
13.52952, True, 2, 1.036023
13.54042, True, 2, 1.048761
13.55298, True, 2, 1.032377
13.56242, True, 2, 1.034944
13.57336, True, 2, 1.027955
13.58611, True, 2, 1.027901
13.59671, True, 2, 1.006165
13.60856, True, 2, 1.020026
13.62109, True, 2, 1.018563
13.63196, True, 2, 1.035543
13.64343, True, 2, 1.063044
13.65495, True, 2, 1.082265
13.66613, True, 2, 1.117843
13.6779, True, 2, 1.05131
13.69003, True, 2, 1.347417
13.70244, True, 2, 1.434578
13.71261, True, 2, 1.574731
13.72454, True, 2, 1.525717
13.73609, True, 2, 1.664015
13.7463, True, 2, 1.649464
13.75825, True, 2, 1.553975
13.77053, True, 2, 1.558308
13.78406, True, 2, 1.620255
13.79523, True, 2, 1.597279
13.8055, True, 2, 1.626405
13.81798, True, 2, 1.734016
13.82944, True, 2, 1.951785
13.84043, True, 2, 1.943347
13.85061, True, 2, 2.027949
13.86191, True, 2, 2.544028
13.87305, True, 2, 2.899372
13.88506, True, 2, 3.496031
13.89583, True, 2, 4.279227
13.90808, True, 2, 4.649152
13.92041, True, 2, 4.787977
13.93229, True, 2, 4.990314
13.9436, True, 2, 5.157924
13.95567, True, 2, 5.105135
13.96703, True, 2, 5.487327
13.97764, True, 2, 5.394023
13.98789, True, 2, 5.486923
14.00056, True, 2, 5.169837
14.01234, True, 2, 4.642269
14.02437, True, 2, 4.488737
14.03666, True, 2, 4.262061
14.05356, True, 2, 4.908513
14.06685, True, 2, 5.228959
14.0779, True, 2, 5.688717
14.08858, True, 2, 5.82067
14.10043, True, 2, 5.828726
14.11046, True, 2, 5.715672
14.12093, True, 2, 5.360925
14.13277, True, 2, 6.114883
14.14455, True, 2, 5.898092
14.15507, True, 2, 5.791727
14.16648, True, 2, 6.358554
14.17819, True, 2, 6.13192
14.18897, True, 2, 5.708607
14.2008, True, 2, 5.796607
14.21286, True, 2, 6.546876
14.38674, True, 2, 7.445532
14.43137, True, 2, 5.773232
14.44334, True, 2, 6.294208
14.54377, True, 2, 6.391698
15.05339, True, 2, 4.164392
15.06453, True, 2, 3.939413
15.12031, True, 2, 1.926348
15.28957, True, 2, 1.827442
15.31111, True, 2, 8.964642
15.39946, True, 2, 3.335596
15.42249, True, 2, 1.541771
15.54545, True, 2, 2.8365
15.9309, True, 3, 1.979426
15.94407, True, 3, 1.745321
15.95499, True, 3, 1.930531
15.96516, True, 3, 1.324222
15.97721, True, 3, 1.360728
15.98844, True, 3, 2.98297
15.99833, True, 3, 1.531176
16.01071, True, 3, 1.152308
16.02113, True, 3, 3.558419
16.03295, True, 3, 1.67067
16.04479, True, 3, 1.725018
16.09883, True, 3, 7.348681
16.11028, True, 3, 9.661551
16.12187, True, 3, 5.385824
16.15537, True, 3, 9.197742
16.16811, True, 3, 5.96929
16.17935, True, 3, 4.936032
16.19163, True, 3, 4.319344
16.21255, True, 3, 6.012216
16.34406, True, 3, 2.471667
16.36588, True, 3, 3.917152
16.38828, True, 3, 4.290755
16.40061, True, 3, 1.69413
16.41162, True, 3, 4.431453
16.42245, True, 3, 2.18016
16.43407, True, 3, 4.390499
16.47406, True, 3, 3.414969
16.56162, True, 3, 9.986006
16.57213, True, 3, 5.97355
16.61537, True, 3, 8.629526
16.62716, True, 3, 6.524761
16.6389, True, 3, 1.903711
16.65172, True, 3, 2.546292
16.6746, True, 3, 2.233327
16.69799, True, 3, 1.416484
16.71084, True, 3, 1.28168
16.8636, True, 3, 2.622509
16.87676, True, 3, 2.462466
16.88824, True, 3, 4.399027
16.90042, True, 3, 7.760383
16.91273, True, 3, 4.076217
16.9337, True, 3, 6.864865
16.95584, True, 3, 9.439117
16.9872, True, 3, 2.998405
17.04438, True, 3, 7.206001
17.05713, True, 3, 6.158739
17.07865, True, 3, 2.814215
17.09041, True, 3, 6.361341
17.11477, True, 3, 2.350537
17.2033, True, 3, 6.934486
17.24467, True, 3, 5.186236
17.25663, True, 3, 4.359848
17.27778, True, 3, 9.306589
17.28785, True, 3, 4.256452
17.30901, True, 3, 4.244488
17.32058, True, 3, 4.59703
17.34426, True, 3, 9.828932
17.36497, True, 3, 7.499575
17.37632, True, 3, 6.229537
17.40777, True, 3, 2.334047
17.41956, True, 3, 1.586275
17.43027, True, 3, 3.02228
17.66511, True, 3, 3.892133
17.67766, True, 3, 2.356968
17.68947, True, 3, 1.803118
17.70098, True, 3, 1.856701
17.71255, True, 3, 1.152362
17.72315, True, 3, 1.121726
17.73434, True, 3, 1.025445
17.74416, True, 3, 1.081866
17.7549, True, 3, 0.8917221
17.76659, True, 3, 0.8991795
17.77767, True, 3, 0.8915437
17.78889, True, 3, 1.005223
17.80098, True, 3, 1.039167
17.81215, True, 3, 1.017065
17.82247, True, 3, 1.024502
17.83334, True, 3, 0.9882156
17.8439, True, 3, 0.9521815
17.85453, True, 3, 1.070962
17.86544, True, 3, 1.062107
17.87765, True, 3, 1.070787
17.88772, True, 3, 1.065917
17.90645, True, 3, 1.080415
17.92156, True, 3, 1.057954
17.9331, True, 3, 0.9804992
17.94512, True, 3, 1.032372
17.95666, True, 3, 1.041159
17.96857, True, 3, 1.005434
17.98059, True, 3, 0.9990922
17.99189, True, 3, 0.948651
18.00292, True, 3, 1.017027
18.01537, True, 3, 1.104507
18.02633, True, 3, 1.081847
18.03652, True, 3, 1.23043
18.04909, True, 3, 1.407188
18.06127, True, 3, 1.349901
18.07115, True, 3, 1.308992
18.08245, True, 3, 1.270425
18.09343, True, 3, 1.300004
18.10431, True, 3, 1.295415
18.11537, True, 3, 1.316858
18.12794, True, 3, 1.387561
18.14083, True, 3, 1.390431
18.15165, True, 3, 1.382517
18.16293, True, 3, 1.428926
18.17455, True, 3, 1.444735
18.18494, True, 3, 1.511021
18.19635, True, 3, 1.521454
18.20771, True, 3, 1.519135
18.21868, True, 3, 1.536368
18.22947, True, 3, 1.551126
18.24107, True, 3, 1.597033
18.25213, True, 3, 1.589416
18.26263, True, 3, 1.557773
18.27402, True, 3, 1.566723
18.28548, True, 3, 1.56342
18.29795, True, 3, 1.530902
18.31066, True, 3, 1.572356
18.32427, True, 3, 1.082381
18.3357, True, 3, 1.053769
18.34758, True, 3, 1.034672
18.36006, True, 3, 1.046717
18.3702, True, 3, 1.042448
18.38222, True, 3, 1.043486
18.39271, True, 3, 1.038924
18.40398, True, 3, 1.014781
18.41578, True, 3, 1.009725
18.42722, True, 3, 1.007767
18.43894, True, 3, 1.001822
18.4499, True, 3, 0.9735011
18.46004, True, 3, 0.9804922
18.47039, True, 3, 1.020911
18.48174, True, 3, 1.010578
18.49854, True, 3, 1.022163
18.50961, True, 3, 1.078426
18.52097, True, 3, 1.117463
18.53333, True, 3, 1.112489
18.54445, True, 3, 1.106011
18.55599, True, 3, 1.108908
18.56765, True, 3, 1.144877
18.57812, True, 3, 1.158666
18.59057, True, 3, 1.201812
18.60274, True, 3, 1.222051
18.61266, True, 3, 1.244052
18.62427, True, 3, 1.234787
18.63424, True, 3, 1.23901
18.64491, True, 3, 1.191608
18.65638, True, 3, 1.193545
18.66855, True, 3, 1.218621
18.67898, True, 3, 1.142066
18.69045, True, 3, 1.089299
18.70246, True, 3, 1.073292
18.71477, True, 3, 1.07982
18.72631, True, 3, 1.062096
18.73722, True, 3, 1.041892
18.74742, True, 3, 1.016923
18.75831, True, 3, 1.01014
18.77078, True, 3, 0.9965178
18.7837, True, 3, 0.9873122
18.7958, True, 3, 0.982789
18.80675, True, 3, 0.9836983
18.8171, True, 3, 0.9677767
18.82733, True, 3, 0.9680017
18.83886, True, 3, 0.9477499
18.85044, True, 3, 0.958764
18.86273, True, 3, 0.9666148
18.87491, True, 3, 0.9578785
18.88564, True, 3, 0.9679638
18.89668, True, 3, 0.9605989
18.90733, True, 3, 0.9768609
18.91825, True, 3, 0.9909219
18.93027, True, 3, 0.9997205
18.94059, True, 3, 0.9929231
18.95182, True, 3, 0.9928664
18.96272, True, 3, 1.016376
18.97475, True, 3, 1.060384
18.9856, True, 3, 1.049547
18.99638, True, 3, 1.050995
19.00697, True, 3, 1.060951
19.01783, True, 3, 1.057781
19.02941, True, 3, 1.048542
19.04018, True, 3, 1.03213
19.05255, True, 3, 1.013384
19.06491, True, 3, 1.018982
19.08078, True, 3, 1.025287
19.0925, True, 3, 1.025037
19.10395, True, 3, 1.019867
19.11625, True, 3, 1.019889
19.12772, True, 3, 1.027085
19.13933, True, 3, 1.028094
19.15139, True, 3, 1.026892
19.1633, True, 3, 1.031107
19.17554, True, 3, 1.037973
19.18596, True, 3, 1.044404
19.19663, True, 3, 1.027714
19.20902, True, 3, 1.012229
19.22104, True, 3, 1.003924
19.23376, True, 3, 1.011227
19.24448, True, 3, 1.079471
19.25576, True, 3, 1.050392
19.26797, True, 3, 1.051654
19.28051, True, 3, 1.064164
19.29323, True, 3, 1.061467
19.30623, True, 3, 1.057469
19.31847, True, 3, 1.047888
19.33018, True, 3, 1.033392
19.34328, True, 3, 1.024888
19.35573, True, 3, 1.026909
19.36706, True, 3, 1.015406
19.3783, True, 3, 1.043756
19.3889, True, 3, 1.043494
19.40183, True, 3, 1.289392
19.41257, True, 3, 1.56736
19.42391, True, 3, 1.567009
19.43541, True, 3, 1.709663
19.44667, True, 3, 1.694599
19.45886, True, 3, 1.781389
19.47029, True, 3, 1.861545
19.48162, True, 3, 1.804811
19.49423, True, 3, 1.847917
19.50641, True, 3, 1.967766
19.51836, True, 3, 2.023261
19.52887, True, 3, 2.089338
19.54067, True, 3, 2.088352
19.55369, True, 3, 2.333442
19.56416, True, 3, 2.038409
19.57491, True, 3, 2.126596
19.58696, True, 3, 2.304379
19.5979, True, 3, 2.519251
19.60817, True, 3, 2.53965
19.61916, True, 3, 2.785022
19.63209, True, 3, 3.018714
19.64376, True, 3, 3.045373
19.65663, True, 3, 3.264962
19.67418, True, 3, 3.424169
19.68563, True, 3, 3.424149
19.69728, True, 3, 3.402829
19.70827, True, 3, 3.301625
19.72022, True, 3, 3.801304
19.73163, True, 3, 3.616052
19.7429, True, 3, 3.642702
19.75294, True, 3, 3.458717
19.76359, True, 3, 3.759892
19.77529, True, 3, 4.211108
19.78676, True, 3, 4.486467
19.7985, True, 3, 4.28407
19.81075, True, 3, 4.473395
19.8241, True, 3, 4.455377
19.83554, True, 3, 5.089651
19.84561, True, 3, 5.159336
19.85696, True, 3, 5.275163
19.86861, True, 3, 5.543267
19.8784, True, 3, 5.655681
19.89057, True, 3, 5.855459
20.10654, True, 3, 3.264533
20.11895, True, 3, 3.100581
20.13033, True, 3, 3.678067
20.14198, True, 3, 2.484777
20.15421, True, 3, 2.902667
20.16543, True, 3, 5.730021
20.21196, True, 3, 9.926048
20.24183, True, 3, 4.529751
20.26481, True, 3, 7.327206
20.29959, True, 3, 2.325387
20.31013, True, 3, 9.176424
20.32216, True, 3, 4.232149
20.33255, True, 3, 9.391365
20.45313, True, 3, 4.247417
20.46442, True, 3, 3.253845
20.53032, True, 3, 7.155983
20.5516, True, 3, 8.627143
20.56232, True, 3, 2.170048
20.57376, True, 3, 5.883444
20.66167, True, 4, 5.325482
20.95395, True, 4, 6.731875
20.97677, True, 4, 2.940728
20.98828, True, 4, 2.895963
21.01111, True, 4, 2.769941
21.0224, True, 4, 2.275748
21.03439, True, 4, 2.497241
21.08975, True, 4, 8.673534
21.13323, True, 4, 5.668167
21.39508, True, 4, 6.109502
21.40745, True, 4, 7.191955
21.4193, True, 4, 4.38649
21.45311, True, 4, 5.210641
21.46466, True, 4, 3.589315
21.47664, True, 4, 2.024236
21.48768, True, 4, 2.080929
21.4986, True, 4, 1.717318
21.51051, True, 4, 2.226115
21.52232, True, 4, 2.060936
21.53398, True, 4, 1.952376
21.54421, True, 4, 2.018617
21.55298, True, 4, 2.490249
21.56383, True, 4, 1.633276
21.57534, True, 4, 1.61452
21.59078, True, 4, 1.73639
21.60357, True, 4, 1.443125
21.61613, True, 4, 1.697461
21.62872, True, 4, 1.729386
21.641, True, 4, 1.414917
21.6522, True, 4, 1.461863
21.66353, True, 4, 1.445072
21.67469, True, 4, 1.446148
21.68569, True, 4, 1.619372
21.69758, True, 4, 1.451027
21.70872, True, 4, 1.508323
21.72054, True, 4, 1.464004
21.73209, True, 4, 1.344231
21.74435, True, 4, 1.522882
21.75576, True, 4, 1.191299
21.76864, True, 4, 1.394616
21.77975, True, 4, 1.08239
21.79111, True, 4, 1.165338
21.81035, True, 4, 1.878377
21.82336, True, 4, 1.461536
21.83629, True, 4, 1.255639
21.84804, True, 4, 1.318049
21.85961, True, 4, 1.388955
21.87161, True, 4, 1.416237
21.88403, True, 4, 1.387875
21.8949, True, 4, 1.277884
21.90772, True, 4, 1.242151
21.91863, True, 4, 1.200889
21.9307, True, 4, 1.245593
21.94205, True, 4, 1.271787
21.95302, True, 4, 1.433011
21.96456, True, 4, 1.196658
21.97539, True, 4, 1.283325
21.98581, True, 4, 1.246392
21.99703, True, 4, 1.233274
22.01074, True, 4, 1.285657
22.02187, True, 4, 1.295013
22.0338, True, 4, 1.330624
22.04488, True, 4, 1.462702
22.05722, True, 4, 1.474527
22.06836, True, 4, 1.371982
22.07935, True, 4, 1.233062
22.09038, True, 4, 1.310184
22.10246, True, 4, 1.477633
22.11415, True, 4, 1.386109
22.12681, True, 4, 1.458598
22.13901, True, 4, 1.55866
22.15053, True, 4, 1.551309
22.16126, True, 4, 1.555519
22.17364, True, 4, 1.538385
22.18435, True, 4, 1.581392
22.19474, True, 4, 1.703195
22.20629, True, 4, 1.760472
22.21806, True, 4, 1.744989
22.22979, True, 4, 1.747887
22.24109, True, 4, 1.718381
22.25238, True, 4, 1.684496
22.26344, True, 4, 1.794085
22.27454, True, 4, 1.896572
22.28565, True, 4, 1.82455
22.29809, True, 4, 1.671519
22.30975, True, 4, 1.754376
22.32161, True, 4, 1.576417
22.33383, True, 4, 2.542597
22.34338, True, 4, 1.678569
22.3533, True, 4, 1.766295
22.36439, True, 4, 1.668952
22.37578, True, 4, 1.564007
22.38723, True, 4, 1.771002
22.40225, True, 4, 1.635172
22.41797, True, 4, 1.572232
22.42812, True, 4, 1.477683
22.43957, True, 4, 1.419306
22.45013, True, 4, 1.399696
22.4611, True, 4, 1.366917
22.47203, True, 4, 1.674601
22.48341, True, 4, 1.205986
22.49419, True, 4, 1.007456
22.50551, True, 4, 1.261988
22.51722, True, 4, 1.123879
22.5289, True, 4, 1.002819
22.54272, True, 4, 1.004578
22.55387, True, 4, 0.9863365
22.56549, True, 4, 1.002766
22.57645, True, 4, 0.9771747
22.58868, True, 4, 0.9183379
22.60198, True, 4, 0.8987083
22.61527, True, 4, 0.9114521
22.62696, True, 4, 0.9211336
22.63778, True, 4, 0.9317594
22.64973, True, 4, 0.9448789
22.66065, True, 4, 0.9611766
22.67227, True, 4, 0.9596739
22.68302, True, 4, 0.9334574
22.69523, True, 4, 0.9519132
22.70768, True, 4, 0.9413434
22.71951, True, 4, 0.9764946
22.73539, True, 4, 0.9809641
22.74691, True, 4, 1.013647
22.75804, True, 4, 1.017558
22.76876, True, 4, 1.009619
22.78084, True, 4, 1.067703
22.79192, True, 4, 1.054916
22.80314, True, 4, 1.050039
22.81392, True, 4, 1.041009
22.82625, True, 4, 1.03815
22.83714, True, 4, 1.038608
22.84852, True, 4, 1.040661
22.8601, True, 4, 1.047276
22.87089, True, 4, 1.039313
22.88324, True, 4, 1.033047
22.8943, True, 4, 1.040686
22.90515, True, 4, 1.030746
22.91718, True, 4, 1.045025
22.92905, True, 4, 1.045674
22.94048, True, 4, 1.049836
22.95157, True, 4, 1.059106
22.96336, True, 4, 1.054672
22.9753, True, 4, 1.069007
22.98671, True, 4, 1.052461
22.99891, True, 4, 1.061064
23.01658, True, 4, 1.081239
23.02711, True, 4, 1.049709
23.03906, True, 4, 1.046405
23.05059, True, 4, 1.055005
23.06196, True, 4, 1.083447
23.07215, True, 4, 1.079372
23.08288, True, 4, 1.074966
23.09488, True, 4, 1.091336
23.10818, True, 4, 1.09754
23.11931, True, 4, 1.098704
23.13071, True, 4, 1.098807
23.1429, True, 4, 1.090368
23.15437, True, 4, 1.071218
23.16617, True, 4, 1.052197
23.17544, True, 4, 1.05524
23.18693, True, 4, 1.075491
23.20019, True, 4, 1.084016
23.21222, True, 4, 1.178017
23.22393, True, 4, 1.172508
23.23691, True, 4, 1.322184
23.2488, True, 4, 0.9446681
23.25908, True, 4, 1.072387
23.27112, True, 4, 1.15138
23.28277, True, 4, 1.089054
23.29575, True, 4, 1.067539
23.30732, True, 4, 1.038081
23.31785, True, 4, 1.035978
23.32891, True, 4, 1.05574
23.33931, True, 4, 1.033586
23.35144, True, 4, 1.06504
23.36199, True, 4, 1.086583
23.37246, True, 4, 1.107529
23.38359, True, 4, 1.142918
23.39544, True, 4, 1.141136
23.40777, True, 4, 1.200441
23.41933, True, 4, 1.245147
23.4313, True, 4, 1.257992
23.4412, True, 4, 1.336737
23.45136, True, 4, 1.342188
23.46391, True, 4, 1.420798
23.47589, True, 4, 1.437287
23.4879, True, 4, 1.430056
23.49917, True, 4, 1.508854
23.50994, True, 4, 1.608665
23.52028, True, 4, 1.618713
23.53033, True, 4, 1.583223
23.54123, True, 4, 1.643762
23.55141, True, 4, 1.754359
23.56116, True, 4, 1.764312
23.57165, True, 4, 2.07154
23.58289, True, 4, 2.397546
23.59377, True, 4, 3.199636
23.61164, True, 4, 4.000159
23.62377, True, 4, 4.279416
23.63463, True, 4, 5.394398
23.64679, True, 4, 7.307028
23.65708, True, 4, 6.937446
23.6686, True, 4, 6.700536
23.68096, True, 4, 6.599976
23.69289, True, 4, 6.339652
23.70544, True, 4, 6.400428
23.71764, True, 4, 6.915368
23.72835, True, 4, 7.818207
23.73966, True, 4, 7.776286
24.05002, True, 4, 4.119052
24.1417, True, 4, 7.374264
24.37436, True, 4, 8.759531
24.60648, True, 4, 6.280914
24.61784, True, 4, 6.236479
24.62924, True, 4, 9.026129
24.7374, True, 4, 9.360667
24.89464, True, 4, 6.688406
24.90631, True, 4, 4.259132
25.06417, True, 4, 8.025186
25.15313, True, 4, 0
25.16443, True, 4, 0
25.17585, True, 4, 0
25.2002, True, 4, 0
25.24983, True, 4, 5.077249
25.38222, True, 4, 8.58912
25.39351, True, 4, 8.938418
25.40541, True, 4, 3.235407
25.41815, True, 4, 1.645432
25.43055, True, 4, 2.482157
25.44379, True, 4, 1.804227
25.4911, True, 4, 5.778858
25.60969, True, 4, 8.471528
25.63533, True, 4, 7.55862
25.64793, True, 4, 7.655811
25.65996, True, 5, 4.248012
25.67113, True, 5, 6.100829
25.68283, True, 5, 8.273615
25.75957, True, 5, 2.314183
25.77183, True, 5, 2.100033
25.79279, True, 5, 4.005948
25.80442, True, 5, 5.753263
25.8162, True, 5, 9.090095
25.82764, True, 5, 4.29119
25.83922, True, 5, 6.118333
25.84958, True, 5, 4.095555
25.86039, True, 5, 4.838415
25.87059, True, 5, 6.534051
25.88226, True, 5, 8.611907
25.9148, True, 5, 1.827574
25.92595, True, 5, 2.984746
25.95489, True, 5, 2.292477
26.00952, True, 5, 9.899585
26.03215, True, 5, 7.601161
26.0437, True, 5, 5.116098
26.05686, True, 5, 3.822754
26.06795, True, 5, 3.83032
26.07755, True, 5, 2.993802
26.09766, True, 5, 4.929475
26.11033, True, 5, 2.953389
26.12234, True, 5, 4.646759
26.13472, True, 5, 3.249901
26.16784, True, 5, 8.230707
26.18089, True, 5, 1.702694
26.19249, True, 5, 2.668664
26.20473, True, 5, 3.606146
26.21643, True, 5, 2.189053
26.22801, True, 5, 1.865225
26.24058, True, 5, 2.243748
26.25289, True, 5, 2.824571
26.26542, True, 5, 2.113708
26.27806, True, 5, 2.476241
26.29029, True, 5, 2.811172
26.29963, True, 5, 2.23553
26.31053, True, 5, 3.385962
26.3223, True, 5, 3.375844
26.3336, True, 5, 2.586828
26.39248, True, 5, 1.513479
26.40351, True, 5, 2.266689
26.41457, True, 5, 1.819221
26.42565, True, 5, 2.719541
26.63913, True, 5, 9.543028
26.73929, True, 5, 4.772261
26.75014, True, 5, 5.934578
26.76057, True, 5, 4.018568
26.77311, True, 5, 3.141971
26.7852, True, 5, 5.329811
26.79728, True, 5, 2.779829
26.81755, True, 5, 8.619161
26.82939, True, 5, 7.845366
26.8399, True, 5, 6.628013
26.85049, True, 5, 5.447119
26.8629, True, 5, 2.18674
26.87336, True, 5, 5.309414
26.88384, True, 5, 2.241813
26.89625, True, 5, 1.317968
26.90844, True, 5, 0.9845489
26.92075, True, 5, 1.09443
26.93406, True, 5, 1.391799
26.94722, True, 5, 1.17221
26.95871, True, 5, 0.9308814
26.97056, True, 5, 1.011033
26.9816, True, 5, 1.081336
26.99269, True, 5, 1.265683
27.00525, True, 5, 1.875563
27.01783, True, 5, 0.9121119
27.02937, True, 5, 0.900052
27.04053, True, 5, 0.8090986
27.05224, True, 5, 0.8780317
27.0631, True, 5, 1.071781
27.07356, True, 5, 1.138879
27.08406, True, 5, 1.21437
27.0952, True, 5, 1.200478
27.10683, True, 5, 1.241455
27.11767, True, 5, 1.282436
27.13004, True, 5, 1.385216
27.1405, True, 5, 1.408076
27.15145, True, 5, 1.294976
27.16345, True, 5, 1.354367
27.17536, True, 5, 1.3686
27.18709, True, 5, 0.8785812
27.19874, True, 5, 1.288916
27.21056, True, 5, 1.247945
27.22058, True, 5, 1.144226
27.23298, True, 5, 1.387071
27.24507, True, 5, 1.104679
27.25742, True, 5, 1.039835
27.26707, True, 5, 1.25706
27.28488, True, 5, 1.286652
27.29658, True, 5, 1.304011
27.30783, True, 5, 1.323098
27.31839, True, 5, 1.17702
27.32955, True, 5, 1.282621
27.34182, True, 5, 1.440946
27.35191, True, 5, 1.271264
27.36159, True, 5, 1.423447
27.37334, True, 5, 1.423364
27.38373, True, 5, 1.234314
27.39595, True, 5, 1.213604
27.40643, True, 5, 1.161381
27.41746, True, 5, 1.210013
27.4277, True, 5, 1.227109
27.43744, True, 5, 1.226761
27.44766, True, 5, 1.234207
27.45898, True, 5, 1.234066
27.47172, True, 5, 1.257631
27.48256, True, 5, 1.265858
27.49345, True, 5, 1.253218
27.5051, True, 5, 1.284019
27.51681, True, 5, 1.285208
27.52715, True, 5, 1.297611
27.54008, True, 5, 1.243564
27.55107, True, 5, 1.155786
27.56084, True, 5, 1.148071
27.5731, True, 5, 1.340079
27.58353, True, 5, 1.162618
27.59501, True, 5, 1.141483
27.60559, True, 5, 0.9790444
27.61738, True, 5, 1.094533
27.63378, True, 5, 0.8995874
27.64797, True, 5, 1.026221
27.65874, True, 5, 1.138048
27.67016, True, 5, 1.130136
27.68102, True, 5, 1.425785
27.6922, True, 5, 1.442761
27.70323, True, 5, 1.301969
27.71454, True, 5, 1.293803
27.72636, True, 5, 1.43018
27.73737, True, 5, 1.36201
27.74974, True, 5, 1.32423
27.76032, True, 5, 1.433569
27.77232, True, 5, 1.398113
27.78406, True, 5, 1.305413
27.79349, True, 5, 1.345145
27.80363, True, 5, 1.270741
27.81622, True, 5, 1.240229
27.82901, True, 5, 1.224034
27.84097, True, 5, 1.21161
27.85377, True, 5, 1.26894
27.86525, True, 5, 1.11864
27.87984, True, 5, 1.391892
27.89491, True, 5, 1.478809
27.90651, True, 5, 1.259886
27.91695, True, 5, 1.228376
27.92987, True, 5, 1.210405
27.94255, True, 5, 1.322472
27.95462, True, 5, 1.276034
27.96443, True, 5, 1.30097
27.9746, True, 5, 1.280805
27.98574, True, 5, 1.291177
27.99783, True, 5, 1.29893
28.00756, True, 5, 1.301595
28.0189, True, 5, 1.316326
28.03008, True, 5, 1.290067
28.04079, True, 5, 1.176557
28.05117, True, 5, 1.040228
28.06153, True, 5, 1.117353
28.07222, True, 5, 1.089202
28.08369, True, 5, 1.058546
28.09529, True, 5, 1.058534
28.10896, True, 5, 1.047251
28.12025, True, 5, 1.047266
28.13248, True, 5, 1.041709
28.14395, True, 5, 1.036845
28.15585, True, 5, 1.092234
28.16705, True, 5, 1.144688
28.18025, True, 5, 1.090008
28.19143, True, 5, 1.103883
28.20284, True, 5, 1.094084
28.21503, True, 5, 1.081863
28.22574, True, 5, 1.106063
28.23786, True, 5, 1.101047
28.25063, True, 5, 1.090133
28.26419, True, 5, 1.083881
28.27604, True, 5, 1.054034
28.29017, True, 5, 1.062261
28.30297, True, 5, 1.079107
28.31545, True, 5, 1.083624
28.32631, True, 5, 1.110973
28.33847, True, 5, 1.135017
28.35043, True, 5, 1.099016
28.36357, True, 5, 1.107265
28.37548, True, 5, 1.120133
28.38768, True, 5, 1.121897
28.40027, True, 5, 1.123849
28.41114, True, 5, 1.029587
28.42327, True, 5, 1.066718
28.43364, True, 5, 0.9797531
28.44473, True, 5, 0.9521354
28.45545, True, 5, 0.9646639
28.46606, True, 5, 0.9903585
28.47615, True, 5, 0.9937037
28.48779, True, 5, 0.9946209
28.50245, True, 5, 0.9631725
28.51869, True, 5, 1.119948
28.53045, True, 5, 1.006741
28.54247, True, 5, 1.014438
28.55437, True, 5, 0.9831632
28.56691, True, 5, 1.023746
28.57872, True, 5, 0.9987128
28.59048, True, 5, 0.9961312
28.60043, True, 5, 0.968995
28.61029, True, 5, 0.9702706
28.62321, True, 5, 0.9798874
28.63546, True, 5, 0.9745782
28.64767, True, 5, 0.9679626
28.65916, True, 5, 0.9746914
28.67189, True, 5, 0.9753609
28.68371, True, 5, 1.066427
28.69453, True, 5, 1.079551
28.70621, True, 5, 0.947463
28.71713, True, 5, 0.9714197
28.72734, True, 5, 0.9691018
28.73882, True, 5, 0.9802085
28.75005, True, 5, 1.007681
28.76239, True, 5, 1.0258
28.77274, True, 5, 1.037257
28.78312, True, 5, 1.03736
28.79366, True, 5, 1.029627
28.80612, True, 5, 1.020452
28.81724, True, 5, 1.015098
28.82857, True, 5, 1.021483
28.84032, True, 5, 0.9999039
28.8516, True, 5, 0.9955943
28.86366, True, 5, 0.988048
28.87519, True, 5, 0.9117808
28.88776, True, 5, 0.9401727
28.89973, True, 5, 1.015358
28.91078, True, 5, 0.9983711
28.92253, True, 5, 0.9594611
28.9341, True, 5, 0.9144845
28.94551, True, 5, 0.9135205
28.95852, True, 5, 0.9515594
28.96906, True, 5, 0.9394344
28.98, True, 5, 0.9397643
28.99143, True, 5, 0.9352375
29.0043, True, 5, 0.9239618
29.01565, True, 5, 0.9316642
29.02622, True, 5, 0.9287974
29.03799, True, 5, 0.9265537
29.04911, True, 5, 0.9273809
29.06106, True, 5, 0.9344884
29.07275, True, 5, 0.9443057
29.08327, True, 5, 0.9418856
29.09562, True, 5, 0.9608145
29.10547, True, 5, 0.9653844
29.11597, True, 5, 1.019786
29.13302, True, 5, 1.102373
29.14487, True, 5, 0.9975348
29.15558, True, 5, 0.9935225
29.16709, True, 5, 1.098283
29.17935, True, 5, 1.062368
29.19014, True, 5, 1.013204
29.20159, True, 5, 0.9797157
29.21308, True, 5, 0.9776869
29.22351, True, 5, 0.9856607
29.2336, True, 5, 1.268383
29.24443, True, 5, 1.475622
29.25688, True, 5, 0.8610243
29.26868, True, 5, 1.162063
29.28021, True, 5, 1.126103
29.29152, True, 5, 1.123472
29.30305, True, 5, 1.157408
29.31335, True, 5, 1.191823
29.3244, True, 5, 1.179362
29.33546, True, 5, 1.178185
29.34676, True, 5, 1.191155
29.35752, True, 5, 1.165918
29.36898, True, 5, 1.146405
29.38064, True, 5, 1.142077
29.39096, True, 5, 1.141386
29.4021, True, 5, 1.12751
29.41398, True, 5, 1.073232
29.42461, True, 5, 1.027897
29.43649, True, 5, 0.9929525
29.44768, True, 5, 0.9869015
29.45869, True, 5, 0.9706129
29.47112, True, 5, 0.9728839
29.48403, True, 5, 0.9740711
29.49489, True, 5, 0.9714028
29.50611, True, 5, 0.9720806
29.5159, True, 5, 0.9923744
29.52649, True, 5, 1.363327
29.5365, True, 5, 1.291814
29.5495, True, 5, 1.235702
29.56653, True, 5, 1.237117
29.57728, True, 5, 1.301624
29.58862, True, 5, 1.27985
29.59893, True, 5, 1.331109
29.60891, True, 5, 1.359371
29.62077, True, 5, 1.374613
29.63166, True, 5, 1.387014
29.64221, True, 5, 1.442297
29.6533, True, 5, 1.877121
29.66346, True, 5, 1.936634
29.67502, True, 5, 2.647306
29.68757, True, 5, 3.907628
29.70042, True, 5, 6.425606
29.71282, True, 5, 5.355853
29.72476, True, 5, 5.23027
29.74417, True, 5, 3.803536
29.75962, True, 5, 4.27994
29.77586, True, 5, 5.903864
29.78833, True, 5, 4.729949
29.79954, True, 5, 4.264264
29.81031, True, 5, 4.622079
29.82235, True, 5, 5.579794
29.83345, True, 5, 6.779327
29.8445, True, 5, 7.958744
29.85541, True, 5, 8.343524
29.86705, True, 5, 8.974564
29.88729, True, 5, 7.559386
29.89964, True, 5, 7.048856
29.91155, True, 5, 7.636891
29.92249, True, 5, 8.005355
29.93434, True, 5, 8.287549
29.94645, True, 5, 8.167787
29.95825, True, 5, 7.704512
29.97041, True, 5, 8.295181
29.98202, True, 5, 9.186707
29.99303, True, 5, 7.875724
30.00473, True, 5, 7.808662
30.01623, True, 5, 7.253427
30.0259, True, 5, 8.076786
30.03705, True, 5, 7.274526
30.04881, True, 5, 5.957732
30.05963, True, 5, 8.603909
30.07176, True, 5, 5.944477
30.08393, True, 5, 5.249372
30.09519, True, 5, 6.039952
30.10658, True, 5, 4.395051
30.11818, True, 5, 5.251842
30.1283, True, 5, 3.90372
30.13946, True, 5, 4.803123
30.15015, True, 5, 5.700634
30.17581, True, 5, 6.537648
30.19865, True, 5, 9.370909
30.22153, True, 5, 5.6503
30.25628, True, 5, 7.917333
30.26873, True, 5, 6.796292
30.34066, True, 5, 5.082163
30.37163, True, 5, 9.492185
30.52575, True, 5, 2.338181
30.63649, True, 5, 2.167621
30.64917, True, 5, 4.579214
39.79937, False, 0, 1.102736
39.81112, False, 0, 3.272817
39.96515, False, 0, 2.650205
39.986, False, 0, 2.578758
40.13268, False, 0, 3.312343
40.36852, False, 0, 3.895649
40.37934, False, 0, 4.145231
40.39116, False, 0, 4.402619
40.41404, False, 0, 9.801489
40.42495, False, 0, 7.284774
40.50113, False, 0, 2.718808
40.51348, False, 0, 3.548919
40.61267, False, 0, 5.983324
40.66747, False, 0, 2.041249
40.68014, False, 0, 1.723054
40.69071, False, 0, 5.600826
40.70057, False, 0, 1.691231
40.71267, False, 0, 1.532412
40.72386, False, 0, 1.64197
40.73509, False, 0, 1.316387
40.75558, False, 0, 7.30141
40.79952, False, 0, 4.877867
40.81073, False, 0, 7.349652
40.9427, False, 0, 5.457223
41.00929, False, 0, 7.86509
41.02048, False, 0, 2.948688
41.03321, False, 0, 2.456701
41.04331, False, 0, 3.988181
41.05391, False, 0, 2.574267
41.06584, False, 0, 7.29099
41.08484, False, 0, 2.42761
41.09668, False, 0, 8.536304
41.10752, False, 0, 3.449156
41.11923, False, 0, 3.047525
41.13035, False, 0, 5.188737
41.30782, False, 1, 3.253383
41.31923, False, 1, 2.394535
41.33077, False, 1, 1.938769
41.34229, False, 1, 3.26006
41.35273, False, 1, 3.869092
41.36306, False, 1, 3.987246
41.37468, False, 1, 4.311758
41.3866, False, 1, 7.241533
41.39802, False, 1, 2.535679
41.41002, False, 1, 3.561044
41.42022, False, 1, 3.57328
41.43017, False, 1, 3.486955
41.44218, False, 1, 3.236794
41.45325, False, 1, 3.509351
41.46389, False, 1, 3.192716
41.47512, False, 1, 3.559291
41.48632, False, 1, 2.995689
41.4982, False, 1, 3.700618
41.50896, False, 1, 3.356368
41.51955, False, 1, 4.152074
41.53019, False, 1, 3.814493
41.5411, False, 1, 3.733964
41.55229, False, 1, 2.982397
41.56353, False, 1, 5.998368
41.70092, False, 1, 5.395929
41.97816, False, 1, 3.642515
42.00157, False, 1, 2.648193
42.03222, False, 1, 1.068469
42.05447, False, 1, 1.553373
42.07616, False, 1, 1.217279
42.09804, False, 1, 1.176651
42.11033, False, 1, 0.4509086
42.13086, False, 1, 0.6900231
42.14285, False, 1, 0.5354057
42.1538, False, 1, 2.16871
42.16462, False, 1, 0.9882197
42.17683, False, 1, 0.8492956
42.18797, False, 1, 1.353728
42.19887, False, 1, 0.9579454
42.2207, False, 1, 1.883838
42.24175, False, 1, 7.218411
42.25228, False, 1, 3.067956
42.26313, False, 1, 2.240268
42.38642, False, 1, 4.098302
42.39774, False, 1, 3.159966
42.40986, False, 1, 4.403103
42.42076, False, 1, 4.833992
42.43205, False, 1, 5.91307
42.44347, False, 1, 6.266244
42.45441, False, 1, 4.576237
42.48846, False, 1, 7.225177
42.54839, False, 1, 4.300433
42.55995, False, 1, 4.022536
42.84053, False, 1, 7.815433
43.00742, False, 1, 4.136511
43.01995, False, 1, 3.492349
43.04163, False, 1, 3.456902
43.07846, False, 1, 8.731762
43.09991, False, 1, 6.391293
43.16542, False, 1, 6.103625
43.1769, False, 1, 4.754407
43.20978, False, 1, 4.157381
43.22224, False, 1, 9.114117
43.61786, False, 1, 5.676056
43.90966, False, 1, 7.59496
43.93264, False, 1, 7.070913
44.01158, False, 1, 2.815354
44.02268, False, 1, 1.607224
44.03463, False, 1, 1.848275
44.04513, False, 1, 1.967242
44.13307, False, 1, 2.60368
44.14392, False, 1, 4.261142
44.18849, False, 1, 4.836423
44.20602, False, 1, 4.866647
44.21921, False, 1, 7.952771
44.27383, False, 1, 7.042405
44.33958, False, 1, 6.956895
44.36249, False, 1, 7.064272
44.45214, False, 1, 3.937561
44.49633, False, 1, 8.760675
44.50855, False, 1, 3.407315
44.52074, False, 1, 3.032593
44.53167, False, 1, 2.328335
44.5438, False, 1, 3.557631
44.55804, False, 1, 2.01123
44.56944, False, 1, 2.198469
44.58046, False, 1, 1.605854
44.59126, False, 1, 2.223767
44.70743, False, 1, 6.057044
44.72894, False, 1, 9.085477
45.16512, False, 1, 8.716686
45.17731, False, 1, 7.387877
45.18882, False, 1, 6.482167
45.20326, False, 1, 9.109918
45.21394, False, 1, 9.927149
45.506, False, 1, 8.397441
45.51836, False, 1, 8.60972
45.52943, False, 1, 1.905027
45.53951, False, 1, 1.324733
45.55056, False, 1, 1.048352
45.56219, False, 1, 1.012121
45.57443, False, 1, 0.7514629
45.58615, False, 1, 0.7668987
45.59607, False, 1, 0.7925632
45.60637, False, 1, 0.6799876
45.6179, False, 1, 0.5803209
45.62875, False, 1, 0.5827719
45.64086, False, 1, 0.5627372
45.65317, False, 1, 0.5542922
45.66412, False, 1, 0.5446535
45.67508, False, 1, 0.5357225
45.68738, False, 1, 0.5255486
45.70035, False, 1, 0.5300155
45.71274, False, 1, 0.5219428
45.72425, False, 1, 0.4825723
45.73508, False, 1, 0.4751384
45.75441, False, 1, 0.4667361
45.76842, False, 1, 0.4390485
45.77907, False, 1, 0.4629649
45.78985, False, 1, 0.4762106
45.80662, False, 1, 0.4560027
45.81841, False, 1, 0.4527775
45.82878, False, 1, 0.4493288
45.83904, False, 1, 0.4411928
45.85152, False, 1, 0.4411473
45.8617, False, 1, 0.4442792
45.8723, False, 1, 0.4484598
45.88423, False, 1, 0.4509585
45.89684, False, 1, 0.4887885
45.90602, False, 1, 0.4974105
45.91727, False, 1, 0.5007768
45.92867, False, 1, 0.4829405
45.93938, False, 1, 0.5325615
45.95042, False, 1, 0.5380758
45.96149, False, 1, 0.5455862
45.97263, False, 1, 0.5793412
45.98332, False, 1, 0.540038
45.99547, False, 1, 0.5965596
46.00607, False, 1, 0.5841607
46.01747, False, 1, 0.587742
46.03004, False, 1, 0.6191872
46.04281, False, 1, 0.6566297
46.05509, False, 1, 0.7088701
46.06564, False, 1, 0.7111354
46.07837, False, 1, 0.7203184
46.08914, False, 1, 0.7718678
46.10099, False, 1, 0.7698764
46.1117, False, 1, 0.7662627
46.1245, False, 1, 0.7784118
46.13574, False, 1, 0.7952201
46.14796, False, 1, 0.8176885
46.16054, False, 1, 0.8000357
46.17148, False, 1, 0.7874102
46.18183, False, 1, 0.7950841
46.19381, False, 1, 0.8069886
46.2043, False, 1, 0.8071989
46.21498, False, 1, 0.976314
46.22826, False, 1, 0.8804031
46.23964, False, 1, 0.9322377
46.25014, False, 1, 0.9245229
46.26192, False, 1, 0.9621295
46.2744, False, 1, 0.9918083
46.28511, False, 1, 1.019983
46.29576, False, 1, 1.036684
46.30543, False, 1, 1.151656
46.31743, False, 2, 1.124258
46.32859, False, 2, 1.091671
46.34015, False, 2, 1.085523
46.35213, False, 2, 1.0893
46.36937, False, 2, 1.11103
46.38005, False, 2, 1.163007
46.39162, False, 2, 1.163574
46.40289, False, 2, 1.162361
46.41336, False, 2, 1.181454
46.42453, False, 2, 1.144727
46.43636, False, 2, 1.122666
46.44637, False, 2, 1.113553
46.4568, False, 2, 1.109126
46.46997, False, 2, 1.11755
46.48175, False, 2, 1.044613
46.49255, False, 2, 0.9990621
46.50419, False, 2, 1.231362
46.51437, False, 2, 1.166849
46.52625, False, 2, 1.168965
46.53649, False, 2, 1.195808
46.54746, False, 2, 1.091488
46.55865, False, 2, 1.12043
46.57084, False, 2, 1.169855
46.58043, False, 2, 1.14833
46.59135, False, 2, 1.155827
46.60149, False, 2, 1.087779
46.61314, False, 2, 1.112667
46.62355, False, 2, 1.151887
46.63501, False, 2, 1.078503
46.6472, False, 2, 1.043085
46.65908, False, 2, 1.023964
46.66917, False, 2, 1.043415
46.6805, False, 2, 1.438076
46.69252, False, 2, 2.031367
46.70339, False, 2, 2.128883
47.25148, False, 2, 7.754509
47.26316, False, 2, 3.21431
47.27522, False, 2, 2.619048
47.28688, False, 2, 2.422492
47.29593, False, 2, 2.017205
47.30782, False, 2, 1.780362
47.3196, False, 2, 1.751905
47.33166, False, 2, 1.546078
47.34219, False, 2, 1.413886
47.35344, False, 2, 1.380202
47.36428, False, 2, 1.404552
47.37509, False, 2, 1.151351
47.38636, False, 2, 1.322492
47.39729, False, 2, 1.05969
47.40827, False, 2, 1.06724
47.41949, False, 2, 1.118796
47.43057, False, 2, 1.021073
47.44199, False, 2, 0.995405
47.45313, False, 2, 1.057693
47.46405, False, 2, 1.090005
47.47627, False, 2, 1.089784
47.48818, False, 2, 1.107138
47.50023, False, 2, 1.000169
47.51139, False, 2, 0.9132423
47.52157, False, 2, 0.9208095
47.53357, False, 2, 0.9555957
47.54588, False, 2, 0.970322
47.55804, False, 2, 1.07617
47.56879, False, 2, 1.066073
47.58056, False, 2, 1.017982
47.59246, False, 2, 1.427845
47.60349, False, 2, 1.42377
47.61454, False, 2, 1.488624
47.62566, False, 2, 2.772572
47.63744, False, 2, 2.337285
47.65002, False, 2, 2.639242
47.66261, False, 2, 2.754438
47.67316, False, 2, 2.774827
47.68539, False, 2, 3.04984
47.69561, False, 2, 7.518572
47.88311, False, 2, 3.911111
48.04037, False, 2, 3.082431
48.05184, False, 2, 3.805028
48.12696, False, 2, 6.817743
48.13784, False, 2, 9.731894
48.16119, False, 2, 3.166445
48.30519, False, 2, 4.814185
48.31768, False, 2, 5.760365
48.32919, False, 2, 3.347715
48.34113, False, 2, 2.31578
48.36206, False, 2, 2.106979
48.37309, False, 2, 2.5428
48.38484, False, 2, 2.914585
48.43166, False, 2, 3.70728
48.45517, False, 2, 2.23312
48.4678, False, 2, 9.950458
48.49348, False, 2, 2.769254
48.53784, False, 2, 2.601625
48.55081, False, 2, 1.728364
48.56217, False, 2, 1.393828
48.57257, False, 2, 2.554858
48.5878, False, 2, 1.279987
48.60214, False, 2, 1.406096
48.61423, False, 2, 1.688592
48.65987, False, 2, 3.506841
48.67105, False, 2, 3.538973
48.68248, False, 2, 7.580322
48.69447, False, 2, 3.791643
48.70584, False, 2, 6.236562
48.71618, False, 2, 4.398527
48.72704, False, 2, 3.778167
48.74875, False, 2, 2.947496
48.75983, False, 2, 2.019588
48.78221, False, 2, 3.64519
48.79319, False, 2, 1.592012
48.80418, False, 2, 1.961269
48.81551, False, 2, 1.924911
48.82659, False, 2, 1.964058
48.83827, False, 2, 1.54232
48.84909, False, 2, 1.655109
48.86033, False, 2, 1.373959
48.8718, False, 2, 1.820531
48.88398, False, 2, 1.782149
48.89412, False, 2, 1.676391
48.90443, False, 2, 8.890698
49.07091, False, 2, 2.297376
49.08243, False, 2, 3.69007
49.13948, False, 2, 2.490503
49.15141, False, 2, 1.509699
49.16285, False, 2, 1.426669
49.17403, False, 2, 1.715568
49.18528, False, 2, 3.751814
49.29941, False, 2, 7.943271
49.30905, False, 2, 5.617657
49.37787, False, 2, 5.573904
49.39135, False, 2, 9.409524
49.41376, False, 2, 5.930727
49.42466, False, 2, 4.177265
49.43542, False, 2, 4.399518
49.44666, False, 2, 6.986749
49.45882, False, 2, 8.825451
49.47131, False, 2, 2.908926
49.52623, False, 2, 7.85733
49.54845, False, 2, 6.448834
49.59391, False, 2, 9.395505
49.60488, False, 2, 5.551239
49.61705, False, 2, 5.054316
49.62762, False, 2, 4.49223
49.63874, False, 2, 6.598096
49.65021, False, 2, 6.121742
49.66169, False, 2, 5.585757
49.90515, False, 2, 5.982884
50.00597, False, 2, 2.50785
50.06304, False, 2, 1.949809
50.07436, False, 2, 1.783327
50.08574, False, 2, 2.568043
50.09658, False, 2, 2.697209
50.11491, False, 2, 3.353947
50.17856, False, 2, 5.180431
50.19934, False, 2, 8.755261
50.21164, False, 2, 3.58339
50.3152, False, 2, 1.384125
50.32729, False, 2, 1.980077
50.33839, False, 2, 2.101053
50.35048, False, 2, 2.636957
50.36271, False, 2, 2.873117
50.37318, False, 2, 3.327044
50.3844, False, 2, 3.305438
50.39412, False, 2, 7.03712
50.40475, False, 2, 3.594444
50.41603, False, 2, 3.223902
50.42688, False, 2, 3.472341
50.438, False, 2, 2.242048
50.44898, False, 2, 1.675953
50.46097, False, 2, 2.039622
50.82893, False, 2, 2.865425
50.84194, False, 2, 2.594958
50.85369, False, 2, 1.617321
50.86571, False, 2, 1.493696
50.88586, False, 2, 1.191751
50.89621, False, 2, 0.9528941
50.90767, False, 2, 0.9476337
50.91827, False, 2, 0.8774558
50.93019, False, 2, 0.8178559
50.94353, False, 2, 0.6996973
50.95347, False, 2, 0.6737577
50.96263, False, 2, 0.6751368
50.97422, False, 2, 0.6478978
50.98392, False, 2, 0.6649875
50.99594, False, 2, 0.5607864
51.00806, False, 2, 0.548188
51.01775, False, 2, 0.4838363
51.02815, False, 2, 0.4183261
51.03891, False, 2, 0.3997836
51.05076, False, 2, 0.3866607
51.06271, False, 2, 0.3840792
51.07332, False, 2, 0.3631136
51.08431, False, 2, 0.3553479
51.09414, False, 2, 0.3520223
51.10417, False, 2, 0.3428964
51.11434, False, 2, 0.3420799
51.12576, False, 2, 0.3436302
51.13711, False, 2, 0.342012
51.14972, False, 2, 0.395539
51.1613, False, 2, 0.3698975
51.17012, False, 2, 0.3829307
51.18101, False, 2, 0.3895493
51.19215, False, 2, 0.3990956
51.20325, False, 2, 0.3998537
51.21536, False, 2, 0.3507371
51.22639, False, 2, 0.3513158
51.23616, False, 2, 0.3558007
51.24879, False, 2, 0.3581281
51.25999, False, 2, 0.3585109
51.27016, False, 2, 0.3615777
51.28099, False, 2, 0.3676787
51.29243, False, 2, 0.3664086
51.30381, False, 2, 0.3688881
51.31575, False, 2, 0.3804259
51.32641, False, 3, 0.3818487
51.33758, False, 3, 0.3786578
51.34892, False, 3, 0.3808932
51.3605, False, 3, 0.3762095
51.37173, False, 3, 0.3980821
51.38349, False, 3, 0.4003005
51.39447, False, 3, 0.4118045
51.40545, False, 3, 0.4231864
51.41704, False, 3, 0.434144
51.42845, False, 3, 0.4377447
51.43954, False, 3, 0.5021324
51.45702, False, 3, 0.5053656
51.46964, False, 3, 0.5423384
51.48156, False, 3, 0.5271488
51.49188, False, 3, 0.5631478
51.50411, False, 3, 0.5906959
51.51609, False, 3, 0.6004908
51.52785, False, 3, 0.6184623
51.54075, False, 3, 0.6157225
51.55266, False, 3, 0.6280599
51.56274, False, 3, 0.6503217
51.5742, False, 3, 0.6943119
51.58538, False, 3, 0.7233473
51.59542, False, 3, 0.7539236
51.60675, False, 3, 0.808405
51.61696, False, 3, 0.8893766
51.62726, False, 3, 0.8735399
51.63788, False, 3, 0.8973851
51.64874, False, 3, 0.9155669
51.66065, False, 3, 1.02669
51.67083, False, 3, 1.202159
51.68296, False, 3, 1.289853
51.69503, False, 3, 1.101016
51.7078, False, 3, 1.130467
51.71958, False, 3, 1.104264
51.73072, False, 3, 1.12863
51.74257, False, 3, 1.16108
51.75288, False, 3, 1.17941
51.76455, False, 3, 1.221198
51.77579, False, 3, 1.238856
51.78615, False, 3, 1.253631
51.79633, False, 3, 1.272463
51.80759, False, 3, 1.308711
51.81885, False, 3, 1.528744
51.82831, False, 3, 1.74279
51.83917, False, 3, 1.65967
51.85072, False, 3, 1.757896
51.86242, False, 3, 2.700253
51.87469, False, 3, 5.386849
52.56166, False, 3, 3.080819
52.58412, False, 3, 3.664948
52.59531, False, 3, 3.451762
52.60684, False, 3, 2.609818
52.61802, False, 3, 1.622275
52.6293, False, 3, 1.718493
52.64073, False, 3, 1.661723
52.65157, False, 3, 1.451439
52.66288, False, 3, 1.401553
52.67517, False, 3, 1.347265
52.68607, False, 3, 1.286526
52.69611, False, 3, 1.233347
52.7079, False, 3, 1.205021
52.71865, False, 3, 1.177864
52.73002, False, 3, 1.180167
52.7414, False, 3, 1.191782
52.75257, False, 3, 1.525942
52.76268, False, 3, 1.1629
52.77579, False, 3, 1.20095
52.78686, False, 3, 1.272926
52.79837, False, 3, 1.294298
52.80966, False, 3, 1.302586
52.8201, False, 3, 1.437275
52.83367, False, 3, 1.589736
52.8474, False, 3, 1.847804
52.85909, False, 3, 1.89606
52.86892, False, 3, 1.820826
52.87967, False, 3, 2.779432
52.89106, False, 3, 5.981315
52.90258, False, 3, 9.713047
52.91453, False, 3, 2.92953
52.92593, False, 3, 2.983647
52.93615, False, 3, 2.501327
52.94637, False, 3, 2.652439
52.95763, False, 3, 2.375157
52.96939, False, 3, 2.84382
52.98004, False, 3, 3.544418
53.01328, False, 3, 6.189884
53.02434, False, 3, 5.972423
53.09078, False, 3, 9.72364
53.10524, False, 3, 7.897364
53.11633, False, 3, 6.876631
53.12713, False, 3, 6.957856
53.13983, False, 3, 9.591844
53.16132, False, 3, 4.185369
53.3821, False, 3, 9.019018
53.51547, False, 3, 8.999743
53.52657, False, 3, 4.236424
53.53794, False, 3, 5.16641
53.54944, False, 3, 2.923648
53.82519, False, 3, 8.317291
53.83545, False, 3, 2.460575
53.84734, False, 3, 3.050243
53.85831, False, 3, 2.918043
53.86892, False, 3, 3.989827
53.88044, False, 3, 3.57553
53.8909, False, 3, 6.369394
53.90248, False, 3, 7.203207
54.35143, False, 3, 3.103309
54.3629, False, 3, 1.658866
54.3811, False, 3, 1.10544
54.39363, False, 3, 0.8227333
54.40464, False, 3, 0.798577
54.41627, False, 3, 0.7134085
54.42693, False, 3, 0.4687564
54.43795, False, 3, 0.4312735
54.44997, False, 3, 0.4082596
54.45998, False, 3, 0.4122495
54.47103, False, 3, 0.3861784
54.48224, False, 3, 0.3673101
54.49311, False, 3, 0.3902569
54.50401, False, 3, 0.3764289
54.51509, False, 3, 0.3705733
54.52647, False, 3, 0.3667235
54.53801, False, 3, 0.3594832
54.55116, False, 3, 0.3770159
54.56301, False, 3, 0.3423074
54.5754, False, 3, 0.344618
54.58677, False, 3, 0.3405479
54.59724, False, 3, 0.3404295
54.60761, False, 3, 0.3413239
54.61964, False, 3, 0.3470583
54.63136, False, 3, 0.3572923
54.64201, False, 3, 0.3641474
54.65209, False, 3, 0.3962509
54.66221, False, 3, 0.3777815
54.67378, False, 3, 0.3980951
54.68563, False, 3, 0.3772365
54.69722, False, 3, 0.3654565
54.70766, False, 3, 0.3809855
54.71975, False, 3, 0.3686552
54.73118, False, 3, 0.3695921
54.74271, False, 3, 0.3795023
54.75356, False, 3, 0.3628893
54.76495, False, 3, 0.3564467
54.77605, False, 3, 0.3564619
54.78748, False, 3, 0.3546065
54.79823, False, 3, 0.3568721
54.80936, False, 3, 0.3605849
54.82063, False, 3, 0.3748682
54.83286, False, 3, 0.3634938
54.84483, False, 3, 0.3749757
54.85548, False, 3, 0.3697215
54.86628, False, 3, 0.3729562
54.87783, False, 3, 0.3726938
54.88943, False, 3, 0.3725802
54.90137, False, 3, 0.3741362
54.91241, False, 3, 0.378047
54.92403, False, 3, 0.3775153
54.93528, False, 3, 0.3807927
54.94574, False, 3, 0.3845861
54.95969, False, 3, 0.3829624
54.97435, False, 3, 0.3898238
54.98519, False, 3, 0.3978382
54.99652, False, 3, 0.4095723
55.00616, False, 3, 0.4111735
55.01572, False, 3, 0.4223975
55.02662, False, 3, 0.430793
55.03655, False, 3, 0.4220327
55.04839, False, 3, 0.42967
55.05975, False, 3, 0.4319659
55.06966, False, 3, 0.4366654
55.08111, False, 3, 0.4787954
55.09103, False, 3, 0.4617848
55.10185, False, 3, 0.4787331
55.11235, False, 3, 0.531019
55.12309, False, 3, 0.5294816
55.13477, False, 3, 0.5492063
55.14551, False, 3, 0.5877685
55.15743, False, 3, 0.5999662
55.16842, False, 3, 0.6111194
55.18008, False, 3, 0.6178068
55.19109, False, 3, 0.632161
55.20204, False, 3, 0.6485467
55.21237, False, 3, 0.6620581
55.22371, False, 3, 0.8264011
55.23433, False, 3, 1.005733
55.24515, False, 3, 0.9874542
55.25663, False, 3, 1.051031
55.26789, False, 3, 1.090019
55.27878, False, 3, 1.098248
55.28973, False, 3, 1.131832
55.30135, False, 3, 1.097403
55.3125, False, 3, 1.093764
55.32387, False, 3, 1.067941
55.33594, False, 3, 1.084003
55.34677, False, 3, 1.11997
55.35893, False, 3, 1.085366
55.37008, False, 3, 1.089538
55.381, False, 3, 1.074729
55.3926, False, 3, 1.081354
55.40305, False, 3, 1.087411
55.41523, False, 3, 1.087972
55.42709, False, 3, 1.108242
55.43753, False, 3, 1.117165
55.45537, False, 3, 1.161382
55.46722, False, 3, 1.151693
55.47673, False, 3, 1.253128
55.48724, False, 3, 1.283698
55.49797, False, 3, 1.296806
55.50695, False, 3, 1.293643
55.51754, False, 3, 1.301444
55.52797, False, 3, 1.078092
55.53875, False, 3, 1.99445
55.5562, False, 3, 1.449619
55.56748, False, 3, 1.323983
55.57858, False, 3, 1.255765
55.58986, False, 3, 1.341479
55.60092, False, 3, 1.143895
55.61213, False, 3, 1.139532
55.6231, False, 3, 1.174991
55.63472, False, 3, 1.152368
55.64739, False, 3, 1.104883
55.6603, False, 3, 1.024978
55.67324, False, 3, 1.182969
55.68462, False, 3, 1.200317
55.69556, False, 3, 1.220114
55.70568, False, 3, 1.226041
55.71769, False, 3, 1.266028
55.72841, False, 3, 1.748827
55.73967, False, 3, 1.226053
55.74932, False, 3, 1.683453
55.75889, False, 3, 2.924566
55.76949, False, 3, 9.315103
55.77974, False, 3, 7.664434
55.79023, False, 3, 9.750348
55.82287, False, 3, 3.621197
56.22645, False, 3, 0
56.40188, False, 4, 0
56.42432, False, 4, 6.788776
56.65784, False, 4, 3.578544
56.66832, False, 4, 8.092238
56.91616, False, 4, 0
56.92772, False, 4, 2.198179
57.04972, False, 4, 9.362367
57.06141, False, 4, 6.197164
57.10495, False, 4, 5.30942
57.11641, False, 4, 5.383981
57.16728, False, 4, 3.030717
57.54579, False, 4, 7.626921
57.55711, False, 4, 8.104825
57.57974, False, 4, 2.871324
57.6137, False, 4, 9.787934
57.7495, False, 4, 2.031871
57.76062, False, 4, 5.603134
57.79358, False, 4, 3.544378
57.80495, False, 4, 1.596308
57.81659, False, 4, 1.390976
57.82704, False, 4, 2.729787
57.97512, False, 4, 3.882593
57.99624, False, 4, 4.653358
58.00507, False, 4, 2.599525
58.01659, False, 4, 1.62904
58.02594, False, 4, 2.280854
58.07726, False, 4, 0.7929187
58.08898, False, 4, 3.820758
58.11081, False, 4, 3.758506
58.14411, False, 4, 1.618757
58.1772, False, 4, 0.8189545
58.25544, False, 4, 3.027617
58.26696, False, 4, 6.421397
58.27706, False, 4, 3.861159
58.2887, False, 4, 2.386126
58.31043, False, 4, 4.064756
58.3218, False, 4, 4.317712
58.33321, False, 4, 1.19459
58.34479, False, 4, 3.354095
58.36659, False, 4, 6.643724
58.37798, False, 4, 9.880147
58.41187, False, 4, 4.381403
58.63617, False, 4, 2.23242
58.64754, False, 4, 1.925189
58.65866, False, 4, 3.932342
58.67016, False, 4, 3.935507
58.69899, False, 4, 5.008704
58.72186, False, 4, 3.517375
58.73314, False, 4, 9.111719
58.75547, False, 4, 9.310029
58.76617, False, 4, 5.064765
58.78901, False, 4, 8.425814
58.80028, False, 4, 7.413235
58.81195, False, 4, 3.653296
58.82317, False, 4, 3.558057
58.83456, False, 4, 3.413891
58.84502, False, 4, 3.948575
58.85551, False, 4, 4.199533
58.86758, False, 4, 3.864143
58.8779, False, 4, 3.970627
58.88994, False, 4, 4.078876
58.9016, False, 4, 2.635214
58.91529, False, 4, 2.591776
58.92671, False, 4, 2.806517
58.93815, False, 4, 3.072036
58.94857, False, 4, 3.082832
58.95993, False, 4, 3.110023
58.97079, False, 4, 3.249496
58.98197, False, 4, 3.35886
58.99233, False, 4, 3.489161
59.0023, False, 4, 3.610885
59.01418, False, 4, 3.780023
59.02512, False, 4, 7.680473
59.03451, False, 4, 7.786387
59.04475, False, 4, 8.969407
59.05616, False, 4, 7.428332
59.06679, False, 4, 4.997393
59.07732, False, 4, 4.133303
59.0888, False, 4, 4.273135
59.10035, False, 4, 4.829667
59.11148, False, 4, 5.390733
59.12319, False, 4, 1.635786
59.13407, False, 4, 1.637624
59.14664, False, 4, 1.857374
59.1586, False, 4, 2.287034
59.16961, False, 4, 1.993706
59.18001, False, 4, 1.901875
59.19096, False, 4, 1.668293
59.20158, False, 4, 1.561758
59.2131, False, 4, 1.273772
59.22476, False, 4, 1.702115
59.23482, False, 4, 1.541691
59.24526, False, 4, 1.330575
59.25681, False, 4, 1.379562
59.26848, False, 4, 1.231562
59.28005, False, 4, 1.089371
59.29648, False, 4, 0.9415911
59.30844, False, 4, 1.012369
59.31828, False, 4, 0.8307695
59.32858, False, 4, 0.8061802
59.33883, False, 4, 0.8515174
59.34988, False, 4, 0.8098837
59.35963, False, 4, 0.8064517
59.37091, False, 4, 0.808258
59.38212, False, 4, 0.8028883
59.39264, False, 4, 0.8074777
59.40198, False, 4, 0.8082795
59.41203, False, 4, 0.8084915
59.42295, False, 4, 0.8134983
59.43438, False, 4, 0.8087136
59.44535, False, 4, 0.7837009
59.45846, False, 4, 0.7846632
59.46877, False, 4, 0.7714294
59.47903, False, 4, 0.76025
59.49, False, 4, 0.7406842
59.50134, False, 4, 0.7410499
59.5121, False, 4, 0.7603879
59.52502, False, 4, 0.7623467
59.5357, False, 4, 0.7473689
59.54719, False, 4, 0.7459148
59.55849, False, 4, 0.7723818
59.56879, False, 4, 0.7600446
59.58025, False, 4, 0.770076
59.59113, False, 4, 0.7858739
59.60172, False, 4, 0.8361001
59.61209, False, 4, 0.8298537
59.62285, False, 4, 0.8173165
59.63402, False, 4, 0.8229365
59.6445, False, 4, 0.8175151
59.65588, False, 4, 0.8298128
59.66737, False, 4, 0.8413382
59.67663, False, 4, 0.8404784
59.68798, False, 4, 0.8433008
59.69897, False, 4, 0.8509741
59.71074, False, 4, 0.89381
59.72256, False, 4, 0.891792
59.73375, False, 4, 0.8945205
59.74462, False, 4, 0.9101138
59.75607, False, 4, 0.9217895
59.76742, False, 4, 0.9750211
59.77895, False, 4, 1.02067
59.79017, False, 4, 1.188019
59.80154, False, 4, 1.099619
59.81249, False, 4, 1.356186
59.82416, False, 4, 1.492074
59.83503, False, 4, 1.788968
59.84645, False, 4, 1.627745
59.85863, False, 4, 1.742636
59.86979, False, 4, 2.111531
59.88782, False, 4, 2.088535
59.89965, False, 4, 2.043942
59.91004, False, 4, 2.047555
59.92313, False, 4, 2.017593
59.93406, False, 4, 1.973412
59.94336, False, 4, 1.592464
59.95499, False, 4, 1.529543
59.96553, False, 4, 1.564016
59.97664, False, 4, 1.568838
59.98745, False, 4, 1.567764
59.99867, False, 4, 1.518425
60.0099, False, 4, 1.403216
60.0207, False, 4, 1.207476
60.03191, False, 4, 1.233157
60.04365, False, 4, 1.173619
60.05519, False, 4, 1.198796
60.06622, False, 4, 1.181414
60.0778, False, 4, 1.172712
60.08981, False, 4, 0.9414826
60.09985, False, 4, 1.255248
60.11053, False, 4, 1.213595
60.12092, False, 4, 1.216807
60.1324, False, 4, 1.068586
60.14384, False, 4, 0.9654691
60.15541, False, 4, 0.9784173
60.16695, False, 4, 0.9896098
60.17751, False, 4, 1.005092
60.18808, False, 4, 0.994059
60.19883, False, 4, 0.9940387
60.21099, False, 4, 0.9737497
60.22222, False, 4, 0.9705966
60.2323, False, 4, 0.9705608
60.24424, False, 4, 0.9919837
60.25467, False, 4, 0.9985028
60.26572, False, 4, 1.008464
60.27692, False, 4, 1.008869
60.28733, False, 4, 1.02165
60.29894, False, 4, 1.027815
60.30981, False, 4, 1.022119
60.32099, False, 4, 1.011124
60.33219, False, 4, 1.045348
60.34329, False, 4, 1.07535
60.35489, False, 4, 1.081866
60.36655, False, 4, 1.07938
60.37782, False, 4, 1.049522
60.38927, False, 4, 1.055188
60.40154, False, 4, 1.061976
60.41279, False, 4, 1.080097
60.42487, False, 4, 1.063777
60.43578, False, 4, 1.085885
60.44671, False, 4, 1.092296
60.45783, False, 4, 1.199995
60.46879, False, 4, 1.070508
60.48611, False, 4, 0.9665992
60.49705, False, 4, 0.9040118
60.50857, False, 4, 0.923898
60.51976, False, 4, 0.9611225
60.53004, False, 4, 0.9860256
60.54045, False, 4, 0.9563371
60.55081, False, 4, 0.9952289
60.56116, False, 4, 1.072778
60.57301, False, 4, 1.190066
60.584, False, 4, 1.146964
60.5944, False, 4, 1.024949
60.60522, False, 4, 1.094301
60.61555, False, 4, 1.082911
60.62592, False, 4, 1.033534
60.63545, False, 4, 1.028852
60.646, False, 4, 1.027367
60.65711, False, 4, 1.037124
60.66788, False, 4, 1.022577
60.67928, False, 4, 1.036049
60.69029, False, 4, 1.03807
60.69978, False, 4, 1.031573
60.71043, False, 4, 1.049695
60.72108, False, 4, 1.044333
60.7319, False, 4, 1.039523
60.74749, False, 4, 1.038024
60.75686, False, 4, 1.231863
60.76787, False, 4, 1.787897
60.78099, False, 4, 1.332527
60.79223, False, 4, 1.256847
60.80475, False, 4, 3.074219
60.81517, False, 4, 2.369451
60.82566, False, 4, 3.578538
60.84618, False, 4, 4.739515
60.85666, False, 4, 7.0519
60.86693, False, 4, 7.529119
60.87681, False, 4, 7.532411
60.88901, False, 4, 6.002281
60.89947, False, 4, 5.736069
60.91114, False, 4, 7.402407
60.92235, False, 4, 7.798236
60.93364, False, 4, 7.124775
60.94312, False, 4, 9.043523
60.95397, False, 4, 7.16573
60.96529, False, 4, 6.358051
60.97646, False, 4, 8.379082
60.98779, False, 4, 5.211776
61.01029, False, 4, 5.133252
61.02198, False, 4, 9.336525
61.04358, False, 4, 4.786038
61.05545, False, 4, 5.079233
61.06667, False, 4, 4.921523
61.08479, False, 4, 5.226884
61.09583, False, 4, 5.144778
61.10775, False, 4, 8.091114
61.12907, False, 4, 2.74676
61.13964, False, 4, 3.088984
61.15063, False, 4, 3.191035
61.15989, False, 4, 3.074286
61.17134, False, 4, 3.18294
61.18303, False, 4, 3.568331
61.1949, False, 4, 3.78063
61.20609, False, 4, 3.87358
61.21687, False, 4, 3.62629
61.22631, False, 4, 3.712477
61.23857, False, 4, 3.954669
61.25071, False, 4, 3.957878
61.27275, False, 4, 5.688869
61.28388, False, 4, 6.728438
61.29528, False, 4, 4.66973
61.30612, False, 4, 4.892395
61.33696, False, 5, 6.235518
61.3475, False, 5, 6.551037
61.35807, False, 5, 3.103414
61.3793, False, 5, 9.309522
61.39135, False, 5, 5.53082
61.40234, False, 5, 9.25319
61.56477, False, 5, 6.969895
61.57626, False, 5, 3.964979
61.58773, False, 5, 3.928799
61.59956, False, 5, 4.606892
61.61043, False, 5, 3.066556
61.62247, False, 5, 4.830063
61.74327, False, 5, 6.543318
61.75428, False, 5, 7.718732
61.76542, False, 5, 7.78672
62.07769, False, 5, 4.864669
62.11136, False, 5, 4.538947
62.1227, False, 5, 1.947268
62.1341, False, 5, 2.023099
62.14428, False, 5, 1.13414
62.15574, False, 5, 1.038858
62.16684, False, 5, 0.8510461
62.17812, False, 5, 0.5756131
62.18953, False, 5, 0.5764585
62.20081, False, 5, 0.4462588
62.21203, False, 5, 0.4155178
62.22384, False, 5, 0.4439049
62.23433, False, 5, 0.4611791
62.24665, False, 5, 0.4290746
62.25745, False, 5, 0.4056818
62.26888, False, 5, 0.4035567
62.2803, False, 5, 0.3956738
62.29136, False, 5, 0.3943455
62.30243, False, 5, 0.3942878
62.31452, False, 5, 0.3905023
62.32463, False, 5, 0.391855
62.3359, False, 5, 0.3807088
62.3477, False, 5, 0.4069962
62.35904, False, 5, 0.3920418
62.37006, False, 5, 0.3946174
62.38152, False, 5, 0.3866349
62.39212, False, 5, 0.3743628
62.40435, False, 5, 0.37271
62.41578, False, 5, 0.3694801
62.42677, False, 5, 0.3679678
62.43663, False, 5, 0.3630181
62.44775, False, 5, 0.3992757
62.45827, False, 5, 0.4372683
62.4691, False, 5, 0.3866646
62.48556, False, 5, 0.4052955
62.49753, False, 5, 0.4034918
62.50761, False, 5, 0.4041113
62.51778, False, 5, 0.3835648
62.527, False, 5, 0.395162
62.53635, False, 5, 0.3874216
62.54714, False, 5, 0.386089
62.55751, False, 5, 0.3886577
62.56789, False, 5, 0.3912705
62.58075, False, 5, 0.3872117
62.5918, False, 5, 0.3841308
62.60177, False, 5, 0.3815138
62.61165, False, 5, 0.3817589
62.6237, False, 5, 0.3826237
62.63364, False, 5, 0.383251
62.64229, False, 5, 0.383729
62.65289, False, 5, 0.385642
62.6643, False, 5, 0.3853357
62.67521, False, 5, 0.3859014
62.68624, False, 5, 0.3773345
62.69749, False, 5, 0.3755341
62.70889, False, 5, 0.3789645
62.71989, False, 5, 0.3779026
62.73121, False, 5, 0.3775732
62.74235, False, 5, 0.3733742
62.75363, False, 5, 0.3607223
62.7651, False, 5, 0.3608351
62.77526, False, 5, 0.3605645
62.78709, False, 5, 0.3505017
62.79754, False, 5, 0.3523761
62.80849, False, 5, 0.3526233
62.81959, False, 5, 0.3557925
62.83145, False, 5, 0.3531596
62.84211, False, 5, 0.3568099
62.85349, False, 5, 0.3657756
62.86509, False, 5, 0.4013994
62.87561, False, 5, 0.4692903
62.88755, False, 5, 0.4725254
62.8997, False, 5, 0.4658211
62.91137, False, 5, 0.5057564
62.92397, False, 5, 0.5196425
62.93372, False, 5, 0.553763
62.94741, False, 5, 0.6100302
62.95943, False, 5, 0.5832625
62.97077, False, 5, 0.6089692
62.98193, False, 5, 0.5796132
62.99209, False, 5, 0.6233951
63.00185, False, 5, 0.7019358
63.01172, False, 5, 0.7235103
63.02217, False, 5, 0.7349236
63.03351, False, 5, 0.7262502
63.0433, False, 5, 0.7357601
63.05524, False, 5, 0.7552158
63.07418, False, 5, 0.7655067
63.08698, False, 5, 0.7789043
63.09859, False, 5, 0.7898849
63.10947, False, 5, 0.8000653
63.12035, False, 5, 0.8057877
63.13256, False, 5, 0.8426787
63.14298, False, 5, 0.9375079
63.15515, False, 5, 0.9417251
63.16474, False, 5, 0.9485613
63.1752, False, 5, 0.9581239
63.18629, False, 5, 0.9398622
63.19715, False, 5, 0.9488636
63.21, False, 5, 0.9378758
63.22165, False, 5, 0.9302502
63.23342, False, 5, 0.9380138
63.24502, False, 5, 0.9583676
63.25587, False, 5, 0.958791
63.2659, False, 5, 0.969645
63.27493, False, 5, 0.9741344
63.28593, False, 5, 1.028536
63.29953, False, 5, 1.043012
63.31259, False, 5, 0.9932672
63.32392, False, 5, 0.9979711
63.33417, False, 5, 0.9993896
63.34623, False, 5, 1.016511
63.35703, False, 5, 1.067908
63.36777, False, 5, 1.05179
63.37923, False, 5, 1.048674
63.39127, False, 5, 1.037657
63.40276, False, 5, 1.051244
63.41298, False, 5, 1.037666
63.42428, False, 5, 1.039701
63.43366, False, 5, 1.060274
63.44324, False, 5, 1.001935
63.45477, False, 5, 1.328535
63.46695, False, 5, 1.395714
63.47655, False, 5, 2.057212
63.48729, False, 5, 1.865788
63.49741, False, 5, 2.133765
63.50871, False, 5, 2.874115
63.51995, False, 5, 2.763403
63.53223, False, 5, 2.402529
63.54322, False, 5, 3.349708
63.55568, False, 5, 3.425964
63.5661, False, 5, 3.459018
63.57635, False, 5, 4.322194
63.58821, False, 5, 3.930757
63.6005, False, 5, 4.086269
63.61039, False, 5, 4.080369
63.62148, False, 5, 4.24386
63.63309, False, 5, 4.280894
63.64317, False, 5, 4.137714
63.65488, False, 5, 4.57992
63.66968, False, 5, 5.512974
63.68475, False, 5, 6.016782
63.70101, False, 5, 7.152079
63.71801, False, 5, 9.784734
63.85265, False, 5, 5.232971
63.91911, False, 5, 8.126312
63.95302, False, 5, 9.553898
63.96378, False, 5, 6.798933
64.0078, False, 5, 8.813168
64.01926, False, 5, 2.176911
64.03004, False, 5, 2.043839
64.04121, False, 5, 2.363301
64.05219, False, 5, 1.813039
64.06314, False, 5, 2.348591
64.08572, False, 5, 6.657114
64.0971, False, 5, 5.305691
64.11904, False, 5, 5.731098
64.16356, False, 5, 3.765507
64.17509, False, 5, 4.164825
64.22065, False, 5, 4.238608
64.23286, False, 5, 1.881765
64.24383, False, 5, 2.179945
64.27801, False, 5, 2.845106
64.28967, False, 5, 3.082711
64.30186, False, 5, 5.967945
64.31277, False, 5, 7.605516
64.32491, False, 5, 3.024553
64.33508, False, 5, 4.782482
64.34654, False, 5, 6.551538
64.35802, False, 5, 5.279214
64.36987, False, 5, 3.745835
64.3821, False, 5, 7.073276
64.40942, False, 5, 2.480917
64.41946, False, 5, 1.967684
64.43005, False, 5, 2.227895
64.44017, False, 5, 1.710092
64.51884, False, 5, 9.358185
64.54139, False, 5, 4.321829
64.55312, False, 5, 3.203033
64.56503, False, 5, 2.030081
64.5747, False, 5, 1.646653
64.58591, False, 5, 1.85894
64.59669, False, 5, 2.037401
64.60809, False, 5, 1.361845
64.61877, False, 5, 3.179744
64.63, False, 5, 2.178746
64.64108, False, 5, 4.464874
64.73016, False, 5, 9.277164
64.78545, False, 5, 2.482748
64.79766, False, 5, 2.881448
64.80963, False, 5, 2.587198
64.82008, False, 5, 2.86501
64.83308, False, 5, 3.994228
64.84296, False, 5, 2.585897
64.85283, False, 5, 3.335673
64.88549, False, 5, 8.676925
64.90884, False, 5, 3.066069
64.91886, False, 5, 7.498125
64.9305, False, 5, 2.681006
64.94158, False, 5, 3.77058
64.9641, False, 5, 2.173247
64.97579, False, 5, 4.72665
64.98735, False, 5, 6.58263
64.99863, False, 5, 5.158565
65.04485, False, 5, 4.020453
65.05578, False, 5, 3.733731
65.06727, False, 5, 2.293674
65.1879, False, 5, 7.478816
65.21105, False, 5, 2.594914
65.22275, False, 5, 2.402681
65.24522, False, 5, 6.836743
65.25546, False, 5, 6.758955
65.26658, False, 5, 6.922113
65.2762, False, 5, 1.976721
65.28819, False, 5, 2.434927
65.29764, False, 5, 2.213438
65.30784, False, 5, 2.300976
65.35409, False, 5, 6.682889
65.37415, False, 5, 3.110979
65.38528, False, 5, 6.585888
65.39671, False, 5, 2.580957
65.44084, False, 5, 9.60164
65.59697, False, 5, 1.672774
65.60851, False, 5, 3.93939
65.63293, False, 5, 2.605589
65.70032, False, 5, 7.558754
65.84248, False, 5, 7.391253
65.90725, False, 5, 3.367644
66.12927, False, 5, 1.583668
66.14046, False, 5, 6.651873
66.16282, False, 5, 2.384408
66.17387, False, 5, 1.975911
66.1848, False, 5, 9.657273
66.19589, False, 5, 3.167571
66.27478, False, 5, 7.89725
66.28647, False, 5, 2.98866
66.29745, False, 5, 2.37068
66.30861, False, 5, 2.277187
66.32013, False, 5, 3.014692
