3.657856, True, 0, 4.355185
3.682032, True, 0, 4.365927
3.695584, True, 0, 4.409801
3.819483, True, 0, 4.478894
3.90432, True, 0, 4.518358
3.948621, True, 0, 4.553831
3.959387, True, 0, 4.567713
3.969567, True, 0, 4.624528
3.980889, True, 0, 4.646916
3.993008, True, 0, 4.541531
4.017364, True, 0, 4.5884
4.028996, True, 0, 4.663454
4.040171, True, 0, 4.659936
4.193116, True, 0, 4.736048
4.215042, True, 0, 4.781452
4.226911, True, 0, 4.835835
4.292526, True, 0, 4.868791
4.392626, True, 0, 5.002599
4.415486, True, 0, 4.947052
4.44118, True, 0, 4.884816
4.47595, True, 0, 4.852494
4.646817, True, 0, 4.884803
4.717487, True, 0, 4.785294
4.727134, True, 0, 4.808433
4.770467, True, 0, 4.866976
4.825203, True, 0, 4.99143
4.980062, True, 0, 5.127061
4.99208, True, 0, 5.134468
5.029731, True, 0, 5.097667
5.04099, True, 0, 5.084991
5.052384, True, 0, 5.155661
5.095325, True, 0, 5.236797
5.314742, True, 0, 5.142673
5.327129, True, 0, 5.077012
5.431725, True, 0, 5.114737
5.44377, True, 0, 5.118966
5.512043, True, 0, 5.104263
5.577324, True, 0, 5.096237
5.588822, True, 0, 5.043616
5.600861, True, 0, 5.008583
5.613457, True, 0, 4.917768
5.663431, True, 1, 4.890238
5.804183, True, 1, 4.955525
5.815917, True, 1, 4.967689
5.837589, True, 1, 4.937901
5.849315, True, 1, 4.860842
5.860487, True, 1, 4.817837
5.87167, True, 1, 4.857538
5.883357, True, 1, 4.85637
5.903993, True, 1, 4.895036
5.950088, True, 1, 4.88685
5.973446, True, 1, 4.836896
6.479737, True, 1, 4.886391
6.624686, True, 1, 4.895654
6.658024, True, 1, 4.863619
6.670205, True, 1, 4.897583
6.6806, True, 1, 4.910036
6.693548, True, 1, 4.850276
6.704844, True, 1, 4.904347
6.783518, True, 1, 4.873888
6.79666, True, 1, 4.875664
6.807201, True, 1, 4.862601
6.818951, True, 1, 4.959726
6.83182, True, 1, 4.947052
6.84417, True, 1, 4.983422
6.856125, True, 1, 4.996965
6.867797, True, 1, 4.90082
6.880567, True, 1, 4.74766
6.893354, True, 1, 4.746206
6.903722, True, 1, 4.652847
6.915254, True, 1, 4.60835
6.92733, True, 1, 4.524744
6.941359, True, 1, 4.513488
6.958131, True, 1, 4.45664
6.970029, True, 1, 4.337083
6.981378, True, 1, 4.186318
6.992645, True, 1, 4.023489
7.002656, True, 1, 3.966085
7.013376, True, 1, 3.87914
7.025137, True, 1, 3.860818
7.036439, True, 1, 3.752477
7.047437, True, 1, 3.602878
7.060194, True, 1, 3.588674
7.071093, True, 1, 3.553346
7.081965, True, 1, 3.46043
7.092629, True, 1, 3.397798
7.104772, True, 1, 3.343894
7.117017, True, 1, 3.258727
7.129994, True, 1, 3.207907
7.141675, True, 1, 3.170974
7.154, True, 1, 3.112603
7.164361, True, 1, 3.070298
7.175598, True, 1, 2.929605
7.187861, True, 1, 2.869632
7.198654, True, 1, 2.805225
7.210736, True, 1, 2.795094
7.220832, True, 1, 2.772444
7.232048, True, 1, 2.705989
7.244889, True, 1, 2.66734
7.258347, True, 1, 2.626476
7.270399, True, 1, 2.561196
7.282153, True, 1, 2.542577
7.294647, True, 1, 2.393412
7.306269, True, 1, 2.259403
7.317567, True, 1, 2.189991
7.329037, True, 1, 2.056861
7.34129, True, 1, 1.964146
7.353439, True, 1, 1.900729
7.36356, True, 1, 1.75672
7.375755, True, 1, 1.725239
7.387242, True, 1, 1.658363
7.398676, True, 1, 1.569886
7.410788, True, 1, 1.497563
7.421952, True, 1, 1.451169
7.435156, True, 1, 1.385053
7.44623, True, 1, 1.340591
7.457895, True, 1, 1.321451
7.469792, True, 1, 1.304101
7.480041, True, 1, 1.285868
7.490444, True, 1, 1.274079
7.502433, True, 1, 1.265112
7.51261, True, 1, 1.240984
7.523818, True, 1, 1.22965
7.535394, True, 1, 1.217663
7.547132, True, 1, 1.209127
7.562241, True, 1, 1.204725
7.573881, True, 1, 1.196293
7.586723, True, 1, 1.183571
7.598504, True, 1, 1.172581
7.611772, True, 1, 1.160968
7.622981, True, 1, 1.14976
7.636232, True, 1, 1.134813
7.647535, True, 1, 1.126326
7.658086, True, 1, 1.118398
7.669343, True, 1, 1.107862
7.680816, True, 1, 1.101432
7.692904, True, 1, 1.102032
7.703725, True, 1, 1.101422
7.715526, True, 1, 1.10351
7.72962, True, 1, 1.107493
7.741866, True, 1, 1.111071
7.753989, True, 1, 1.115613
7.766727, True, 1, 1.119386
7.77955, True, 1, 1.122297
7.79094, True, 1, 1.126008
7.80226, True, 1, 1.129418
7.812612, True, 1, 1.129945
7.82357, True, 1, 1.134103
7.836239, True, 1, 1.14032
7.84753, True, 1, 1.143118
7.858657, True, 1, 1.14345
7.870501, True, 1, 1.14074
7.881362, True, 1, 1.139967
7.894049, True, 1, 1.13952
7.904372, True, 1, 1.140763
7.914599, True, 1, 1.143513
7.926926, True, 1, 1.146305
7.938305, True, 1, 1.150979
7.950593, True, 1, 1.156471
7.961854, True, 1, 1.159038
7.972932, True, 1, 1.161806
7.984216, True, 1, 1.165482
7.997074, True, 1, 1.16885
8.009292, True, 1, 1.173073
8.019982, True, 1, 1.177197
8.032219, True, 1, 1.181133
8.044902, True, 1, 1.185069
8.056042, True, 1, 1.188537
8.066285, True, 1, 1.193997
8.077556, True, 1, 1.198973
8.088074, True, 1, 1.203836
8.099082, True, 1, 1.211774
8.111883, True, 1, 1.219189
8.122746, True, 1, 1.226958
8.135189, True, 1, 1.23476
8.145985, True, 1, 1.242344
8.162073, True, 1, 1.249115
8.177354, True, 1, 1.255878
8.187952, True, 1, 1.262557
8.198316, True, 1, 1.269316
8.210594, True, 1, 1.275365
8.221752, True, 1, 1.280429
8.234801, True, 1, 1.284894
8.246387, True, 1, 1.289051
8.25867, True, 1, 1.290914
8.270811, True, 1, 1.290985
8.282061, True, 1, 1.293106
8.294436, True, 1, 1.300701
8.304427, True, 1, 1.306783
8.317192, True, 1, 1.309925
8.327247, True, 1, 1.310419
8.338659, True, 1, 1.311158
8.350415, True, 1, 1.318517
8.360127, True, 1, 1.33528
8.371401, True, 1, 1.35263
8.38396, True, 1, 1.377993
8.395108, True, 1, 1.401617
8.406792, True, 1, 1.516705
8.428919, True, 1, 1.662467
8.440351, True, 1, 1.825161
8.452946, True, 1, 1.99357
8.734045, True, 1, 2.119083
8.744983, True, 1, 2.249372
8.756318, True, 1, 2.36114
8.767279, True, 1, 2.47323
8.778855, True, 1, 2.587414
8.802619, True, 1, 2.758818
9.302476, True, 1, 2.781972
9.314254, True, 1, 2.8071
9.326695, True, 1, 2.918883
9.337661, True, 1, 3.002815
9.435543, True, 1, 3.05405
9.635329, True, 1, 3.145156
9.646522, True, 1, 3.245777
9.658181, True, 1, 3.297859
9.67015, True, 1, 3.351517
9.721179, True, 1, 3.434297
9.732365, True, 1, 3.574723
9.888885, True, 1, 3.715268
9.944678, True, 1, 3.790561
9.955806, True, 1, 3.870304
10.2465, True, 1, 3.902274
10.2572, True, 1, 4.022713
10.48611, True, 1, 4.139014
10.70468, True, 2, 4.211725
10.76938, True, 2, 4.226871
11.03292, True, 2, 4.305618
11.05505, True, 2, 4.40695
11.15719, True, 2, 4.415563
11.16869, True, 2, 4.45458
11.20318, True, 2, 4.477634
11.23754, True, 2, 4.590997
11.25029, True, 2, 4.701755
11.26185, True, 2, 4.770384
11.27323, True, 2, 4.883646
11.29861, True, 2, 4.934557
11.31062, True, 2, 4.944818
11.32153, True, 2, 4.962908
11.3331, True, 2, 4.97857
11.45271, True, 2, 5.046896
11.46377, True, 2, 5.059069
11.47536, True, 2, 5.071938
11.48757, True, 2, 5.0704
11.50086, True, 2, 5.06695
11.51314, True, 2, 5.061111
11.5354, True, 2, 5.098556
11.54566, True, 2, 5.102634
11.55761, True, 2, 4.998228
11.56829, True, 2, 4.870447
11.61147, True, 2, 4.88182
11.64461, True, 2, 4.750619
11.65579, True, 2, 4.642101
11.66705, True, 2, 4.554764
11.67763, True, 2, 4.485519
11.68892, True, 2, 4.408514
11.70016, True, 2, 4.327147
11.71107, True, 2, 4.174336
11.72128, True, 2, 4.174898
11.73244, True, 2, 4.211889
11.74407, True, 2, 4.15515
11.75451, True, 2, 4.110898
11.7658, True, 2, 4.103318
11.7774, True, 2, 4.033792
11.79898, True, 2, 3.991368
11.81199, True, 2, 3.998042
11.8261, True, 2, 3.962674
11.83707, True, 2, 3.907049
11.85109, True, 2, 3.81981
11.86119, True, 2, 3.715576
11.96602, True, 2, 3.640162
12.22939, True, 2, 3.677169
12.24118, True, 2, 3.80321
12.25222, True, 2, 3.848495
12.48784, True, 2, 3.854393
12.5009, True, 2, 3.863088
12.51261, True, 2, 3.89078
12.52349, True, 2, 3.812812
12.53436, True, 2, 3.726733
12.54445, True, 2, 3.717343
12.55444, True, 2, 3.676062
12.56665, True, 2, 3.647085
12.57823, True, 2, 3.528886
12.58943, True, 2, 3.421011
12.59923, True, 2, 3.358071
12.61069, True, 2, 3.253018
12.62129, True, 2, 3.205763
12.63262, True, 2, 3.19648
12.64348, True, 2, 3.170886
12.65612, True, 2, 3.146995
12.66779, True, 2, 3.075755
12.67862, True, 2, 3.061891
12.69051, True, 2, 3.043738
12.70241, True, 2, 3.029841
12.71383, True, 2, 3.008523
12.72504, True, 2, 2.987959
12.7379, True, 2, 2.916801
12.75116, True, 2, 2.882519
12.76295, True, 2, 2.866526
12.77384, True, 2, 2.84355
12.78512, True, 2, 2.664912
12.79671, True, 2, 2.623973
12.81564, True, 2, 2.604093
12.82746, True, 2, 2.558581
12.84013, True, 2, 2.515674
12.85041, True, 2, 2.482507
12.86202, True, 2, 2.448694
12.87386, True, 2, 2.427835
12.88729, True, 2, 2.403472
12.89807, True, 2, 2.337235
12.91115, True, 2, 2.278628
12.92179, True, 2, 2.234055
12.93267, True, 2, 2.184844
12.94341, True, 2, 2.157339
12.95434, True, 2, 2.093398
12.96527, True, 2, 2.031646
12.97663, True, 2, 2.008163
12.988, True, 2, 1.978209
12.99895, True, 2, 1.92274
13.01035, True, 2, 1.883416
13.02163, True, 2, 1.8802
13.03187, True, 2, 1.759702
13.0436, True, 2, 1.599576
13.05565, True, 2, 1.433927
13.06781, True, 2, 1.311736
13.07806, True, 2, 1.231367
13.08818, True, 2, 1.190208
13.0992, True, 2, 1.191268
13.11082, True, 2, 1.177955
13.12479, True, 2, 1.179938
13.13718, True, 2, 1.18334
13.14812, True, 2, 1.190644
13.15887, True, 2, 1.197615
13.17038, True, 2, 1.197313
13.18168, True, 2, 1.194902
13.19326, True, 2, 1.190026
13.20434, True, 2, 1.190525
13.21752, True, 2, 1.191044
13.22892, True, 2, 1.194416
13.24031, True, 2, 1.197643
13.25308, True, 2, 1.198163
13.2635, True, 2, 1.195076
13.27601, True, 2, 1.198618
13.28751, True, 2, 1.205783
13.29865, True, 2, 1.211745
13.31107, True, 2, 1.21654
13.32381, True, 2, 1.221642
13.33673, True, 2, 1.225773
13.34764, True, 2, 1.228976
13.36056, True, 2, 1.232343
13.37342, True, 2, 1.235382
13.38609, True, 2, 1.23796
13.39721, True, 2, 1.238777
13.40944, True, 2, 1.238783
13.42088, True, 2, 1.236945
13.43649, True, 2, 1.231979
13.44827, True, 2, 1.228435
13.45932, True, 2, 1.22629
13.47033, True, 2, 1.220708
13.48322, True, 2, 1.213726
13.49447, True, 2, 1.210671
13.50612, True, 2, 1.209722
13.51785, True, 2, 1.206977
13.52952, True, 2, 1.205453
13.54042, True, 2, 1.204373
13.55298, True, 2, 1.200414
13.56242, True, 2, 1.198906
13.57336, True, 2, 1.195086
13.58611, True, 2, 1.191201
13.59671, True, 2, 1.187667
13.60856, True, 2, 1.185269
13.62109, True, 2, 1.183526
13.63196, True, 2, 1.181451
13.64343, True, 2, 1.177768
13.65495, True, 2, 1.174227
13.66613, True, 2, 1.170319
13.6779, True, 2, 1.164553
13.69003, True, 2, 1.165207
13.70244, True, 2, 1.167887
13.71261, True, 2, 1.17387
13.72454, True, 2, 1.178706
13.73609, True, 2, 1.186122
13.7463, True, 2, 1.192707
13.75825, True, 2, 1.197036
13.77053, True, 2, 1.200744
13.78406, True, 2, 1.206876
13.79523, True, 2, 1.211759
13.8055, True, 2, 1.217234
13.81798, True, 2, 1.225239
13.82944, True, 2, 1.237772
13.84043, True, 2, 1.249352
13.85061, True, 2, 1.268046
13.86191, True, 2, 1.292487
13.87305, True, 2, 1.324543
13.88506, True, 2, 1.370396
13.89583, True, 2, 1.43295
13.90808, True, 2, 1.502276
13.92041, True, 2, 1.57443
13.93229, True, 2, 1.650988
13.9436, True, 2, 1.730642
13.95567, True, 2, 1.809116
13.96703, True, 2, 1.895167
13.97764, True, 2, 1.980056
13.98789, True, 2, 2.066865
14.00056, True, 2, 2.147294
14.01234, True, 2, 2.217508
14.02437, True, 2, 2.284529
14.03666, True, 2, 2.347246
14.05356, True, 2, 2.423115
14.06685, True, 2, 2.508362
14.0779, True, 2, 2.602
14.08858, True, 2, 2.698013
14.10043, True, 2, 2.794559
14.11046, True, 2, 2.888152
14.12093, True, 2, 2.974395
14.13277, True, 2, 3.076045
14.14455, True, 2, 3.173308
14.15507, True, 2, 3.268584
14.16648, True, 2, 3.375196
14.17819, True, 2, 3.477712
14.18897, True, 2, 3.571483
14.2008, True, 2, 3.667044
14.21286, True, 2, 3.777271
14.38674, True, 2, 3.90492
14.43137, True, 2, 3.99874
14.44334, True, 2, 4.102267
14.54377, True, 2, 4.209074
15.05339, True, 2, 4.265414
15.06453, True, 2, 4.315511
15.12031, True, 2, 4.322543
15.28957, True, 2, 4.328578
15.31111, True, 2, 4.47459
15.39946, True, 2, 4.508313
15.42249, True, 2, 4.508069
15.54545, True, 2, 4.533633
15.9309, True, 3, 4.540816
15.94407, True, 3, 4.543777
15.95499, True, 3, 4.54986
15.96516, True, 3, 4.541664
15.97721, True, 3, 4.529843
15.98844, True, 3, 4.550635
15.99833, True, 3, 4.5407
16.01071, True, 3, 4.512866
16.02113, True, 3, 4.526047
16.03295, True, 3, 4.48954
16.04479, True, 3, 4.438456
16.09883, True, 3, 4.492446
16.11028, True, 3, 4.589917
16.12187, True, 3, 4.597827
16.15537, True, 3, 4.678624
16.16811, True, 3, 4.695907
16.17935, True, 3, 4.684881
16.19163, True, 3, 4.663387
16.21255, True, 3, 4.673893
16.34406, True, 3, 4.61993
16.36588, True, 3, 4.605428
16.38828, True, 3, 4.601468
16.40061, True, 3, 4.55011
16.41162, True, 3, 4.540569
16.42245, True, 3, 4.479593
16.43407, True, 3, 4.453629
16.47406, True, 3, 4.405515
16.56162, True, 3, 4.48866
16.57213, True, 3, 4.493818
16.61537, True, 3, 4.55919
16.62716, True, 3, 4.567388
16.6389, True, 3, 4.4875
16.65172, True, 3, 4.422592
16.6746, True, 3, 4.340087
16.69799, True, 3, 4.245778
16.71084, True, 3, 4.15724
16.8636, True, 3, 4.093758
16.87676, True, 3, 4.01207
16.88824, True, 3, 3.95114
16.90042, True, 3, 3.990883
16.91273, True, 3, 3.946523
16.9337, True, 3, 3.955986
16.95584, True, 3, 4.061481
16.9872, True, 3, 4.042661
17.04438, True, 3, 4.148253
17.05713, True, 3, 4.234879
17.07865, True, 3, 4.111871
17.09041, True, 3, 4.172386
17.11477, True, 3, 4.188561
17.2033, True, 3, 4.270521
17.24467, True, 3, 4.334657
17.25663, True, 3, 4.386948
17.27778, True, 3, 4.534469
17.28785, True, 3, 4.593114
17.30901, True, 3, 4.650789
17.32058, True, 3, 4.68307
17.34426, True, 3, 4.849025
17.36497, True, 3, 4.97597
17.37632, True, 3, 5.029393
17.40777, True, 3, 5.04266
17.41956, True, 3, 5.039885
17.43027, True, 3, 4.953357
17.66511, True, 3, 4.837969
17.67766, True, 3, 4.777392
17.68947, True, 3, 4.629499
17.70098, True, 3, 4.547248
17.71255, True, 3, 4.471574
17.72315, True, 3, 4.407622
17.73434, True, 3, 4.307886
17.74416, True, 3, 4.28009
17.7549, True, 3, 4.219582
17.76659, True, 3, 4.151751
17.77767, True, 3, 4.135698
17.78889, True, 3, 4.067174
17.80098, True, 3, 4.044354
17.81215, True, 3, 3.976885
17.82247, True, 3, 3.929076
17.83334, True, 3, 3.74912
17.8439, True, 3, 3.648693
17.85453, True, 3, 3.497521
17.86544, True, 3, 3.388268
17.87765, True, 3, 3.371609
17.88772, True, 3, 3.342002
17.90645, True, 3, 3.318944
17.92156, True, 3, 3.311773
17.9331, True, 3, 3.305749
17.94512, True, 3, 3.273947
17.95666, True, 3, 3.245521
17.96857, True, 3, 3.177649
17.98059, True, 3, 3.042423
17.99189, True, 3, 2.979872
18.00292, True, 3, 2.862915
18.01537, True, 3, 2.696223
18.02633, True, 3, 2.657892
18.03652, True, 3, 2.53838
18.04909, True, 3, 2.443349
18.06127, True, 3, 2.414063
18.07115, True, 3, 2.313016
18.08245, True, 3, 2.291414
18.09343, True, 3, 2.178724
18.10431, True, 3, 2.100908
18.11537, True, 3, 2.040048
18.12794, True, 3, 1.881667
18.14083, True, 3, 1.824347
18.15165, True, 3, 1.767107
18.16293, True, 3, 1.703745
18.17455, True, 3, 1.536061
18.18494, True, 3, 1.41629
18.19635, True, 3, 1.322128
18.20771, True, 3, 1.30583
18.21868, True, 3, 1.304832
18.22947, True, 3, 1.275409
18.24107, True, 3, 1.229507
18.25213, True, 3, 1.214156
18.26263, True, 3, 1.209249
18.27402, True, 3, 1.20345
18.28548, True, 3, 1.211671
18.29795, True, 3, 1.219854
18.31066, True, 3, 1.230793
18.32427, True, 3, 1.230803
18.3357, True, 3, 1.234044
18.34758, True, 3, 1.236753
18.36006, True, 3, 1.239857
18.3702, True, 3, 1.240601
18.38222, True, 3, 1.240688
18.39271, True, 3, 1.241125
18.40398, True, 3, 1.24093
18.41578, True, 3, 1.241361
18.42722, True, 3, 1.242472
18.43894, True, 3, 1.24109
18.4499, True, 3, 1.239317
18.46004, True, 3, 1.237511
18.47039, True, 3, 1.236611
18.48174, True, 3, 1.235215
18.49854, True, 3, 1.234499
18.50961, True, 3, 1.236457
18.52097, True, 3, 1.238159
18.53333, True, 3, 1.239586
18.54445, True, 3, 1.241597
18.55599, True, 3, 1.243794
18.56765, True, 3, 1.247718
18.57812, True, 3, 1.250551
18.59057, True, 3, 1.252497
18.60274, True, 3, 1.255301
18.61266, True, 3, 1.255573
18.62427, True, 3, 1.252125
18.63424, True, 3, 1.249908
18.64491, True, 3, 1.24756
18.65638, True, 3, 1.246022
18.66855, True, 3, 1.244395
18.67898, True, 3, 1.241328
18.69045, True, 3, 1.236777
18.70246, True, 3, 1.230491
18.71477, True, 3, 1.224279
18.72631, True, 3, 1.217871
18.73722, True, 3, 1.21013
18.74742, True, 3, 1.201574
18.75831, True, 3, 1.191556
18.77078, True, 3, 1.181057
18.7837, True, 3, 1.170421
18.7958, True, 3, 1.159349
18.80675, True, 3, 1.148001
18.8171, True, 3, 1.135416
18.82733, True, 3, 1.122987
18.83886, True, 3, 1.110787
18.85044, True, 3, 1.098628
18.86273, True, 3, 1.086692
18.87491, True, 3, 1.075231
18.88564, True, 3, 1.063143
18.89668, True, 3, 1.060708
18.90733, True, 3, 1.059169
18.91825, True, 3, 1.058294
18.93027, True, 3, 1.057354
18.94059, True, 3, 1.056364
18.95182, True, 3, 1.055352
18.96272, True, 3, 1.054901
18.97475, True, 3, 1.055813
18.9856, True, 3, 1.056609
18.99638, True, 3, 1.057474
19.00697, True, 3, 1.058656
19.01783, True, 3, 1.060342
19.02941, True, 3, 1.061703
19.04018, True, 3, 1.061927
19.05255, True, 3, 1.061983
19.06491, True, 3, 1.06192
19.08078, True, 3, 1.060857
19.0925, True, 3, 1.059009
19.10395, True, 3, 1.057156
19.11625, True, 3, 1.055434
19.12772, True, 3, 1.053797
19.13933, True, 3, 1.051462
19.15139, True, 3, 1.048826
19.1633, True, 3, 1.045412
19.17554, True, 3, 1.041731
19.18596, True, 3, 1.037737
19.19663, True, 3, 1.033596
19.20902, True, 3, 1.02906
19.22104, True, 3, 1.025307
19.23376, True, 3, 1.02166
19.24448, True, 3, 1.018877
19.25576, True, 3, 1.017044
19.26797, True, 3, 1.016291
19.28051, True, 3, 1.016109
19.29323, True, 3, 1.015741
19.30623, True, 3, 1.015649
19.31847, True, 3, 1.015769
19.33018, True, 3, 1.016098
19.34328, True, 3, 1.016393
19.35573, True, 3, 1.017001
19.36706, True, 3, 1.017563
19.3783, True, 3, 1.018782
19.3889, True, 3, 1.019978
19.40183, True, 3, 1.02641
19.41257, True, 3, 1.038398
19.42391, True, 3, 1.050783
19.43541, True, 3, 1.065801
19.44667, True, 3, 1.08036
19.45886, True, 3, 1.096831
19.47029, True, 3, 1.114702
19.48162, True, 3, 1.131586
19.49423, True, 3, 1.149008
19.50641, True, 3, 1.168544
19.51836, True, 3, 1.189015
19.52887, True, 3, 1.210944
19.54067, True, 3, 1.232853
19.55369, True, 3, 1.259195
19.56416, True, 3, 1.278755
19.57491, True, 3, 1.300296
19.58696, True, 3, 1.325364
19.5979, True, 3, 1.35453
19.60817, True, 3, 1.384167
19.61916, True, 3, 1.418897
19.63209, True, 3, 1.458629
19.64376, True, 3, 1.499268
19.65663, True, 3, 1.544188
19.67418, True, 3, 1.592166
19.68563, True, 3, 1.640148
19.69728, True, 3, 1.687807
19.70827, True, 3, 1.733442
19.72022, True, 3, 1.788926
19.73163, True, 3, 1.840686
19.7429, True, 3, 1.893002
19.75294, True, 3, 1.941554
19.76359, True, 3, 1.995992
19.77529, True, 3, 2.059326
19.78676, True, 3, 2.128502
19.7985, True, 3, 2.193938
19.81075, True, 3, 2.263328
19.8241, True, 3, 2.332211
19.83554, True, 3, 2.412415
19.84561, True, 3, 2.494593
19.85696, True, 3, 2.579064
19.86861, True, 3, 2.668646
19.8784, True, 3, 2.76053
19.89057, True, 3, 2.85649
20.10654, True, 3, 2.900823
20.11895, True, 3, 2.942167
20.13033, True, 3, 2.995231
20.14198, True, 3, 3.024388
20.15421, True, 3, 3.062133
20.16543, True, 3, 3.155858
20.21196, True, 3, 3.333509
20.24183, True, 3, 3.398317
20.26481, True, 3, 3.513514
20.29959, True, 3, 3.528681
20.31013, True, 3, 3.678016
20.32216, True, 3, 3.728767
20.33255, True, 3, 3.880967
20.45313, True, 3, 3.928685
20.46442, True, 3, 3.957665
20.53032, True, 3, 4.063827
20.5516, True, 3, 4.197014
20.56232, True, 3, 4.19995
20.57376, True, 3, 4.275832
20.66167, True, 4, 4.340574
20.95395, True, 4, 4.428543
20.97677, True, 4, 4.446589
20.98828, True, 4, 4.461977
21.01111, True, 4, 4.471288
21.0224, True, 4, 4.466418
21.03439, True, 4, 4.46557
21.08975, True, 4, 4.58334
21.13323, True, 4, 4.636329
21.39508, True, 4, 4.697612
21.40745, True, 4, 4.776152
21.4193, True, 4, 4.795398
21.45311, True, 4, 4.831128
21.46466, True, 4, 4.834857
21.47664, True, 4, 4.809309
21.48768, True, 4, 4.774902
21.4986, True, 4, 4.736928
21.51051, True, 4, 4.708596
21.52232, True, 4, 4.680641
21.53398, True, 4, 4.64449
21.54421, True, 4, 4.600641
21.55298, True, 4, 4.560716
21.56383, True, 4, 4.5077
21.57534, True, 4, 4.450523
21.59078, True, 4, 4.396143
21.60357, True, 4, 4.323213
21.61613, True, 4, 4.253975
21.62872, True, 4, 4.18306
21.641, True, 4, 4.100492
21.6522, True, 4, 4.016616
21.66353, True, 4, 3.928409
21.67469, True, 4, 3.892041
21.68569, True, 4, 3.862417
21.69758, True, 4, 3.817876
21.70872, True, 4, 3.798347
21.72054, True, 4, 3.769574
21.73209, True, 4, 3.681858
21.74435, True, 4, 3.513795
21.75576, True, 4, 3.447026
21.76864, True, 4, 3.328374
21.77975, True, 4, 3.303514
21.79111, True, 4, 3.143292
21.81035, True, 4, 3.096217
21.82336, True, 4, 2.93762
21.83629, True, 4, 2.877785
21.84804, True, 4, 2.839069
21.85961, True, 4, 2.723729
21.87161, True, 4, 2.579511
21.88403, True, 4, 2.563868
21.8949, True, 4, 2.471756
21.90772, True, 4, 2.39009
21.91863, True, 4, 2.27947
21.9307, True, 4, 2.245567
21.94205, True, 4, 2.213084
21.95302, True, 4, 2.186345
21.96456, True, 4, 2.164763
21.97539, True, 4, 2.140485
21.98581, True, 4, 1.991942
21.99703, True, 4, 1.903244
22.01074, True, 4, 1.806767
22.02187, True, 4, 1.688828
22.0338, True, 4, 1.627711
22.04488, True, 4, 1.552752
22.05722, True, 4, 1.510456
22.06836, True, 4, 1.497411
22.07935, True, 4, 1.480454
22.09038, True, 4, 1.472311
22.10246, True, 4, 1.457341
22.11415, True, 4, 1.443845
22.12681, True, 4, 1.433969
22.13901, True, 4, 1.42477
22.15053, True, 4, 1.405991
22.16126, True, 4, 1.404436
22.17364, True, 4, 1.402913
22.18435, True, 4, 1.399813
22.19474, True, 4, 1.405015
22.20629, True, 4, 1.406275
22.21806, True, 4, 1.406587
22.22979, True, 4, 1.413247
22.24109, True, 4, 1.418377
22.25238, True, 4, 1.423165
22.26344, True, 4, 1.430124
22.27454, True, 4, 1.435668
22.28565, True, 4, 1.443138
22.29809, True, 4, 1.446402
22.30975, True, 4, 1.45221
22.32161, True, 4, 1.456854
22.33383, True, 4, 1.477248
22.34338, True, 4, 1.486993
22.3533, True, 4, 1.494427
22.36439, True, 4, 1.506158
22.37578, True, 4, 1.514131
22.38723, True, 4, 1.511984
22.40225, True, 4, 1.515457
22.41797, True, 4, 1.521789
22.42812, True, 4, 1.524981
22.43957, True, 4, 1.525588
22.45013, True, 4, 1.525258
22.4611, True, 4, 1.524838
22.47203, True, 4, 1.532773
22.48341, True, 4, 1.532049
22.49419, True, 4, 1.528181
22.50551, True, 4, 1.528509
22.51722, True, 4, 1.52555
22.5289, True, 4, 1.516946
22.54272, True, 4, 1.513105
22.55387, True, 4, 1.507165
22.56549, True, 4, 1.502293
22.57645, True, 4, 1.497171
22.58868, True, 4, 1.489824
22.60198, True, 4, 1.481898
22.61527, True, 4, 1.473514
22.62696, True, 4, 1.462683
22.63778, True, 4, 1.451828
22.64973, True, 4, 1.443286
22.66065, True, 4, 1.437848
22.67227, True, 4, 1.430838
22.68302, True, 4, 1.419954
22.69523, True, 4, 1.41127
22.70768, True, 4, 1.400925
22.71951, True, 4, 1.389282
22.73539, True, 4, 1.377875
22.74691, True, 4, 1.367038
22.75804, True, 4, 1.356621
22.76876, True, 4, 1.345186
22.78084, True, 4, 1.332476
22.79192, True, 4, 1.318365
22.80314, True, 4, 1.304466
22.81392, True, 4, 1.290328
22.82625, True, 4, 1.276724
22.83714, True, 4, 1.263806
22.84852, True, 4, 1.248737
22.8601, True, 4, 1.231751
22.87089, True, 4, 1.216047
22.88324, True, 4, 1.203277
22.8943, True, 4, 1.189003
22.90515, True, 4, 1.17809
22.91718, True, 4, 1.148139
22.92905, True, 4, 1.135481
22.94048, True, 4, 1.121152
22.95157, True, 4, 1.108955
22.96336, True, 4, 1.098768
22.9753, True, 4, 1.084728
22.98671, True, 4, 1.073074
22.99891, True, 4, 1.06285
23.01658, True, 4, 1.054921
23.02711, True, 4, 1.047529
23.03906, True, 4, 1.040464
23.05059, True, 4, 1.034225
23.06196, True, 4, 1.022402
23.07215, True, 4, 1.01987
23.08288, True, 4, 1.02122
23.09488, True, 4, 1.017807
23.10818, True, 4, 1.01728
23.11931, True, 4, 1.019198
23.13071, True, 4, 1.021083
23.1429, True, 4, 1.023163
23.15437, True, 4, 1.024532
23.16617, True, 4, 1.026033
23.17544, True, 4, 1.028771
23.18693, True, 4, 1.032307
23.20019, True, 4, 1.035758
23.21222, True, 4, 1.040895
23.22393, True, 4, 1.04571
23.23691, True, 4, 1.053257
23.2488, True, 4, 1.052926
23.25908, True, 4, 1.055181
23.27112, True, 4, 1.059539
23.28277, True, 4, 1.062282
23.29575, True, 4, 1.064806
23.30732, True, 4, 1.066038
23.31785, True, 4, 1.067138
23.32891, True, 4, 1.06798
23.33931, True, 4, 1.0683
23.35144, True, 4, 1.069409
23.36199, True, 4, 1.069786
23.37246, True, 4, 1.070838
23.38359, True, 4, 1.072696
23.39544, True, 4, 1.074699
23.40777, True, 4, 1.077944
23.41933, True, 4, 1.082075
23.4313, True, 4, 1.086422
23.4412, True, 4, 1.092211
23.45136, True, 4, 1.098268
23.46391, True, 4, 1.106023
23.47589, True, 4, 1.113955
23.4879, True, 4, 1.121942
23.49917, True, 4, 1.131218
23.50994, True, 4, 1.142478
23.52028, True, 4, 1.153856
23.53033, True, 4, 1.164338
23.54123, True, 4, 1.17612
23.55141, True, 4, 1.189827
23.56116, True, 4, 1.204064
23.57165, True, 4, 1.224273
23.58289, True, 4, 1.2506
23.59377, True, 4, 1.293598
23.61164, True, 4, 1.352673
23.62377, True, 4, 1.417162
23.63463, True, 4, 1.50338
23.64679, True, 4, 1.627934
23.65708, True, 4, 1.745183
23.6686, True, 4, 1.857367
23.68096, True, 4, 1.967416
23.69289, True, 4, 2.072235
23.70544, True, 4, 2.178267
23.71764, True, 4, 2.294767
23.72835, True, 4, 2.429707
23.73966, True, 4, 2.564189
24.05002, True, 4, 2.625465
24.1417, True, 4, 2.751441
24.37436, True, 4, 2.904951
24.60648, True, 4, 3.007009
24.61784, True, 4, 3.108289
24.62924, True, 4, 3.262367
24.7374, True, 4, 3.430688
24.89464, True, 4, 3.543008
24.90631, True, 4, 3.605163
25.06417, True, 4, 3.743886
25.15313, True, 4, 3.722535
25.16443, True, 4, 3.701773
25.17585, True, 4, 3.681053
25.2002, True, 4, 3.659939
25.24983, True, 4, 3.740812
25.38222, True, 4, 3.891294
25.39351, True, 4, 4.048331
25.40541, True, 4, 4.090889
25.41815, True, 4, 4.100939
25.43055, True, 4, 4.127759
25.44379, True, 4, 4.139835
25.4911, True, 4, 4.230509
25.60969, True, 4, 4.37478
25.63533, True, 4, 4.499218
25.64793, True, 4, 4.62549
25.65996, True, 5, 4.682034
25.67113, True, 5, 4.775305
25.68283, True, 5, 4.912177
25.75957, True, 5, 4.928283
25.77183, True, 5, 4.938111
25.79279, True, 5, 4.985856
25.80442, True, 5, 5.069256
25.8162, True, 5, 5.218183
25.82764, True, 5, 5.268919
25.83922, True, 5, 5.356
25.84958, True, 5, 5.396481
25.86039, True, 5, 5.445298
25.87059, True, 5, 5.511986
25.88226, True, 5, 5.604221
25.9148, True, 5, 5.555184
25.92595, True, 5, 5.506991
25.95489, True, 5, 5.4067
26.00952, True, 5, 5.465943
26.03215, True, 5, 5.483956
26.0437, True, 5, 5.454278
26.05686, True, 5, 5.40394
26.06795, True, 5, 5.352538
26.07755, True, 5, 5.274107
26.09766, True, 5, 5.216332
26.11033, True, 5, 5.119874
26.12234, True, 5, 5.130428
26.13472, True, 5, 5.047941
26.16784, True, 5, 5.037364
26.18089, True, 5, 4.9458
26.19249, True, 5, 4.874444
26.20473, True, 5, 4.766044
26.21643, True, 5, 4.622612
26.22801, True, 5, 4.526148
26.24058, True, 5, 4.48584
26.25289, True, 5, 4.381828
26.26542, True, 5, 4.424102
26.27806, True, 5, 4.473627
26.29029, True, 5, 4.52985
26.29963, True, 5, 4.574561
26.31053, True, 5, 4.540735
26.3223, True, 5, 4.43647
26.3336, True, 5, 4.309438
26.39248, True, 5, 4.274999
26.40351, True, 5, 4.287424
26.41457, True, 5, 4.274165
26.42565, True, 5, 4.292471
26.63913, True, 5, 4.367755
26.73929, True, 5, 4.293769
26.75014, True, 5, 4.261289
26.76057, True, 5, 4.188544
26.77311, True, 5, 4.166423
26.7852, True, 5, 4.151003
26.79728, True, 5, 4.041127
26.81755, True, 5, 4.167227
26.82939, True, 5, 4.282133
26.8399, True, 5, 4.334574
26.85049, True, 5, 4.328451
26.8629, True, 5, 4.190384
26.87336, True, 5, 4.210749
26.88384, True, 5, 4.133218
26.89625, True, 5, 4.077667
26.90844, True, 5, 4.000589
26.92075, True, 5, 3.891797
26.93406, True, 5, 3.747395
26.94722, True, 5, 3.734288
26.95871, True, 5, 3.69321
26.97056, True, 5, 3.667581
26.9816, True, 5, 3.491216
26.99269, True, 5, 3.364506
27.00525, True, 5, 3.299696
27.01783, True, 5, 3.241483
27.02937, True, 5, 3.182878
27.04053, True, 5, 3.139183
27.05224, True, 5, 3.058155
27.0631, True, 5, 3.020522
27.07356, True, 5, 2.950365
27.08406, True, 5, 2.909655
27.0952, True, 5, 2.76905
27.10683, True, 5, 2.759825
27.11767, True, 5, 2.7321
27.13004, True, 5, 2.687682
27.1405, True, 5, 2.672063
27.15145, True, 5, 2.660658
27.16345, True, 5, 2.64287
27.17536, True, 5, 2.613751
27.18709, True, 5, 2.589049
27.19874, True, 5, 2.565302
27.21056, True, 5, 2.534038
27.22058, True, 5, 2.512212
27.23298, True, 5, 2.472234
27.24507, True, 5, 2.42681
27.25742, True, 5, 2.39587
27.26707, True, 5, 2.390742
27.28488, True, 5, 2.371141
27.29658, True, 5, 2.360837
27.30783, True, 5, 2.332908
27.31839, True, 5, 2.165588
27.32955, True, 5, 2.095795
27.34182, True, 5, 2.005922
27.35191, True, 5, 1.950976
27.36159, True, 5, 1.916606
27.37334, True, 5, 1.838477
27.38373, True, 5, 1.807566
27.39595, True, 5, 1.659455
27.40643, True, 5, 1.525776
27.41746, True, 5, 1.417416
27.4277, True, 5, 1.333015
27.43744, True, 5, 1.313816
27.44766, True, 5, 1.232312
27.45898, True, 5, 1.212157
27.47172, True, 5, 1.21095
27.48256, True, 5, 1.216576
27.49345, True, 5, 1.219752
27.5051, True, 5, 1.217596
27.51681, True, 5, 1.219856
27.52715, True, 5, 1.227191
27.54008, True, 5, 1.231842
27.55107, True, 5, 1.23333
27.56084, True, 5, 1.230978
27.5731, True, 5, 1.220269
27.58353, True, 5, 1.225279
27.59501, True, 5, 1.230107
27.60559, True, 5, 1.233506
27.61738, True, 5, 1.237836
27.63378, True, 5, 1.234392
27.64797, True, 5, 1.232139
27.65874, True, 5, 1.230613
27.67016, True, 5, 1.229206
27.68102, True, 5, 1.232893
27.6922, True, 5, 1.236099
27.70323, True, 5, 1.234434
27.71454, True, 5, 1.232149
27.72636, True, 5, 1.234853
27.73737, True, 5, 1.235005
27.74974, True, 5, 1.234118
27.76032, True, 5, 1.245218
27.77232, True, 5, 1.247402
27.78406, True, 5, 1.248551
27.79349, True, 5, 1.25257
27.80363, True, 5, 1.250243
27.81622, True, 5, 1.252954
27.82901, True, 5, 1.256638
27.84097, True, 5, 1.255729
27.85377, True, 5, 1.255375
27.86525, True, 5, 1.251667
27.87984, True, 5, 1.253043
27.89491, True, 5, 1.259079
27.90651, True, 5, 1.258624
27.91695, True, 5, 1.254373
27.92987, True, 5, 1.253156
27.94255, True, 5, 1.251136
27.95462, True, 5, 1.24819
27.96443, True, 5, 1.249523
27.9746, True, 5, 1.250867
27.98574, True, 5, 1.253463
27.99783, True, 5, 1.255241
28.00756, True, 5, 1.256731
28.0189, True, 5, 1.258522
28.03008, True, 5, 1.259639
28.04079, True, 5, 1.258489
28.05117, True, 5, 1.254141
28.06153, True, 5, 1.251171
28.07222, True, 5, 1.247891
28.08369, True, 5, 1.243381
28.09529, True, 5, 1.238848
28.10896, True, 5, 1.23384
28.12025, True, 5, 1.229915
28.13248, True, 5, 1.227633
28.14395, True, 5, 1.225409
28.15585, True, 5, 1.220452
28.16705, True, 5, 1.220093
28.18025, True, 5, 1.219064
28.19143, True, 5, 1.22156
28.20284, True, 5, 1.221551
28.21503, True, 5, 1.225197
28.22574, True, 5, 1.226794
28.23786, True, 5, 1.226054
28.25063, True, 5, 1.225254
28.26419, True, 5, 1.218416
28.27604, True, 5, 1.210641
28.29017, True, 5, 1.205847
28.30297, True, 5, 1.201553
28.31545, True, 5, 1.194622
28.32631, True, 5, 1.189601
28.33847, True, 5, 1.185817
28.35043, True, 5, 1.179126
28.36357, True, 5, 1.173309
28.37548, True, 5, 1.169603
28.38768, True, 5, 1.165138
28.40027, True, 5, 1.162201
28.41114, True, 5, 1.157988
28.42327, True, 5, 1.154841
28.43364, True, 5, 1.150204
28.44473, True, 5, 1.143868
28.45545, True, 5, 1.140789
28.46606, True, 5, 1.132758
28.47615, True, 5, 1.123056
28.48779, True, 5, 1.117751
28.50245, True, 5, 1.112447
28.51869, True, 5, 1.110638
28.53045, True, 5, 1.104323
28.54247, True, 5, 1.099091
28.55437, True, 5, 1.092735
28.56691, True, 5, 1.087594
28.57872, True, 5, 1.081744
28.59048, True, 5, 1.075688
28.60043, True, 5, 1.069036
28.61029, True, 5, 1.062115
28.62321, True, 5, 1.055912
28.63546, True, 5, 1.051872
28.64767, True, 5, 1.050427
28.65916, True, 5, 1.047574
28.67189, True, 5, 1.045297
28.68371, True, 5, 1.045455
28.69453, True, 5, 1.045875
28.70621, True, 5, 1.043879
28.71713, True, 5, 1.042362
28.72734, True, 5, 1.04091
28.73882, True, 5, 1.039777
28.75005, True, 5, 1.038086
28.76239, True, 5, 1.035708
28.77274, True, 5, 1.034653
28.78312, True, 5, 1.033323
28.79366, True, 5, 1.032034
28.80612, True, 5, 1.030806
28.81724, True, 5, 1.028986
28.82857, True, 5, 1.027395
28.84032, True, 5, 1.02559
28.8516, True, 5, 1.023825
28.86366, True, 5, 1.022505
28.87519, True, 5, 1.019495
28.88776, True, 5, 1.016717
28.89973, True, 5, 1.015351
28.91078, True, 5, 1.013099
28.92253, True, 5, 1.009588
28.9341, True, 5, 1.005898
28.94551, True, 5, 1.002023
28.95852, True, 5, 0.9986513
28.96906, True, 5, 0.995002
28.98, True, 5, 0.9913204
28.99143, True, 5, 0.9894333
29.0043, True, 5, 0.9865782
29.01565, True, 5, 0.9856164
29.02622, True, 5, 0.9851497
29.03799, True, 5, 0.9843875
29.04911, True, 5, 0.9831278
29.06106, True, 5, 0.9819436
29.07275, True, 5, 0.9809372
29.08327, True, 5, 0.9805115
29.09562, True, 5, 0.9773289
29.10547, True, 5, 0.9765018
29.11597, True, 5, 0.9766088
29.13302, True, 5, 0.978993
29.14487, True, 5, 0.9784688
29.15558, True, 5, 0.9783649
29.16709, True, 5, 0.980408
29.17935, True, 5, 0.9822754
29.19014, True, 5, 0.983134
29.20159, True, 5, 0.9831306
29.21308, True, 5, 0.9831927
29.22351, True, 5, 0.9835467
29.2336, True, 5, 0.9894205
29.24443, True, 5, 0.9994257
29.25688, True, 5, 0.9953177
29.26868, True, 5, 0.9969679
29.28021, True, 5, 1.000541
29.29152, True, 5, 1.003582
29.30305, True, 5, 1.007348
29.31335, True, 5, 1.01158
29.3244, True, 5, 1.015014
29.33546, True, 5, 1.018062
29.34676, True, 5, 1.02114
29.35752, True, 5, 1.023711
29.36898, True, 5, 1.026046
29.38064, True, 5, 1.028479
29.39096, True, 5, 1.031004
29.4021, True, 5, 1.033125
29.41398, True, 5, 1.034591
29.42461, True, 5, 1.035238
29.43649, True, 5, 1.035336
29.44768, True, 5, 1.036838
29.45869, True, 5, 1.037447
29.47112, True, 5, 1.036597
29.48403, True, 5, 1.036111
29.49489, True, 5, 1.03635
29.50611, True, 5, 1.037502
29.5159, True, 5, 1.039079
29.52649, True, 5, 1.047314
29.5365, True, 5, 1.054362
29.5495, True, 5, 1.060281
29.56653, True, 5, 1.066318
29.57728, True, 5, 1.073871
29.58862, True, 5, 1.080835
29.59893, True, 5, 1.088881
29.60891, True, 5, 1.097538
29.62077, True, 5, 1.106483
29.63166, True, 5, 1.115533
29.64221, True, 5, 1.125493
29.6533, True, 5, 1.144197
29.66346, True, 5, 1.163714
29.67502, True, 5, 1.197352
29.68757, True, 5, 1.255109
29.70042, True, 5, 1.361574
29.71282, True, 5, 1.44874
29.72476, True, 5, 1.533475
29.74417, True, 5, 1.58758
29.75962, True, 5, 1.651931
29.77586, True, 5, 1.749744
29.78833, True, 5, 1.824749
29.79954, True, 5, 1.890481
29.81031, True, 5, 1.963209
29.82235, True, 5, 2.049437
29.83345, True, 5, 2.155511
29.8445, True, 5, 2.297466
29.85541, True, 5, 2.441095
29.86705, True, 5, 2.598064
29.88729, True, 5, 2.726783
29.89964, True, 5, 2.844611
29.91155, True, 5, 2.973513
29.92249, True, 5, 3.110033
29.93434, True, 5, 3.25222
29.94645, True, 5, 3.391752
29.95825, True, 5, 3.522524
29.97041, True, 5, 3.6655
29.98202, True, 5, 3.826392
29.99303, True, 5, 3.961079
30.00473, True, 5, 4.094702
30.01623, True, 5, 4.218306
30.0259, True, 5, 4.359284
30.03705, True, 5, 4.484915
30.04881, True, 5, 4.584332
30.05963, True, 5, 4.736998
30.07176, True, 5, 4.83643
30.08393, True, 5, 4.921936
30.09519, True, 5, 5.023306
30.10658, True, 5, 5.091766
30.11818, True, 5, 5.176955
30.1283, True, 5, 5.227763
30.13946, True, 5, 5.297989
30.15015, True, 5, 5.387288
30.17581, True, 5, 5.493299
30.19865, True, 5, 5.654685
30.22153, True, 5, 5.742094
30.25628, True, 5, 5.873818
30.26873, True, 5, 5.982556
30.34066, True, 5, 6.056707
30.37163, True, 5, 6.218811
30.52575, True, 5, 6.236728
30.63649, True, 5, 6.242538
30.64917, True, 5, 6.29539
39.79937, False, 0, 4.458107
39.81112, False, 0, 4.418025
39.96515, False, 0, 4.372141
39.986, False, 0, 4.337975
40.13268, False, 0, 4.357049
40.36852, False, 0, 4.336234
40.37934, False, 0, 4.393909
40.39116, False, 0, 4.454914
40.41404, False, 0, 4.626255
40.42495, False, 0, 4.738593
40.50113, False, 0, 4.747125
40.51348, False, 0, 4.761694
40.61267, False, 0, 4.843883
40.66747, False, 0, 4.845782
40.68014, False, 0, 4.833438
40.69071, False, 0, 4.901947
40.70057, False, 0, 4.901589
40.71267, False, 0, 4.876389
40.72386, False, 0, 4.80121
40.73509, False, 0, 4.766471
40.75558, False, 0, 4.817926
40.79952, False, 0, 4.875622
40.81073, False, 0, 4.965673
40.9427, False, 0, 5.05064
41.00929, False, 0, 5.061422
41.02048, False, 0, 5.091446
41.03321, False, 0, 5.106905
41.04331, False, 0, 5.151144
41.05391, False, 0, 5.137052
41.06584, False, 0, 5.138817
41.08484, False, 0, 5.049054
41.09668, False, 0, 5.088815
41.10752, False, 0, 5.075022
41.11923, False, 0, 5.043174
41.13035, False, 0, 5.002809
41.30782, False, 1, 5.009336
41.31923, False, 1, 4.951334
41.33077, False, 1, 4.899124
41.34229, False, 1, 4.778503
41.35273, False, 1, 4.725853
41.36306, False, 1, 4.652149
41.37468, False, 1, 4.569701
41.3866, False, 1, 4.561693
41.39802, False, 1, 4.476013
41.41002, False, 1, 4.351398
41.42022, False, 1, 4.271942
41.43017, False, 1, 4.181589
41.44218, False, 1, 4.162962
41.45325, False, 1, 4.086189
41.46389, False, 1, 3.967134
41.47512, False, 1, 4.016265
41.48632, False, 1, 4.010723
41.4982, False, 1, 4.031731
41.50896, False, 1, 4.047283
41.51955, False, 1, 4.064078
41.53019, False, 1, 4.062455
41.5411, False, 1, 4.054229
41.55229, False, 1, 4.025825
41.56353, False, 1, 3.949763
41.70092, False, 1, 3.911986
41.97816, False, 1, 3.93046
42.00157, False, 1, 3.912445
42.03222, False, 1, 3.814148
42.05447, False, 1, 3.804391
42.07616, False, 1, 3.794276
42.09804, False, 1, 3.705792
42.11033, False, 1, 3.680985
42.13086, False, 1, 3.664138
42.14285, False, 1, 3.642006
42.1538, False, 1, 3.659053
42.16462, False, 1, 3.532789
42.17683, False, 1, 3.452217
42.18797, False, 1, 3.332299
42.19887, False, 1, 3.242313
42.2207, False, 1, 3.122688
42.24175, False, 1, 3.208083
42.25228, False, 1, 3.220308
42.26313, False, 1, 3.18535
42.38642, False, 1, 3.21583
42.39774, False, 1, 3.13321
42.40986, False, 1, 3.17272
42.42076, False, 1, 3.098674
42.43205, False, 1, 3.147952
42.44347, False, 1, 3.212327
42.45441, False, 1, 3.200077
42.48846, False, 1, 3.279512
42.54839, False, 1, 3.31763
42.55995, False, 1, 3.359306
42.84053, False, 1, 3.450413
43.00742, False, 1, 3.455761
43.01995, False, 1, 3.445864
43.04163, False, 1, 3.428767
43.07846, False, 1, 3.458571
43.09991, False, 1, 3.535684
43.16542, False, 1, 3.586535
43.1769, False, 1, 3.610158
43.20978, False, 1, 3.623567
43.22224, False, 1, 3.741113
43.61786, False, 1, 3.784447
43.90966, False, 1, 3.872492
43.93264, False, 1, 3.942724
44.01158, False, 1, 3.939117
44.02268, False, 1, 3.897249
44.03463, False, 1, 3.867088
44.04513, False, 1, 3.823391
44.13307, False, 1, 3.799175
44.14392, False, 1, 3.809718
44.18849, False, 1, 3.846799
44.20602, False, 1, 3.824165
44.21921, False, 1, 3.875302
44.27383, False, 1, 3.943299
44.33958, False, 1, 4.029473
44.36249, False, 1, 4.149389
44.45214, False, 1, 4.197073
44.49633, False, 1, 4.347941
44.50855, False, 1, 4.392554
44.52074, False, 1, 4.444188
44.53167, False, 1, 4.476954
44.5438, False, 1, 4.537399
44.55804, False, 1, 4.534249
44.56944, False, 1, 4.558455
44.58046, False, 1, 4.573586
44.59126, False, 1, 4.590986
44.70743, False, 1, 4.692968
44.72894, False, 1, 4.837001
45.16512, False, 1, 4.866967
45.17731, False, 1, 4.953365
45.18882, False, 1, 5.038203
45.20326, False, 1, 5.138435
45.21394, False, 1, 5.273779
45.506, False, 1, 5.353665
45.51836, False, 1, 5.42918
45.52943, False, 1, 5.349019
45.53951, False, 1, 5.250189
45.55056, False, 1, 5.179631
45.56219, False, 1, 5.05537
45.57443, False, 1, 4.984391
45.58615, False, 1, 4.919278
45.59607, False, 1, 4.778821
45.60637, False, 1, 4.70969
45.6179, False, 1, 4.65145
45.62875, False, 1, 4.593967
45.64086, False, 1, 4.430586
45.65317, False, 1, 4.313847
45.66412, False, 1, 4.202667
45.67508, False, 1, 4.118293
45.68738, False, 1, 4.045656
45.70035, False, 1, 3.873974
45.71274, False, 1, 3.770892
45.72425, False, 1, 3.628644
45.73508, False, 1, 3.496729
45.75441, False, 1, 3.449757
45.76842, False, 1, 3.426393
45.77907, False, 1, 3.398687
45.78985, False, 1, 3.368866
45.80662, False, 1, 3.325913
45.81841, False, 1, 3.249745
45.82878, False, 1, 3.162004
45.83904, False, 1, 3.073494
45.85152, False, 1, 2.923262
45.8617, False, 1, 2.791299
45.8723, False, 1, 2.66113
45.88423, False, 1, 2.528864
45.89684, False, 1, 2.459889
45.90602, False, 1, 2.294623
45.91727, False, 1, 2.236493
45.92867, False, 1, 2.1855
45.93938, False, 1, 2.149584
45.95042, False, 1, 2.089193
45.96149, False, 1, 2.05988
45.97263, False, 1, 2.027498
45.98332, False, 1, 2.006181
45.99547, False, 1, 1.973637
46.00607, False, 1, 1.864179
46.01747, False, 1, 1.694225
46.03004, False, 1, 1.532275
46.04281, False, 1, 1.39765
46.05509, False, 1, 1.282184
46.06564, False, 1, 1.114208
46.07837, False, 1, 0.9300716
46.08914, False, 1, 0.7775601
46.10099, False, 1, 0.6207632
46.1117, False, 1, 0.5979879
46.1245, False, 1, 0.5870615
46.13574, False, 1, 0.5819988
46.14796, False, 1, 0.5781102
46.16054, False, 1, 0.5790816
46.17148, False, 1, 0.5794919
46.18183, False, 1, 0.5795423
46.19381, False, 1, 0.5820823
46.2043, False, 1, 0.5866199
46.21498, False, 1, 0.5944908
46.22826, False, 1, 0.6008441
46.23964, False, 1, 0.608403
46.25014, False, 1, 0.6160004
46.26192, False, 1, 0.6245285
46.2744, False, 1, 0.6338537
46.28511, False, 1, 0.6436531
46.29576, False, 1, 0.653948
46.30543, False, 1, 0.6673297
46.31743, False, 2, 0.6803121
46.32859, False, 2, 0.6928108
46.34015, False, 2, 0.7057403
46.35213, False, 2, 0.7182671
46.36937, False, 2, 0.7309635
46.38005, False, 2, 0.7451035
46.39162, False, 2, 0.7593195
46.40289, False, 2, 0.7735801
46.41336, False, 2, 0.7883853
46.42453, False, 2, 0.8024569
46.43636, False, 2, 0.8160246
46.44637, False, 2, 0.8293265
46.4568, False, 2, 0.8424898
46.46997, False, 2, 0.8550651
46.48175, False, 2, 0.8660091
46.49255, False, 2, 0.8759748
46.50419, False, 2, 0.8909432
46.51437, False, 2, 0.9036289
46.52625, False, 2, 0.9162467
46.53649, False, 2, 0.9292512
46.54746, False, 2, 0.9394941
46.55865, False, 2, 0.9511019
46.57084, False, 2, 0.9625678
46.58043, False, 2, 0.9738513
46.59135, False, 2, 0.9852129
46.60149, False, 2, 0.9945848
46.61314, False, 2, 1.003706
46.62355, False, 2, 1.012566
46.63501, False, 2, 1.019913
46.6472, False, 2, 1.026368
46.65908, False, 2, 1.03141
46.66917, False, 2, 1.036881
46.6805, False, 2, 1.050317
46.69252, False, 2, 1.075377
46.70339, False, 2, 1.10205
47.25148, False, 2, 1.240786
47.26316, False, 2, 1.289072
47.27522, False, 2, 1.325705
47.28688, False, 2, 1.358253
47.29593, False, 2, 1.382457
47.30782, False, 2, 1.40192
47.3196, False, 2, 1.417432
47.33166, False, 2, 1.430746
47.34219, False, 2, 1.440379
47.35344, False, 2, 1.449493
47.36428, False, 2, 1.458341
47.37509, False, 2, 1.461532
47.38636, False, 2, 1.467582
47.39729, False, 2, 1.468042
47.40827, False, 2, 1.466354
47.41949, False, 2, 1.466245
47.43057, False, 2, 1.464833
47.44199, False, 2, 1.46303
47.45313, False, 2, 1.462398
47.46405, False, 2, 1.461978
47.47627, False, 2, 1.460513
47.48818, False, 2, 1.459384
47.50023, False, 2, 1.456141
47.51139, False, 2, 1.450776
47.52157, False, 2, 1.446298
47.53357, False, 2, 1.442956
47.54588, False, 2, 1.440092
47.55804, False, 2, 1.439433
47.56879, False, 2, 1.438403
47.58056, False, 2, 1.43787
47.59246, False, 2, 1.446446
47.60349, False, 2, 1.450294
47.61454, False, 2, 1.45673
47.62566, False, 2, 1.488802
47.63744, False, 2, 1.511631
47.65002, False, 2, 1.542586
47.66261, False, 2, 1.575267
47.67316, False, 2, 1.607366
47.68539, False, 2, 1.645396
47.69561, False, 2, 1.772651
47.88311, False, 2, 1.829118
48.04037, False, 2, 1.868513
48.05184, False, 2, 1.921576
48.12696, False, 2, 2.036361
48.13784, False, 2, 2.210137
48.16119, False, 2, 2.252986
48.30519, False, 2, 2.328402
48.31768, False, 2, 2.414847
48.32919, False, 2, 2.441175
48.34113, False, 2, 2.444912
48.36206, False, 2, 2.331962
48.37309, False, 2, 2.318532
48.38484, False, 2, 2.324442
48.43166, False, 2, 2.350138
48.45517, False, 2, 2.354456
48.4678, False, 2, 2.517858
48.49348, False, 2, 2.538205
48.53784, False, 2, 2.559316
48.55081, False, 2, 2.565606
48.56217, False, 2, 2.565878
48.57257, False, 2, 2.588884
48.5878, False, 2, 2.591457
48.60214, False, 2, 2.593129
48.61423, False, 2, 2.605707
48.65987, False, 2, 2.654499
48.67105, False, 2, 2.702903
48.68248, False, 2, 2.834088
48.69447, False, 2, 2.890012
48.70584, False, 2, 2.993589
48.71618, False, 2, 3.05976
48.72704, False, 2, 3.113528
48.74875, False, 2, 3.150335
48.75983, False, 2, 3.170723
48.78221, False, 2, 3.225362
48.79319, False, 2, 3.238786
48.80418, False, 2, 3.2589
48.81551, False, 2, 3.277992
48.82659, False, 2, 3.295749
48.83827, False, 2, 3.305274
48.84909, False, 2, 3.318017
48.86033, False, 2, 3.316939
48.8718, False, 2, 3.324875
48.88398, False, 2, 3.330745
48.89412, False, 2, 3.308822
48.90443, False, 2, 3.43989
49.07091, False, 2, 3.433053
49.08243, False, 2, 3.451766
49.13948, False, 2, 3.446079
49.15141, False, 2, 3.415277
49.16285, False, 2, 3.293438
49.17403, False, 2, 3.249527
49.18528, False, 2, 3.262915
49.29941, False, 2, 3.34568
49.30905, False, 2, 3.321678
49.37787, False, 2, 3.238518
49.39135, False, 2, 3.36338
49.41376, False, 2, 3.385711
49.42466, False, 2, 3.354049
49.43542, False, 2, 3.375085
49.44666, False, 2, 3.468505
49.45882, False, 2, 3.602874
49.47131, False, 2, 3.610197
49.52623, False, 2, 3.709052
49.54845, False, 2, 3.763883
49.59391, False, 2, 3.90713
49.60488, False, 2, 3.819146
49.61705, False, 2, 3.864847
49.62762, False, 2, 3.90266
49.63874, False, 2, 4.000054
49.65021, False, 2, 4.094613
49.66169, False, 2, 4.155231
49.90515, False, 2, 4.249289
50.00597, False, 2, 4.271323
50.06304, False, 2, 4.276547
50.07436, False, 2, 4.242077
50.08574, False, 2, 4.222659
50.09658, False, 2, 4.124996
50.11491, False, 2, 4.116242
50.17856, False, 2, 4.09512
50.19934, False, 2, 4.182255
50.21164, False, 2, 4.178359
50.3152, False, 2, 4.147092
50.32729, False, 2, 4.146301
50.33839, False, 2, 4.115419
50.35048, False, 2, 4.136318
50.36271, False, 2, 4.154555
50.37318, False, 2, 4.182597
50.3844, False, 2, 4.209425
50.39412, False, 2, 4.319321
50.40475, False, 2, 4.358108
50.41603, False, 2, 4.395107
50.42688, False, 2, 4.428144
50.438, False, 2, 4.437341
50.44898, False, 2, 4.437333
50.46097, False, 2, 4.300311
50.82893, False, 2, 4.311672
50.84194, False, 2, 4.28977
50.85369, False, 2, 4.272306
50.86571, False, 2, 4.271986
50.88586, False, 2, 4.267288
50.89621, False, 2, 4.252034
50.90767, False, 2, 4.195951
50.91827, False, 2, 4.054635
50.93019, False, 2, 3.958638
50.94353, False, 2, 3.861154
50.95347, False, 2, 3.686439
50.96263, False, 2, 3.581327
50.97422, False, 2, 3.51074
50.98392, False, 2, 3.436049
50.99594, False, 2, 3.30753
51.00806, False, 2, 3.141984
51.01775, False, 2, 3.093483
51.02815, False, 2, 2.944703
51.03891, False, 2, 2.823722
51.05076, False, 2, 2.643545
51.06271, False, 2, 2.540201
51.07332, False, 2, 2.446378
51.08431, False, 2, 2.36364
51.09414, False, 2, 2.238718
51.10417, False, 2, 2.123141
51.11434, False, 2, 2.018268
51.12576, False, 2, 1.905483
51.13711, False, 2, 1.862166
51.14972, False, 2, 1.83108
51.1613, False, 2, 1.802812
51.17012, False, 2, 1.759109
51.18101, False, 2, 1.712956
51.19215, False, 2, 1.653859
51.20325, False, 2, 1.558248
51.21536, False, 2, 1.390157
51.22639, False, 2, 1.325516
51.23616, False, 2, 1.30495
51.24879, False, 2, 1.272511
51.25999, False, 2, 1.23766
51.27016, False, 2, 1.192152
51.28099, False, 2, 1.142043
51.29243, False, 2, 1.082831
51.30381, False, 2, 1.0241
51.31575, False, 2, 0.8909656
51.32641, False, 3, 0.8267137
51.33758, False, 3, 0.7698088
51.34892, False, 3, 0.7079799
51.3605, False, 3, 0.6706631
51.37173, False, 3, 0.6451057
51.38349, False, 3, 0.6123192
51.39447, False, 3, 0.5632468
51.40545, False, 3, 0.5198115
51.41704, False, 3, 0.4961479
51.42845, False, 3, 0.4750288
51.43954, False, 3, 0.4612364
51.45702, False, 3, 0.4522859
51.46964, False, 3, 0.44418
51.48156, False, 3, 0.4371738
51.49188, False, 3, 0.4320797
51.50411, False, 3, 0.4298996
51.51609, False, 3, 0.4284343
51.52785, False, 3, 0.4273008
51.54075, False, 3, 0.4266573
51.55266, False, 3, 0.4259187
51.56274, False, 3, 0.4277094
51.5742, False, 3, 0.4306319
51.58538, False, 3, 0.4354221
51.59542, False, 3, 0.4421341
51.60675, False, 3, 0.4503065
51.61696, False, 3, 0.4603608
51.62726, False, 3, 0.47015
51.63788, False, 3, 0.4808354
51.64874, False, 3, 0.4920398
51.66065, False, 3, 0.5055332
51.67083, False, 3, 0.5227184
51.68296, False, 3, 0.5416739
51.69503, False, 3, 0.5568216
51.7078, False, 3, 0.5725907
51.71958, False, 3, 0.5867652
51.73072, False, 3, 0.6019399
51.74257, False, 3, 0.6175028
51.75288, False, 3, 0.6333
51.76455, False, 3, 0.6497421
51.77579, False, 3, 0.6665221
51.78615, False, 3, 0.68458
51.79633, False, 3, 0.703003
51.80759, False, 3, 0.7220612
51.81885, False, 3, 0.7454736
51.82831, False, 3, 0.7731592
51.83917, False, 3, 0.799121
51.85072, False, 3, 0.8269253
51.86242, False, 3, 0.8736022
51.87469, False, 3, 0.9739614
52.56166, False, 3, 1.027969
52.58412, False, 3, 1.093631
52.59531, False, 3, 1.155093
52.60684, False, 3, 1.199672
52.61802, False, 3, 1.224593
52.6293, False, 3, 1.251001
52.64073, False, 3, 1.27623
52.65157, False, 3, 1.297023
52.66288, False, 3, 1.31659
52.67517, False, 3, 1.334852
52.68607, False, 3, 1.351828
52.69611, False, 3, 1.366452
52.7079, False, 3, 1.380446
52.71865, False, 3, 1.393156
52.73002, False, 3, 1.406217
52.7414, False, 3, 1.418789
52.75257, False, 3, 1.437494
52.76268, False, 3, 1.448742
52.77579, False, 3, 1.460392
52.78686, False, 3, 1.473536
52.79837, False, 3, 1.486861
52.80966, False, 3, 1.499906
52.8201, False, 3, 1.514765
52.83367, False, 3, 1.532093
52.8474, False, 3, 1.553971
52.85909, False, 3, 1.575724
52.86892, False, 3, 1.594353
52.87967, False, 3, 1.632471
52.89106, False, 3, 1.734149
52.90258, False, 3, 1.910099
52.91453, False, 3, 1.948156
52.92593, False, 3, 1.983785
52.93615, False, 3, 2.008015
52.94637, False, 3, 2.039043
52.95763, False, 3, 2.063937
52.96939, False, 3, 2.098728
52.98004, False, 3, 2.147044
53.01328, False, 3, 2.24762
53.02434, False, 3, 2.34348
53.09078, False, 3, 2.513529
53.10524, False, 3, 2.646699
53.11633, False, 3, 2.759159
53.12713, False, 3, 2.872867
53.13983, False, 3, 3.03853
53.16132, False, 3, 3.091662
53.3821, False, 3, 3.237186
53.51547, False, 3, 3.383988
53.52657, False, 3, 3.433558
53.53794, False, 3, 3.482882
53.54944, False, 3, 3.433617
53.82519, False, 3, 3.538347
53.83545, False, 3, 3.514259
53.84734, False, 3, 3.506229
53.85831, False, 3, 3.512393
53.86892, False, 3, 3.559744
53.88044, False, 3, 3.596885
53.8909, False, 3, 3.691039
53.90248, False, 3, 3.806074
54.35143, False, 3, 3.840109
54.3629, False, 3, 3.846341
54.3811, False, 3, 3.842719
54.39363, False, 3, 3.834507
54.40464, False, 3, 3.826378
54.41627, False, 3, 3.817089
54.42693, False, 3, 3.802861
54.43795, False, 3, 3.78765
54.44997, False, 3, 3.765297
54.45998, False, 3, 3.750284
54.47103, False, 3, 3.733989
54.48224, False, 3, 3.715877
54.49311, False, 3, 3.697796
54.50401, False, 3, 3.679273
54.51509, False, 3, 3.657939
54.52647, False, 3, 3.633479
54.53801, False, 3, 3.603712
54.55116, False, 3, 3.573331
54.56301, False, 3, 3.543761
54.5754, False, 3, 3.495064
54.58677, False, 3, 3.382249
54.59724, False, 3, 3.194797
54.60761, False, 3, 3.143033
54.61964, False, 3, 3.090301
54.63136, False, 3, 3.04742
54.64201, False, 3, 3.001655
54.65209, False, 3, 2.962077
54.66221, False, 3, 2.912756
54.67378, False, 3, 2.849829
54.68563, False, 3, 2.733577
54.69722, False, 3, 2.621437
54.70766, False, 3, 2.434584
54.71975, False, 3, 2.28401
54.73118, False, 3, 2.153869
54.74271, False, 3, 2.022302
54.75356, False, 3, 1.837723
54.76495, False, 3, 1.761145
54.77605, False, 3, 1.587893
54.78748, False, 3, 1.414991
54.79823, False, 3, 1.3374
54.80936, False, 3, 1.241283
54.82063, False, 3, 1.190307
54.83286, False, 3, 1.031232
54.84483, False, 3, 0.9895196
54.85548, False, 3, 0.9359091
54.86628, False, 3, 0.8850073
54.87783, False, 3, 0.8126646
54.88943, False, 3, 0.7486057
54.90137, False, 3, 0.6287005
54.91241, False, 3, 0.4921973
54.92403, False, 3, 0.4376814
54.93528, False, 3, 0.41212
54.94574, False, 3, 0.3977029
54.95969, False, 3, 0.3889075
54.97435, False, 3, 0.3807324
54.98519, False, 3, 0.374421
54.99652, False, 3, 0.3732374
55.00616, False, 3, 0.3728353
55.01572, False, 3, 0.3731181
55.02662, False, 3, 0.373489
55.03655, False, 3, 0.3742061
55.04839, False, 3, 0.3754533
55.05975, False, 3, 0.3762875
55.06966, False, 3, 0.3774922
55.08111, False, 3, 0.3796567
55.09103, False, 3, 0.3815579
55.10185, False, 3, 0.3839429
55.11235, False, 3, 0.3870229
55.12309, False, 3, 0.3907664
55.13477, False, 3, 0.3948582
55.14551, False, 3, 0.3998026
55.15743, False, 3, 0.4049933
55.16842, False, 3, 0.4103892
55.18008, False, 3, 0.4158042
55.19109, False, 3, 0.4213016
55.20204, False, 3, 0.4269896
55.21237, False, 3, 0.4323057
55.22371, False, 3, 0.4412781
55.23433, False, 3, 0.4534309
55.24515, False, 3, 0.4656352
55.25663, False, 3, 0.4793467
55.26789, False, 3, 0.4935274
55.27878, False, 3, 0.5081192
55.28973, False, 3, 0.523364
55.30135, False, 3, 0.537722
55.3125, False, 3, 0.5523395
55.32387, False, 3, 0.5665694
55.33594, False, 3, 0.5811202
55.34677, False, 3, 0.5964274
55.35893, False, 3, 0.6109974
55.37008, False, 3, 0.6255764
55.381, False, 3, 0.6395736
55.3926, False, 3, 0.6539308
55.40305, False, 3, 0.6681795
55.41523, False, 3, 0.6825445
55.42709, False, 3, 0.6972502
55.43753, False, 3, 0.7121397
55.45537, False, 3, 0.7279156
55.46722, False, 3, 0.7434667
55.47673, False, 3, 0.7609683
55.48724, False, 3, 0.779092
55.49797, False, 3, 0.7974123
55.50695, False, 3, 0.8155934
55.51754, False, 3, 0.8339631
55.52797, False, 3, 0.8477284
55.53875, False, 3, 0.8796607
55.5562, False, 3, 0.9004616
55.56748, False, 3, 0.9187177
55.57858, False, 3, 0.935385
55.58986, False, 3, 0.9535988
55.60092, False, 3, 0.9680361
55.61213, False, 3, 0.9822333
55.6231, False, 3, 0.9970938
55.63472, False, 3, 1.011408
55.64739, False, 3, 1.02393
55.6603, False, 3, 1.035194
55.67324, False, 3, 1.049278
55.68462, False, 3, 1.062664
55.69556, False, 3, 1.076477
55.70568, False, 3, 1.090014
55.71769, False, 3, 1.103579
55.72841, False, 3, 1.126556
55.73967, False, 3, 1.138855
55.74932, False, 3, 1.160168
55.75889, False, 3, 1.206016
55.76949, False, 3, 1.379347
55.77974, False, 3, 1.519395
55.79023, False, 3, 1.697874
55.82287, False, 3, 1.750183
56.22645, False, 3, 1.730434
56.40188, False, 4, 1.709413
56.42432, False, 4, 1.823388
56.65784, False, 4, 1.872994
56.66832, False, 4, 2.012202
56.91616, False, 4, 1.990254
56.92772, False, 4, 2.012342
57.04972, False, 4, 2.178231
57.06141, False, 4, 2.280494
57.10495, False, 4, 2.364283
57.11641, False, 4, 2.450256
57.16728, False, 4, 2.489079
57.54579, False, 4, 2.620123
57.55711, False, 4, 2.760592
57.57974, False, 4, 2.79627
57.6137, False, 4, 2.97027
57.7495, False, 4, 2.988742
57.76062, False, 4, 3.078462
57.79358, False, 4, 3.126122
57.80495, False, 4, 3.135014
57.81659, False, 4, 3.137771
57.82704, False, 4, 3.166693
57.97512, False, 4, 3.218409
57.99624, False, 4, 3.285603
58.00507, False, 4, 3.311565
58.01659, False, 4, 3.322584
58.02594, False, 4, 3.328312
58.07726, False, 4, 3.315178
58.08898, False, 4, 3.365113
58.11081, False, 4, 3.415168
58.14411, False, 4, 3.420713
58.1772, False, 4, 3.414215
58.25544, False, 4, 3.451977
58.26696, False, 4, 3.556905
58.27706, False, 4, 3.611081
58.2887, False, 4, 3.636705
58.31043, False, 4, 3.697501
58.3218, False, 4, 3.760196
58.33321, False, 4, 3.760082
58.34479, False, 4, 3.802761
58.36659, False, 4, 3.911115
58.37798, False, 4, 4.083397
58.41187, False, 4, 4.136049
58.63617, False, 4, 4.156176
58.64754, False, 4, 4.161011
58.65866, False, 4, 4.181166
58.67016, False, 4, 4.073574
58.69899, False, 4, 4.02046
58.72186, False, 4, 3.8958
58.73314, False, 4, 4.00561
58.75547, False, 4, 4.191811
58.76617, False, 4, 4.293107
58.78901, False, 4, 4.325847
58.80028, False, 4, 4.402541
58.81195, False, 4, 4.313762
58.82317, False, 4, 4.384923
58.83456, False, 4, 4.409238
58.84502, False, 4, 4.300962
58.85551, False, 4, 4.26101
58.86758, False, 4, 4.232104
58.8779, False, 4, 4.203836
58.88994, False, 4, 4.2248
58.9016, False, 4, 4.124966
58.91529, False, 4, 4.014705
58.92671, False, 4, 4.013409
58.93815, False, 4, 3.879091
58.94857, False, 4, 3.90011
58.95993, False, 4, 3.850247
58.97079, False, 4, 3.84435
58.98197, False, 4, 3.879601
58.99233, False, 4, 3.921564
59.0023, False, 4, 3.939186
59.01418, False, 4, 3.937135
59.02512, False, 4, 3.997677
59.03451, False, 4, 4.101415
59.04475, False, 4, 4.248222
59.05616, False, 4, 4.351171
59.06679, False, 4, 4.435261
59.07732, False, 4, 4.441512
59.0888, False, 4, 4.451804
59.10035, False, 4, 4.516022
59.11148, False, 4, 4.607458
59.12319, False, 4, 4.579621
59.13407, False, 4, 4.483946
59.14664, False, 4, 4.44387
59.1586, False, 4, 4.441888
59.16961, False, 4, 4.400467
59.18001, False, 4, 4.35215
59.19096, False, 4, 4.361624
59.20158, False, 4, 4.325777
59.2131, False, 4, 4.218378
59.22476, False, 4, 4.054818
59.23482, False, 4, 3.998023
59.24526, False, 4, 3.979986
59.25681, False, 4, 3.969074
59.26848, False, 4, 3.915058
59.28005, False, 4, 3.858136
59.29648, False, 4, 3.776793
59.30844, False, 4, 3.726693
59.31828, False, 4, 3.561074
59.32858, False, 4, 3.390997
59.33883, False, 4, 3.306732
59.34988, False, 4, 3.154414
59.35963, False, 4, 3.022279
59.37091, False, 4, 2.965378
59.38212, False, 4, 2.910274
59.39264, False, 4, 2.858146
59.40198, False, 4, 2.79534
59.41203, False, 4, 2.727519
59.42295, False, 4, 2.666506
59.43438, False, 4, 2.603268
59.44535, False, 4, 2.537364
59.45846, False, 4, 2.500353
59.46877, False, 4, 2.463947
59.47903, False, 4, 2.423021
59.49, False, 4, 2.376394
59.50134, False, 4, 2.329558
59.5121, False, 4, 2.282566
59.52502, False, 4, 2.232823
59.5357, False, 4, 2.180593
59.54719, False, 4, 2.125728
59.55849, False, 4, 2.068958
59.56879, False, 4, 2.008559
59.58025, False, 4, 1.870351
59.59113, False, 4, 1.73034
59.60172, False, 4, 1.567674
59.61209, False, 4, 1.435705
59.62285, False, 4, 1.352103
59.63402, False, 4, 1.285896
59.6445, False, 4, 1.216784
59.65588, False, 4, 1.136786
59.66737, False, 4, 1.045799
59.67663, False, 4, 1.029892
59.68798, False, 4, 1.014006
59.69897, False, 4, 0.993878
59.71074, False, 4, 0.9660136
59.72256, False, 4, 0.9439753
59.73375, False, 4, 0.9238282
59.74462, False, 4, 0.9086646
59.75607, False, 4, 0.8958653
59.76742, False, 4, 0.8898902
59.77895, False, 4, 0.8762614
59.79017, False, 4, 0.869188
59.80154, False, 4, 0.8645688
59.81249, False, 4, 0.8641012
59.82416, False, 4, 0.8693115
59.83503, False, 4, 0.8833035
59.84645, False, 4, 0.8970266
59.85863, False, 4, 0.911632
59.86979, False, 4, 0.9372472
59.88782, False, 4, 0.9628944
59.89965, False, 4, 0.9867429
59.91004, False, 4, 1.011496
59.92313, False, 4, 1.035719
59.93406, False, 4, 1.059022
59.94336, False, 4, 1.074814
59.95499, False, 4, 1.089255
59.96553, False, 4, 1.10437
59.97664, False, 4, 1.119577
59.98745, False, 4, 1.134662
59.99867, False, 4, 1.148856
60.0099, False, 4, 1.161247
60.0207, False, 4, 1.169703
60.03191, False, 4, 1.178937
60.04365, False, 4, 1.187205
60.05519, False, 4, 1.196367
60.06622, False, 4, 1.205174
60.0778, False, 4, 1.213421
60.08981, False, 4, 1.217003
60.09985, False, 4, 1.227161
60.11053, False, 4, 1.236515
60.12092, False, 4, 1.245403
60.1324, False, 4, 1.251574
60.14384, False, 4, 1.255482
60.15541, False, 4, 1.259333
60.16695, False, 4, 1.262403
60.17751, False, 4, 1.265908
60.18808, False, 4, 1.269442
60.19883, False, 4, 1.272864
60.21099, False, 4, 1.275989
60.22222, False, 4, 1.278805
60.2323, False, 4, 1.281389
60.24424, False, 4, 1.284419
60.25467, False, 4, 1.287523
60.26572, False, 4, 1.290673
60.27692, False, 4, 1.292974
60.28733, False, 4, 1.295571
60.29894, False, 4, 1.298237
60.30981, False, 4, 1.300478
60.32099, False, 4, 1.302264
60.33219, False, 4, 1.303671
60.34329, False, 4, 1.304764
60.35489, False, 4, 1.302641
60.36655, False, 4, 1.302236
60.37782, False, 4, 1.296103
60.38927, False, 4, 1.287366
60.40154, False, 4, 1.272826
60.41279, False, 4, 1.261873
60.42487, False, 4, 1.248295
60.43578, False, 4, 1.227782
60.44671, False, 4, 1.207858
60.45783, False, 4, 1.190979
60.46879, False, 4, 1.171438
60.48611, False, 4, 1.150418
60.49705, False, 4, 1.12903
60.50857, False, 4, 1.115659
60.51976, False, 4, 1.10429
60.53004, False, 4, 1.092731
60.54045, False, 4, 1.080481
60.55081, False, 4, 1.06903
60.56116, False, 4, 1.060117
60.57301, False, 4, 1.055854
60.584, False, 4, 1.054644
60.5944, False, 4, 1.05048
60.60522, False, 4, 1.048893
60.61555, False, 4, 1.046575
60.62592, False, 4, 1.043618
60.63545, False, 4, 1.040741
60.646, False, 4, 1.042458
60.65711, False, 4, 1.038096
60.66788, False, 4, 1.034275
60.67928, False, 4, 1.03066
60.69029, False, 4, 1.03005
60.69978, False, 4, 1.031372
60.71043, False, 4, 1.032798
60.72108, False, 4, 1.033892
60.7319, False, 4, 1.034581
60.74749, False, 4, 1.03546
60.75686, False, 4, 1.040216
60.76787, False, 4, 1.056499
60.78099, False, 4, 1.063738
60.79223, False, 4, 1.069464
60.80475, False, 4, 1.111108
60.81517, False, 4, 1.138527
60.82566, False, 4, 1.189929
60.84618, False, 4, 1.264542
60.85666, False, 4, 1.385147
60.86693, False, 4, 1.515173
60.87681, False, 4, 1.645379
60.88901, False, 4, 1.745202
60.89947, False, 4, 1.839016
60.91114, False, 4, 1.965557
60.92235, False, 4, 2.099885
60.93364, False, 4, 2.220792
60.94312, False, 4, 2.380672
60.95397, False, 4, 2.502883
60.96529, False, 4, 2.608805
60.97646, False, 4, 2.754784
60.98779, False, 4, 2.837744
61.01029, False, 4, 2.918691
61.02198, False, 4, 3.083576
61.04358, False, 4, 3.155297
61.05545, False, 4, 3.235471
61.06667, False, 4, 3.31457
61.08479, False, 4, 3.401027
61.09583, False, 4, 3.485445
61.10775, False, 4, 3.628044
61.12907, False, 4, 3.663259
61.13964, False, 4, 3.705912
61.15063, False, 4, 3.749829
61.15989, False, 4, 3.789858
61.17134, False, 4, 3.829716
61.18303, False, 4, 3.878143
61.1949, False, 4, 3.933257
61.20609, False, 4, 3.988842
61.21687, False, 4, 4.03971
61.22631, False, 4, 4.093289
61.23857, False, 4, 4.151805
61.25071, False, 4, 4.210415
61.27275, False, 4, 4.30345
61.28388, False, 4, 4.417567
61.29528, False, 4, 4.490241
61.30612, False, 4, 4.567327
61.33696, False, 5, 4.671406
61.3475, False, 5, 4.781433
61.35807, False, 5, 4.822615
61.3793, False, 5, 4.988015
61.39135, False, 5, 5.077871
61.40234, False, 5, 5.238297
61.56477, False, 5, 5.341937
61.57626, False, 5, 5.394586
61.58773, False, 5, 5.448026
61.59956, False, 5, 5.478679
61.61043, False, 5, 5.492621
61.62247, False, 5, 5.517652
61.74327, False, 5, 5.553728
61.75428, False, 5, 5.567064
61.76542, False, 5, 5.572216
62.07769, False, 5, 5.518861
62.11136, False, 5, 5.489594
62.1227, False, 5, 5.413818
62.1341, False, 5, 5.306232
62.14428, False, 5, 5.17295
62.15574, False, 5, 5.051231
62.16684, False, 5, 4.887382
62.17812, False, 5, 4.755579
62.18953, False, 5, 4.639948
62.20081, False, 5, 4.481291
62.21203, False, 5, 4.385366
62.22384, False, 5, 4.291579
62.23433, False, 5, 4.114072
62.24665, False, 5, 4.026933
62.25745, False, 5, 3.933462
62.26888, False, 5, 3.843102
62.2803, False, 5, 3.746478
62.29136, False, 5, 3.65147
62.30243, False, 5, 3.497533
62.31452, False, 5, 3.450408
62.32463, False, 5, 3.396466
62.3359, False, 5, 3.340259
62.3477, False, 5, 3.286913
62.35904, False, 5, 3.231095
62.37006, False, 5, 3.167621
62.38152, False, 5, 3.099741
62.39212, False, 5, 3.029757
62.40435, False, 5, 2.964685
62.41578, False, 5, 2.897825
62.42677, False, 5, 2.826091
62.43663, False, 5, 2.754194
62.44775, False, 5, 2.648402
62.45827, False, 5, 2.522579
62.4691, False, 5, 2.436918
62.48556, False, 5, 2.347176
62.49753, False, 5, 2.230535
62.50761, False, 5, 2.107597
62.51778, False, 5, 2.0532
62.527, False, 5, 1.874912
62.53635, False, 5, 1.772044
62.54714, False, 5, 1.594702
62.55751, False, 5, 1.463078
62.56789, False, 5, 1.391603
62.58075, False, 5, 1.320772
62.5918, False, 5, 1.236316
62.60177, False, 5, 1.182616
62.61165, False, 5, 1.09365
62.6237, False, 5, 0.9704356
62.63364, False, 5, 0.8237261
62.64229, False, 5, 0.6756662
62.65289, False, 5, 0.5860857
62.6643, False, 5, 0.5030134
62.67521, False, 5, 0.4717861
62.68624, False, 5, 0.4388708
62.69749, False, 5, 0.4236987
62.70889, False, 5, 0.4105009
62.71989, False, 5, 0.401038
62.73121, False, 5, 0.3970772
62.74235, False, 5, 0.3930156
62.75363, False, 5, 0.3913048
62.7651, False, 5, 0.3902112
62.77526, False, 5, 0.3885444
62.78709, False, 5, 0.3863308
62.79754, False, 5, 0.3847969
62.80849, False, 5, 0.3837357
62.81959, False, 5, 0.3827804
62.83145, False, 5, 0.3819301
62.84211, False, 5, 0.3811794
62.85349, False, 5, 0.3806092
62.86509, False, 5, 0.3808271
62.87561, False, 5, 0.3823758
62.88755, False, 5, 0.3842121
62.8997, False, 5, 0.3853886
62.91137, False, 5, 0.3876629
62.92397, False, 5, 0.3901634
62.93372, False, 5, 0.3935059
62.94741, False, 5, 0.3982193
62.95943, False, 5, 0.4024304
62.97077, False, 5, 0.4072202
62.98193, False, 5, 0.4114531
62.99209, False, 5, 0.4166606
63.00185, False, 5, 0.4227138
63.01172, False, 5, 0.4284386
63.02217, False, 5, 0.4354038
63.03351, False, 5, 0.4418229
63.0433, False, 5, 0.4484682
63.05524, False, 5, 0.4554904
63.07418, False, 5, 0.4631292
63.08698, False, 5, 0.470804
63.09859, False, 5, 0.4788533
63.10947, False, 5, 0.4871328
63.12035, False, 5, 0.4954754
63.13256, False, 5, 0.5045036
63.14298, False, 5, 0.5155095
63.15515, False, 5, 0.5266614
63.16474, False, 5, 0.5380024
63.1752, False, 5, 0.5495297
63.18629, False, 5, 0.5606744
63.19715, False, 5, 0.5719867
63.21, False, 5, 0.5830696
63.22165, False, 5, 0.5939618
63.23342, False, 5, 0.6050153
63.24502, False, 5, 0.6164647
63.25587, False, 5, 0.6280938
63.2659, False, 5, 0.639976
63.27493, False, 5, 0.6518795
63.28593, False, 5, 0.6648922
63.29953, False, 5, 0.6782009
63.31259, False, 5, 0.6905987
63.32392, False, 5, 0.7033437
63.33417, False, 5, 0.7161148
63.34623, False, 5, 0.7292337
63.35703, False, 5, 0.7435818
63.36777, False, 5, 0.7575702
63.37923, False, 5, 0.7714912
63.39127, False, 5, 0.7851285
63.40276, False, 5, 0.7990902
63.41298, False, 5, 0.8127073
63.42428, False, 5, 0.8261858
63.43366, False, 5, 0.8393633
63.44324, False, 5, 0.8500161
63.45477, False, 5, 0.8671362
63.46695, False, 5, 0.8857341
63.47655, False, 5, 0.9167632
63.48729, False, 5, 0.9436861
63.49741, False, 5, 0.9752862
63.50871, False, 5, 1.020568
63.51995, False, 5, 1.064171
63.53223, False, 5, 1.100042
63.54322, False, 5, 1.155444
63.55568, False, 5, 1.211495
63.5661, False, 5, 1.266637
63.57635, False, 5, 1.338611
63.58821, False, 5, 1.402527
63.6005, False, 5, 1.469728
63.61039, False, 5, 1.53662
63.62148, False, 5, 1.606393
63.63309, False, 5, 1.6767
63.64317, False, 5, 1.743876
63.65488, False, 5, 1.819677
63.66968, False, 5, 1.913935
63.68475, False, 5, 2.018155
63.70101, False, 5, 2.144343
63.71801, False, 5, 2.321287
63.85265, False, 5, 2.407112
63.91911, False, 5, 2.550668
63.95302, False, 5, 2.722583
63.96378, False, 5, 2.839764
64.0078, False, 5, 2.99705
64.01926, False, 5, 3.021831
64.03004, False, 5, 3.044102
64.04121, False, 5, 3.072608
64.05219, False, 5, 3.089701
64.06314, False, 5, 3.117497
64.08572, False, 5, 3.231247
64.0971, False, 5, 3.317878
64.11904, False, 5, 3.411929
64.16356, False, 5, 3.466379
64.17509, False, 5, 3.52981
64.22065, False, 5, 3.594623
64.23286, False, 5, 3.61227
64.24383, False, 5, 3.635539
64.27801, False, 5, 3.671083
64.28967, False, 5, 3.711701
64.30186, False, 5, 3.810087
64.31277, False, 5, 3.941444
64.32491, False, 5, 3.98091
64.33508, False, 5, 4.055807
64.34654, False, 5, 4.166043
64.35802, False, 5, 4.250422
64.36987, False, 5, 4.3053
64.3821, False, 5, 4.420195
64.40942, False, 5, 4.441899
64.41946, False, 5, 4.440108
64.43005, False, 5, 4.447351
64.44017, False, 5, 4.438877
64.51884, False, 5, 4.568559
64.54139, False, 5, 4.599727
64.55312, False, 5, 4.615737
64.56503, False, 5, 4.589345
64.5747, False, 5, 4.553759
64.58591, False, 5, 4.521757
64.59669, False, 5, 4.476061
64.60809, False, 5, 4.424683
64.61877, False, 5, 4.406553
64.63, False, 5, 4.36852
64.64108, False, 5, 4.372941
64.73016, False, 5, 4.472866
64.78545, False, 5, 4.439766
64.79766, False, 5, 4.405797
64.80963, False, 5, 4.347281
64.82008, False, 5, 4.284246
64.83308, False, 5, 4.221089
64.84296, False, 5, 4.077112
64.85283, False, 5, 4.039166
64.88549, False, 5, 4.050179
64.90884, False, 5, 3.920422
64.91886, False, 5, 3.934406
64.9305, False, 5, 3.811762
64.94158, False, 5, 3.843636
64.9641, False, 5, 3.846224
64.97579, False, 5, 3.893491
64.98735, False, 5, 3.988883
64.99863, False, 5, 4.045083
65.04485, False, 5, 3.992349
65.05578, False, 5, 3.96091
65.06727, False, 5, 3.892162
65.1879, False, 5, 3.966428
65.21105, False, 5, 3.93503
65.22275, False, 5, 3.898311
65.24522, False, 5, 3.997411
65.25546, False, 5, 4.088991
65.26658, False, 5, 4.170531
65.2762, False, 5, 4.148411
65.28819, False, 5, 4.077751
65.29764, False, 5, 3.969909
65.30784, False, 5, 3.955438
65.35409, False, 5, 3.993446
65.37415, False, 5, 3.924635
65.38528, False, 5, 3.950768
65.39671, False, 5, 3.927471
65.44084, False, 5, 3.978038
65.59697, False, 5, 3.961875
65.60851, False, 5, 4.001309
65.63293, False, 5, 4.008863
65.70032, False, 5, 4.125837
65.84248, False, 5, 4.086498
65.90725, False, 5, 4.067415
66.12927, False, 5, 4.035027
66.14046, False, 5, 4.127463
66.16282, False, 5, 4.142218
66.17387, False, 5, 4.144557
66.1848, False, 5, 4.296955
66.19589, False, 5, 4.333069
66.27478, False, 5, 4.42742
66.28647, False, 5, 4.443618
66.29745, False, 5, 4.401734
66.30861, False, 5, 4.261734
66.32013, False, 5, 4.272374
