0.0119032, 2.024962, 2.024962, 2.527031
0.0212339, 2.010693, 2.017828, 2.526996
0.0325572, 1.912334, 1.982663, 2.526891
0.0435789, 1.906673, 1.963665, 2.526727
0.0538538, 1.99974, 1.970881, 2.526545
0.0649601, 1.922086, 1.962748, 2.526321
0.0759757, 1.915319, 1.955973, 2.526011
0.087011, 1.938949, 1.953845, 2.525601
0.0986215, 1.939855, 1.95229, 2.525228
0.1118103, 1.937627, 1.950824, 2.524639
0.1213035, 1.902002, 1.946386, 2.524175
0.1323924, 1.975761, 1.948834, 2.523427
0.1433972, 1.867839, 1.942603, 2.52277
0.1537745, 1.905554, 1.939957, 2.522142
0.1648456, 1.822197, 1.932106, 2.521388
0.1759533, 1.816098, 1.924856, 2.520577
0.1870575, 1.823029, 1.918866, 2.519704
0.1981917, 1.850771, 1.915083, 2.518947
0.2098526, 1.912912, 1.914968, 2.517965
0.221337, 1.90313, 1.914376, 2.516938
0.2322168, 1.87906, 1.907081, 2.515904
0.243223, 1.844101, 1.898752, 2.514892
0.2536153, 1.80184, 1.893227, 2.513793
0.2646263, 1.807844, 1.888285, 2.512533
0.2757669, 1.711413, 1.873869, 2.511212
0.2870122, 1.755601, 1.865545, 2.509827
0.2980774, 1.713924, 1.855475, 2.508251
0.3099624, 1.68012, 1.842534, 2.506941
0.3211574, 1.662995, 1.828691, 2.505412
0.332178, 1.655603, 1.81459, 2.503946
0.3441227, 1.665246, 1.802752, 2.502182
0.3540333, 1.701496, 1.789038, 2.500688
0.3646744, 1.72498, 1.781895, 2.498974
0.3756661, 1.688354, 1.771036, 2.497103
0.3868766, 1.728472, 1.766349, 2.495404
0.3981344, 1.752634, 1.763176, 2.493516
0.4091605, 1.766632, 1.760356, 2.491577
0.4202256, 1.737217, 1.754679, 2.489603
0.4312859, 1.73897, 1.745982, 2.487507
0.4424955, 1.676871, 1.734669, 2.485367
0.4541257, 1.678126, 1.724622, 2.483038
0.4652781, 1.612258, 1.71303, 2.480835
0.4762536, 1.647415, 1.705309, 2.478767
0.4878437, 1.63034, 1.696434, 2.476393
0.4984934, 1.665146, 1.69412, 2.474136
0.5092533, 1.607005, 1.686691, 2.471767
0.52025, 1.614563, 1.681722, 2.46933
0.5313056, 1.620266, 1.67873, 2.467048
0.5423341, 1.657684, 1.678464, 2.464525
0.5540299, 1.798403, 1.685604, 2.461594
0.5653701, 1.776879, 1.691186, 2.458923
0.5761898, 1.790273, 1.695625, 2.456214
0.5875034, 1.81727, 1.700239, 2.453485
0.5983998, 1.80774, 1.706209, 2.450842
0.6100013, 1.827216, 1.711146, 2.447796
0.6209927, 1.840537, 1.715541, 2.44493
0.631976, 1.819854, 1.718202, 2.441931
0.6428619, 1.728181, 1.71775, 2.439045
0.6535542, 1.654675, 1.713536, 2.436148
0.6644893, 1.630118, 1.711198, 2.433154
0.6755834, 1.669275, 1.710755, 2.430067
0.6869406, 1.627855, 1.711535, 2.427005
0.6979854, 1.632919, 1.71081, 2.423842
0.7098715, 1.678163, 1.713201, 2.420221
0.7210407, 1.666198, 1.713254, 2.416907
0.7322062, 1.664225, 1.716115, 2.413484
0.7434084, 1.624005, 1.716587, 2.410051
0.7533693, 1.660333, 1.71859, 2.406755
0.7643287, 1.687971, 1.720105, 2.40338
0.7756531, 1.795175, 1.719943, 2.399776
0.7869251, 1.875159, 1.724857, 2.395931
0.7976658, 1.855608, 1.728124, 2.392402
0.8096935, 1.737646, 1.724143, 2.388267
0.8206896, 1.797805, 1.723646, 2.384588
0.8317984, 1.800418, 1.722306, 2.380856
0.8429075, 1.7782, 1.719189, 2.377048
0.8535975, 1.72816, 1.714604, 2.373233
0.8642948, 1.610066, 1.708699, 2.369478
0.8755926, 1.590908, 1.70551, 2.365549
0.8867689, 1.571624, 1.702586, 2.361504
0.8977525, 1.600899, 1.699167, 2.357497
0.9095104, 1.603072, 1.697928, 2.353182
0.9206423, 1.638943, 1.698229, 2.349045
0.9318746, 1.690024, 1.698822, 2.344672
0.9429945, 1.664243, 1.698724, 2.340425
0.9540358, 1.676087, 1.699317, 2.336188
0.9649749, 1.69428, 1.702831, 2.331948
0.9763057, 2.436656, 1.741647, 2.327399
0.9869969, 2.478265, 1.781162, 2.323065
0.9980832, 2.506142, 1.81671, 2.318583
1.008928, 2.439732, 1.844939, 2.314253
1.01992, 2.495208, 1.876919, 2.309742
1.031082, 2.560907, 1.918082, 2.30509
1.042198, 2.530273, 1.954706, 2.300335
1.054113, 2.477453, 1.988557, 2.295461
1.065522, 2.463027, 2.022799, 2.290565
1.076447, 2.447056, 2.058743, 2.285859
1.08764, 1.812486, 2.068864, 2.280828
1.101594, 1.812296, 2.079934, 2.274684
1.111347, 1.7968, 2.091192, 2.270567
1.120047, 1.782431, 2.100269, 2.266698
1.13102, 1.750044, 2.107618, 2.261842
1.142104, 1.740279, 2.112684, 2.2566
1.154066, 1.721208, 2.114244, 2.251125
1.165208, 1.764042, 2.119234, 2.246086
1.176504, 1.713968, 2.121128, 2.240919
1.187505, 1.63664, 2.118246, 2.235837
1.198442, 1.710025, 2.081914, 2.230706
1.208758, 1.548147, 2.035408, 2.225883
1.219799, 1.508178, 1.98551, 2.220522
1.230909, 1.316322, 1.92934, 2.215096
1.241975, 1.302044, 1.869681, 2.209768
1.253866, 1.301936, 1.806733, 2.203829
1.264735, 1.306536, 1.745546, 2.19853
1.276158, 1.302386, 1.686793, 2.192848
1.287549, 1.245798, 1.625932, 2.18721
1.298236, 1.247414, 1.565949, 2.181841
1.308597, 1.247405, 1.537695, 2.176442
1.319992, 1.251468, 1.509654, 2.170675
1.330903, 1.269894, 1.483309, 2.165047
1.341886, 1.270228, 1.457698, 2.159407
1.353727, 1.36219, 1.438306, 2.15325
1.365323, 1.344212, 1.418502, 2.147197
1.376087, 1.736133, 1.419249, 2.141695
1.387737, 1.776378, 1.419865, 2.135684
1.398287, 1.74554, 1.421444, 2.130098
1.408525, 1.747423, 1.426983, 2.124631
1.419876, 1.717548, 1.427359, 2.118505
1.430777, 1.741739, 1.437039, 2.112651
1.442071, 1.750073, 1.449134, 2.106517
1.45357, 1.702527, 1.468444, 2.100256
1.464839, 1.695476, 1.488116, 2.094152
1.476095, 1.643762, 1.505207, 2.087957
1.487541, 1.630871, 1.521424, 2.081794
1.498295, 1.615406, 1.537075, 2.075822
1.508709, 1.510137, 1.550292, 2.069865
1.519694, 1.390041, 1.557423, 2.063678
1.530829, 1.327736, 1.561439, 2.057381
1.541941, 1.318364, 1.564784, 2.051047
1.553298, 1.294393, 1.566009, 2.044672
1.563897, 1.315783, 1.568287, 2.03846
1.575278, 1.280795, 1.564217, 2.031901
1.586539, 1.275698, 1.560792, 2.025343
1.597771, 1.297092, 1.53884, 2.018816
1.609298, 1.300267, 1.515034, 2.012123
1.620238, 1.264245, 1.490969, 2.005778
1.631232, 1.223631, 1.46478, 1.999164
1.642549, 1.244189, 1.441112, 1.992494
1.653531, 1.233966, 1.415723, 1.985955
1.664502, 1.206267, 1.388533, 1.979418
1.675925, 1.204786, 1.363646, 1.972569
1.687362, 1.204413, 1.339093, 1.965705
1.698194, 1.200833, 1.316946, 1.959154
1.708421, 1.187999, 1.294803, 1.953143
1.719692, 1.186021, 1.273333, 1.946274
1.73072, 1.169157, 1.256284, 1.939619
1.74169, 1.177984, 1.245682, 1.932813
1.753723, 1.136232, 1.236106, 1.925417
1.764673, 1.124447, 1.22641, 1.918714
1.776065, 1.126096, 1.217996, 1.911647
1.787063, 1.110843, 1.207749, 1.904715
1.79854, 1.085198, 1.197969, 1.897496
1.808653, 1.051638, 1.186766, 1.891229
1.81961, 1.070168, 1.175419, 1.884353
1.830741, 1.036287, 1.16222, 1.877329
1.841978, 1.031388, 1.150578, 1.870229
1.85364, 0.9951866, 1.139155, 1.862824
1.864505, 1.001088, 1.127, 1.855953
1.875701, 1.040874, 1.117346, 1.848796
1.886936, 1.03824, 1.108944, 1.841527
1.897848, 1.290997, 1.113255, 1.834508
1.908626, 1.308753, 1.118472, 1.827509
1.919646, 1.303237, 1.123592, 1.820382
1.930594, 1.312891, 1.129837, 1.813295
1.942087, 1.383166, 1.139694, 1.805795
1.953539, 1.314656, 1.146969, 1.79822
1.964764, 1.307818, 1.15346, 1.790839
1.975779, 1.31474, 1.162386, 1.783605
1.986753, 1.311547, 1.171741, 1.776371
1.998024, 1.331885, 1.18203, 1.768951
2.0085, 1.302213, 1.191599, 1.762015
2.019509, 1.281636, 1.20142, 1.7547
2.030766, 1.240331, 1.210855, 1.74733
2.041836, 1.224344, 1.218564, 1.740109
2.053771, 1.191422, 1.226321, 1.732183
2.064947, 1.178828, 1.233693, 1.724803
2.075474, 1.197734, 1.24382, 1.717829
2.087097, 1.268524, 1.257192, 1.710354
2.097971, 1.220893, 1.266193, 1.703021
2.108212, 1.247837, 1.276673, 1.696156
2.119454, 1.198987, 1.272072, 1.688636
2.130704, 1.201339, 1.266701, 1.681065
2.141504, 1.23946, 1.263513, 1.673728
2.153219, 1.22866, 1.259301, 1.665854
2.164439, 1.21701, 1.250993, 1.658261
2.175676, 1.169044, 1.243713, 1.650675
2.186543, 1.170133, 1.236829, 1.643188
2.197787, 1.164974, 1.22934, 1.635609
2.209038, 1.161362, 1.221831, 1.627962
2.22033, 1.15953, 1.213213, 1.620357
2.23095, 1.159178, 1.206062, 1.613018
2.242296, 1.189771, 1.201468, 1.605225
2.255594, 1.218342, 1.200369, 1.596275
2.263843, 1.235047, 1.200904, 1.590646
2.274925, 1.244283, 1.203547, 1.583088
2.286058, 1.311272, 1.210169, 1.575446
2.297114, 1.317793, 1.216172, 1.567875
2.309055, 1.351383, 1.220315, 1.559516
2.320485, 1.341522, 1.226347, 1.551715
2.331186, 1.33865, 1.230887, 1.544367
2.342246, 1.35624, 1.23875, 1.536902
2.352536, 1.302155, 1.243791, 1.529831
2.363986, 1.256375, 1.244637, 1.521862
2.375033, 1.219751, 1.244191, 1.51425
2.386016, 1.243644, 1.245523, 1.506752
2.397184, 1.24161, 1.249151, 1.499061
2.408241, 1.215026, 1.251396, 1.491518
2.419491, 1.208642, 1.253579, 1.483818
2.430444, 1.224709, 1.256746, 1.476249
2.441969, 1.226747, 1.260107, 1.468122
2.453271, 1.229236, 1.26361, 1.460301
2.464371, 1.255229, 1.266883, 1.45257
2.475556, 1.224087, 1.26717, 1.444851
2.486933, 1.209563, 1.265896, 1.437133
2.497625, 1.195018, 1.263433, 1.429683
2.508246, 1.176364, 1.256687, 1.422325
2.519415, 1.189329, 1.250264, 1.414669
2.530425, 1.225738, 1.243982, 1.407125
2.541628, 1.243048, 1.239058, 1.399361
2.553257, 1.262727, 1.235262, 1.391305
2.564288, 1.285195, 1.23171, 1.383797
2.57543, 1.262872, 1.229746, 1.376095
2.587252, 1.274641, 1.230659, 1.367937
2.597479, 1.318048, 1.235574, 1.36076
2.608811, 1.272731, 1.237028, 1.352928
2.620081, 1.31228, 1.240562, 1.345263
2.63116, 1.3212, 1.24587, 1.33764
2.642174, 1.303085, 1.250593, 1.330119
2.652667, 1.297146, 1.254215, 1.322896
2.663707, 1.270757, 1.256415, 1.315284
2.674762, 1.219829, 1.255944, 1.307401
2.685918, 1.191741, 1.25277, 1.299692
2.697009, 1.163937, 1.249763, 1.292006
2.708078, 1.15266, 1.246917, 1.284378
2.719183, 1.094643, 1.241899, 1.276708
2.730395, 1.089124, 1.237537, 1.26899
2.741437, 1.079186, 1.23203, 1.261454
2.753032, 1.055581, 1.223522, 1.253485
2.764261, 1.055588, 1.214149, 1.245865
2.775377, 1.058655, 1.203945, 1.238261
2.786404, 1.059856, 1.192678, 1.230733
2.797448, 1.05888, 1.182479, 1.223198
2.808084, 1.06041, 1.171767, 1.216019
2.819453, 1.008121, 1.156271, 1.208328
2.830249, 1.009807, 1.143124, 1.201009
2.841412, 1.011169, 1.128069, 1.193441
2.853072, 1.013732, 1.112696, 1.185556
2.864179, 0.9698394, 1.096033, 1.178099
2.875279, 0.9710006, 1.079726, 1.170622
2.886289, 0.9671645, 1.064546, 1.163081
2.897392, 0.9832365, 1.052717, 1.155619
2.907987, 0.9882518, 1.042542, 1.148513
2.91909, 0.9920009, 1.033946, 1.141225
2.930162, 0.9755876, 1.025092, 1.133858
2.941519, 0.9713846, 1.018929, 1.126371
2.953128, 0.9859709, 1.013771, 1.118686
2.964145, 0.9913128, 1.009378, 1.11147
2.975379, 1.332205, 1.023209, 1.104046
2.986273, 1.301424, 1.035501, 1.096844
2.997725, 1.282946, 1.046715, 1.089348
3.007937, 1.286867, 1.058066, 1.082618
3.019002, 1.268502, 1.068547, 1.075382
3.030256, 1.217098, 1.076381, 1.06801
3.041186, 1.175123, 1.084731, 1.061019
3.053112, 1.179221, 1.093202, 1.053265
3.064318, 1.139826, 1.099635, 1.045989
3.075385, 1.080722, 1.102984, 1.038846
3.086499, 1.079776, 1.108481, 1.031731
3.097462, 1.079627, 1.113912, 1.024645
3.108483, 1.08375, 1.119742, 1.017851
3.119575, 1.073795, 1.12427, 1.010602
3.130216, 1.565143, 1.153114, 1.003724
3.141329, 1.685527, 1.187791, 0.9966426
3.152384, 1.451636, 1.211593, 0.9896331
3.163473, 1.183226, 1.222185, 0.9826074
3.174492, 0.9642405, 1.221099, 0.9754606
3.185516, 1.05515, 1.22429, 0.9685553
3.197052, 1.043713, 1.209866, 0.9613401
3.208743, 0.9647217, 1.193031, 0.9540324
3.219908, 0.8589181, 1.171829, 0.9469848
3.23062, 0.8617669, 1.150574, 0.9403219
3.242519, 0.8801779, 1.131158, 0.9328756
3.252493, 0.871578, 1.113882, 0.9266887
3.263273, 0.889322, 1.099592, 0.9201956
3.274738, 0.8937506, 1.085319, 0.9131544
3.285836, 0.8905274, 1.072854, 0.9065822
3.296641, 0.9087441, 1.064255, 0.9000102
3.308592, 0.8960099, 1.055066, 0.8928522
3.319736, 0.8820632, 1.045188, 0.8860684
3.330719, 0.8744369, 1.034723, 0.8794959
3.341691, 0.862116, 1.024139, 0.8728777
3.352555, 0.7870704, 0.985235, 0.866387
3.363478, 0.7941812, 0.9406677, 0.8598737
3.374717, 0.7953534, 0.9078536, 0.8527672
3.385552, 0.7947379, 0.8884293, 0.8463632
3.396816, 0.7799528, 0.8792149, 0.8397381
3.408374, 0.7671681, 0.8648158, 0.8329759
3.419551, 0.763124, 0.8507864, 0.8264332
3.430834, 0.8196044, 0.8435305, 0.8198602
3.442276, 0.7833318, 0.8397512, 0.8132661
3.452238, 0.7788853, 0.8356072, 0.8075166
3.463353, 0.7741606, 0.8303062, 0.8010798
3.474516, 0.774704, 0.8254625, 0.794686
3.48528, 0.7326257, 0.8176277, 0.7885199
3.496477, 0.7267734, 0.8092788, 0.7821839
3.508317, 0.7280171, 0.8011534, 0.7755246
3.519458, 0.7966881, 0.7955506, 0.7693362
3.530391, 0.7975749, 0.7906288, 0.7632509
3.541679, 0.7680075, 0.7849261, 0.757095
3.552953, 0.780303, 0.7802194, 0.7509075
3.563796, 0.7916251, 0.7766949, 0.7449588
3.575161, 0.7935686, 0.7770197, 0.7387845
3.586202, 0.80895, 0.7777582, 0.7327553
3.597518, 0.8199953, 0.7789903, 0.7266911
3.607712, 0.8267074, 0.7805887, 0.7213237
3.618977, 0.798419, 0.7815121, 0.715278
3.629835, 0.7972399, 0.7830156, 0.7095717
3.641109, 0.7659776, 0.7831583, 0.7039616
3.652477, 0.7777105, 0.7810636, 0.6980548
3.664272, 0.7857097, 0.7811824, 0.6919408
3.675213, 0.7809477, 0.7812856, 0.6863344
3.686157, 0.7618076, 0.780668, 0.6807423
3.697257, 0.7716927, 0.7805174, 0.6751363
3.707572, 0.7505774, 0.781415, 0.6699185
3.718755, 0.7402982, 0.7820912, 0.6643379
3.729787, 0.7327673, 0.7823287, 0.6588681
3.741229, 0.7094842, 0.7779686, 0.6531714
3.752268, 0.7047348, 0.7733266, 0.6477666
3.763734, 0.6990017, 0.7698763, 0.6423154
3.775026, 0.6969525, 0.7657088, 0.6368918
3.787069, 0.6651455, 0.7593848, 0.6311326
3.796866, 0.6764408, 0.7535285, 0.6264582
3.808633, 0.6848148, 0.7473217, 0.6208689
3.819403, 0.6836966, 0.7405068, 0.6160073
3.830608, 0.6661656, 0.7324796, 0.6108331
3.841705, 0.6863613, 0.7268767, 0.6058514
3.852923, 0.6932229, 0.7216759, 0.6007567
3.863788, 0.6819769, 0.7174758, 0.5956616
3.875203, 0.6623001, 0.7117053, 0.5905715
3.886059, 0.6609418, 0.7054669, 0.585943
3.897218, 0.6288273, 0.6978609, 0.5810409
3.907456, 0.6285523, 0.6911982, 0.5764469
3.918722, 0.5504309, 0.6801351, 0.5715257
3.929667, 0.5479315, 0.6700028, 0.5668224
3.940825, 0.5459122, 0.6602835, 0.5620664
3.952153, 0.5484143, 0.6510659, 0.5569919
3.963759, 0.5467289, 0.6429281, 0.5521374
3.974975, 0.5629202, 0.6358374, 0.5474443
3.986467, 0.5706742, 0.6294211, 0.5427715
3.997209, 0.6136907, 0.6252579, 0.538404
4.007544, 0.6172024, 0.6228608, 0.5342035
4.018572, 0.6159121, 0.6198343, 0.5297124
4.02959, 0.6300678, 0.617097, 0.5253007
4.040842, 0.6419415, 0.6150092, 0.5211945
4.052681, 0.6616235, 0.6147821, 0.5165632
4.063694, 0.6563113, 0.6132796, 0.5126333
4.075002, 0.6543646, 0.6113366, 0.5083199
4.086136, 0.6143459, 0.6079551, 0.5042372
4.096855, 0.6150162, 0.6055909, 0.5001253
4.107894, 0.6132566, 0.6032066, 0.4960549
4.118548, 0.5996151, 0.601746, 0.4919612
4.129467, 0.6039799, 0.6005174, 0.4879893
4.140778, 0.6006233, 0.603027, 0.4837769
4.151954, 0.6007419, 0.6056675, 0.4797727
4.16354, 0.589225, 0.6078331, 0.4756173
4.174614, 0.5597703, 0.6084009, 0.4716196
4.185888, 0.4993083, 0.6060299, 0.4679084
4.196787, 0.4689593, 0.6013318, 0.4640535
4.207504, 0.4659573, 0.596096, 0.4604442
4.385764, 0.4298733, 0.5869052, 0.4069875
4.397087, 0.4739335, 0.5797417, 0.4041188
4.407388, 0.4352877, 0.5707105, 0.401484
4.41842, 0.4325251, 0.5608333, 0.3987772
4.429326, 0.4289897, 0.5501857, 0.3960975
4.440743, 0.4398631, 0.5390977, 0.3934701
4.451832, 0.450067, 0.5287855, 0.3908436
4.462785, 0.4283745, 0.517486, 0.3884379
4.474061, 0.4283778, 0.5081876, 0.3859402
4.485004, 0.4269392, 0.4987837, 0.3833526
4.49615, 0.4233809, 0.4892899, 0.3809833
4.508159, 0.4090852, 0.4797634, 0.3783926
4.519199, 0.4119587, 0.4701624, 0.3760362
4.530606, 0.4444936, 0.4623559, 0.3737078
4.541453, 0.420438, 0.4533407, 0.3716065
4.55194, 0.4198819, 0.4448736, 0.3695723
4.562846, 0.4192508, 0.4378476, 0.3675309
4.573972, 0.4180525, 0.4337848, 0.3654853
4.585005, 0.4140635, 0.43104, 0.3634509
4.59581, 0.4151076, 0.4284975, 0.3615779
4.608015, 0.416104, 0.4278091, 0.3595008
4.619027, 0.4316447, 0.4256946, 0.3581291
4.633971, 0.4352212, 0.4256913, 0.3557784
4.641305, 0.4425098, 0.4261906, 0.3544876
4.652266, 0.4399279, 0.4267375, 0.352854
4.663734, 0.4164588, 0.4255673, 0.3510272
4.674552, 0.4051788, 0.4233229, 0.349553
4.685859, 0.3848018, 0.4211443, 0.347936
4.696654, 0.3710662, 0.4182787, 0.3464781
4.707277, 0.3572423, 0.4147939, 0.3451014
4.718392, 0.3459546, 0.4109226, 0.3437992
4.729353, 0.3481485, 0.4078757, 0.3425126
4.740654, 0.3445026, 0.4045029, 0.3414849
4.751774, 0.3429851, 0.3994275, 0.3402867
4.763361, 0.3453181, 0.3956715, 0.3390936
4.774389, 0.3361907, 0.391487, 0.3380182
4.786406, 0.3225828, 0.3866536, 0.3369301
4.79679, 0.323662, 0.3819341, 0.3358068
4.807031, 0.3253748, 0.3774996, 0.3349673
4.818114, 0.3085752, 0.372173, 0.334314
4.8295, 0.3113215, 0.3669339, 0.3334746
4.840468, 0.3071325, 0.3607083, 0.3326141
4.851645, 0.3066599, 0.3542802, 0.3318815
4.863292, 0.3029957, 0.3473045, 0.3312336
4.874465, 0.3043847, 0.3405273, 0.3307042
4.88531, 0.3019163, 0.3348002, 0.3301824
4.896817, 0.3063546, 0.329859, 0.329642
4.907279, 0.3037143, 0.3258046, 0.3288715
4.918225, 0.3028668, 0.3223946, 0.3284693
4.9294, 0.2995932, 0.3195122, 0.3280588
4.940577, 0.3050919, 0.3174691, 0.327739
4.951894, 0.3066862, 0.3153959, 0.3275513
4.963272, 0.3032951, 0.3133356, 0.3275095
4.974729, 0.3074602, 0.3115593, 0.3274125
4.98525, 0.3150266, 0.3100447, 0.3272612
4.996622, 0.3134801, 0.3089092, 0.3272282
5.007016, 0.313492, 0.3084547, 0.3274878
5.018079, 0.3151601, 0.3080296, 0.3275259
5.02916, 0.3159511, 0.3075584, 0.3276686
5.040297, 0.313835, 0.3078214, 0.3279665
5.052273, 0.3144844, 0.3079795, 0.3282557
5.063891, 0.3117942, 0.3082126, 0.3284981
5.074334, 0.3135783, 0.3085585, 0.3288108
5.085464, 0.3136217, 0.3090898, 0.3292556
5.096857, 0.3132243, 0.3095318, 0.3295378
5.10712, 0.3130349, 0.3100877, 0.3299946
5.118052, 0.3115964, 0.3103499, 0.3307031
5.129219, 0.3109244, 0.3107104, 0.3313103
5.140284, 0.3093291, 0.3110335, 0.3317066
5.151485, 0.3092321, 0.3115154, 0.3324049
5.163209, 0.3074321, 0.3116325, 0.3330944
5.17417, 0.3008656, 0.3113414, 0.3339607
5.185116, 0.301056, 0.3112295, 0.3347625
5.196327, 0.2991614, 0.3108145, 0.3356807
5.207118, 0.2990948, 0.3100179, 0.3366075
5.21802, 0.2996926, 0.3093286, 0.3378909
5.229049, 0.2996747, 0.3086377, 0.3389519
5.240314, 0.2994595, 0.3078527, 0.3400574
5.25133, 0.3048036, 0.3072953, 0.3412225
5.263055, 0.3112836, 0.3071677, 0.3425177
5.274148, 0.3140154, 0.3071443, 0.3438378
5.285057, 0.3131637, 0.3072127, 0.3454307
5.296338, 0.3140545, 0.3072366, 0.3466333
5.307006, 0.3148323, 0.3072971, 0.3480182
5.317985, 0.3178823, 0.30753, 0.3493978
5.329145, 0.3219883, 0.3079776, 0.3509413
5.340271, 0.3222295, 0.3085093, 0.3526989
5.351262, 0.3206522, 0.3089957, 0.35434
5.363132, 0.3209319, 0.3095758, 0.3561774
5.37487, 0.3273013, 0.3104793, 0.3580282
5.391551, 0.3336853, 0.311792, 0.3606867
5.406905, 0.3310106, 0.3132992, 0.3632048
5.417787, 0.3354385, 0.3150183, 0.3651325
5.42907, 0.3379323, 0.3169568, 0.3672359
5.440344, 0.3336515, 0.3186847, 0.369166
5.451271, 0.3890635, 0.3231532, 0.3712385
5.463125, 0.4032673, 0.3283329, 0.3735982
5.474122, 0.3841865, 0.3325692, 0.3758926
5.485266, 0.3802183, 0.33634, 0.3781968
5.496218, 0.4156915, 0.3415603, 0.380428
5.507466, 0.4095205, 0.3463356, 0.3828363
5.518024, 0.4922864, 0.3552917, 0.3851595
5.529414, 0.4947194, 0.364325, 0.3879309
5.540923, 0.4747505, 0.3723209, 0.3906573
5.55159, 0.4294943, 0.3779015, 0.3931665
5.563002, 0.5176492, 0.3876846, 0.395911
5.574241, 0.5062902, 0.3968876, 0.3986292
5.58513, 0.3955293, 0.4006315, 0.4012336
5.596283, 0.4708749, 0.4081286, 0.4039459
5.606742, 0.4677764, 0.4151524, 0.4066059
5.6179, 0.4631399, 0.4216251, 0.4094914
5.628888, 0.4606417, 0.4281067, 0.4123883
5.640143, 0.461441, 0.4344068, 0.4153841
5.651566, 0.458956, 0.440458, 0.4184343
5.662734, 0.4577726, 0.446664, 0.4217902
5.674091, 0.4596903, 0.4501953, 0.4250393
5.685156, 0.4603167, 0.4530478, 0.4284875
5.696345, 0.4598771, 0.4568323, 0.4316201
5.706599, 0.4670452, 0.4611736, 0.4346736
5.717877, 0.4693837, 0.4638582, 0.4379451
5.72897, 0.4674499, 0.4667547, 0.4413412
5.739919, 0.4623603, 0.4652584, 0.4446078
5.751635, 0.4596592, 0.4635054, 0.448275
5.762643, 0.4580536, 0.4626706, 0.451968
5.773841, 0.4558218, 0.463987, 0.4555672
5.785011, 0.4476356, 0.4604863, 0.4592854
5.796118, 0.4409352, 0.4572185, 0.4628713
5.809194, 0.5295569, 0.4639199, 0.4672512
5.817893, 0.4785589, 0.4643041, 0.4700176
5.828856, 0.4988707, 0.4658588, 0.4736891
5.839922, 0.5227296, 0.4688383, 0.4775583
5.851143, 0.5175136, 0.4716819, 0.4816578
5.862679, 0.4908388, 0.4731518, 0.4855927
5.87408, 0.4811814, 0.474263, 0.4896688
5.884743, 0.4748905, 0.475119, 0.4935451
5.896037, 0.470406, 0.4756548, 0.4977609
5.906509, 0.469202, 0.476099, 0.5016233
5.917701, 0.4631583, 0.4762631, 0.5057533
5.928682, 0.4601198, 0.4759169, 0.5099108
5.940068, 0.4570576, 0.4753006, 0.5143303
5.950988, 0.4611483, 0.4749855, 0.5184944
5.962645, 0.4612269, 0.4749289, 0.5229596
5.974276, 0.4599584, 0.4749438, 0.5274895
5.984913, 0.4705175, 0.475567, 0.5316234
5.995937, 0.48961, 0.4772564, 0.5360671
6.00666, 0.4906447, 0.4794068, 0.5404063
6.017597, 0.4856925, 0.4816447, 0.5451584
6.028701, 0.497537, 0.4800436, 0.5497649
6.039995, 0.5000562, 0.4811185, 0.5544528
6.051108, 0.5066983, 0.4815099, 0.5591446
6.062728, 0.5098569, 0.4808663, 0.5640594
6.073813, 0.5050638, 0.4802438, 0.5688363
6.084918, 0.5059454, 0.4809991, 0.5736092
6.095995, 0.4975488, 0.4818175, 0.5784302
6.106647, 0.4991638, 0.4830312, 0.5830387
6.117709, 0.4978663, 0.4844042, 0.587904
6.128638, 0.4983728, 0.4858628, 0.5927448
6.139966, 0.5018657, 0.4877981, 0.5978361
6.150707, 0.5080496, 0.4901946, 0.6026008
6.162558, 0.5070556, 0.4926945, 0.6080195
6.173735, 0.5039398, 0.494834, 0.6131804
6.184899, 0.5010482, 0.4968251, 0.6183362
6.196049, 0.4908834, 0.4983714, 0.6239868
6.207433, 0.491123, 0.4994017, 0.6293935
6.218238, 0.5001885, 0.4999306, 0.6344324
6.229188, 0.4995995, 0.5003784, 0.6396857
6.241309, 0.496776, 0.5009325, 0.6455481
6.251748, 0.4977839, 0.5009449, 0.6506456
6.262737, 0.4943243, 0.5006583, 0.6559991
6.274111, 0.4938027, 0.5000135, 0.6616213
6.285152, 0.4895651, 0.4989989, 0.667096
6.296103, 0.4985157, 0.4986715, 0.6726267
6.30652, 0.4965296, 0.4982007, 0.6778824
6.317544, 0.4941487, 0.4980307, 0.6835636
6.328611, 0.4906814, 0.4976066, 0.6892225
6.339622, 0.4870974, 0.4970681, 0.694821
6.350926, 0.4953431, 0.4969166, 0.700656
6.362655, 0.4969141, 0.4966691, 0.7066803
6.374761, 0.4917548, 0.4958543, 0.713038
6.384962, 0.4964542, 0.4953242, 0.7182992
6.396107, 0.4979113, 0.4950228, 0.7243457
6.407314, 0.4960897, 0.4947749, 0.7303472
6.418277, 0.5180206, 0.4961318, 0.736178
6.429261, 0.5374371, 0.4984475, 0.742121
6.440624, 0.5446247, 0.5006693, 0.7481623
6.451471, 0.5457229, 0.5029755, 0.7542055
6.462014, 0.5745992, 0.5068666, 0.7599813
6.47299, 0.5760866, 0.5107818, 0.7661814
6.484389, 0.5678983, 0.5144605, 0.7724723
6.49537, 0.5729066, 0.5184157, 0.7785892
6.506371, 0.5727893, 0.5225769, 0.7847665
6.517287, 0.5829805, 0.5268001, 0.7907502
6.528409, 0.5867714, 0.5313122, 0.7970369
6.539651, 0.5887712, 0.5360433, 0.8038403
6.551174, 0.6086847, 0.5419434, 0.8104497
6.562687, 0.6185668, 0.5485169, 0.8170433
6.574066, 0.6229649, 0.5548979, 0.8235244
6.584906, 0.6328024, 0.5616924, 0.8298089
6.595735, 0.6466759, 0.5694384, 0.8358806
6.606293, 0.6449289, 0.5768622, 0.8420458
6.617289, 0.6583122, 0.5848821, 0.8482456
6.628609, 0.6537756, 0.5927664, 0.8548952
6.639667, 0.6575482, 0.5997428, 0.8614373
6.65085, 0.6692152, 0.6063317, 0.8680359
6.662568, 0.664498, 0.6123254, 0.8747997
6.673805, 0.6605889, 0.6180687, 0.8816445
6.684519, 0.6564753, 0.6221625, 0.8880194
6.695788, 0.6473348, 0.6257249, 0.8951397
6.706386, 0.6476114, 0.6297106, 0.9015574
6.717367, 0.6302025, 0.6325753, 0.9081649
6.728508, 0.6277536, 0.6353235, 0.9148832
6.739323, 0.6374529, 0.6380472, 0.9213657
6.750565, 0.6398165, 0.6406994, 0.9282942
6.762305, 0.6412718, 0.6433245, 0.9354371
6.773507, 0.6411786, 0.6449491, 0.9423888
6.78464, 0.6443005, 0.6462358, 0.9492799
6.795866, 0.6480861, 0.6474919, 0.956342
6.807048, 0.653921, 0.6485479, 0.9632218
6.817942, 0.6591336, 0.6491708, 0.9699346
6.829136, 0.6589421, 0.6498715, 0.9769613
6.840254, 0.6596784, 0.6499398, 0.983922
6.851142, 0.6717972, 0.6508409, 0.990811
6.861494, 0.6706515, 0.6514961, 0.9974307
6.872845, 0.683076, 0.6521891, 1.004791
6.883908, 0.6904718, 0.6534877, 1.011863
6.89519, 0.6927449, 0.6550955, 1.018966
6.90697, 0.6940048, 0.6569721, 1.026601
6.917961, 0.7039213, 0.6598014, 1.033612
6.928878, 0.701721, 0.6625068, 1.040656
6.940598, 0.6956725, 0.6657803, 1.048123
6.951338, 0.6965125, 0.6692182, 1.055084
6.961517, 0.701955, 0.6724433, 1.061713
6.973012, 0.7101242, 0.6759588, 1.06926
6.983768, 0.7127641, 0.6795334, 1.076287
6.995078, 0.7233155, 0.6836402, 1.083956
7.006834, 0.7244418, 0.6876472, 1.091681
7.017998, 0.7310784, 0.6917969, 1.099205
7.028913, 0.7333822, 0.6957699, 1.106235
7.040278, 0.746155, 0.700121, 1.113802
7.051053, 0.7343702, 0.7038924, 1.120859
7.061574, 0.7263571, 0.7072263, 1.1279
7.072484, 0.7271233, 0.7099926, 1.135176
7.083743, 0.7448986, 0.713705, 1.142696
7.094804, 0.7593384, 0.7175182, 1.149968
7.107393, 0.767909, 0.72139, 1.158396
7.117896, 0.8085237, 0.7271789, 1.165437
7.129287, 0.8125887, 0.7331082, 1.173084
7.140387, 0.8010267, 0.7379634, 1.180588
7.151109, 0.8076287, 0.7432588, 1.187773
7.162162, 0.811452, 0.7490478, 1.195286
7.173372, 0.8031924, 0.7543818, 1.202849
7.184156, 0.8030412, 0.7594361, 1.210136
7.195477, 0.8044977, 0.7641548, 1.217852
7.205914, 0.8406602, 0.7705497, 1.224947
7.217158, 0.8380207, 0.7762849, 1.232578
7.22832, 0.8564273, 0.7828842, 1.240216
7.239433, 0.8785168, 0.7902561, 1.247777
7.250459, 0.8862143, 0.7978978, 1.255302
7.262385, 0.8636225, 0.8037711, 1.263437
7.27385, 0.8551334, 0.8098093, 1.271163
7.284549, 0.8501205, 0.8159975, 1.278478
7.295541, 0.8490943, 0.822096, 1.286131
7.305938, 0.8476976, 0.8272361, 1.293556
7.317064, 0.8627729, 0.8324078, 1.301208
7.32805, 0.8584775, 0.8369362, 1.308673
7.339257, 0.85362, 0.8391911, 1.316404
7.350619, 0.8938591, 0.8432547, 1.324152
7.36201, 0.9080084, 0.8486037, 1.331841
7.373537, 0.9251671, 0.8544806, 1.339726
7.384696, 0.9571216, 0.8617641, 1.347386
7.395582, 0.9606625, 0.8696376, 1.35525
7.405834, 0.9677876, 0.8778749, 1.362263
7.417018, 0.9843386, 0.8868669, 1.369928
7.428101, 0.9933231, 0.8945001, 1.377513
7.439293, 1.013739, 0.903286, 1.385274
7.450335, 1.029789, 0.911954, 1.392925
7.46211, 1.039139, 0.9199851, 1.40106
7.473373, 1.057208, 0.9285348, 1.408845
7.484604, 1.054843, 0.9380959, 1.416574
7.495317, 1.054012, 0.9480398, 1.4238
7.506096, 1.046826, 0.9578751, 1.431446
7.516888, 1.040416, 0.9674411, 1.438893
7.528018, 1.040126, 0.9770625, 1.446832
7.539135, 1.03543, 0.9856955, 1.454467
7.550198, 1.030778, 0.9943106, 1.462001
7.561343, 1.022138, 1.002736, 1.469754
7.572569, 1.049025, 1.010495, 1.47725
7.583571, 1.045046, 1.017347, 1.484833
7.594878, 1.026272, 1.022402, 1.492748
7.60628, 1.025709, 1.025831, 1.500603
7.617562, 1.110906, 1.033343, 1.508374
7.628769, 1.102987, 1.040103, 1.515876
7.639566, 1.10798, 1.046286, 1.523297
7.650727, 1.086636, 1.050951, 1.530944
7.661285, 1.080272, 1.054278, 1.538225
7.672381, 1.095181, 1.057547, 1.545893
7.683292, 1.083364, 1.059759, 1.553382
7.694525, 1.09646, 1.061721, 1.561464
7.706273, 1.075774, 1.062768, 1.569307
7.717534, 1.059264, 1.06303, 1.577032
7.728705, 1.051977, 1.063288, 1.58454
7.739901, 1.078669, 1.065201, 1.592294
7.751035, 1.069542, 1.066671, 1.600008
7.761333, 1.078959, 1.068848, 1.607037
7.772385, 1.094355, 1.072027, 1.61454
7.783413, 1.166883, 1.079264, 1.622053
7.79456, 1.191285, 1.086377, 1.629689
7.806252, 1.148381, 1.091543, 1.637389
7.817699, 1.115565, 1.096008, 1.645162
7.828602, 1.116662, 1.100556, 1.652477
7.840072, 1.109958, 1.100508, 1.660251
7.85092, 1.098404, 1.100279, 1.667824
7.861289, 1.101751, 1.099968, 1.67477
7.872478, 1.101358, 1.100704, 1.682192
7.883457, 1.083521, 1.100866, 1.689604
7.894521, 1.078771, 1.100046, 1.697076
7.906286, 1.081991, 1.099977, 1.704876
7.917343, 1.101556, 1.100232, 1.712324
7.928432, 1.119659, 1.102426, 1.71972
7.939621, 1.117987, 1.105362, 1.727186
7.950705, 1.174192, 1.111473, 1.734764
7.961374, 1.717937, 1.143437, 1.741856
7.972358, 1.144132, 1.147166, 1.749099
7.983315, 0, 1.093218, 1.756341
7.994486, 0, 1.0385, 1.763705
8.172911, 0, 0.9801563, 1.878959
8.183908, 0, 0.9205921, 1.885637
8.195436, 2.907525, 1.008549, 1.89287
8.206511, 3.192948, 1.112419, 1.899691
8.220662, 1.356218, 1.124396, 1.908463
8.232981, 1.68754, 1.153275, 1.916214
8.239509, 2.346951, 1.215703, 1.920208
8.25076, 1.901338, 1.255682, 1.927291
8.261655, 1.746955, 1.287962, 1.933954
8.272956, 1.699319, 1.318752, 1.941132
8.283999, 1.572897, 1.343458, 1.947875
8.29497, 1.542441, 1.366481, 1.954556
8.30546, 1.490238, 1.385915, 1.96085
8.316656, 1.513909, 1.405627, 1.967625
8.327754, 1.527662, 1.426111, 1.974304
8.338876, 1.547933, 1.444798, 1.980957
8.349951, 1.68295, 1.443049, 1.987722
8.361868, 1.789703, 1.475327, 1.994835
8.373083, 1.740518, 1.562353, 2.001312
8.385878, 1.906409, 1.657674, 2.008527
8.395223, 1.925019, 1.753925, 2.014013
8.405031, 2.086319, 1.85824, 2.019759
8.416157, 2.193047, 1.822517, 2.026212
8.427265, 2.198409, 1.77279, 2.032506
8.438218, 2.21105, 1.815531, 2.038856
8.449439, 2.196864, 1.840997, 2.045291
8.460695, 2.195435, 1.833422, 2.051691
8.471547, 2.38864, 1.857787, 2.057883
8.482778, 2.479566, 1.894417, 2.064156
8.493725, 2.591699, 1.939036, 2.070328
8.505629, 2.47755, 1.984269, 2.076952
8.517022, 2.493067, 2.0318, 2.08328
8.528069, 2.523554, 2.083466, 2.089322
8.538959, 2.299556, 2.122748, 2.09527
8.550258, 2.349549, 2.163843, 2.101489
8.560597, 2.336426, 2.203267, 2.107139
8.571497, 2.313727, 2.234806, 2.113104
8.582916, 2.350807, 2.262861, 2.119426
8.593888, 2.533828, 2.302527, 2.12529
8.605472, 2.530219, 2.333718, 2.131343
8.616573, 2.515901, 2.363262, 2.137267
8.627584, 2.568646, 2.387378, 2.143535
8.63877, 2.573395, 2.406395, 2.149353
8.649872, 2.466784, 2.419814, 2.155084
8.660532, 2.447855, 2.431654, 2.16105
8.671536, 2.442902, 2.443956, 2.166716
8.682587, 2.453977, 2.456883, 2.171974
8.693663, 2.430276, 2.458965, 2.177654
8.705346, 2.420822, 2.456028, 2.183564
8.716975, 2.188319, 2.435859, 2.189443
8.727675, 2.164276, 2.420195, 2.194817
8.73873, 2.13226, 2.402155, 2.200223
8.750142, 1.943029, 2.373128, 2.205603
8.760508, 1.935067, 2.354904, 2.210515
8.771564, 1.917545, 2.333304, 2.215892
8.783076, 1.882119, 2.310588, 2.221385
8.794106, 1.869154, 2.28836, 2.226752
8.805193, 1.853045, 2.263472, 2.231922
8.81634, 1.760641, 2.224812, 2.237212
8.827459, 1.750045, 2.185804, 2.242407
8.838565, 1.779887, 2.149003, 2.247553
8.849815, 1.832753, 2.112208, 2.252941
8.86138, 1.826648, 2.074871, 2.258295
8.872453, 1.80026, 2.041545, 2.263288
8.883683, 1.960087, 2.017156, 2.268358
8.894809, 1.89568, 1.989795, 2.273271
8.906034, 1.89466, 1.96183, 2.278221
8.916931, 1.918914, 1.936262, 2.282978
8.928183, 1.873428, 1.908892, 2.287685
8.939043, 1.862245, 1.892588, 2.292381
8.950341, 1.96971, 1.88286, 2.297307
8.960608, 2.249768, 1.888735, 2.301712
8.971797, 1.442506, 1.863709, 2.306376
8.982905, 1.382044, 1.836058, 2.310964
8.994088, 1.421402, 1.811251, 2.315601
9.005909, 1.382275, 1.786258, 2.320208
9.017648, 1.363616, 1.760982, 2.324959
9.02802, 1.363568, 1.736508, 2.329115
9.039289, 1.349386, 1.715945, 2.333581
9.050444, 1.404747, 1.69868, 2.337952
9.061283, 1.414213, 1.680396, 2.342193
9.072323, 1.396241, 1.65857, 2.34637
9.083089, 1.398864, 1.637181, 2.350293
9.094643, 1.156012, 1.604969, 2.354635
9.104962, 1.16558, 1.565243, 2.358711
9.11632, 1.714478, 1.556183, 2.362772
9.12744, 1.820859, 1.552493, 2.366501
9.13836, 1.818006, 1.547448, 2.370406
9.149618, 1.960666, 1.55181, 2.374391
9.161401, 1.911559, 1.554275, 2.378508
9.17272, 1.910656, 1.551323, 2.382445
9.183698, 1.899761, 1.533822, 2.38612
9.194924, 1.901685, 1.556781, 2.389925
9.20489, 1.904563, 1.582907, 2.393158
9.216277, 1.928806, 1.608277, 2.396891
9.22716, 1.885507, 1.633439, 2.40044
9.238444, 1.878705, 1.659193, 2.404095
9.249509, 1.890064, 1.685518, 2.407582
9.261388, 1.91246, 1.713672, 2.411273
9.272246, 1.916363, 1.739253, 2.414597
9.283559, 1.923496, 1.764717, 2.418046
9.294499, 1.933378, 1.791574, 2.421311
9.305941, 1.969407, 1.820101, 2.424667
9.316892, 2.47621, 1.886111, 2.427826
9.328019, 2.486314, 1.952147, 2.430952
9.339327, 2.555377, 1.994192, 2.434123
9.350164, 2.576929, 2.031996, 2.437136
9.360705, 2.579649, 2.070078, 2.440003
9.371664, 2.568885, 2.100489, 2.442943
9.382794, 2.296259, 2.119724, 2.445793
9.393807, 2.269819, 2.137682, 2.44864
9.404928, 2.355371, 2.160463, 2.45157
9.41594, 2.305064, 2.180632, 2.454341
9.427151, 2.235133, 2.19716, 2.457034
9.438275, 2.138717, 2.207656, 2.4599
9.449373, 2.069387, 2.21685, 2.462553
9.460552, 2.033615, 2.224596, 2.465105
9.471515, 2.002918, 2.230238, 2.467608
9.482596, 1.44718, 2.206975, 2.470097
9.493735, 1.442652, 2.183289, 2.472536
9.505466, 1.443308, 2.15928, 2.475025
9.516351, 1.437742, 2.134498, 2.477302
9.52786, 1.439409, 2.107998, 2.480036
9.539067, 1.438905, 2.056132, 2.482414
9.550168, 1.425713, 2.003102, 2.484641
9.560975, 1.461119, 1.948389, 2.486625
9.571987, 1.479071, 1.893497, 2.488705
9.582937, 1.508378, 1.839933, 2.490721
9.594321, 1.527653, 1.787871, 2.49274
9.60554, 1.571452, 1.751631, 2.494682
9.616682, 1.635592, 1.71992, 2.496524
9.627723, 1.647796, 1.684541, 2.498305
9.638911, 1.676717, 1.653124, 2.49989
9.649968, 1.708918, 1.626813, 2.50156
9.660443, 1.73748, 1.606751, 2.503118
9.671602, 1.796761, 1.59312, 2.504772
9.682523, 1.726891, 1.577784, 2.506629
9.693771, 1.785534, 1.566915, 2.508109
9.705471, 1.78208, 1.583659, 2.509447
9.717018, 1.755519, 1.599303, 2.51085
9.727896, 1.757994, 1.615037, 2.512138
9.738851, 1.715253, 1.628913, 2.513353
9.750048, 1.604854, 1.637185, 2.514565
9.76041, 1.659041, 1.648192, 2.5155
9.77136, 1.695403, 1.661676, 2.51658
9.782848, 1.70079, 1.67366, 2.517665
9.793719, 1.6908, 1.684246, 2.518677
9.805388, 1.695454, 1.6936, 2.51956
9.816826, 2.152797, 1.724857, 2.520512
9.827857, 1.460413, 1.719305, 2.521347
9.83885, 1.26266, 1.700659, 2.522049
9.850136, 1.234673, 1.680002, 2.523165
9.860302, 1.251392, 1.658736, 2.523916
9.871151, 1.236363, 1.635108, 2.524568
9.882678, 1.211812, 1.608825, 2.525211
9.893583, 1.203918, 1.579183, 2.525551
9.905351, 1.19232, 1.552454, 2.526065
9.916479, 1.183701, 1.522363, 2.526537
9.927633, 1.187201, 1.492619, 2.526686
9.938982, 1.212072, 1.465446, 2.526993
9.949771, 1.208086, 1.437951, 2.527206
9.960159, 1.209673, 1.412672, 2.527279
9.97147, 1.185277, 1.391693, 2.5274
9.982557, 1.181097, 1.367796, 2.527443
9.993568, 1.171432, 1.341598, 2.52752
10.00532, 1.192871, 1.316202, 2.527792
10.01666, 1.183038, 1.290814, 2.52768
10.02768, 1.669868, 1.289534, 2.527434
10.03907, 1.733778, 1.268583, 2.527659
10.05011, 1.706102, 1.280868, 2.527474
10.0604, 1.710819, 1.303276, 2.526975
10.07125, 1.75429, 1.329257, 2.52667
10.08251, 1.748646, 1.354119, 2.526409
10.09365, 1.869759, 1.385789, 2.526026
10.10524, 1.855083, 1.417953, 2.525607
10.11646, 1.87849, 1.451681, 2.525086
10.12762, 1.867361, 1.485433, 2.524328
10.13854, 1.832655, 1.517881, 2.523512
10.15006, 1.899765, 1.553509, 2.522792
10.16029, 1.880667, 1.586939, 2.522133
10.17127, 1.829462, 1.618008, 2.521342
10.1825, 1.865964, 1.650822, 2.520649
10.19361, 1.578556, 1.670486, 2.519757
10.20507, 1.572675, 1.690065, 2.518496
10.21637, 1.675524, 1.715269, 2.517512
10.2277, 1.675624, 1.739407, 2.516431
10.23858, 1.716467, 1.766079, 2.515273
10.24986, 1.735342, 1.769352, 2.514118
10.26023, 1.742613, 1.769794, 2.513077
10.27112, 1.79688, 1.774333, 2.511884
10.28235, 1.791749, 1.778379, 2.510497
10.29352, 1.401484, 1.760739, 2.509136
10.3051, 5.625273, 1.95457, 2.507616
10.31613, 1.987508, 1.960458, 2.506147
10.32745, 1.947869, 1.965097, 2.505033
10.33869, 1.897785, 1.966062, 2.503089
10.34989, 1.683984, 1.956893, 2.50142
10.36019, 1.702406, 1.95038, 2.499768
10.37111, 1.722965, 1.94154, 2.498029
10.38241, 1.714942, 1.933254, 2.496234
10.39337, 1.706321, 1.927097, 2.494436
10.40518, 1.700127, 1.918805, 2.492623
10.41639, 1.663752, 1.923065, 2.49062
10.42738, 1.662966, 1.92758, 2.488688
10.43876, 1.631631, 1.925385, 2.486434
10.45, 1.60221, 1.921714, 2.484298
10.46011, 1.606098, 1.916196, 2.48224
10.47109, 1.596662, 1.909262, 2.480028
10.4821, 1.567042, 1.900483, 2.477738
10.49349, 1.589421, 1.89011, 2.475368
10.50509, 1.581212, 1.879584, 2.472993
10.51625, 1.545382, 1.886778, 2.470574
10.52757, 1.599075, 1.685469, 2.468002
10.53836, 1.672894, 1.669738, 2.465582
10.54968, 1.687057, 1.656698, 2.462965
10.56005, 1.68641, 1.646129, 2.460313
10.57118, 1.684812, 1.64617, 2.457618
10.58222, 1.67568, 1.644834, 2.454876
10.59346, 1.696875, 1.643529, 2.452073
10.60862, 1.722589, 1.643911, 2.448519
10.62029, 1.762702, 1.64673, 2.445491
10.63052, 1.720375, 1.647743, 2.442821
10.64126, 1.713271, 1.650219, 2.439719
10.65234, 1.694565, 1.651799, 2.436655
10.65993, 1.686961, 1.654565, 2.434426
10.67098, 1.658569, 1.657383, 2.431341
10.68226, 1.658536, 1.660005, 2.428279
10.69344, 1.254006, 1.642872, 2.425016
10.70477, 1.23141, 1.626091, 2.422049
10.71589, 1.228013, 1.60802, 2.41856
10.7271, 1.611092, 1.609514, 2.415164
10.73818, 1.591454, 1.611818, 2.411407
10.74936, 1.644395, 1.614084, 2.407933
10.76012, 1.651461, 1.613012, 2.404362
10.77103, 1.641881, 1.610753, 2.400851
10.78207, 1.655826, 1.609224, 2.39732
10.79327, 1.656004, 1.607784, 2.39367
10.80477, 1.675833, 1.607792, 2.389964
10.8167, 1.688794, 1.607388, 2.385894
10.82735, 1.709786, 1.606748, 2.382339
10.83825, 1.742346, 1.60573, 2.378839
10.84944, 1.711794, 1.605301, 2.374934
10.85995, 1.725972, 1.605936, 2.371422
10.87086, 1.682896, 1.605352, 2.367563
10.88212, 1.68343, 1.605176, 2.363257
10.89331, 1.719421, 1.608218, 2.359148
10.90465, 1.706175, 1.6106, 2.355129
10.91578, 1.681306, 1.631965, 2.350573
10.92733, 1.28572, 1.634681, 2.34621
10.93814, 1.282001, 1.63738, 2.34198
10.94917, 1.26759, 1.620205, 2.337749
10.95995, 1.26811, 1.604038, 2.333513
10.97092, 2.009642, 1.622301, 2.329179
10.98212, 1.993678, 1.639412, 2.32474
10.99316, 2.023813, 1.658508, 2.320284
11.00489, 2.017254, 1.676579, 2.316023
11.01601, 1.5946, 1.673509, 2.31145
11.02707, 2.107834, 1.695109, 2.306856
11.03903, 1.819799, 1.701659, 2.301753
11.04945, 1.696104, 1.700975, 2.29735
11.05992, 1.727925, 1.700254, 2.292717
11.07079, 1.70998, 1.700163, 2.288065
11.08202, 1.738513, 1.70079, 2.283142
11.09314, 1.728062, 1.703049, 2.278351
11.10428, 1.702809, 1.704018, 2.27379
11.11547, 1.764747, 1.706284, 2.268628
11.12644, 1.797779, 1.710864, 2.263788
11.13755, 1.803761, 1.716987, 2.258694
11.14863, 1.785856, 1.741994, 2.25367
11.1604, 1.812448, 1.768516, 2.248188
11.17144, 1.779745, 1.794123, 2.243193
11.18246, 1.759069, 1.818671, 2.238074
11.19375, 1.762407, 1.806309, 2.232836
11.20471, 1.776718, 1.795461, 2.227672
11.21576, 1.754224, 1.781982, 2.2226
11.2268, 1.822269, 1.772233, 2.217325
11.23833, 1.82752, 1.783879, 2.211653
11.24915, 1.74113, 1.765544, 2.206315
11.25996, 1.743531, 1.76173, 2.200942
11.2708, 1.737043, 1.763777, 2.195592
11.28201, 1.677368, 1.76125, 2.189806
11.29316, 1.682622, 1.759882, 2.184221
11.30457, 1.653691, 1.75564, 2.178471
11.31623, 1.584166, 1.748446, 2.172558
11.32701, 1.5716, 1.741885, 2.167027
11.33821, 1.561147, 1.731705, 2.161401
11.34955, 1.522967, 1.717965, 2.155561
11.36005, 1.508091, 1.703181, 2.15005
11.3707, 1.481631, 1.68797, 2.14449
11.38206, 1.495902, 1.672143, 2.138433
11.39332, 1.473461, 1.656829, 2.132306
11.40405, 1.446108, 1.641181, 2.126558
11.41532, 1.454576, 1.625789, 2.120542
11.42633, 1.463688, 1.610138, 2.114568
11.4373, 1.502557, 1.597554, 2.108648
11.44882, 1.509866, 1.581934, 2.102346
11.46045, 1.541685, 1.567642, 2.095957
11.47141, 1.623584, 1.561765, 2.089931
11.48237, 1.650139, 1.557095, 2.083841
11.49337, 1.691898, 1.554838, 2.077743
11.50456, 1.643018, 1.553121, 2.071468
11.51551, 1.593778, 1.548678, 2.065251
11.52656, 1.544844, 1.543236, 2.058978
11.53789, 1.574719, 1.542764, 2.052809
11.54905, 1.577365, 1.543052, 2.046435
11.55963, 1.575999, 1.543795, 2.040514
11.57076, 1.560852, 1.545689, 2.03416
11.58165, 1.544939, 1.547531, 2.027796
11.59313, 1.531069, 1.550003, 2.021046
11.60463, 1.526033, 1.55151, 2.014364
11.61607, 1.54176, 1.554925, 2.008027
11.62704, 1.552645, 1.560252, 2.001463
11.63798, 1.512487, 1.563147, 1.994742
11.64925, 1.511381, 1.565532, 1.988073
11.65958, 1.522375, 1.566523, 1.981788
11.67055, 1.516781, 1.566869, 1.975122
11.68174, 1.520491, 1.565809, 1.968399
11.69586, 1.494998, 1.559379, 1.959777
11.70463, 1.502232, 1.551984, 1.954466
11.7162, 1.519244, 1.543351, 1.947409
11.7269, 1.523609, 1.537381, 1.940984
11.73815, 1.50072, 1.532728, 1.934235
11.74909, 1.52335, 1.531653, 1.927549
11.75946, 1.539606, 1.529898, 1.921211
11.77042, 1.519419, 1.527, 1.91436
11.78162, 1.491851, 1.522793, 1.907428
11.793, 1.496679, 1.519584, 1.900377
11.8044, 1.472873, 1.515981, 1.893372
11.81558, 1.488738, 1.513865, 1.886383
11.82682, 1.472892, 1.511207, 1.879344
11.83767, 1.498275, 1.509033, 1.87254
11.84906, 1.511037, 1.506953, 1.865296
11.8594, 1.527105, 1.507684, 1.858948
11.87041, 1.549258, 1.509578, 1.851803
11.88155, 1.529586, 1.509938, 1.844715
11.89305, 1.503739, 1.509286, 1.837526
11.90447, 1.483372, 1.50743, 1.830226
11.91575, 1.496504, 1.507505, 1.822891
11.92695, 1.432634, 1.504025, 1.81568
11.93785, 1.375578, 1.496842, 1.808548
11.94903, 1.428151, 1.492069, 1.801322
11.95925, 1.400634, 1.487065, 1.794631
11.97056, 1.370756, 1.479435, 1.787309
11.98157, 1.799517, 1.492431, 1.780131
11.9926, 1.205853, 1.476753, 1.772762
12.0043, 1.628741, 1.483597, 1.765076
12.01569, 1.207671, 1.469147, 1.757508
12.0266, 1.338596, 1.462433, 1.750298
12.03787, 1.233688, 1.44968, 1.742879
12.04899, 1.217785, 1.436925, 1.73557
12.05962, 1.206036, 1.422313, 1.728501
12.07038, 1.25708, 1.409615, 1.721232
12.0814, 1.2085, 1.393685, 1.713889
12.09273, 1.22741, 1.377593, 1.706425
12.10425, 1.226922, 1.362459, 1.698722
12.11548, 1.196411, 1.347093, 1.69122
12.12656, 1.175163, 1.331682, 1.683777
12.13779, 1.184629, 1.316089, 1.676155
12.14888, 1.194589, 1.304186, 1.668692
12.15918, 1.12782, 1.291798, 1.661741
12.17028, 1.132668, 1.277024, 1.654219
12.18145, 1.130747, 1.26353, 1.646645
12.19269, 1.151193, 1.252552, 1.639071
12.20481, 1.155102, 1.220331, 1.630846
12.21562, 1.097199, 1.214898, 1.623437
12.22655, 1.087411, 1.187832, 1.615945
12.23793, 1.085764, 1.181736, 1.608167
12.24908, 1.329077, 1.18126, 1.600567
12.25906, 1.282576, 1.183705, 1.593685
12.27039, 1.245164, 1.185074, 1.585998
12.28149, 1.263602, 1.187952, 1.578404
12.29233, 1.254179, 1.187807, 1.571055
12.30418, 1.250747, 1.189919, 1.562956
12.31535, 1.291924, 1.193145, 1.555234
12.3267, 1.291458, 1.196372, 1.54745
12.3377, 1.305184, 1.20181, 1.5399
12.34875, 1.334663, 1.209785, 1.532334
12.3593, 1.31497, 1.216303, 1.525015
12.37006, 1.310134, 1.22208, 1.517633
12.38166, 1.347782, 1.233078, 1.50966
12.39249, 1.335757, 1.243232, 1.502184
12.40448, 1.365209, 1.254956, 1.493914
12.41536, 1.408714, 1.267832, 1.486357
12.42643, 1.430782, 1.281616, 1.478713
12.43748, 1.377083, 1.29561, 1.471119
12.44854, 1.873455, 1.334912, 1.463479
12.46017, 1.757686, 1.368508, 1.455466
12.47093, 2.021533, 1.403131, 1.447994
12.48194, 2.186314, 1.448318, 1.440403
12.49316, 2.45875, 1.508997, 1.432661
12.50373, 2.853891, 1.588512, 1.42537
12.5148, 2.75677, 1.663641, 1.417672
12.5257, 2.382651, 1.720236, 1.410116
12.53699, 2.319018, 1.771591, 1.402311
12.54791, 2.029979, 1.808517, 1.394795
12.55985, 2.002874, 1.843402, 1.386554
12.57121, 1.954808, 1.874409, 1.378839
12.5822, 1.895826, 1.903452, 1.371285
12.59313, 1.789198, 1.927405, 1.363795
12.60364, 2.20421, 1.970226, 1.356561
12.61469, 1.984247, 2.002651, 1.349174
12.62564, 1.23203, 1.995992, 1.341665
12.637, 1.012744, 1.976193, 1.333673
12.64808, 1.821744, 1.995741, 1.325981
12.659, 1.571912, 2.005483, 1.318459
12.6701, 1.461311, 1.984875, 1.310789
12.68133, 1.514241, 1.972703, 1.303074
12.69219, 1.527412, 1.947997, 1.295604
12.70416, 1.558708, 1.916617, 1.287389
12.71555, 2.876361, 1.937497, 1.27963
12.72616, 1.732014, 1.881404, 1.272431
12.7373, 1.212729, 1.804201, 1.264769
12.75155, 1.095563, 1.739847, 1.255046
12.75903, 1.044874, 1.67614, 1.24994
12.76993, 1.057669, 1.627524, 1.242539
12.78125, 1.139249, 1.584343, 1.234818
12.79236, 1.158672, 1.544536, 1.22727
12.80401, 1.110257, 1.505257, 1.219323
12.81518, 1.178605, 1.474728, 1.211716
12.82628, 1.167768, 1.422906, 1.204185
12.83742, 1.174652, 1.382426, 1.196527
12.8484, 1.192087, 1.380429, 1.189105
12.85911, 1.202918, 1.389938, 1.181882
12.87007, 1.217905, 1.359746, 1.174485
12.88113, 1.160148, 1.339157, 1.167035
12.89237, 1.131979, 1.322691, 1.159467
12.90388, 1.12741, 1.303349, 1.15174
12.91524, 1.128807, 1.283419, 1.14417
12.92611, 1.113265, 1.261147, 1.136854
12.93718, 1.207806, 1.177719, 1.12947
12.94848, 1.186381, 1.150438, 1.121957
12.95874, 1.148371, 1.14722, 1.115095
12.97005, 1.091757, 1.147029, 1.107583
12.98114, 1.0583, 1.147701, 1.100249
12.99216, 1.047273, 1.147181, 1.09285
13.00399, 1.047927, 1.142615, 1.085066
13.01505, 0.9725616, 1.133309, 1.077803
13.02619, 0.9557347, 1.125583, 1.0705
13.03714, 0.9498817, 1.114147, 1.063276
13.04833, 0.936079, 1.102563, 1.055968
13.05887, 0.899348, 1.088797, 1.049096
13.07006, 0.8882111, 1.073604, 1.041928
13.08112, 0.8835274, 1.057634, 1.034807
13.09206, 0.8842341, 1.04095, 1.027828
13.10388, 0.9011168, 1.027999, 1.02025
13.11488, 0.9048958, 1.016645, 1.013023
13.12647, 0.9001, 1.005279, 1.005626
13.13703, 0.9035681, 0.9940173, 0.998921
13.14831, 0.9026109, 0.9834846, 0.9918041
13.15886, 0.9008952, 0.9681392, 0.9851523
13.16992, 0.9027377, 0.953957, 0.9782012
13.181, 0.9076154, 0.9419192, 0.9712357
13.1921, 0.9082316, 0.932743, 0.9642267
13.2037, 0.9126466, 0.9254603, 0.9569643
13.21512, 0.8933289, 0.9177631, 0.9498823
13.22614, 0.8999529, 0.9103643, 0.9430397
13.23728, 0.8999586, 0.9067342, 0.9361663
13.24879, 0.8942866, 0.9036618, 0.9290672
13.25865, 0.8681486, 0.8995751, 0.9230132
13.27025, 0.8664758, 0.896095, 0.9159502
13.28112, 0.8461542, 0.8934353, 0.9093102
13.29202, 0.8562255, 0.891836, 0.9027098
13.30381, 0.8516985, 0.8902446, 0.8955818
13.3151, 0.8119213, 0.886629, 0.8888734
13.32614, 0.8063223, 0.8818892, 0.8822545
13.337, 0.8231556, 0.8778023, 0.8757715
13.34835, 0.8099591, 0.8732952, 0.8690237
13.35845, 0.8003316, 0.8681334, 0.8630636
13.36977, 0.8023055, 0.8631181, 0.8563682
13.38115, 0.7907065, 0.8576086, 0.8496969
13.39206, 0.7850941, 0.8517264, 0.8432661
13.40379, 0.7795029, 0.8453207, 0.8364804
13.41514, 0.7810004, 0.8389591, 0.8298976
13.42615, 0.7788711, 0.8322703, 0.8232378
13.43709, 0.7859244, 0.8269001, 0.8169433
13.44816, 0.7773238, 0.8207687, 0.8105788
13.45868, 0.7739346, 0.8144676, 0.8045549
13.46976, 0.7682597, 0.8081662, 0.7982748
13.481, 0.7765804, 0.8035878, 0.7920086
13.49208, 0.820814, 0.8013047, 0.7857924
13.5036, 0.9146685, 0.8047305, 0.7793461
13.51491, 1.180047, 0.8209215, 0.7730358
13.52586, 0.8946217, 0.8230677, 0.7669997
13.53704, 0.9241291, 0.828678, 0.7610149
13.54831, 0.9073902, 0.8337315, 0.7547262
13.55857, 0.9075193, 0.8379496, 0.7492447
13.56989, 0.9075049, 0.842827, 0.7431429
13.58074, 0.9411028, 0.8498656, 0.7372721
13.59196, 0.9296523, 0.8562329, 0.7312368
13.60372, 0.8990037, 0.8616478, 0.7249417
13.61501, 0.8976765, 0.867277, 0.7187417
13.62594, 0.8887472, 0.8727391, 0.7129569
13.63709, 0.8752315, 0.8774506, 0.7071189
13.64832, 0.8632604, 0.8816701, 0.7011062
13.65882, 0.8446987, 0.8846087, 0.6956211
13.66989, 0.8378774, 0.8876364, 0.6901649
13.68063, 0.8247179, 0.8901755, 0.6846424
13.69195, 0.8098797, 0.8922566, 0.6789787
13.70343, 0.8214121, 0.8944982, 0.673171
13.7146, 0.7925286, 0.8930839, 0.6674612
13.72567, 0.7580474, 0.8852528, 0.6619061
13.73693, 0.7650421, 0.8645025, 0.6560697
13.748, 0.7555795, 0.8575504, 0.6505855
13.75857, 0.752142, 0.848951, 0.6454095
13.76942, 0.7595675, 0.8415599, 0.6400674
13.78072, 0.7448614, 0.8334271, 0.6346253
13.79192, 0.7413158, 0.8251176, 0.6292887
13.80346, 0.7429911, 0.815212, 0.6238215
13.81899, 0.732496, 0.8053541, 0.6165586
13.82597, 0.7275236, 0.7967801, 0.6133145
13.83696, 0.7210819, 0.7879504, 0.6082244
13.84832, 0.7245939, 0.7797428, 0.6029706
13.85861, 0.7168664, 0.7718245, 0.5982947
13.86977, 0.6941532, 0.7633692, 0.593416
13.88086, 0.7017305, 0.7562208, 0.5884737
13.8919, 0.7066799, 0.7496609, 0.5835395
13.90336, 0.7023765, 0.7435439, 0.5785071
13.91449, 0.699865, 0.7380432, 0.5736412
13.92593, 0.6975676, 0.731851, 0.5686646
13.9368, 0.7017093, 0.7273101, 0.5639294
13.94815, 0.6766108, 0.7232382, 0.5591251
13.95853, 0.6601622, 0.7179942, 0.5547765
13.96944, 0.6636462, 0.7133976, 0.5501822
13.98064, 0.6678784, 0.7091843, 0.5455661
13.99163, 0.6338043, 0.7028962, 0.5410033
14.00354, 0.6335292, 0.6973296, 0.5362451
14.01464, 0.6333374, 0.6919307, 0.5317613
14.02569, 0.6131388, 0.685438, 0.5273933
14.03694, 0.6135086, 0.6794887, 0.5231941
14.04844, 0.6147553, 0.6738502, 0.5187736
14.05841, 0.6135279, 0.6684726, 0.5149536
14.06966, 0.5953704, 0.6620114, 0.5105987
14.08048, 0.5651953, 0.6544278, 0.5065402
14.09157, 0.5765219, 0.6485463, 0.502184
14.1032, 0.5726855, 0.642094, 0.497899
14.11468, 0.5645492, 0.6349875, 0.493697
14.12566, 0.5594784, 0.6278425, 0.4897773
14.13661, 0.5570601, 0.6207023, 0.4858386
14.14791, 0.5504186, 0.6133448, 0.4820293
14.1585, 0.5405154, 0.6052852, 0.478341
14.16933, 0.5360157, 0.5982554, 0.4743909
14.18073, 0.5678356, 0.5936391, 0.4704991
14.19156, 0.5645954, 0.5886866, 0.466739
14.20317, 0.5423144, 0.5824084, 0.4628688
14.21462, 0.5338583, 0.5774111, 0.4590951
14.22543, 0.525066, 0.5719879, 0.4555072
14.23654, 0.5224559, 0.5664439, 0.4519181
14.24784, 0.5214046, 0.5618571, 0.4483361
14.25906, 0.4918014, 0.5557718, 0.4448152
14.26981, 0.4907866, 0.5495733, 0.4414715
14.28127, 0.4796721, 0.5428805, 0.4382142
14.29209, 0.4758725, 0.5369056, 0.4348867
14.30269, 0.4793389, 0.5326128, 0.431746
14.31399, 0.4714253, 0.5273579, 0.4285603
14.32495, 0.4494148, 0.5211945, 0.4254099
14.33612, 0.4494097, 0.5154375, 0.4222456
14.34744, 0.4498996, 0.5099585, 0.4188666
14.35832, 0.4466302, 0.504437, 0.4158705
14.36943, 0.4550601, 0.4996691, 0.4128543
14.38055, 0.4623191, 0.4957593, 0.4099177
14.39173, 0.4707187, 0.4924944, 0.4070466
14.40324, 0.4630793, 0.4872566, 0.4040772
14.41446, 0.470241, 0.4825389, 0.4013981
14.42533, 0.4873142, 0.4797889, 0.3987126
14.43657, 0.4279911, 0.4744955, 0.3959869
14.44765, 0.4203574, 0.4692601, 0.3933495
14.4581, 0.4556863, 0.4659216, 0.3909186
14.46929, 0.4098886, 0.4603458, 0.3883675
14.48033, 0.4001287, 0.4557621, 0.3858912
14.49152, 0.4235645, 0.4524011, 0.3835226
14.50337, 0.3856129, 0.4476981, 0.3809674
14.51442, 0.3952439, 0.4436666, 0.3783402
14.5252, 0.3893722, 0.4391683, 0.3760784
14.53639, 0.3974527, 0.4354697, 0.3737974
14.54762, 0.3923537, 0.4326166, 0.3715506
14.55886, 0.3933062, 0.4298114, 0.3693739
14.56975, 0.4035255, 0.4274927, 0.3673548
14.58171, 0.399514, 0.4251369, 0.3651536
14.59201, 0.397796, 0.4222737, 0.3637149
14.60289, 0.3956422, 0.4189398, 0.361899
14.61374, 0.3956614, 0.415187, 0.3598982
14.62483, 0.3823614, 0.4111511, 0.3580111
14.63605, 0.3708222, 0.4061801, 0.3562176
14.64706, 0.3697958, 0.4003042, 0.3544762
14.65828, 0.3613025, 0.3969698, 0.3528201
14.66931, 0.3601678, 0.3939603, 0.3512989
14.68064, 0.3593277, 0.3891424, 0.3497191
14.69128, 0.3518258, 0.3862393, 0.3482062
14.70308, 0.3503473, 0.3837502, 0.3466774
14.71438, 0.3482752, 0.3799857, 0.3452542
14.72529, 0.3494153, 0.3781759, 0.3439505
14.73646, 0.3519062, 0.376009, 0.3429867
14.74755, 0.3512356, 0.3741021, 0.341791
14.75807, 0.3509541, 0.3717772, 0.3406811
14.76929, 0.3467045, 0.3694947, 0.3394374
14.78031, 0.3439316, 0.367026, 0.3383723
14.79149, 0.338599, 0.3637797, 0.3371902
14.80277, 0.3388039, 0.3607442, 0.3361716
14.81433, 0.3373374, 0.3577213, 0.335247
14.82507, 0.3417614, 0.3550272, 0.3343869
14.83621, 0.3451439, 0.3525013, 0.3335724
14.84737, 0.3424474, 0.3505057, 0.3327097
14.85804, 0.3457025, 0.3492497, 0.3320214
14.86927, 0.3457946, 0.3480496, 0.3313974
14.88019, 0.345143, 0.3472416, 0.3309285
14.89155, 0.3441042, 0.3464385, 0.3303998
14.90291, 0.3429392, 0.345619, 0.3299856
14.91442, 0.3434833, 0.3452019, 0.3295758
14.92528, 0.3431585, 0.3448425, 0.3292155
14.93612, 0, 0.3274288, 0.3287976
14.94765, 0.347604, 0.3273382, 0.3285204
14.95793, 0.3487012, 0.3271779, 0.3282533
14.9693, 0.3446491, 0.3268486, 0.3280287
14.98028, 0.3447516, 0.3265385, 0.3279177
14.99122, 0.345871, 0.3264968, 0.3276564
15.00307, 0.3464308, 0.3266218, 0.3277406
15.01424, 0.3487979, 0.3271317, 0.3280147
15.0253, 0.3474108, 0.327562, 0.3280956
15.03629, 0.3475282, 0.3280716, 0.3282214
15.04741, 0.3439634, 0.3281817, 0.3284072
15.05797, 0.326584, 0.3272537, 0.3286611
15.06911, 0.299534, 0.325108, 0.328842
15.08015, 0.3261242, 0.3241291, 0.3291937
15.0914, 0.3262994, 0.3231543, 0.3296278
15.10285, 0.3266645, 0.3222304, 0.330132
15.1145, 0.3219652, 0.3211235, 0.3306156
15.12507, 0.3380755, 0.3208803, 0.3311211
15.13617, 0.3284104, 0.3201266, 0.3317478
15.14743, 0.3222028, 0.3190788, 0.3324586
15.15789, 0.3254991, 0.3353538, 0.333147
15.16905, 0.3206376, 0.3340055, 0.3340614
15.18015, 0.3175853, 0.3324497, 0.334905
15.19128, 0.3178905, 0.3311118, 0.3355705
15.2027, 0.3172544, 0.3297369, 0.3365496
15.21394, 0.3172898, 0.3283078, 0.3376428
15.22526, 0.3170995, 0.3268413, 0.3386406
15.236, 0.3186101, 0.3253319, 0.3396834
15.24757, 0.3182429, 0.3238735, 0.3408604
15.25807, 0.320606, 0.3225274, 0.3419927
15.2687, 0.3198949, 0.321324, 0.3432549
15.28011, 0.3212969, 0.3210596, 0.3446112
15.2913, 0.3164913, 0.3219075, 0.3461779
15.30265, 0.3161498, 0.3214087, 0.3476341
15.31399, 0.3121597, 0.3207018, 0.3491651
15.32508, 0.3118243, 0.3199598, 0.3506234
15.33606, 0.3077953, 0.3192512, 0.3521954
15.34749, 0.3120924, 0.3179521, 0.3537196
15.35781, 0.3142756, 0.3172453, 0.3552924
15.36884, 0.3151168, 0.316891, 0.3569978
15.38035, 0.3144755, 0.3163399, 0.358865
15.39092, 0.3262386, 0.3166199, 0.3611829
15.40263, 0.3279513, 0.3171382, 0.3632212
15.414, 0.3286838, 0.3176779, 0.3652602
15.4251, 0.3411056, 0.3188704, 0.367088
15.43627, 0.387722, 0.322392, 0.3691838
15.4472, 0.4246219, 0.3277681, 0.3712103
15.4578, 0.3671403, 0.3301947, 0.3732899
15.46909, 0.3698026, 0.3327726, 0.3753952
15.47995, 0.3517126, 0.334328, 0.3776516
15.49118, 0.4105853, 0.3388625, 0.3802049
15.50248, 0.3970516, 0.3426503, 0.3828146
15.51413, 0.3827766, 0.3459646, 0.3852598
15.52521, 0.3655727, 0.3484357, 0.3877539
15.53623, 0.3638415, 0.3510198, 0.3902047
15.54714, 0.3674165, 0.3537994, 0.3927339
15.55782, 0.3898296, 0.3579011, 0.3952673
15.56889, 0.403692, 0.3624811, 0.3979259
15.57992, 0.4089961, 0.3672171, 0.4006489
15.59101, 0.3990456, 0.3714136, 0.4032943
15.60268, 0.3975443, 0.375567, 0.4062461
15.61392, 0.3965766, 0.3790839, 0.4091139
15.62486, 0.3899255, 0.3821826, 0.4119803
15.63615, 0.4188502, 0.3866909, 0.4154078
15.64708, 0.4069844, 0.3899848, 0.4183761
15.6577, 0.4329963, 0.3922486, 0.4213181
15.66881, 0.4336324, 0.3926991, 0.4244486
15.67997, 0.4370677, 0.3961955, 0.4276261
15.69094, 0.4380882, 0.3996097, 0.4304935
15.70263, 0.4479139, 0.4044198, 0.4339788
15.71402, 0.4551082, 0.406646, 0.4374052
15.72484, 0.4488168, 0.4092343, 0.4406868
15.73608, 0.4535671, 0.4127738, 0.4440445
15.74745, 0.453744, 0.4171824, 0.4475524
15.75802, 0.4600803, 0.4219944, 0.450879
15.76903, 0.4718477, 0.4272159, 0.4544097
15.78059, 0.4752562, 0.4314872, 0.4581515
15.79109, 0.4806511, 0.4353352, 0.4615902
15.80257, 0.4702791, 0.4383993, 0.4653369
15.81471, 0.4631806, 0.441606, 0.4694242
15.82511, 0.4633052, 0.4448941, 0.4729261
15.83586, 0.4600664, 0.4480686, 0.4766335
15.84719, 0.4553729, 0.451341, 0.4804487
15.8575, 0.4549172, 0.4531443, 0.4841525
15.86863, 0.4425352, 0.4549219, 0.4881161
15.88005, 0.3651213, 0.4515281, 0.4922651
15.89082, 0.3872233, 0.4492076, 0.4961329
15.9023, 0.37846, 0.4462772, 0.5003466
15.91395, 0.4157992, 0.4451627, 0.5048344
15.92512, 0.457644, 0.4456492, 0.5090237
15.93595, 0.5391874, 0.4498532, 0.5131174
15.9472, 0.5211655, 0.4534706, 0.5174326
15.96053, 0.4659854, 0.4540915, 0.5225692
15.96865, 0.4420362, 0.4535061, 0.5257376
15.97974, 0.449169, 0.4529606, 0.5301095
15.99069, 0.4576698, 0.4522517, 0.5344391
16.00225, 0.4540661, 0.4511922, 0.5390833
16.01377, 0.4774483, 0.4510321, 0.5436611
16.02486, 0.4939381, 0.4522151, 0.5483543
16.03596, 0.496915, 0.4539018, 0.5529562
16.04787, 0.4899186, 0.4552325, 0.5579154
16.05757, 0.4858099, 0.4565197, 0.5620105
16.06872, 0.4789349, 0.4576978, 0.5666937
16.07979, 0.4732363, 0.4586137, 0.57144
16.09067, 0.478144, 0.4603941, 0.5760615
16.10283, 0.4721857, 0.4657474, 0.5813356
16.11362, 0.4713792, 0.4699552, 0.5860944
16.12459, 0.4716998, 0.4746172, 0.5910236
16.1358, 0.471919, 0.4774232, 0.5960585
16.14702, 0.4715356, 0.4781178, 0.6013094
16.15746, 0.4734573, 0.4748313, 0.6060906
16.16846, 0.4730083, 0.4724234, 0.6113871
16.1796, 0.4772583, 0.472987, 0.6165986
16.19099, 0.4649443, 0.4741324, 0.6219134
16.20229, 0.4767936, 0.4755136, 0.6271628
16.21394, 0.4743351, 0.4763468, 0.6328311
16.22505, 0.4398603, 0.4756365, 0.6380781
16.23574, 0.4424411, 0.4738862, 0.6432602
16.24718, 0, 0.4491892, 0.6488025
16.44704, 0.7149037, 0.4600887, 0.75218
16.45809, 0.7839726, 0.4747914, 0.7582066
16.46939, 0.7932578, 0.4901637, 0.7644897
16.48037, 0.6726986, 0.4998519, 0.7705392
16.49133, 0.6511431, 0.5087473, 0.7766463
16.50261, 0.6616624, 0.5179232, 0.7829524
16.51353, 0.6618969, 0.5274087, 0.7890584
16.52471, 0.6460684, 0.5361432, 0.7953117
16.53532, 0.645414, 0.544829, 0.8013009
16.54621, 0.6447351, 0.5534698, 0.8075146
16.55724, 0.7054266, 0.5651643, 0.8138032
16.5683, 0.6943513, 0.5762089, 0.8201228
16.57945, 0.6977731, 0.5874472, 0.8265412
16.59066, 0.6876569, 0.5979671, 0.8330131
16.60205, 0.6897486, 0.6092074, 0.8397883
16.61379, 0.6988593, 0.6203107, 0.8466404
16.6246, 0.7094814, 0.632068, 0.8532115
16.63593, 0.7047572, 0.6453128, 0.8598894
16.64689, 0.7097114, 0.6586763, 0.8662149
16.65705, 0.7178051, 0.6945666, 0.8721334
16.66845, 0.7217091, 0.6949068, 0.8789259
16.6795, 0.7568651, 0.6935515, 0.8854592
16.69076, 0.8474563, 0.6962614, 0.8921627
16.70215, 0.8561961, 0.7054363, 0.8989932
16.71398, 0.8560915, 0.7156837, 0.9061307
16.72463, 0.8987689, 0.727539, 0.9125768
16.73556, 0.906082, 0.7397483, 0.9192421
16.74701, 0.9167236, 0.753281, 0.9261926
16.75711, 0.9595578, 0.7689883, 0.9324858
16.76834, 0.9597549, 0.7847392, 0.9394159
16.77938, 0.9179785, 0.7953668, 0.9462379
16.79051, 0.9279092, 0.8070447, 0.9531261
16.80155, 0.9215732, 0.8182347, 0.9599757
16.81268, 0.9170129, 0.8297026, 0.9669076
16.82376, 0.9551548, 0.8429729, 0.9740574
16.83496, 0.980584, 0.857059, 0.9810355
16.84601, 1.019018, 0.8725358, 0.9880331
16.85703, 1.030481, 0.888822, 0.9949144
16.86818, 1.02935, 0.9048039, 1.001989
16.87933, 1.021188, 0.9199731, 1.008969
16.89037, 1.036225, 0.935699, 1.016032
16.90169, 1.071506, 0.951431, 1.02323
16.91298, 1.061705, 0.9621434, 1.030478
16.92417, 1.089066, 0.973787, 1.037723
16.93533, 1.088151, 0.9853899, 1.045033
16.9464, 1.148947, 0.9978988, 1.052251
16.95775, 1.126577, 1.008924, 1.059642
16.96877, 1.136819, 1.019928, 1.066823
16.97995, 1.12896, 1.028398, 1.073991
16.99091, 1.114906, 1.036156, 1.081173
17.00236, 1.145958, 1.047555, 1.088782
17.01343, 1.115387, 1.056929, 1.09608
17.02444, 1.047345, 1.063217, 1.103323
17.03553, 1.033503, 1.069042, 1.110786
17.04681, 1.039716, 1.07327, 1.118317
17.05702, 1.017232, 1.075102, 1.124974
17.06815, 0.9936008, 1.073832, 1.132418
17.0793, 0.9942277, 1.072019, 1.13979
17.09028, 0.9689201, 1.068997, 1.147158
17.10134, 0.9789154, 1.066884, 1.154678
17.11767, 1.003107, 1.065228, 1.165626
17.12438, 1.003121, 1.061809, 1.170209
17.13533, 1.039175, 1.060682, 1.177601
17.14657, 1.025489, 1.057503, 1.185212
17.15695, 0.9821664, 1.052204, 1.192245
17.16805, 0.8734277, 1.038428, 1.19975
17.17926, 0.891514, 1.026675, 1.207432
17.19037, 0.8943259, 1.01455, 1.214981
17.20158, 0.9188599, 1.004045, 1.222556
17.21296, 0.9190865, 0.9942543, 1.230328
17.22455, 0.9294018, 0.9834265, 1.238302
17.23552, 0.930366, 0.9741755, 1.245818
17.24631, 0.9334592, 0.9684812, 1.253149
17.25686, 0.928516, 0.9632319, 1.260386
17.26792, 0.9249414, 0.9574931, 1.267828
17.2792, 0.9383528, 0.9535491, 1.275564
17.29024, 0.923574, 0.9500478, 1.283109
17.30157, 0.9158307, 0.9461279, 1.290877
17.31304, 0.9133071, 0.9433473, 1.298725
17.32425, 0.976944, 0.9432486, 1.306525
17.33551, 1.013619, 0.9437742, 1.314255
17.34643, 1.01274, 0.9442551, 1.321756
17.35684, 1.059255, 0.9452591, 1.328951
17.36813, 1.052611, 0.9466151, 1.336732
17.37915, 1.075495, 0.9512815, 1.344229
17.39015, 1.107652, 0.9629928, 1.351839
17.40143, 1.166803, 0.9767572, 1.359559
17.41346, 1.160777, 0.9900798, 1.367798
17.424, 1.162286, 1.002251, 1.375081
17.43524, 1.155579, 1.014076, 1.382771
17.44642, 1.175921, 1.026402, 1.390486
17.457, 1.190739, 1.03942, 1.397958
17.46797, 1.190355, 1.052265, 1.405514
17.47908, 1.204312, 1.066055, 1.413339
17.49024, 1.222685, 1.080942, 1.420952
17.50136, 1.2276, 1.095405, 1.428434
17.5129, 1.249942, 1.111723, 1.436386
17.52402, 1.271524, 1.129508, 1.444073
17.53501, 1.281231, 1.147904, 1.451613
17.54613, 1.290239, 1.163569, 1.459241
17.55667, 1.341748, 1.179975, 1.46657
17.56791, 1.346678, 1.196672, 1.474312
17.57896, 1.350123, 1.211215, 1.481931
17.5901, 1.379484, 1.227559, 1.489605
17.60119, 1.381106, 1.24284, 1.497212
17.61292, 1.383671, 1.25664, 1.505361
17.62402, 1.376014, 1.267101, 1.513005
17.63508, 1.37396, 1.27776, 1.520625
17.64616, 1.378787, 1.288585, 1.528237
17.65665, 1.345148, 1.298064, 1.535346
17.6679, 1.342203, 1.306378, 1.54307
17.67901, 1.337782, 1.31373, 1.550974
17.69013, 1.350473, 1.321736, 1.558598
17.70146, 1.342112, 1.328626, 1.566289
17.71228, 1.344038, 1.334693, 1.573583
17.72333, 1.334113, 1.340019, 1.581097
17.73455, 1.374894, 1.346267, 1.588887
17.74549, 1.378439, 1.351612, 1.596383
17.75721, 1.456139, 1.360358, 1.604388
17.76857, 1.432942, 1.367493, 1.612158
17.77952, 1.442984, 1.372555, 1.619875
17.79045, 1.501496, 1.380296, 1.627284
17.80176, 1.531251, 1.389352, 1.634808
17.8131, 1.533029, 1.397029, 1.642331
17.82397, 1.529859, 1.404467, 1.649701
17.83484, 1.593215, 1.414944, 1.657
17.84597, 1.627585, 1.427523, 1.664561
17.85657, 1.62331, 1.43999, 1.671778
17.86758, 1.636147, 1.452858, 1.679223
17.87904, 1.612667, 1.466234, 1.686851
17.88997, 1.644973, 1.481372, 1.694282
17.90126, 1.728768, 1.500922, 1.701849
17.91269, 1.729308, 1.519863, 1.709437
17.92421, 1.740563, 1.539786, 1.717119
17.93524, 1.743831, 1.559776, 1.72471
17.94627, 1.742195, 1.58018, 1.732074
17.95662, 1.775965, 1.600233, 1.739051
17.96757, 1.782997, 1.620461, 1.746314
17.97906, 1.772335, 1.636271, 1.753969
17.98959, 1.674429, 1.648345, 1.760895
18.0011, 1.669932, 1.659693, 1.768359
18.0129, 1.727444, 1.67099, 1.776105
18.02378, 1.698298, 1.679343, 1.78319
18.03495, 1.715558, 1.688469, 1.790418
18.04652, 1.701765, 1.697065, 1.798041
18.05667, 1.636245, 1.699216, 1.804637
18.06746, 1.633341, 1.699504, 1.81158
18.07897, 1.656065, 1.701142, 1.819251
18.08992, 1.603166, 1.699492, 1.826277
18.10086, 1.588884, 1.698303, 1.833236
18.11263, 1.641862, 1.698148, 1.8406
18.12377, 1.603481, 1.691883, 1.847694
18.13472, 1.155247, 1.66318, 1.854672
18.14621, 1.180838, 1.635194, 1.861955
18.15641, 1.13605, 1.604805, 1.868231
18.16786, 1.07888, 1.571639, 1.87548
18.1786, 1.110923, 1.538387, 1.882143
18.18983, 1.094304, 1.503952, 1.889171
18.20117, 1.131539, 1.471913, 1.896238
18.21253, 1.126763, 1.444529, 1.903302
18.22392, 1.132321, 1.417649, 1.910368
18.23499, 1.123697, 1.387461, 1.917181
18.24616, 1.127726, 1.358933, 1.924223
18.25636, 1.104988, 1.328404, 1.930474
18.2675, 1.116626, 1.299147, 1.937283
18.2786, 1.088325, 1.271751, 1.944054
18.28961, 1.10358, 1.245263, 1.950972
18.30101, 1.109456, 1.217933, 1.957874
18.31272, 1.088541, 1.192201, 1.965058
18.32398, 1.122292, 1.168872, 1.971793
18.33498, 1.10904, 1.142231, 1.978426
18.34579, 1.117336, 1.117923, 1.984869
18.35645, 1.125018, 1.116412, 1.99094
18.36733, 1.126351, 1.113688, 1.997356
18.37893, 1.120111, 1.112891, 2.004062
18.38979, 1.118757, 1.114885, 2.01044
18.40066, 1.117531, 1.115215, 2.016699
18.41266, 1.114302, 1.116215, 2.023665
18.42357, 1.13178, 1.116227, 2.029979
18.43489, 1.143629, 1.11707, 2.036491
18.44572, 1.149342, 1.117921, 2.042714
18.45625, 1.120393, 1.117756, 2.04897
18.46775, 1.125407, 1.11764, 2.055527
18.4785, 1.125758, 1.118679, 2.061403
18.48979, 1.124742, 1.119084, 2.067752
18.50093, 1.125414, 1.120939, 2.074036
18.51261, 1.112087, 1.121364, 2.08047
18.52409, 1.135345, 1.122659, 2.086871
18.53512, 1.115734, 1.124018, 2.093066
18.5459, 1.099431, 1.122875, 2.099035
18.55633, 1.092587, 1.122053, 2.104675
18.56739, 1.113537, 1.121863, 2.110697
18.57852, 1.122728, 1.121748, 2.116769
18.58964, 1.121442, 1.121503, 2.122861
18.60102, 1.138767, 1.122435, 2.129011
18.61244, 1.133887, 1.123192, 2.134978
18.62357, 1.163327, 1.125482, 2.140909
18.63508, 1.19858, 1.129696, 2.146835
18.64571, 1.20015, 1.133114, 2.152431
18.65641, 1.198197, 1.135843, 2.157963
18.66736, 1.196984, 1.138225, 2.163538
18.67867, 1.195131, 1.141962, 2.169389
18.68962, 1.192027, 1.145293, 2.17501
18.701, 1.179063, 1.147958, 2.180824
18.71257, 1.238747, 1.153658, 2.186714
18.7236, 1.239089, 1.159342, 2.192215
18.73508, 1.234786, 1.165477, 2.197925
18.74565, 1.221345, 1.169777, 2.203105
18.75626, 1.212551, 1.174618, 2.208299
18.7672, 1.203436, 1.179818, 2.213653
18.77839, 1.185413, 1.184459, 2.219131
18.78956, 1.177927, 1.187679, 2.224474
18.80084, 1.160782, 1.189581, 2.230002
18.81244, 1.143358, 1.190677, 2.235492
18.82369, 1.133692, 1.190423, 2.240763
18.83469, 1.125985, 1.190028, 2.245869
18.84555, 1.114945, 1.187609, 2.250889
18.85616, 1.092491, 1.182305, 2.255753
18.86747, 1.108656, 1.17773, 2.260901
18.87839, 1.107901, 1.173215, 2.265805
18.88941, 1.119148, 1.169323, 2.270683
18.90054, 1.124894, 1.165812, 2.275577
18.91149, 1.125609, 1.162491, 2.280373
18.92268, 1.145657, 1.16082, 2.28524
18.93381, 1.143797, 1.156073, 2.29002
18.94494, 1.150181, 1.151627, 2.294756
18.9561, 1.156021, 1.147689, 2.299459
18.96711, 1.164513, 1.144848, 2.304029
18.97829, 1.170454, 1.142743, 2.308543
18.98947, 1.181045, 1.141623, 2.313223
19.00072, 1.206643, 1.142685, 2.317841
19.01249, 1.212203, 1.144399, 2.322579
19.02327, 1.200796, 1.146399, 2.327054
19.03426, 1.217789, 1.150121, 2.331382
19.04548, 1.222282, 1.15455, 2.335708
19.05683, 1.229359, 1.159719, 2.340109
19.06746, 1.227343, 1.165339, 2.344125
19.07845, 1.221002, 1.171764, 2.348323
19.08991, 1.105951, 1.171629, 2.35258
19.1009, 1.115415, 1.172005, 2.356533
19.1115, 1.111742, 1.171635, 2.360389
19.12253, 1.145262, 1.172653, 2.364364
19.13399, 1.144205, 1.173583, 2.368607
19.14473, 1.186169, 1.175608, 2.372399
19.15679, 1.17302, 1.177069, 2.376576
19.16816, 1.171806, 1.178151, 2.380521
19.17889, 1.125122, 1.176606, 2.384086
19.18998, 1.139903, 1.175375, 2.387963
19.2014, 1.133006, 1.173503, 2.391775
19.21169, 1.166389, 1.17277, 2.395175
19.22271, 1.112135, 1.168045, 2.398794
19.23389, 1.111051, 1.162987, 2.40239
19.24485, 1.092036, 1.157549, 2.405793
19.25679, 1.088099, 1.151065, 2.409519
19.26805, 1.093294, 1.144615, 2.412982
19.27866, 1.088408, 1.137568, 2.41612
19.29386, 1.095217, 1.130961, 2.420705
19.3012, 1.128961, 1.126359, 2.422909
19.31148, 1.113228, 1.126723, 2.426205
19.32267, 1.115249, 1.126715, 2.429409
19.33372, 1.126536, 1.127455, 2.432451
19.34485, 1.123116, 1.126347, 2.435547
19.35642, 1.146848, 1.126479, 2.438507
19.36866, 1.171325, 1.125737, 2.441949
19.38045, 1.186465, 1.12641, 2.44508
19.39003, 1.186448, 1.127142, 2.447562
19.4011, 1.207212, 1.131246, 2.450437
19.41137, 1.224248, 1.135463, 2.45305
19.42246, 1.268236, 1.142225, 2.455825
19.43376, 1.277106, 1.147761, 2.458601
19.44467, 1.295403, 1.156924, 2.461233
19.45648, 1.302265, 1.166485, 2.464035
19.4682, 1.318528, 1.177809, 2.466737
19.47878, 1.390426, 1.192926, 2.469076
19.48973, 1.359341, 1.206228, 2.471503
19.50163, 1.275586, 1.215587, 2.474077
19.51237, 1.272996, 1.224476, 2.476255
19.52308, 1.264281, 1.231242, 2.478474
19.53443, 1.311541, 1.241157, 2.48078
19.5453, 1.319054, 1.251348, 2.4829
19.55656, 1.321067, 1.261074, 2.484918
19.56735, 1.307698, 1.270303, 2.487028
19.57856, 1.304604, 1.278191, 2.489074
19.58994, 1.272428, 1.283246, 2.491096
19.60091, 1.258597, 1.286853, 2.493009
19.61135, 1.255173, 1.290289, 2.494808
19.62256, 1.252348, 1.292546, 2.496655
19.63363, 1.241335, 1.2934, 2.498533
19.64465, 1.231001, 1.291538, 2.500301
19.65668, 1.233458, 1.289356, 2.502104
19.668, 1.233453, 1.286258, 2.503624
19.67867, 1.233415, 1.282816, 2.505127
19.69057, 1.204209, 1.2771, 2.506661
19.70088, 1.197523, 1.267455, 2.507989
19.71133, 1.19864, 1.25942, 2.509558
19.72238, 1.228712, 1.257076, 2.510896
19.73391, 1.232375, 1.255045, 2.512265
19.74477, 1.244266, 1.254044, 2.513502
19.7557, 1.258415, 1.251388, 2.514646
19.76686, 1.2653, 1.2487, 2.515789
19.77808, 1.297487, 1.247522, 2.516896
19.78926, 1.258544, 1.245064, 2.517848
19.80021, 1.240369, 1.241852, 2.518817
19.81199, 1.264554, 1.241458, 2.519933
19.82314, 1.23917, 1.240487, 2.520769
19.83421, 1.244561, 1.239956, 2.521357
19.84509, 1.247865, 1.239732, 2.522121
19.85602, 1.241225, 1.239727, 2.522737
19.86743, 1.213901, 1.238872, 2.523347
19.87826, 1.17073, 1.235735, 2.523974
19.8895, 1.164274, 1.232276, 2.524579
19.90111, 1.155787, 1.228395, 2.525081
19.91225, 1.161977, 1.226283, 2.525513
19.92292, 1.143021, 1.223558, 2.525868
19.93421, 1.139975, 1.220625, 2.526158
19.94536, 1.143488, 1.216364, 2.526437
19.95567, 1.159497, 1.21272, 2.526859
19.96684, 1.145774, 1.207795, 2.527068
19.9778, 1.149348, 1.202342, 2.527147
19.98892, 1.141957, 1.196175, 2.527222
20.00014, 1.105065, 1.186554, 2.527278
