4.055985, 1.993081, 1.280001
4.068014, 2.131047, 1.326809
4.079215, 2.226295, 1.37591
4.089561, 2.024891, 1.418192
4.101829, 2.065768, 1.460786
4.112734, 2.120496, 1.50484
4.124651, 2.146495, 1.549015
4.136961, 2.136928, 1.592475
4.148572, 2.384419, 1.643308
4.160146, 2.740653, 1.70581
4.171192, 2.557535, 1.758779
4.181342, 2.385902, 1.805262
4.192716, 2.375491, 1.850399
4.205165, 2.688581, 1.902831
4.215247, 2.634982, 1.952372
4.225623, 2.666902, 2.002772
4.23806, 2.618801, 2.048135
4.249879, 2.543874, 2.090244
4.260624, 2.842707, 2.141083
4.27205, 2.592504, 2.18059
4.283016, 2.360491, 2.209629
4.293925, 2.245441, 2.240789
4.305033, 2.021083, 2.253526
4.317003, 2.023678, 2.276171
4.327759, 2.033715, 2.289649
4.339419, 1.948913, 2.298475
4.350842, 1.938435, 2.280771
4.362263, 2.21035, 2.280865
4.372145, 2.082932, 2.288217
4.383783, 2.071806, 2.293808
4.395122, 2.024298, 2.294848
4.406511, 1.958089, 2.289083
4.417623, 1.958281, 2.280149
4.428804, 1.959123, 2.277957
4.439554, 1.894507, 2.272248
4.450958, 1.940616, 2.266252
4.461928, 2.050994, 2.263069
4.475787, 1.854381, 2.25365
4.48693, 1.849789, 2.235829
4.498539, 1.753041, 2.202909
4.50924, 1.875979, 2.180191
4.521393, 1.899196, 2.163967
4.532106, 1.931844, 2.149179
4.543993, 2.057538, 2.128144
4.555004, 2.126885, 2.111207
4.564803, 2.156088, 2.09418
4.575929, 2.017917, 2.074151
4.587044, 1.91509, 2.053191
4.599148, 1.935443, 2.022949
4.610379, 1.936521, 2.001083
4.620921, 1.879908, 1.985064
4.630705, 1.881637, 1.972937
4.641741, 1.918493, 1.969517
4.652104, 1.899743, 1.965386
4.662803, 1.974862, 1.963424
4.672668, 1.941283, 1.96317
4.683988, 1.855381, 1.960402
4.69473, 1.965079, 1.952226
4.705593, 2.036584, 1.950681
4.71687, 2.08027, 1.950963
4.72738, 2.053952, 1.951951
4.738178, 2.131154, 1.95772
4.749466, 2.131582, 1.963497
4.759877, 2.164241, 1.970334
4.770875, 2.079618, 1.976504
4.781001, 2.058421, 1.980431
4.791914, 2.198684, 1.985354
4.804054, 2.186316, 1.996419
4.814317, 2.19805, 2.008028
4.825937, 2.193067, 2.022695
4.837497, 2.231951, 2.034561
4.847625, 2.160278, 2.043263
4.859724, 2.228711, 2.053159
4.871022, 2.193732, 2.057699
4.881998, 2.080015, 2.056136
4.893765, 2.073517, 2.053384
4.904985, 2.467938, 2.068385
4.916924, 2.276278, 2.080424
4.927434, 2.296744, 2.092468
4.937954, 2.091183, 2.097623
4.949807, 2.156132, 2.10683
4.960782, 1.86047, 2.106125
4.975952, 1.868707, 2.104465
4.987167, 1.890572, 2.10416
5.002942, 1.875827, 2.100858
5.012747, 1.970711, 2.101839
5.023317, 1.951383, 2.105039
5.033882, 1.925361, 2.103715
5.044893, 1.873414, 2.098276
5.055882, 1.93468, 2.093423
5.067184, 1.933006, 2.089392
5.078997, 1.951099, 2.08339
5.091317, 2.067724, 2.081261
5.10297, 2.096648, 2.079008
5.114033, 2.101112, 2.079725
5.126174, 2.177632, 2.083699
5.136703, 2.293895, 2.086872
5.147429, 2.248644, 2.08895
5.158759, 2.321115, 2.093052
5.170902, 2.373473, 2.099065
5.182857, 2.378853, 2.103962
5.193966, 2.278418, 2.1079
5.204961, 2.335209, 2.11145
5.216739, 2.440422, 2.119673
5.228004, 2.529716, 2.134663
5.237718, 2.813575, 2.159332
5.250565, 2.80099, 2.170433
5.262686, 2.609014, 2.181525
5.274266, 2.742088, 2.196369
5.284732, 2.737206, 2.217904
5.295917, 2.699266, 2.236008
5.307678, 2.801451, 2.267374
5.319541, 2.846756, 2.299976
5.330503, 2.844381, 2.331769
5.343173, 2.780883, 2.361938
5.352687, 2.788075, 2.389184
5.364166, 2.746976, 2.415703
5.376094, 2.621087, 2.438894
5.386811, 2.778742, 2.469072
5.396534, 2.777198, 2.497156
5.407076, 2.708539, 2.523007
5.416809, 2.736518, 2.549188
5.428457, 2.750443, 2.571945
5.439241, 2.704709, 2.592214
5.450738, 2.693264, 2.611952
5.461671, 2.591654, 2.625753
5.471932, 2.812271, 2.643032
5.483979, 2.930483, 2.66576
5.498265, 3.498645, 2.705011
5.509903, 3.501308, 2.742605
5.523015, 3.490038, 2.779645
5.53379, 3.617181, 2.82427
5.545828, 4.239706, 2.887753
5.555721, 4.376898, 2.952302
5.567015, 4.47621, 3.017186
5.577673, 4.178109, 3.06267
5.588035, 4.387752, 3.115562
5.598089, 4.462331, 3.177339
5.609544, 4.249091, 3.227573
5.620211, 4.216989, 3.276899
5.631117, 3.981781, 3.319649
5.641905, 3.999305, 3.359578
5.654672, 4.675617, 3.42054
5.665846, 4.437482, 3.473643
5.677898, 2.76771, 3.473204
5.688425, 2.680172, 3.469607
5.700195, 2.687545, 3.467626
5.711768, 2.433911, 3.461387
5.722333, 2.294667, 3.445251
5.734024, 2.413021, 3.433112
5.745268, 2.996673, 3.442716
5.755495, 2.683011, 3.440933
5.768211, 3.026362, 3.45013
5.778669, 2.399303, 3.43995
5.789453, 3.804497, 3.476991
5.801628, 2.448945, 3.472234
5.812685, 4.281657, 3.521214
5.824809, 4.288149, 3.566469
5.868567, 6.046528, 3.651399
5.879796, 4.817181, 3.695261
6.104309, 3.011373, 3.679306
6.114888, 2.613904, 3.645864
6.125122, 2.203087, 3.577976
6.135847, 4.70677, 3.588972
6.146836, 7.9105, 3.703448
6.235649, 9.214074, 3.871314
6.247522, 6.940604, 3.956409
6.25838, 6.821784, 4.035058
6.269708, 7.698056, 4.150023
6.281438, 9.609826, 4.329783
6.324498, 3.420764, 4.311083
6.335786, 6.042629, 4.379194
6.370238, 6.426006, 4.437541
6.381227, 6.719902, 4.513621
6.39252, 6.973035, 4.653799
6.404006, 6.129916, 4.76879
6.415688, 6.373306, 4.891648
6.427038, 6.440206, 5.025191
6.438552, 6.670875, 5.171065
6.45005, 6.792918, 5.317061
6.461255, 7.1461, 5.455376
6.47336, 7.538507, 5.617226
6.484741, 8.02819, 5.783953
6.496504, 7.025707, 5.938166
6.508214, 6.202321, 6.018094
6.518224, 6.362041, 6.14853
6.529538, 7.602578, 6.259227
6.541123, 7.53984, 6.367617
6.551726, 7.345465, 6.410915
6.562902, 7.712149, 6.507414
6.574927, 7.23351, 6.648152
6.585733, 7.17626, 6.80023
6.596843, 7.275794, 6.96932
6.608208, 8.571645, 7.098149
6.619573, 8.837642, 7.129053
7.262405, 7.466807, 7.070811
7.298649, 1.702065, 6.896194
7.310843, 3.028782, 6.76976
7.32218, 1.31599, 6.557024
7.333659, 1.264516, 6.278847
7.344624, 1.170584, 6.203841
7.356294, 1.117621, 6.039674
7.366844, 1.300443, 5.868822
7.378504, 1.192952, 5.68459
7.388056, 1.096887, 5.488719
7.399838, 1.093935, 5.320853
7.410938, 1.015047, 5.142244
7.422256, 0.8711482, 4.956609
7.434433, 0.8274334, 4.761828
7.446225, 0.8041957, 4.562204
7.45673, 0.8015605, 4.350719
7.469044, 0.7954498, 4.125951
7.48006, 0.7882829, 3.884621
7.491761, 0.794107, 3.676901
7.503131, 0.7946064, 3.496644
7.513847, 0.7858112, 3.310769
7.524999, 0.8019925, 3.084083
7.535873, 0.8122747, 2.859831
7.546776, 0.8029158, 2.641746
7.558856, 0.8013836, 2.411387
7.569885, 0.7838286, 2.196397
7.57969, 0.7774557, 1.983104
7.590777, 0.7860019, 1.766778
7.601683, 0.7853213, 1.507233
7.613069, 0.7820426, 1.238714
7.624266, 0.7929894, 1.016253
7.636674, 0.7894198, 0.9858313
7.646883, 0.7803579, 0.9108838
7.65958, 0.7493031, 0.8919942
7.670693, 0.7341231, 0.8743144
7.682836, 0.7215197, 0.8593456
7.693748, 0.7233814, 0.8462043
7.703756, 0.706973, 0.8264219
7.714683, 0.7155744, 0.8105094
7.726912, 0.7211775, 0.7979857
7.737853, 0.7258595, 0.7857165
7.748745, 0.7264265, 0.7760958
7.761005, 0.7226962, 0.7711474
7.771862, 0.6869236, 0.7664638
7.783984, 0.6729166, 0.7620878
7.794984, 0.6611639, 0.7574079
7.807414, 0.6529781, 0.7526588
7.819023, 0.6470079, 0.7479497
7.832706, 0.6519065, 0.7432097
7.843932, 0.6462703, 0.7382651
7.854695, 0.6408517, 0.7334331
7.864839, 0.6488144, 0.7283272
7.876903, 0.6507647, 0.7229435
7.887888, 0.6409068, 0.7175433
7.900145, 0.6446219, 0.7123179
7.911696, 0.6448596, 0.7076856
7.923637, 0.653294, 0.7035468
7.93591, 0.6469606, 0.6989122
7.946835, 0.6292082, 0.6937084
7.957148, 0.6422281, 0.6890478
7.968331, 0.6319746, 0.6836807
7.979558, 0.6256313, 0.678221
7.990658, 0.6143039, 0.6726859
8.003018, 0.6220323, 0.6684436
8.013788, 0.620055, 0.6646413
8.024663, 0.6165898, 0.6611436
8.041249, 0.6151459, 0.6575358
8.053116, 0.6146277, 0.6544577
8.064213, 0.6140893, 0.6510748
8.075932, 0.6241685, 0.6478412
8.086719, 0.622919, 0.6444099
8.098411, 0.6210991, 0.6408989
8.108068, 0.6288737, 0.6377715
8.119109, 0.6313545, 0.6359193
8.129854, 0.6423296, 0.6348997
8.142067, 0.6413634, 0.6342397
8.153994, 0.6368658, 0.6337026
8.164451, 0.6369169, 0.6333663
8.176135, 0.6358347, 0.6328305
8.187283, 0.9216581, 0.64201
8.198805, 0.8634951, 0.6494315
8.208777, 0, 0.6278043
8.379095, 1.008726, 0.6397364
8.391005, 0.9660996, 0.6505761
8.405655, 1.123456, 0.6665372
8.417942, 1.205369, 0.6852208
8.427591, 1.03223, 0.6978521
8.437596, 1.03436, 0.7107653
8.447721, 1.050856, 0.7248203
8.45886, 1.053224, 0.7385202
8.469749, 1.059394, 0.7527675
8.480977, 1.102356, 0.7686583
8.491805, 1.209655, 0.7885034
8.502953, 1.329975, 0.8121015
8.513733, 0, 0.791433
8.713924, 1.258349, 0.812825
8.725231, 1.712246, 0.8493949
8.736876, 1.54017, 0.8802463
8.747782, 2.183583, 0.9325628
8.759774, 1.814711, 0.9722475
8.770768, 1.757452, 1.010065
8.782655, 1.645753, 1.04422
8.794674, 2.654353, 1.111736
8.807244, 2.01954, 1.158009
8.81986, 2.018656, 1.203887
8.831567, 2.375173, 1.26168
8.844141, 2.187893, 1.313381
8.854855, 2.140866, 1.363513
8.86613, 2.014197, 1.409458
8.876984, 2.10527, 1.448912
8.886742, 2.073409, 1.489243
8.898982, 2.09963, 1.55923
8.909989, 2.054756, 1.594098
8.922165, 2.089869, 1.631557
8.933095, 1.71349, 1.651225
8.944774, 1.800329, 1.671057
8.957067, 1.712559, 1.693734
8.968056, 1.77928, 1.718565
8.978742, 2.082843, 1.752964
8.9931, 2.08894, 1.787488
9.007266, 2.340823, 1.830203
9.017294, 2.529602, 1.877777
9.028617, 2.759777, 1.929448
9.039966, 2.881203, 1.981156
9.050849, 3.104943, 2.084654
9.062172, 3.273704, 2.151832
9.071723, 3.369892, 2.207087
9.084022, 3.432519, 2.270165
9.093759, 3.538097, 2.315316
9.103724, 3.865228, 2.383666
9.115995, 4.003574, 2.458537
9.126728, 4.489527, 2.553329
9.138047, 5.181101, 2.637554
9.148696, 5.870852, 2.765931
9.161498, 5.408742, 2.878934
9.171659, 5.278245, 2.975703
9.184072, 6.025322, 3.103617
9.194958, 5.573236, 3.218029
9.205833, 5.701971, 3.340955
9.218121, 6.230179, 3.478452
9.227977, 6.078498, 3.611955
9.269297, 0, 3.541968
9.500754, 6.793541, 3.699927
9.845157, 7.805734, 3.890456
9.857531, 7.038384, 4.067952
9.895059, 9.639686, 4.329264
9.904913, 9.275484, 4.581362
10.07296, 7.354999, 4.767219
10.08579, 8.093758, 4.967583
10.09746, 6.533148, 5.115723
10.10816, 7.655854, 5.292891
10.11909, 7.751632, 5.466958
10.12978, 7.470969, 5.623998
10.14108, 7.51729, 5.778533
10.15314, 7.168224, 5.913976
10.16407, 6.978694, 6.037476
10.1753, 6.849219, 6.153453
10.18721, 5.908879, 6.235999
10.19796, 7.267589, 6.360315
10.20982, 7.442856, 6.479569
10.22709, 7.297774, 6.589376
10.24283, 6.272447, 6.648806
10.2573, 6.282533, 6.685521
10.26742, 6.146271, 6.694701
10.27871, 3.991868, 6.647472
10.29099, 4.191607, 6.611251
10.30264, 3.849765, 6.538732
10.31404, 3.996191, 6.486163
10.32442, 4.24958, 6.43775
10.33523, 4.14434, 6.368222
10.34573, 4.345415, 6.310453
10.35758, 4.149204, 6.44876
10.36993, 4.370472, 6.36799
10.37998, 4.201045, 6.247834
10.39093, 4.329328, 6.157532
10.40273, 4.520422, 5.98689
10.41428, 4.144371, 5.815853
10.42523, 4.360157, 5.716025
10.43489, 4.391288, 5.592608
10.44481, 4.587971, 5.52777
10.45591, 4.329085, 5.416877
10.46708, 4.459805, 5.30715
10.47854, 4.547149, 5.209689
10.48911, 4.680205, 5.11512
10.50095, 4.379498, 5.022162
10.51145, 4.55835, 4.941484
10.52272, 4.448066, 4.861445
10.53462, 4.091382, 4.800863
10.54488, 4.141882, 4.696672
10.55686, 4.241772, 4.589969
10.56791, 4.5852, 4.49955
10.57986, 4.275657, 4.432991
10.5949, 4.414684, 4.370729
10.60507, 5.484856, 4.348682
10.61467, 6.161338, 4.420998
10.62721, 6.821505, 4.508661
10.6376, 5.830687, 4.574692
10.64874, 5.943448, 4.639601
10.66076, 6.031411, 4.698995
10.67292, 5.669552, 4.749835
10.68481, 5.748382, 4.796601
10.69616, 5.694458, 4.84811
10.70817, 5.69449, 4.892244
10.71916, 6.361828, 4.96427
10.73007, 6.329466, 5.030941
10.7415, 6.297105, 5.090164
10.75253, 6.010052, 5.152354
10.76339, 6.06998, 5.209348
10.77775, 6.059484, 5.264955
10.78824, 6.385512, 5.324873
10.79976, 6.627071, 5.401473
10.81142, 6.31017, 5.463151
10.82294, 6.224835, 5.519074
10.83432, 7.888332, 5.626012
10.84503, 5.259281, 5.655337
10.85613, 4.70726, 5.660301
10.86816, 5.055597, 5.680552
10.87901, 5.656765, 5.732732
10.91203, 8.77143, 5.88705
11.08482, 6.005279, 5.945834
11.09741, 3.209422, 5.899974
11.11122, 4.262292, 5.899529
11.12476, 4.291535, 5.895424
11.13922, 4.157043, 5.851164
11.15121, 5.16281, 5.81788
11.16438, 7.121696, 5.827886
11.17616, 7.108268, 5.870471
11.18735, 7.920004, 5.936357
11.19992, 7.178312, 5.974586
11.21064, 6.623014, 6.006369
11.22297, 6.115898, 6.018619
11.23355, 7.413103, 6.075907
11.24453, 8.199611, 6.159411
11.25669, 7.465612, 6.196204
11.27953, 9.534144, 6.303026
11.28899, 9.096551, 6.396341
11.30004, 9.378736, 6.508631
11.31126, 8.563001, 6.591732
11.32323, 8.498305, 6.673026
11.34006, 7.877811, 6.722769
11.35111, 7.315773, 6.745726
11.36065, 6.440245, 6.750062
11.37266, 5.920104, 6.739904
11.38272, 4.717737, 6.634217
11.39382, 4.311851, 6.602636
11.40547, 5.865487, 6.641244
11.41671, 7.003605, 6.706177
11.42766, 8.166883, 6.789848
11.44017, 6.526769, 6.715026
11.45097, 6.842515, 6.742934
11.46223, 6.344953, 6.847451
11.47263, 6.214197, 6.912515
11.48394, 6.020958, 6.970162
11.49584, 5.837513, 7.026178
11.50692, 5.631484, 7.0418
11.51872, 5.606162, 6.991282
11.5283, 6.215483, 6.961524
12.15799, 2.804509, 6.791007
12.17047, 1.817093, 6.612299
12.18389, 5.004498, 6.558349
12.1967, 1.894506, 6.417636
12.20845, 2.005796, 6.237393
12.21901, 1.848346, 6.025683
12.22997, 1.846134, 5.838368
12.24157, 1.392462, 5.566978
12.25293, 1.180076, 5.303095
12.26279, 1.1011, 5.027174
12.27273, 1.020227, 4.775748
12.2838, 1.13905, 4.53044
12.29479, 1.125793, 4.305373
12.30586, 1.121466, 4.098896
12.31646, 1.078972, 3.920186
12.32791, 1.02012, 3.756854
12.33758, 1.041671, 3.634318
12.34856, 1.055456, 3.525772
12.35996, 1.04422, 3.365063
12.37073, 1.039667, 3.166265
12.38173, 1.018027, 2.927969
12.39331, 1.008975, 2.744043
12.40355, 0.9695115, 2.548276
12.41451, 0.9581814, 2.368717
12.42465, 0.9244614, 2.192393
12.43594, 0.8416213, 2.019748
12.44751, 0.8395906, 1.853151
12.45843, 0.8202448, 1.692776
12.46867, 0.809229, 1.532878
12.48047, 0.8048021, 1.352522
12.49511, 0.7851202, 1.285209
12.5069, 0.7813331, 1.250684
12.51794, 0.780817, 1.109894
12.5286, 0.7533491, 1.071856
12.54069, 0.7513874, 1.030042
12.5528, 0.7591313, 0.9937351
12.56353, 0.7838629, 0.9583261
12.57584, 0.7844991, 0.9380606
12.58525, 0.7933047, 0.9251682
12.59551, 0.8107519, 0.91549
12.6069, 0.8137808, 0.9086084
12.61905, 0.8156379, 0.897828
12.62876, 0.8185059, 0.8875851
12.63974, 0.8171088, 0.8774399
12.64942, 0.8234329, 0.8689219
12.66072, 0.8568635, 0.86348
12.67041, 0.8598661, 0.8574198
12.68109, 0.8438103, 0.850365
12.69238, 0.8305697, 0.8432434
12.70185, 0.8246817, 0.8360772
12.71156, 0.8203555, 0.8294882
12.72189, 0.8101955, 0.8228622
12.73294, 0.8107626, 0.8175706
12.74392, 0.8201745, 0.8129703
12.7551, 0.8232081, 0.8095952
12.76584, 0.810836, 0.8085691
12.77736, 0.8117586, 0.8076413
12.78816, 0.8016143, 0.8070203
12.7994, 0.7961071, 0.8065829
12.81044, 0.7875089, 0.8060064
12.82157, 0.8226653, 0.807258
12.83249, 0.8246471, 0.8087018
12.84395, 0.8216085, 0.8100615
12.85487, 0.8197133, 0.8122736
12.86665, 0.794496, 0.8137106
12.87817, 0.8017737, 0.815132
12.88877, 0.7778413, 0.8149313
12.90101, 0.7776766, 0.8147039
12.91179, 0.7597693, 0.8135861
12.92273, 0.7542443, 0.8117025
12.93376, 0.7636052, 0.81003
12.94409, 0.7632901, 0.8082851
12.95538, 0.7634242, 0.806449
12.96612, 0.7734893, 0.804995
12.97718, 0.7734538, 0.8033291
12.99067, 0.758155, 0.8000389
13.00231, 0.7657344, 0.796901
13.01274, 0.7546422, 0.7939288
13.02364, 0.7687386, 0.7918677
13.03648, 0.7557442, 0.7895698
13.04776, 0.7558648, 0.7874201
13.05852, 0.7572857, 0.7856564
13.06968, 0.8541144, 0.7871015
13.08102, 0.77617, 0.7856347
13.09233, 0.8132886, 0.785304
13.10272, 0.8482727, 0.7865518
13.11455, 0, 0.7594932
13.61171, 0.8416758, 0.7608286
13.62395, 0.8393643, 0.7622706
13.6361, 0.7423255, 0.7607644
13.64694, 0.8171943, 0.760582
13.65778, 1.12499, 0.7705935
13.66894, 0.7623427, 0.7686179
13.6809, 0.9448583, 0.7727894
13.69262, 0.6743939, 0.768786
13.70284, 0.7781047, 0.767997
13.71452, 0.7911859, 0.7684419
13.72571, 0.8186389, 0.7698072
13.73556, 0.7764962, 0.7703648
13.74526, 0.7976795, 0.7718127
13.75638, 0.80755, 0.7732775
13.76711, 0.8374271, 0.7757488
13.77833, 0.8531779, 0.7787406
13.78885, 0.8462989, 0.7811676
13.79976, 0.8489324, 0.7836835
13.81083, 0.8417681, 0.7864705
13.82195, 0.8349463, 0.7887776
13.83291, 0.8567352, 0.7921807
13.84372, 0.8619169, 0.7952867
13.85586, 0.8604882, 0.7987782
13.86696, 0.8640334, 0.8023837
13.87807, 0.8702876, 0.8061504
13.88887, 0.8640819, 0.8064827
13.9005, 0.8746099, 0.809764
13.91175, 0.961188, 0.814694
13.9222, 0.9803985, 0.8190982
13.93449, 1.013866, 0.8528938
13.94458, 0.9851937, 0.8576777
13.9556, 1.12947, 0.8673479
13.96772, 0, 0.8426037
14.18353, 1.124184, 0.8528367
14.19595, 1.266134, 0.8575415
14.20672, 1.348101, 0.8770668
14.21878, 1.261854, 0.8876333
14.22928, 1.363365, 0.910599
14.24097, 1.28081, 0.9273559
14.25161, 1.236665, 0.9422053
14.26201, 1.298477, 0.9581998
14.27256, 1.31747, 0.9762323
14.28304, 1.302688, 0.9930659
14.2926, 1.325654, 1.010336
14.30405, 1.284013, 1.025222
14.31563, 1.317874, 1.040712
14.32678, 1.280973, 1.055201
14.33632, 1.220704, 1.067594
14.34726, 1.436472, 1.087417
14.35896, 1.070659, 1.095274
14.36977, 0, 1.066716
14.54465, 1.330819, 1.082346
14.55784, 1.036641, 1.088218
14.56946, 0.9989779, 1.092716
14.58317, 0.9591767, 1.095679
14.59522, 0.907763, 1.097135
14.60474, 0.9948073, 1.101142
14.61555, 1.095197, 1.105609
14.62626, 1.054609, 1.108082
14.63748, 1.064022, 1.109754
14.64718, 1.127139, 1.114486
14.65732, 1.084492, 1.112986
14.66842, 1.077994, 1.14892
14.67841, 1.100359, 1.148125
14.6894, 1.120004, 1.143254
14.69917, 1.188805, 1.137944
14.70951, 1.071647, 1.131604
14.72071, 2.867139, 1.18173
14.73595, 1.990327, 1.205381
14.74688, 1.881631, 1.226879
14.75671, 1.949942, 1.248595
14.76794, 1.922122, 1.26875
14.77892, 2.579085, 1.311297
14.7888, 2.375618, 1.346295
14.80085, 2.242093, 1.378231
14.81162, 2.441646, 1.415691
14.82333, 2.462116, 1.455062
14.83549, 2.605732, 1.50123
14.84561, 2.697873, 1.543276
14.85535, 2.709051, 1.597889
14.86666, 3.121847, 1.701951
14.87606, 3.397068, 1.770826
14.88712, 3.575633, 1.855459
14.89874, 4.716601, 1.97938
14.90997, 5.095532, 2.117259
14.92142, 5.252527, 2.262084
14.93304, 5.501551, 2.412309
14.94432, 5.342864, 2.553898
14.95532, 5.22796, 2.693009
14.96718, 3.389484, 2.770525
14.97963, 2.842661, 2.827709
14.99118, 2.682711, 2.880983
15.00294, 1.829223, 2.906024
15.01494, 0, 2.869345
15.20113, 2.828032, 2.92628
15.21302, 6.196914, 3.093217
15.22722, 4.429549, 3.205147
15.23866, 2.827609, 3.203829
15.24886, 5.43428, 3.318627
15.25975, 4.832717, 3.416997
15.2698, 2.76419, 3.444139
15.28104, 3.077938, 3.482666
15.2964, 3.130436, 3.501044
15.30786, 3.237352, 3.529769
15.31912, 3.713476, 3.578815
15.32979, 4.0175, 3.631343
15.34188, 3.886367, 3.678818
15.35196, 3.996433, 3.725175
15.36391, 3.84766, 3.763501
15.3747, 3.77056, 3.798885
15.38591, 3.670202, 3.817163
15.3981, 3.664608, 3.826081
15.40996, 6.085347, 3.909739
15.42027, 5.818989, 3.946485
15.43243, 6.61862, 3.997254
15.44253, 7.529364, 4.073149
15.48695, 5.015851, 4.056959
15.49861, 6.136418, 4.083411
15.52143, 7.327152, 4.153384
15.54447, 5.806421, 4.233949
15.55525, 6.300025, 4.349194
15.5655, 6.773653, 4.485559
15.57641, 7.297416, 4.667831
15.58776, 9.093113, 4.970935
15.59949, 9.834803, 5.204494
15.60993, 8.450008, 5.279597
15.64257, 8.849873, 5.426941
15.65366, 5.349808, 5.511015
15.77609, 3.501215, 5.446579
15.78709, 3.391712, 5.398546
15.798, 3.321681, 5.417129
15.80921, 4.094576, 5.451017
15.82029, 3.811887, 5.473732
15.83203, 3.957754, 5.497745
15.84328, 4.285412, 5.51681
15.85871, 3.99594, 5.516091
15.86992, 2.572256, 5.472288
15.89338, 2.977115, 5.43831
15.90368, 1.648952, 5.36502
15.91467, 1.115344, 5.276513
15.92598, 1.012321, 5.187917
15.93943, 0.8759934, 5.094963
15.95115, 0.8742758, 4.921261
15.96193, 0.8646635, 4.756117
15.97286, 0.8232734, 4.562939
15.98498, 0.7920075, 4.338361
15.99581, 0.7822132, 4.197239
16.00658, 0.7728804, 4.018455
16.01798, 0.7682484, 3.799824
16.02945, 0.7851278, 3.632448
16.04056, 0.8073707, 3.44936
16.05204, 0.8019972, 3.250304
16.06625, 0.7915248, 3.033441
16.07783, 0.7625891, 2.755757
16.08875, 0.7560463, 2.453132
16.0997, 0.7873769, 2.197711
16.11052, 0.7783453, 1.92866
16.12206, 0.7760753, 1.776202
16.13379, 0.7808946, 1.685524
16.14503, 0.7873685, 1.598713
16.15679, 0.7930219, 1.514424
16.16748, 0.8016434, 1.40466
16.1799, 0.8588144, 1.306224
16.19056, 0.90015, 1.204304
16.20194, 0.9211758, 1.092163
16.21174, 0.9478825, 0.9905609
16.22241, 0.9655851, 0.9370053
16.23372, 0.9889536, 0.8707333
16.24575, 1.014065, 0.8495703
16.25569, 1.090158, 0.8487309
16.26643, 1.095045, 0.8514883
16.27728, 1.256544, 0.8641733
16.2887, 1.958725, 0.9003217
16.2999, 1.32615, 0.9157045
16.31065, 1.195575, 0.9281146
16.32266, 1.398134, 0.9483188
16.33491, 1.537367, 0.9734906
16.34662, 2.789144, 1.040699
16.35855, 3.120568, 1.11911
16.36967, 3.987165, 1.225845
16.38075, 4.062671, 1.334355
16.40636, 3.426051, 1.421823
16.41805, 1.424408, 1.442919
16.42819, 1.314494, 1.461316
16.43858, 1.460727, 1.484805
16.45121, 1.887527, 1.521477
16.46192, 1.660461, 1.550881
16.47195, 1.677874, 1.580941
16.482, 1.593742, 1.608036
16.49424, 1.598686, 1.63508
16.50459, 1.570741, 1.661004
16.51497, 1.056366, 1.669495
16.5268, 0.8085588, 1.667819
16.53771, 0.8039196, 1.664612
16.55005, 0.8050163, 1.66074
16.56196, 0.8454946, 1.657327
16.57354, 0.8137823, 1.652267
16.58389, 0.8145444, 1.646453
16.59479, 0.8136247, 1.639772
16.60463, 0.7950624, 1.629935
16.61462, 0.8042423, 1.620242
16.62689, 1.645563, 1.633209
16.63629, 1.749131, 1.626223
16.64593, 1.739069, 1.639987
16.65755, 1.766465, 1.659016
16.66765, 1.770783, 1.671438
16.67872, 1.724318, 1.67767
16.69073, 1.798595, 1.644651
16.7016, 1.936329, 1.605177
16.71174, 3.940735, 1.603629
16.7343, 4.419045, 1.615508
16.74541, 5.106209, 1.671513
16.77745, 6.2524, 1.832446
16.78691, 5.998022, 1.988564
16.79806, 8.131678, 2.210929
16.83138, 8.284277, 2.424154
16.98621, 6.951315, 2.600516
16.99811, 8.126198, 2.81546
17.04301, 7.814068, 3.022804
17.05453, 5.549744, 3.154506
17.06594, 5.004569, 3.268967
17.07717, 4.934109, 3.398225
17.0887, 3.74807, 3.496209
17.1001, 2.94052, 3.567429
17.1116, 2.66051, 3.629279
17.12273, 2.491846, 3.684157
17.13406, 2.44356, 3.738483
17.14562, 2.906559, 3.808217
17.15775, 2.536956, 3.865661
17.16776, 2.396381, 3.919039
17.17957, 2.414857, 3.972726
17.19197, 2.347698, 3.99613
17.20185, 2.145921, 4.009356
17.21393, 2.115078, 4.02189
17.22488, 2.125883, 4.033871
17.23583, 2.054042, 4.043313
17.24916, 2.012619, 4.052923
17.25963, 2.020935, 4.060334
17.26884, 1.927019, 4.060024
17.28153, 2.095947, 3.998531
17.29214, 2.180517, 3.923913
17.3024, 2.05303, 3.822141
17.31471, 2.140955, 3.685092
17.33578, 8.139996, 3.756491
17.34822, 3.938059, 3.616704
17.43546, 8.714497, 3.631045
17.44707, 8.251134, 3.674372
17.45887, 8.40017, 3.683505
17.47009, 8.676752, 3.71226
17.48189, 8.039224, 3.795243
17.49573, 7.35641, 3.873638
17.50825, 7.370629, 3.954855
17.51863, 9.475718, 4.145777
17.53041, 6.47467, 4.263581
17.54071, 6.671996, 4.397298
17.55166, 6.960347, 4.546247
17.5628, 8.624056, 4.752264
17.65043, 7.78818, 4.914985
17.66198, 7.117376, 5.067665
17.67284, 6.564478, 5.206602
17.68541, 9.475863, 5.441969
17.69716, 7.647247, 5.61862
17.70904, 8.486258, 5.829965
17.71988, 6.977011, 5.992029
17.73042, 7.528013, 6.1721
17.74154, 7.497832, 6.353559
17.75255, 7.668179, 6.542078
17.76404, 8.301899, 6.751443
17.7758, 6.481324, 6.903254
17.7865, 6.019675, 7.034044
17.79744, 5.344443, 7.139509
17.80812, 6.801997, 7.297808
17.81994, 5.896784, 7.423002
17.83187, 7.786712, 7.411226
17.8432, 7.312157, 7.523696
17.85279, 7.459343, 7.481858
17.86484, 6.110351, 7.410499
17.87676, 4.303476, 7.273942
17.88861, 4.756372, 7.143263
17.9, 5.269817, 7.050949
17.90969, 7.902199, 7.069142
17.95272, 9.872287, 7.15253
18.04195, 5.859988, 7.032005
18.05573, 6.265591, 7.025036
18.06748, 6.599559, 7.022622
18.08117, 7.021478, 7.02466
18.09141, 5.152053, 6.908926
18.1013, 5.124182, 6.820127
18.1122, 5.423665, 6.763669
18.12311, 6.060574, 6.746872
18.13437, 5.6546, 6.619497
18.14501, 6.955896, 6.596452
18.15698, 9.0528, 6.615337
18.21965, 8.732387, 6.67385
18.23593, 9.139216, 6.727557
18.25918, 9.417089, 6.791532
18.2697, 8.984229, 6.8354
18.28072, 9.684907, 6.8815
18.3243, 7.5449, 6.916953
18.33464, 6.379809, 6.928957
18.34679, 6.901052, 6.980844
18.35638, 0, 6.754111
18.36759, 4.937253, 6.722127
18.37984, 4.203355, 6.602682
18.39047, 4.711016, 6.515976
18.4027, 6.558064, 6.485933
18.41388, 5.658374, 6.470868
18.42373, 7.163138, 6.566189
18.43461, 5.947106, 6.60588
18.44696, 6.320235, 6.640894
18.47807, 8.127859, 6.648416
18.48852, 7.885857, 6.582202
18.50006, 7.549254, 6.638511
18.51059, 5.27381, 6.605452
18.52136, 5.517218, 6.569373
18.53255, 5.493011, 6.518424
18.54407, 5.912982, 6.543788
18.5556, 5.730545, 6.564001
18.56763, 4.32098, 6.527245
18.57997, 3.976936, 6.45779
18.5909, 3.632831, 6.390398
18.60174, 3.538595, 6.276487
18.61759, 3.417123, 6.088632
18.62851, 3.44548, 5.912401
18.64085, 3.242301, 5.715837
18.65218, 3.159358, 5.507246
18.6626, 3.189653, 5.314094
18.67272, 3.070414, 5.093611
18.68525, 3.206543, 4.948999
18.69674, 3.007397, 4.836586
18.70775, 2.860178, 4.70189
18.71983, 2.655324, 4.790401
18.73009, 2.615647, 4.713014
18.74092, 2.857404, 4.668149
18.7523, 2.666548, 4.6
18.76319, 2.672323, 4.470475
18.77449, 2.764841, 4.374024
18.78558, 2.796382, 4.228466
18.79677, 3.009433, 4.130544
18.80889, 3.014475, 4.020352
18.82029, 3.059641, 3.851411
18.8319, 2.997569, 3.688468
18.84267, 2.855466, 3.532008
18.85436, 2.862258, 3.451623
18.86363, 2.840197, 3.362389
18.8746, 2.824761, 3.273448
18.88554, 2.89171, 3.172738
18.8966, 2.862673, 3.077142
18.90775, 2.862506, 3.028527
18.91891, 3.269005, 3.004929
18.93078, 3.002763, 2.983927
18.94177, 2.867098, 2.961544
18.95196, 2.894049, 2.944108
18.96335, 2.820905, 2.923289
18.97598, 2.812253, 2.908954
18.98593, 2.825171, 2.897815
18.99812, 2.838137, 2.886097
19.00781, 2.812109, 2.877487
19.0188, 2.769814, 2.86293
19.02972, 3.222467, 2.870098
19.04104, 5.262991, 2.950192
19.05218, 3.85523, 2.990189
19.06341, 3.402615, 3.016422
19.07446, 3.719156, 3.045146
19.08561, 6.118122, 3.160199
19.09775, 7.674972, 3.326954
19.10745, 7.156977, 3.473358
19.11888, 9.936165, 3.711351
19.12981, 8.805863, 3.904566
19.16656, 9.316387, 4.114629
19.17702, 9.96491, 4.344805
19.24393, 7.866152, 4.507091
19.25587, 7.396944, 4.658473
19.2681, 7.085857, 4.79926
19.28885, 7.636083, 4.959123
19.30068, 8.842451, 5.159712
19.33439, 9.99288, 5.396418
19.34488, 9.783349, 5.627107
19.35566, 9.531168, 5.849396
19.36698, 9.149656, 6.045418
19.37783, 8.865149, 6.240831
19.38957, 8.926443, 6.442809
19.40098, 8.947852, 6.644602
19.4118, 8.756833, 6.842467
19.42251, 8.213581, 7.022511
19.43369, 7.410779, 7.175364
19.44471, 7.442264, 7.328835
19.45662, 7.458613, 7.483719
19.46778, 9.208856, 7.698354
19.47863, 9.719572, 7.914924
19.48967, 8.965706, 8.038348
19.51119, 4.150156, 8.048179
19.52232, 3.15362, 8.03988
19.53379, 3.01899, 8.016541
19.54478, 3.913034, 7.943038
19.55617, 3.656562, 7.809091
19.56855, 3.835132, 7.698362
19.58054, 4.090759, 7.503516
19.59204, 3.835114, 7.337824
19.60293, 4.188907, 7.166908
19.61456, 4.43132, 6.982455
19.62608, 4.083729, 6.856374
19.6369, 4.166935, 6.748707
19.64793, 4.24354, 6.653963
19.65847, 4.233554, 6.540545
19.67062, 4.770816, 6.404824
19.68288, 5.19192, 6.244792
19.69357, 5.078656, 6.087969
19.70827, 4.412359, 5.917342
19.72031, 4.294228, 5.755494
19.73076, 4.470933, 5.609021
19.74131, 4.877843, 5.474067
19.75259, 4.908964, 5.339438
19.7853, 4.27546, 5.190059
19.79728, 7.288022, 5.159207
19.80748, 9.733802, 5.236641
19.8187, 3.547045, 5.106801
19.83031, 5.351764, 5.036572
19.84266, 6.063384, 4.931723
19.85378, 5.780668, 4.800426
19.86308, 6.291162, 4.711274
19.87469, 6.925359, 4.803781
19.88579, 6.48945, 4.914975
19.89769, 7.701213, 5.071049
19.9086, 6.798725, 5.167238
19.92068, 7.57453, 5.297837
19.93171, 9.944881, 5.501496
20.05159, 6.25759, 5.573723
20.06343, 5.441549, 5.627271
20.07439, 5.310025, 5.664642
20.08491, 4.56088, 5.668961
20.0974, 4.39276, 5.679262
20.10836, 4.315576, 5.684217
20.11883, 4.687467, 5.699014
20.12945, 4.675612, 5.71375
20.141, 4.663935, 5.710187
20.15224, 4.693449, 5.693572
20.16312, 4.753924, 5.682747
20.17416, 4.605824, 5.689196
20.18609, 4.403001, 5.692821
20.19701, 4.165024, 5.682624
20.20853, 4.236479, 5.661246
20.22083, 9.659422, 5.819594
20.24287, 8.876492, 5.972962
20.25454, 7.636724, 5.984585
20.27004, 7.652038, 5.915193
20.28343, 7.378294, 6.042902
20.29358, 6.124002, 6.068643
20.30383, 6.165102, 6.072034
20.3153, 6.773943, 6.105143
20.32566, 7.292439, 6.138518
20.33774, 7.395476, 6.154189
20.34753, 7.366522, 6.183424
20.35886, 7.577335, 6.179295
20.37104, 7.916348, 6.216549
20.38154, 4.658402, 6.119345
20.39273, 5.488899, 5.970812
20.40479, 8.885698, 6.058416
20.42718, 5.400344, 6.057043
20.4377, 8.537503, 6.164625
20.44771, 4.395022, 6.159096
20.45851, 3.881964, 6.142069
20.46921, 3.935778, 6.129409
20.48105, 3.85759, 6.101747
20.49143, 3.845332, 6.074071
20.50134, 3.922808, 6.049366
20.51392, 4.119866, 6.030247
20.52489, 4.271774, 6.014175
20.53585, 4.232623, 6.001735
20.54661, 4.208589, 5.995255
20.55799, 4.393377, 6.002867
20.64584, 5.880548, 6.057669
20.65563, 5.789153, 5.92866
20.66582, 5.909176, 5.82975
20.67749, 5.546174, 5.760065
20.6896, 5.927591, 5.702583
20.70077, 5.927722, 5.654231
20.71251, 6.311045, 5.660466
20.72224, 6.206018, 5.661829
20.73338, 6.467158, 5.651604
20.86253, 5.542003, 5.593256
20.87353, 5.273505, 5.522523
20.88465, 5.311575, 5.454025
20.89553, 5.350006, 5.379781
20.90669, 5.525551, 5.300087
20.91803, 5.266464, 5.320356
20.92995, 5.460091, 5.319396
20.94022, 5.334669, 5.201028
20.95165, 5.894826, 5.217511
20.96248, 5.838573, 5.127547
20.97348, 6.360248, 5.193054
20.9846, 5.867997, 5.259255
20.99573, 5.98115, 5.327435
21.00773, 5.867616, 5.394435
21.01908, 5.343167, 5.444364
21.02998, 5.207891, 5.487199
21.04097, 4.96994, 5.515535
21.05244, 4.808161, 5.533415
21.06412, 5.030392, 5.560007
21.07575, 5.044027, 5.587855
21.086, 5.071668, 5.610465
21.09778, 4.776587, 5.573666
21.1086, 4.598474, 5.533977
21.1211, 4.454344, 5.485482
21.13302, 4.709736, 5.457601
21.14374, 4.8145, 5.420497
21.15604, 4.820658, 5.383596
21.16661, 4.865153, 5.335399
21.17775, 4.610208, 5.282206
21.18896, 4.531172, 5.217673
21.20045, 4.519631, 5.183594
21.21316, 4.8143, 5.168287
21.22522, 5.057616, 5.159822
21.23754, 5.31983, 5.158816
21.24889, 4.734535, 5.132448
21.2599, 1.187422, 4.99648
21.27277, 4.917441, 4.978392
21.28419, 9.726912, 5.1248
21.30672, 3.150835, 5.033333
22.23326, 6.862376, 5.06746
22.24397, 1.788682, 4.915075
22.25732, 2.357502, 4.798058
22.26886, 1.648181, 4.653625
22.28343, 1.486781, 4.507598
22.29679, 1.314353, 4.373304
22.30887, 1.293462, 4.242823
22.32228, 1.286945, 4.120056
22.33488, 1.268661, 4.002073
22.34542, 1.248658, 3.876015
22.35718, 0.9263607, 3.738759
22.36946, 0.7580717, 3.594973
22.38065, 0.7751501, 3.461591
22.3925, 0.8117847, 3.335368
22.40515, 0.8173848, 3.214136
22.41517, 0.8114163, 3.084193
22.4257, 0.8055363, 2.95056
22.43607, 0.8070465, 2.816773
22.44666, 0.7928241, 2.681029
22.4577, 0.7897173, 2.553679
22.46813, 0.780615, 2.428661
22.48005, 0.7819102, 2.30407
22.49067, 0.7757754, 2.169453
22.50124, 0.7812187, 2.026906
22.51169, 0.7714381, 1.875293
22.52395, 0.7650511, 1.742977
22.53519, 0.763549, 1.728848
22.54644, 0.7669231, 1.590497
22.55678, 0.7694932, 1.291916
22.56901, 0.7744683, 1.212704
22.58034, 0.7720753, 1.009694
22.59186, 0.7848249, 0.9762323
22.6067, 0.7896186, 0.9239695
22.61806, 0.7772115, 0.8949372
22.62904, 0.7798471, 0.8713728
22.63943, 0.7853123, 0.853738
22.65104, 0.8135225, 0.83774
22.66219, 0.8148969, 0.8220051
22.67267, 0.7984771, 0.8063323
22.68412, 0.8010474, 0.791412
22.69533, 0.7986724, 0.7871557
22.70581, 0.7939625, 0.788352
22.71725, 0.8050011, 0.789347
22.72828, 0.8080077, 0.7892211
22.73934, 0.8093918, 0.7889547
22.75122, 0.8112659, 0.7889497
22.76301, 0.8207614, 0.7894571
22.77559, 0.8246652, 0.7900444
22.78839, 0.8362481, 0.7914919
22.80025, 0.8344882, 0.7929842
22.81193, 0.8347204, 0.7947878
22.82258, 0.8027377, 0.795482
22.83515, 0.8161686, 0.7968284
22.8465, 0.7831392, 0.7968924
22.85952, 0.7691224, 0.7968152
22.87274, 0.7706239, 0.797001
22.88388, 0.7621367, 0.7969539
22.89529, 0.7584403, 0.7966711
22.90749, 0.7469065, 0.7959182
22.91899, 0.7424071, 0.7948495
22.9285, 0.7392128, 0.793754
22.94092, 0.7540678, 0.7927288
22.95202, 0.757054, 0.7916433
22.96367, 0.7644406, 0.7912176
22.97471, 0.7497812, 0.7902154
22.98678, 0.7478381, 0.7889663
22.99704, 0.747088, 0.7867518
23.0088, 0.7402753, 0.7842644
23.02009, 0.7448315, 0.7824762
23.03235, 0.7456467, 0.7806295
23.04287, 0.7542937, 0.7791502
23.05408, 0.7548668, 0.7778471
23.06626, 0.7572056, 0.7762539
23.07737, 0.7641557, 0.7747921
23.0873, 0.7934209, 0.7742598
23.09825, 0.8835086, 0.7766679
23.10965, 0.6148952, 0.7698057
23.1239, 0, 0.7423169
23.33021, 0.7738739, 0.7402378
23.34143, 0.7737749, 0.738214
23.35378, 0.8192144, 0.7376971
23.36343, 0.7721608, 0.7366779
23.37275, 0.8366485, 0.7373606
23.38354, 0.829048, 0.7388909
23.39685, 0.6783229, 0.7358643
23.40904, 0, 0.7101768
23.6192, 0.9153205, 0.715283
23.63074, 0.970062, 0.722337
23.64254, 0.8291721, 0.7250792
23.65392, 0.6972686, 0.7235746
23.66513, 0.9541741, 0.73074
23.6771, 0.9910372, 0.738639
23.68853, 1.079837, 0.7493984
23.70015, 1.045806, 0.7587773
23.71343, 0.9304266, 0.7647988
23.72803, 1.077859, 0.7757995
23.7406, 0.9861472, 0.7837681
23.75225, 0.9863539, 0.7919708
23.76377, 1.015959, 0.8010083
23.77519, 1.015357, 0.8099986
23.78728, 1.002399, 0.8182688
23.79684, 0.985557, 0.8259585
23.80949, 0.9795941, 0.8333714
23.82327, 0.9581095, 0.8398365
23.8341, 1.061011, 0.8487561
23.84502, 1.025959, 0.8535045
23.85711, 1.021424, 0.8670555
23.86786, 1.098322, 0.9036662
23.87871, 1.061025, 0.9132379
23.88918, 1.082092, 0.9235151
23.89972, 1.134178, 0.934014
23.91077, 1.112644, 0.9453633
23.92112, 1.106483, 0.9543579
23.93264, 1.102112, 0.96346
23.94515, 1.060645, 0.976204
23.95466, 1.05442, 1.011351
23.96699, 1.078192, 1.01678
23.97909, 1.095847, 1.020973
23.98905, 1.086633, 1.029555
23.99968, 1.090707, 1.04267
24.01191, 1.190213, 1.050538
24.02346, 1.215752, 1.058028
24.03527, 1.225088, 1.06287
24.04643, 1.252122, 1.069747
24.05745, 1.230057, 1.079735
24.06804, 1.208616, 1.084093
24.0801, 1.193764, 1.091014
24.09202, 1.193818, 1.097929
24.10179, 1.179335, 1.103375
24.11338, 1.157575, 1.108116
24.12546, 1.187184, 1.114275
24.13954, 1.19195, 1.121155
24.15027, 1.199412, 1.128482
24.16084, 1.193026, 1.136313
24.17266, 1.172713, 1.140036
24.18288, 1.163282, 1.144613
24.19487, 1.15953, 1.149217
24.20553, 1.145851, 1.150801
24.21628, 1.156221, 1.153974
24.22756, 1.16301, 1.156672
24.23885, 1.160076, 1.157535
24.25336, 1.164661, 1.159269
24.26487, 1.170763, 1.161411
24.27489, 1.181698, 1.164064
24.28599, 1.187997, 1.168309
24.29786, 1.180961, 1.172527
24.30768, 1.163365, 1.175366
24.31742, 1.179512, 1.178155
24.32788, 1.1819, 1.181331
24.33971, 1.181504, 1.184357
24.34968, 1.255147, 1.186522
24.36074, 1.271608, 1.188384
24.37212, 1.259618, 1.189535
24.383, 1.286315, 1.190675
24.39417, 1.287748, 1.192598
24.4051, 1.279514, 1.194961
24.41628, 1.248152, 1.196774
24.42747, 1.261751, 1.199038
24.43868, 1.251295, 1.201437
24.44936, 1.34646, 1.207733
24.46072, 1.411409, 1.215207
24.47199, 1.389711, 1.221799
24.48288, 1.428217, 1.229426
24.49426, 1.61572, 1.243516
24.50532, 1.654842, 1.259587
24.51696, 1.591728, 1.273869
24.52851, 1.703036, 1.291985
24.53986, 1.763414, 1.312571
24.55065, 1.761773, 1.332756
24.56234, 1.800123, 1.353993
24.57294, 2.723667, 1.406113
24.58397, 1.379346, 1.413269
24.59594, 0.9801801, 1.406916
24.6064, 0, 1.367526
24.82224, 2.061101, 1.39663
24.83341, 2.315018, 1.434431
24.84483, 1.731333, 1.453364
24.85519, 1.686039, 1.470248
24.86614, 1.804087, 1.490988
24.87777, 1.856656, 1.513493
24.88838, 1.875726, 1.534178
24.89995, 1.904583, 1.555278
24.91041, 1.858025, 1.575225
24.92168, 1.816101, 1.592884
24.93353, 1.823449, 1.610741
24.94444, 1.833997, 1.629223
24.9549, 1.904787, 1.651111
24.9656, 1.960113, 1.67439
24.97608, 1.98813, 1.698951
24.98698, 2.016065, 1.721271
24.99799, 2.002399, 1.740971
25.00814, 2.1828, 1.767407
25.01816, 5.369356, 1.898778
25.02916, 4.651725, 1.999979
25.04025, 6.995092, 2.177987
25.283, 4.939832, 2.289591
25.29466, 3.458685, 2.348113
25.30655, 3.893524, 2.419116
25.31785, 4.297066, 2.503626
25.32851, 4.242732, 2.585046
25.34128, 4.257594, 2.636177
25.35215, 3.96967, 2.722521
25.36263, 4.185791, 2.829375
25.37391, 3.919548, 2.960027
25.3878, 4.177332, 3.030567
25.40028, 4.249435, 3.095048
25.41293, 4.407008, 3.184237
25.42393, 5.381254, 3.307411
25.43514, 6.405094, 3.460778
25.44683, 6.372108, 3.611293
25.45662, 6.181484, 3.754818
25.46794, 6.39539, 3.904512
25.48029, 6.843731, 4.070703
25.49076, 6.518977, 4.227465
25.50067, 6.032204, 4.367756
25.51286, 6.151847, 4.511684
25.52312, 6.12145, 4.652239
25.5345, 6.708993, 4.810536
25.54452, 6.487247, 4.960506
25.55561, 6.257161, 5.101876
25.56657, 6.103117, 5.238566
25.57661, 6.153581, 5.370926
25.58895, 6.60247, 5.41203
25.59954, 6.783337, 5.483084
25.61051, 6.638385, 5.471194
25.62036, 6.258781, 5.515159
25.63149, 6.05429, 5.601679
25.64044, 6.195821, 5.678422
25.65201, 6.377707, 5.747777
25.66256, 6.557749, 5.824944
25.67516, 6.581024, 5.902391
25.68584, 6.687823, 5.992996
25.69643, 6.616237, 6.074011
25.70644, 7.206821, 6.183587
25.71659, 7.056325, 6.279553
25.72729, 7.998008, 6.404505
25.73799, 7.846297, 6.519148
25.74927, 8.452886, 6.621535
25.76001, 7.845909, 6.669562
25.77123, 8.049362, 6.725471
25.78217, 8.015273, 6.786597
25.79331, 8.792688, 6.866508
25.80452, 9.027562, 6.939301
25.81574, 9.368865, 7.034297
25.82679, 8.877796, 7.12915
25.83758, 9.322877, 7.234851
25.84907, 9.537536, 7.348722
26.16053, 7.498722, 7.375045
26.17298, 8.587598, 7.445057
26.30527, 5.994281, 7.436295
26.31678, 5.563557, 7.418309
26.32795, 1.942921, 7.277954
26.34016, 2.141431, 7.129252
26.35096, 1.78275, 6.962565
26.36206, 2.434814, 6.822447
26.37341, 2.483207, 6.696594
26.3847, 3.056309, 6.596662
26.39676, 3.098872, 6.49343
26.40816, 3.312041, 6.391242
26.41971, 3.43151, 6.287033
26.43208, 3.780095, 6.193669
26.44298, 3.973539, 6.103193
26.45411, 3.876448, 6.011866
26.46506, 3.940306, 5.902983
26.47608, 5.039307, 5.835749
26.48818, 5.223713, 5.743272
26.61837, 7.504589, 5.731882
26.63022, 8.846027, 5.744987
26.64255, 4.761918, 5.642188
26.65442, 5.877227, 5.569783
26.66529, 8.476249, 5.585149
26.90862, 8.523835, 5.576187
27.28304, 5.38698, 5.454834
27.29391, 2.023138, 5.209976
27.30658, 1.901967, 4.977448
27.3177, 1.232448, 4.707768
27.33149, 1.261966, 4.431915
27.3434, 1.272207, 4.224365
27.35596, 1.265726, 3.980302
27.36545, 1.247498, 3.822076
27.3768, 1.224558, 3.677443
27.38896, 1.211925, 3.653076
27.39997, 1.245306, 3.623205
27.41182, 1.24365, 3.605235
27.42324, 1.242866, 3.565504
27.43548, 1.265156, 3.524902
27.44786, 1.267618, 3.465279
27.45866, 1.27496, 3.404482
27.47044, 1.317073, 3.337983
27.48186, 1.285261, 3.266441
27.49711, 1.238095, 3.181708
27.50751, 1.211265, 3.089632
27.51753, 1.225744, 3.001275
27.52896, 1.209964, 2.910264
27.54052, 1.198639, 2.782242
27.55169, 1.210734, 2.648476
27.56296, 1.194547, 2.438141
27.57336, 1.180183, 2.182613
27.58241, 1.18686, 2.063445
27.59374, 1.169662, 1.906526
27.60572, 1.174698, 1.663141
27.61645, 1.190397, 1.418693
27.6273, 1.184372, 1.278606
27.63962, 1.266248, 1.253376
27.65032, 1.271653, 1.232365
27.66058, 1.278705, 1.233907
27.67234, 1.320016, 1.235842
27.68811, 1.255529, 1.235286
27.69876, 1.269296, 1.235405
27.70998, 1.225289, 1.234665
27.72196, 1.2084, 1.234127
27.7326, 1.202505, 1.233812
27.74354, 1.14432, 1.230446
27.75578, 1.144762, 1.22715
27.76647, 1.176064, 1.224923
27.77663, 1.138329, 1.220696
27.78786, 1.156923, 1.217006
27.7986, 1.140918, 1.212538
27.8108, 1.168253, 1.207577
27.82293, 1.170701, 1.203758
27.83363, 1.21097, 1.202854
27.84436, 1.207657, 1.202734
27.85653, 1.201903, 1.201939
27.86781, 1.206365, 1.201819
27.87959, 1.181582, 1.201251
27.89053, 1.044555, 1.195711
27.90036, 1.020457, 1.189909
27.91262, 1.022792, 1.184662
27.9238, 1.026401, 1.179314
27.93521, 1.032037, 1.174726
27.9473, 1.028137, 1.169841
27.95886, 1.024969, 1.164327
27.96894, 1.03237, 1.15926
27.98034, 1.031519, 1.151436
27.99193, 1.014107, 1.142851
28.00292, 1.010103, 1.133897
28.01407, 1.013564, 1.123682
28.02522, 1.037615, 1.116419
28.03818, 1.008244, 1.107717
28.04859, 1.014093, 1.100677
28.05936, 1.01241, 1.094144
28.07044, 1.015869, 1.087923
28.08171, 1.028901, 1.084075
28.09325, 1.035207, 1.080423
28.10366, 1.028928, 1.075519
28.11461, 1.036632, 1.072129
28.12591, 1.033308, 1.068009
28.13666, 1.037857, 1.064573
28.14833, 1.032454, 1.060047
28.15967, 1.026191, 1.05523
28.17158, 1.033448, 1.049312
28.18279, 1.017161, 1.042962
28.19423, 1.017742, 1.036824
28.20463, 1.015945, 1.030476
28.21977, 1.027043, 1.025325
28.23188, 1.126539, 1.028058
28.24284, 0.974923, 1.02654
28.25373, 0.9062131, 1.022654
28.26579, 0.9412349, 1.019815
28.27725, 0.9458455, 1.016942
28.28871, 0.9268624, 1.013566
28.30097, 0.9274466, 1.010315
28.31168, 0.9144843, 1.006386
28.32362, 0.9024032, 1.002082
28.33544, 0.8872715, 0.9978542
28.34548, 0.8959318, 0.9940484
28.3568, 0.893916, 0.9900602
28.36764, 0.8824281, 0.9848872
28.37869, 0.8811435, 0.9806506
28.39059, 0.866777, 0.9757401
28.40259, 0.8419779, 0.970059
28.41372, 0.8555453, 0.9647149
28.42851, 0.8177136, 0.9576753
28.43982, 0.8615357, 0.9518862
28.45053, 0.8426283, 0.9456762
28.46183, 0.8453869, 0.9393014
28.47301, 0.8416475, 0.9329127
28.48375, 0.8245618, 0.9258029
28.49398, 0.8226184, 0.9188083
28.50566, 0.8346928, 0.912425
28.51694, 0.8251855, 0.905483
28.5285, 0.849475, 0.8998935
28.54017, 0.8570554, 0.8945373
28.55118, 0.8514752, 0.889055
28.563, 0.8515733, 0.883206
28.57407, 0.8487146, 0.8739452
28.58622, 0.8385209, 0.8693984
28.598, 0.7987428, 0.8658161
28.60943, 0.7895219, 0.860759
28.62308, 0.804058, 0.8560327
28.63381, 0.8127835, 0.8522301
28.64651, 0.8003926, 0.847995
28.65775, 0.7882328, 0.8437866
28.66918, 0.8057255, 0.840564
28.6848, 0.8165625, 0.8382071
28.69605, 0.8023357, 0.8350872
28.70712, 0.7944156, 0.8317706
28.71691, 0.781895, 0.8284195
28.72698, 0.7880242, 0.8253155
28.73942, 0.8073038, 0.8233331
28.75039, 0.8223373, 0.8226784
28.76266, 0.8129455, 0.8212585
28.77373, 0.814627, 0.8211556
28.78628, 0.8199636, 0.8197699
28.79918, 0.8496435, 0.8200037
28.8111, 0.8561556, 0.8203627
28.82392, 1.137398, 0.830221
28.8351, 1.240364, 0.844081
28.84725, 1.642777, 0.8714197
28.86274, 1.179311, 0.8829069
28.87408, 1.464942, 0.9042321
28.88422, 2.029106, 0.9435531
28.89601, 1.827461, 0.9759
28.90664, 1.761491, 1.006234
28.92182, 2.10588, 1.048044
28.93271, 1.698326, 1.076365
28.9425, 1.44023, 1.096422
28.95373, 1.453835, 1.118258
28.96594, 1.470045, 1.140942
28.97796, 1.475533, 1.163324
28.9888, 1.507987, 1.186498
28.99988, 1.496521, 1.209702
29.01136, 1.523507, 1.234211
29.02302, 1.571956, 1.259753
29.03395, 1.750598, 1.290887
29.04552, 1.711023, 1.321177
29.05685, 1.710792, 1.351723
29.06885, 1.834328, 1.386804
29.08042, 1.845581, 1.422056
29.09134, 1.814533, 1.45563
29.10174, 1.916923, 1.492116
29.11384, 2.098784, 1.534977
29.12784, 1.994927, 1.574321
29.13976, 1.95121, 1.612029
29.15093, 1.985917, 1.649904
29.16248, 2.060214, 1.69004
29.17594, 2.052132, 1.720531
29.18693, 2.088593, 1.748805
29.19898, 2.044824, 1.762207
29.2109, 2.023839, 1.790358
29.22192, 2.041083, 1.809562
29.23263, 2.079703, 1.811249
29.24441, 2.081757, 1.819726
29.25686, 2.211696, 1.834732
29.26774, 2.225699, 1.838726
29.27944, 4.486425, 1.931663
29.28984, 2.771659, 1.976044
29.30096, 3.703664, 2.051038
29.31258, 2.053974, 2.070503
29.32304, 1.664777, 2.076811
29.33362, 1.552393, 2.078291
29.34539, 1.247258, 2.069982
29.35649, 1.239143, 2.060503
29.36703, 1.215491, 2.048621
29.37783, 1.123469, 2.027717
29.38897, 1.067575, 2.006269
29.3987, 1.090574, 1.985595
29.4097, 1.08642, 1.960664
29.42166, 1.123579, 1.936598
29.43262, 1.080645, 1.912135
29.44506, 1.045334, 1.883082
29.45578, 1.057383, 1.848368
29.46597, 1.250448, 1.823552
29.47721, 1.068682, 1.794135
29.4875, 1.178916, 1.767235
29.49826, 1.096483, 1.73511
29.50871, 1.040613, 1.701393
29.51932, 0.9871478, 1.664678
29.52958, 0.9439571, 1.627983
29.53904, 0.9410955, 1.591891
29.54825, 0.9527972, 1.555615
29.55862, 0.9650069, 1.518459
29.5694, 0.9615607, 1.481119
29.58062, 0.9618496, 1.439457
29.59198, 0.9319713, 1.396333
29.60285, 0.8820237, 1.276186
29.61385, 0.8622242, 1.212538
29.62532, 0.8895766, 1.118735
29.63615, 0.8864937, 1.079819
29.64758, 0.8940328, 1.054128
29.66163, 0.895664, 1.032237
29.67174, 0.8904762, 1.020344
29.684, 0.871962, 1.008105
29.69525, 0.8792898, 0.9968981
29.7062, 0.8743424, 0.9885939
29.71605, 0.8884544, 0.9826232
29.72503, 0.8906844, 0.9759601
29.73595, 0.8827272, 0.9691704
29.74731, 0.8820739, 0.9611202
29.75852, 0.8866448, 0.9546536
29.76937, 0.8978512, 0.9497375
29.78045, 0.893938, 0.9442893
29.79144, 0.927421, 0.9335218
29.8027, 0.9232092, 0.9286727
29.81377, 0.919387, 0.9200218
29.82519, 0.9316666, 0.914528
29.83625, 0.9360924, 0.9110439
29.84713, 0.9272681, 0.909048
29.8581, 0.9280413, 0.9085175
29.86986, 0.9250197, 0.9079816
29.88105, 0.9082374, 0.9064963
29.89239, 0.8961924, 0.9042025
29.90371, 0.8916842, 0.9018732
29.9151, 0.8602208, 0.8984855
29.92663, 0.8500882, 0.8957561
29.93773, 0.828658, 0.8939773
29.94944, 0.7993303, 0.8918808
29.96054, 0.7915311, 0.8886126
29.97204, 0.7892478, 0.8853711
29.98353, 0.7755221, 0.8814207
29.99459, 0.7768814, 0.8774613
30.00585, 0.7792094, 0.8737524
30.01714, 0.7746811, 0.8705097
30.02796, 0.7732724, 0.8669758
30.04009, 0.7564047, 0.8630446
30.05137, 0.7730033, 0.8591961
30.06244, 0.7783674, 0.8554523
30.07253, 0.7866406, 0.8522494
30.08414, 0.7714477, 0.8485619
30.09517, 0.764951, 0.8445054
30.10683, 0.7616975, 0.839967
30.11791, 0.7618607, 0.8355644
30.1292, 0.7444167, 0.8294642
30.14008, 0.7411141, 0.8233944
30.15134, 0.7448426, 0.8175762
30.16261, 0.7445713, 0.8113397
30.17381, 0.7515354, 0.8051878
30.19058, 0.7405236, 0.798963
30.19944, 0.735374, 0.7925407
30.20942, 0.7332216, 0.7861474
30.22388, 0.7266064, 0.7800931
30.23447, 0.7299154, 0.7745505
30.24374, 0.742995, 0.7695942
30.25589, 0.7399282, 0.7655844
30.26606, 0.7662477, 0.7627897
30.27565, 0.8090685, 0.7621368
30.28518, 0.81939, 0.7628054
30.29634, 0.8386949, 0.7643776
30.30599, 0.8595045, 0.7667195
30.31537, 1.092011, 0.7772692
30.32557, 1.248363, 0.7929852
30.33635, 1.041407, 0.8017251
30.5852, 1.162714, 0.8146595
30.59806, 1.285853, 0.8317456
30.60785, 1.474596, 0.8556853
30.61982, 1.119238, 0.8672265
30.80563, 0.7899698, 0.8676132
30.81641, 0.8141549, 0.8685304
30.82913, 0, 0.8428155
30.84136, 0, 0.8173171
30.85424, 0, 0.7919272
30.92075, 0, 0.7665318
30.95671, 0, 0.7417179
30.98365, 0, 0.7170141
30.99586, 0, 0.6921861
31.00656, 0, 0.667367
31.01674, 0, 0.6423158
31.02781, 0, 0.6176317
31.03889, 0.7503881, 0.6181321
31.04919, 0.7179753, 0.6176239
31.06121, 0.9601411, 0.6254084
31.07289, 0.8254144, 0.6285917
31.08282, 0.6774336, 0.6264063
31.09317, 0.8297712, 0.6294011
31.10472, 0.656481, 0.6257422
31.11656, 0.7914111, 0.6251536
31.12691, 0.8666063, 0.6267275
31.13788, 0.7876617, 0.6250264
31.14919, 0.7793742, 0.6223554
31.15974, 0.7491818, 0.6109277
31.17179, 0.7684707, 0.5949313
31.18322, 0.7730715, 0.5859868
31.19399, 0.7767953, 0.5731228
31.20574, 0.7842073, 0.5564013
31.21667, 0.8203194, 0.534592
31.22781, 0.8250725, 0.5247865
31.23954, 0.8176119, 0.525708
31.2503, 0.8307867, 0.5262624
31.25977, 0.8261076, 0.5537993
31.2717, 0.8180427, 0.5810674
31.28296, 0.8736002, 0.6101874
31.29397, 0.7654155, 0.6357012
31.30408, 0.8901711, 0.6653736
31.31486, 1.332987, 0.7098065
31.32453, 0, 0.7098065
38.26181, 0, -1.096725E-05
38.27188, 0, -1.096725E-05
38.284, 1.149191, 0.0382954
38.29372, 1.170889, 0.07732502
38.30394, 1.34094, 0.122023
38.31558, 1.330653, 0.1663781
38.326, 1.463459, 0.2151601
38.33697, 1.614942, 0.2689915
38.34768, 1.626581, 0.3232109
38.35879, 1.598753, 0.3765027
38.36994, 2.023584, 0.4439555
38.37984, 1.785842, 0.5034835
38.39065, 1.800851, 0.5635119
38.40197, 1.798193, 0.6234517
38.41434, 3.405692, 0.7369747
38.42429, 3.719378, 0.860954
38.43677, 5.430179, 1.04196
38.44812, 4.84724, 1.203535
38.45973, 6.052439, 1.405283
38.4705, 2.542619, 1.490036
38.48244, 2.486142, 1.572908
38.4948, 2.861574, 1.668294
38.50472, 2.856232, 1.763502
38.515, 3.086423, 1.866382
38.52702, 3.364967, 1.978548
38.53901, 3.742101, 2.103284
38.54893, 3.528918, 2.220915
38.55877, 4.240917, 2.362279
38.57068, 3.672663, 2.484701
38.58092, 3.390776, 2.597727
38.59182, 3.483847, 2.713855
38.60405, 3.508501, 2.830805
38.61811, 3.668942, 2.914797
38.62774, 3.564867, 2.994596
38.63895, 3.184285, 3.056041
38.64898, 3.186726, 3.11791
38.66008, 3.175518, 3.174979
38.67071, 3.1259, 3.225344
38.68224, 2.246297, 3.246001
38.69368, 2.269774, 3.268368
38.70513, 3.251219, 3.30929
38.76925, 6.635718, 3.470952
38.78012, 4.28347, 3.553706
38.7945, 4.449671, 3.642089
38.80545, 4.827645, 3.689487
38.81674, 4.898888, 3.728804
38.82897, 4.886231, 3.710673
38.84, 5.630961, 3.736797
38.85197, 7.308434, 3.778663
38.8637, 7.986432, 3.960124
38.87601, 8.217527, 4.15117
38.88657, 9.000471, 4.3558
38.89662, 7.602339, 4.514003
38.90649, 6.144721, 4.615946
38.91707, 7.021742, 4.737839
38.92823, 9.688348, 4.936048
39.54836, 8.615724, 5.105608
39.55995, 9.34444, 5.275725
39.57092, 8.527354, 5.437548
39.58217, 9.904138, 5.654661
39.87158, 8.803398, 5.831979
39.88187, 9.211306, 6.022072
39.89295, 9.546682, 6.217997
40.37011, 6.398544, 6.312453
40.39268, 6.576089, 6.425513
40.40446, 6.629871, 6.540285
40.4285, 7.945788, 6.699294
40.45139, 8.261397, 6.870477
40.46253, 6.101492, 6.998983
40.47555, 5.071101, 7.092361
40.4866, 4.69155, 7.140372
40.4964, 6.584399, 7.138661
40.50715, 6.740804, 7.220572
40.5176, 6.95587, 7.304112
40.52827, 7.432421, 7.390937
40.53955, 8.712582, 7.51806
40.54964, 6.41061, 7.568873
40.56, 8.616263, 7.668383
40.57028, 8.719776, 7.715428
40.59212, 9.487614, 7.765467
40.6247, 9.029233, 7.792524
40.64589, 9.539028, 7.810476
40.65754, 9.514628, 7.874219
40.66751, 9.895803, 7.999255
40.75327, 9.444993, 8.080029
40.76454, 8.177295, 8.029661
40.77599, 7.960897, 8.007833
40.78744, 7.621476, 7.950401
40.80015, 4.556781, 7.818048
40.81277, 4.771222, 7.646951
40.83636, 2.709652, 7.443826
40.85686, 4.204425, 7.27693
40.86816, 5.66178, 7.147433
40.87936, 7.26388, 7.176278
40.88925, 6.314279, 7.167551
40.90025, 3.313497, 7.057005
40.91225, 5.275189, 6.967986
41.15291, 7.70805, 6.949541
41.16877, 1.643327, 6.800935
41.17969, 2.142938, 6.70333
41.1906, 1.587993, 6.599878
41.20092, 1.430264, 6.428074
41.21234, 0.820675, 6.230737
41.22437, 1.673644, 6.054663
41.23309, 2.425319, 5.887759
41.24184, 2.438593, 5.678627
41.25329, 1.787233, 5.524514
41.26408, 1.270389, 5.279651
41.27594, 2.476553, 5.071544
41.28628, 1.433058, 4.803059
41.29753, 0.9753357, 4.534596
41.30839, 0.9341255, 4.247766
41.31948, 1.17918, 3.969918
41.33061, 1.24272, 3.681481
41.34167, 0.9205332, 3.397333
41.35299, 0.7116191, 3.148477
41.3639, 0.9830923, 2.915883
41.3751, 1.09455, 2.698319
41.39715, 0.8523768, 2.574839
41.40833, 0.7488637, 2.440761
41.41921, 0.3222234, 2.361179
41.44167, 1.354767, 2.266191
41.45303, 0.7941751, 2.103937
41.46406, 2.865162, 1.957313
41.47492, 0.6340748, 1.767973
41.48602, 0, 1.657524
41.49742, 0, 1.481684
41.50845, 0, 1.224749
41.51925, 0, 1.169971
41.53092, 9.308225, 1.408814
41.54161, 6.11968, 1.55987
41.55293, 4.124866, 1.649691
41.57544, 4.309062, 1.76597
41.58675, 6.228515, 1.917799
41.59848, 4.446567, 1.985174
41.60971, 4.527775, 2.054813
41.62116, 4.916553, 2.159124
41.63308, 5.499918, 2.300108
41.64402, 5.831983, 2.411956
41.65912, 5.732124, 2.555258
41.67133, 5.611671, 2.709803
41.68293, 5.726646, 2.869553
41.69412, 5.367127, 3.009152
41.70538, 5.238539, 3.142346
41.71717, 4.990039, 3.277996
41.72813, 4.956394, 3.419488
41.73833, 5.485666, 3.569574
41.7492, 6.220137, 3.740427
41.76339, 6.372047, 3.924416
41.7754, 6.459264, 4.114763
41.78615, 6.458676, 4.319311
41.79714, 6.172512, 4.479903
41.80829, 6.257062, 4.661999
41.81959, 5.802267, 4.759902
41.83057, 5.675642, 4.927955
41.84225, 5.369445, 5.106936
41.85363, 6.478962, 5.322901
41.86592, 6.049243, 5.524543
41.87849, 5.999183, 5.724515
41.88856, 6.098246, 5.617516
41.90105, 6.405221, 5.627035
41.91251, 6.415946, 5.703404
41.92456, 9.380208, 5.872442
42.34351, 3.892423, 5.794572
42.35551, 2.859885, 5.741683
42.38655, 2.142511, 5.662174
42.39815, 2.287878, 5.574552
42.41107, 1.849307, 5.452864
42.42231, 1.769177, 5.317437
42.43551, 1.777481, 5.185616
42.44683, 1.681119, 5.054598
42.45908, 1.627391, 4.917956
42.47028, 1.649209, 4.794026
42.48431, 1.558774, 4.671367
42.49603, 1.469911, 4.55403
42.5057, 0, 4.388817
42.51716, 1.458282, 4.254571
42.52903, 1.468481, 4.096182
42.54092, 1.486506, 3.933331
42.55175, 1.585787, 3.770881
42.56294, 1.639832, 3.610253
42.57388, 1.659248, 3.459811
42.58407, 1.619782, 3.305235
42.59547, 1.66677, 3.167385
42.60568, 1.728323, 3.035808
42.61661, 1.750026, 2.91516
42.62842, 1.826531, 2.760079
42.63938, 1.790105, 2.618108
42.65142, 1.811215, 2.478509
42.66276, 2.439557, 2.356553
42.67248, 2.508497, 2.226662
42.68215, 2.336634, 2.090685
42.69344, 2.225811, 1.852205
42.70252, 2.183781, 1.795251
42.71237, 2.176848, 1.772483
42.72425, 2.163303, 1.773176
42.73473, 2.126023, 1.767781
42.74395, 1.997539, 1.772722
42.75319, 1.424109, 1.761219
42.76342, 1.360071, 1.747306
42.77527, 1.302382, 1.734681
42.78643, 1.266692, 1.722658
42.79735, 1.296779, 1.71091
42.80835, 1.279418, 1.701599
42.82048, 1.242806, 1.694028
42.8322, 1.220944, 1.734726
42.84339, 1.26061, 1.728137
42.85429, 1.133393, 1.716968
42.86333, 1.114407, 1.704564
42.87534, 1.110061, 1.688707
42.88647, 1.059815, 1.669373
42.89673, 1.098326, 1.650675
42.9077, 1.036963, 1.631248
42.92371, 1.02651, 1.609906
42.93561, 0.9548373, 1.584123
42.94739, 0.5927107, 1.545546
42.96023, 0.7224184, 1.508743
42.97205, 1.246988, 1.490639
42.98293, 0.874023, 1.459399
42.99295, 0.9169794, 1.408646
43.00372, 0.9274315, 1.355944
43.01569, 0.9063142, 1.308267
43.0279, 0.8915815, 1.263793
43.03893, 0.9082844, 1.221276
43.05064, 0.88454, 1.178199
43.06197, 0.8806432, 1.135444
43.07368, 0.8816769, 1.093966
43.08474, 0.8710954, 1.056418
43.09566, 0.6313372, 1.029992
43.10795, 0.5269151, 1.00222
43.11917, 0.5158292, 0.9760016
43.13017, 0.4964349, 0.9503263
43.14211, 0.4940784, 0.9235696
43.15332, 0.5117044, 0.8979791
43.16427, 0.4999388, 0.8732169
43.17734, 0.5280212, 0.8501195
43.18793, 0.5246764, 0.8255885
43.19899, 0.5028542, 0.8045705
43.21107, 0.5245602, 0.784909
43.2215, 0.6923761, 0.7709863
43.23319, 0.7314051, 0.7600393
43.24519, 0.6296075, 0.7444153
43.25611, 0.6100465, 0.7301848
43.26837, 0.5990932, 0.7159376
43.28061, 0.6414703, 0.705492
43.29219, 0.6338964, 0.7068648
43.30456, 0.6608967, 0.7048141
43.31616, 0.6808711, 0.6859435
43.32613, 0.6837679, 0.6796017
43.33737, 0.7180421, 0.6729705
43.35293, 0.6747776, 0.6645487
43.36372, 1.049631, 0.6693259
43.37572, 1.077798, 0.6755332
43.38684, 0.8376114, 0.6731774
43.39706, 0, 0.6436927
43.40816, 0, 0.6143379
43.42152, 0, 0.5849487
43.43209, 0, 0.5559121
43.44452, 1.292161, 0.5779396
43.45644, 1.362447, 0.6057907
43.46695, 1.570431, 0.6409441
43.4776, 2.081306, 0.6937732
43.48853, 2.97832, 0.7765812
43.501, 3.16758, 0.8651104
43.51248, 1.761574, 0.9071649
43.52424, 4.038744, 1.024189
43.53762, 3.629596, 1.127686
43.54898, 3.359065, 1.222893
43.55989, 4.317468, 1.349324
43.57089, 9.758046, 1.651513
43.58278, 3.600676, 1.747155
43.59516, 3.930546, 1.857186
43.60604, 4.195364, 1.976697
43.61681, 4.053245, 2.091835
43.62745, 3.470364, 2.186132
43.63898, 3.428555, 2.279287
43.64952, 3.451342, 2.372302
43.66032, 3.51749, 2.466856
43.67156, 3.360772, 2.556089
43.68447, 3.352448, 2.643903
43.69576, 3.157784, 2.72667
43.71034, 3.050742, 2.793374
43.72182, 3.153059, 2.862549
43.7331, 3.118518, 2.938579
43.74437, 3.028709, 3.039536
43.75581, 3.051225, 3.141244
43.76735, 3.11842, 3.245191
43.7783, 3.139806, 3.349851
43.78962, 3.273066, 3.415882
43.80046, 3.365422, 3.482647
43.81172, 3.299357, 3.540278
43.82692, 3.387186, 3.583807
43.83745, 3.52886, 3.602159
43.84947, 3.482598, 3.612659
43.86139, 3.440172, 3.668613
43.87259, 3.765986, 3.659521
43.88343, 3.327289, 3.649444
43.89561, 3.44145, 3.65219
43.90764, 3.403142, 3.621713
43.91958, 3.764985, 3.421944
43.9308, 4.344217, 3.446728
43.94129, 4.42242, 3.463124
43.95234, 4.412324, 3.470356
43.96275, 4.813841, 3.495709
43.97444, 5.050448, 3.548378
43.98677, 4.075517, 3.569944
44.00973, 8.315857, 3.732094
44.08772, 8.021802, 3.882238
44.09957, 6.893613, 4
44.11193, 6.756124, 4.113456
44.12265, 6.485507, 4.22438
44.13468, 6.225455, 4.330204
44.14519, 5.190962, 4.398134
44.16817, 5.649793, 4.48251
44.21423, 4.496855, 4.531448
44.22337, 6.17023, 4.635415
44.23435, 1.62768, 4.585724
44.24504, 0, 4.481064
44.2553, 0, 4.371962
44.26582, 0, 4.25978
44.27647, 0, 4.149802
44.28646, 2.008162, 4.103835
44.29901, 1.380112, 4.03221
44.30903, 2.257144, 3.991361
44.31944, 1.88783, 3.939617
44.33018, 1.805921, 3.874281
44.34099, 1.673581, 3.819158
44.35207, 1.244778, 3.745936
44.36232, 1.385729, 3.678688
44.3736, 1.550027, 3.604856
44.3846, 1.711177, 3.517088
44.39848, 1.613245, 3.423449
44.40845, 1.78007, 3.335707
44.41944, 1.672552, 3.230998
44.42955, 1.798487, 3.122599
44.44038, 1.841566, 3.048134
44.45149, 2.224384, 2.845085
44.4628, 2.420288, 2.658368
44.47425, 2.732093, 2.51965
44.48458, 2.655872, 2.382975
44.49562, 2.806769, 2.26035
44.50711, 2.848325, 2.14778
44.51785, 2.898632, 2.071368
44.5292, 2.522747, 1.967133
44.54033, 3.037065, 1.918474
44.55212, 2.727862, 1.803728
44.5624, 3.624427, 1.870287
44.57337, 3.728863, 1.994582
44.58432, 3.739169, 2.119221
44.59585, 3.544505, 2.237371
44.60718, 3.595442, 2.357219
44.61882, 3.308227, 2.400555
44.6302, 3.026611, 2.455438
44.64115, 3.155079, 2.485369
44.65274, 2.999489, 2.522424
44.6641, 3.115655, 2.566082
44.67535, 2.710061, 2.600631
44.68699, 2.022641, 2.62656
44.69839, 1.670453, 2.636051
44.70942, 2.030499, 2.652067
44.72125, 2.236466, 2.669576
44.73236, 2.022731, 2.683226
44.74419, 2.049808, 2.692217
44.75527, 2.011841, 2.703527
44.76706, 1.96685, 2.709139
44.77798, 1.943365, 2.712532
44.78922, 1.950479, 2.703402
44.80047, 1.926088, 2.686929
44.81175, 1.513532, 2.64631
44.82288, 1.520306, 2.608458
44.83403, 1.597411, 2.568146
44.84527, 1.553535, 2.524987
44.85601, 1.563108, 2.480469
44.86725, 1.499137, 2.446349
44.87825, 1.525647, 2.395969
44.88953, 1.494793, 2.354867
44.90074, 2.607727, 2.320976
44.91188, 2.818661, 2.290637
44.92313, 3.335404, 2.277178
44.93821, 3.782534, 2.285112
44.94923, 4.04254, 2.300015
44.96063, 4.053386, 2.324854
44.9705, 3.56933, 2.342944
44.98034, 3.28448, 2.347258
44.99146, 3.253429, 2.355722
45.00021, 3.155614, 2.357054
45.01046, 2.888606, 2.363006
45.01924, 3.067566, 2.397836
45.0294, 1.409444, 2.389136
45.04018, 1.426988, 2.369019
45.05146, 1.406366, 2.341349
45.0659, 1.406066, 2.320794
45.07664, 1.371573, 2.298186
45.08738, 1.173216, 2.270232
45.09847, 1.188724, 2.244294
45.10943, 1.200006, 2.219516
45.11914, 1.202384, 2.194579
45.12927, 1.203652, 2.170498
45.14031, 1.259748, 2.162038
45.15154, 1.433476, 2.159144
45.16245, 2.071391, 2.174943
45.17354, 1.3354, 2.167672
45.18496, 2.751083, 2.207271
45.19579, 1.680749, 2.213325
45.20731, 1.404481, 2.209286
45.21792, 1.372791, 2.205219
45.22929, 2.863172, 2.213734
45.24041, 1.971186, 2.185485
45.25152, 2.884864, 2.170467
45.28498, 5.444946, 2.225881
45.29557, 4.222765, 2.231888
45.30812, 6.492286, 2.313185
45.31958, 3.96781, 2.326468
45.33035, 4.804086, 2.377121
45.34168, 5.47178, 2.451066
45.35342, 5.439937, 2.52721
45.36456, 5.315691, 2.608113
45.37644, 5.899227, 2.702502
45.38739, 5.771494, 2.847903
45.39707, 5.362907, 2.9791
45.4084, 5.683352, 3.121666
45.41986, 5.46568, 3.256987
45.43117, 6.006816, 3.411495
45.44223, 5.475475, 3.554904
45.45374, 5.460775, 3.697305
45.46503, 4.997379, 3.823884
45.47898, 6.077009, 3.986372
45.49109, 5.660019, 4.134918
45.5028, 5.60871, 4.279883
45.51405, 3.780705, 4.358124
45.52463, 2.056917, 4.357641
45.53596, 4.369524, 4.458778
45.54718, 4.489306, 4.516719
45.55898, 6.633536, 4.681811
45.56993, 4.682725, 4.791086
45.5796, 4.08016, 4.881332
45.5885, 4.055314, 4.92107
45.60109, 4.477203, 5.004603
45.61196, 4.707271, 5.065351
45.62283, 4.579559, 5.036505
45.6337, 4.48434, 5.045224
45.64357, 4.890854, 4.991843
45.65449, 4.547579, 5.011169
45.66401, 4.586702, 5.003922
45.67564, 4.621457, 4.975578
45.68645, 4.826418, 4.955127
45.69665, 4.386609, 4.924158
45.70787, 6.084466, 4.930333
45.73001, 9.037133, 5.039187
45.76332, 8.534313, 5.144902
45.85235, 6.701943, 5.178855
45.88642, 7.060024, 5.232
45.89861, 6.582111, 5.251176
45.9099, 7.554916, 5.32049
45.92174, 8.92293, 5.435896
45.93347, 8.882129, 5.565387
45.94299, 7.865069, 5.62499
45.95366, 7.180741, 5.67568
45.96417, 6.663279, 5.710833
45.97551, 6.289587, 5.794462
45.98673, 5.208431, 5.899513
45.9981, 4.827059, 5.914764
46.00932, 4.680253, 5.921129
46.02066, 6.440369, 5.91469
46.03236, 6.929862, 5.989594
46.04736, 5.1121, 6.023993
46.06938, 5.634819, 6.076643
46.07965, 6.09358, 6.130522
46.09132, 7.115266, 6.210788
46.10035, 5.766559, 6.250355
46.1118, 4.770315, 6.259887
46.12279, 4.650546, 6.251877
46.13289, 5.119982, 6.270957
46.16511, 5.580047, 6.304069
46.17549, 4.016653, 6.283908
46.18633, 4.374979, 6.26886
46.19681, 8.328537, 6.400258
46.20716, 2.168868, 6.269738
46.21832, 2.758735, 6.060457
46.22942, 2.173074, 5.848416
46.24057, 2.620383, 5.712364
46.25166, 1.932634, 5.541451
46.26689, 2.899026, 5.418681
46.27658, 1.77583, 5.226045
46.28801, 1.868848, 4.990909
46.29965, 1.929722, 4.759162
46.31071, 1.824372, 4.557806
46.32209, 3.194183, 4.424921
46.33282, 2.535286, 4.287321
46.34504, 2.998637, 4.177622
46.35683, 2.605665, 4.090864
46.3687, 3.220598, 4.037315
46.37999, 2.895084, 3.977809
46.3895, 3.149671, 3.868119
46.40004, 3.005842, 3.737319
46.411, 2.88803, 3.663183
46.42107, 3.089573, 3.578341
46.43163, 3.232897, 3.482985
46.4417, 3.475995, 3.361676
46.45254, 3.528975, 3.28709
46.46262, 3.507447, 3.244995
46.47363, 2.47356, 3.172428
46.4845, 2.289225, 3.07807
46.76354, 0, 2.892068
46.77568, 0, 2.75818
46.78778, 0, 2.612347
46.79976, 0.5495092, 2.353046
46.80982, 0.5479436, 2.299015
46.81982, 0.9033061, 2.237168
46.8307, 1.001309, 2.198109
46.84289, 1.292182, 2.153836
46.85372, 1.168946, 2.128379
46.86468, 1.091464, 2.068127
46.87678, 0.9861497, 2.041805
46.88788, 1.304543, 2.022994
46.89969, 1.425437, 2.006185
46.91055, 1.417485, 1.992622
46.92194, 1.597891, 1.939412
46.93291, 1.70607, 1.911772
46.94496, 1.972224, 1.877558
46.95498, 2.175527, 1.86322
46.965, 2.182904, 1.82863
46.97754, 2.061953, 1.800859
46.98762, 2.107946, 1.766135
47.00073, 0.8472845, 1.694183
47.02209, 0.4690227, 1.613549
47.03365, 4.889749, 1.673555
47.06648, 0, 1.565792
47.13208, 0, 1.449926
47.15481, 0, 1.332293
47.21014, 0, 1.215378
47.22135, 0, 1.132926
47.23512, 0, 1.056619
47.24512, 0, 1.056619
47.25825, 0, 1.056619
47.26876, 0, 1.056619
47.41665, 0, 1.038302
47.42795, 0, 1.020037
47.43958, 0, 0.9899266
47.45155, 0, 0.9565496
47.47438, 0, 0.9134769
47.55495, 0.6380118, 0.8957791
47.5679, 0.9735035, 0.8918471
47.57986, 1.323785, 0.9031017
47.5932, 1.253387, 0.9013965
47.60489, 0.8451838, 0.8820546
47.61446, 0.9931547, 0.8679103
47.62558, 0.8649859, 0.8434802
47.63779, 0.7223211, 0.8106886
47.64975, 0.7702225, 0.7706217
47.65979, 0.8045813, 0.7249235
47.67029, 0.7447978, 0.6769866
47.68192, 0.7085392, 0.6318729
47.69388, 0.8727424, 0.5906994
47.70511, 0.7167078, 0.5863468
47.7169, 0.712365, 0.5944582
47.72747, 0.713667, 0.4552555
47.73897, 0.7045129, 0.4787392
47.74975, 0.6766896, 0.5012955
47.76076, 0.6552466, 0.5231371
47.77297, 0.6409168, 0.544501
47.78389, 0.6452157, 0.5660082
47.79489, 0.776731, 0.5918992
47.80548, 0.7292186, 0.6162065
47.81655, 0.6117755, 0.6365991
48.01689, 0.7442266, 0.6614066
48.02807, 0.8380889, 0.6893429
48.03974, 1.039446, 0.7239912
48.05054, 0.9155465, 0.7545093
48.06216, 1.060235, 0.7898505
48.07206, 1.206033, 0.8300516
48.08314, 1.017585, 0.8427041
48.09407, 1.074813, 0.846081
48.10556, 1.217854, 0.84255
48.11633, 1.294204, 0.8439105
48.12748, 1.419232, 0.8630455
48.13882, 0, 0.8299403
48.34273, 1.24128, 0.8424834
48.35449, 1.301569, 0.8617917
48.36557, 1.636444, 0.8906658
48.37687, 2.003182, 0.9306191
48.39257, 1.561531, 0.9578435
48.40458, 1.713682, 0.9913483
48.4152, 1.566174, 1.014463
48.42543, 1.373108, 1.036343
48.43532, 1.345068, 1.057433
48.44528, 1.407392, 1.080557
48.45542, 1.450391, 1.105419
48.46988, 1.657583, 1.138116
48.47948, 1.648636, 1.171229
48.49078, 1.575304, 1.202375
48.50042, 1.528129, 1.231806
48.51136, 1.510193, 1.256254
48.52184, 1.533213, 1.283054
48.53328, 1.545229, 1.314169
48.5434, 1.54466, 1.34085
48.55308, 1.636051, 1.367449
48.56121, 1.555247, 1.384642
48.57165, 1.500438, 1.404139
48.58273, 1.505411, 1.418978
48.5948, 1.614847, 1.432605
48.60524, 1.625089, 1.452855
48.61613, 1.656115, 1.472232
48.62753, 1.826106, 1.492507
48.63867, 1.940325, 1.514045
48.64946, 1.89885, 1.530032
48.66055, 1.881448, 1.592747
48.6718, 1.943489, 1.616154
48.6827, 1.999135, 1.639406
48.6939, 1.995972, 1.65139
48.70514, 7.219299, 1.825261
48.7179, 3.994635, 1.906364
48.72704, 3.756684, 1.974465
48.7382, 3.469809, 2.037919
48.74976, 3.978824, 2.124776
48.76031, 4.026292, 2.21415
48.77193, 3.683449, 2.290019
48.78277, 4.009629, 2.375327
48.79383, 3.958688, 2.45203
48.80762, 3.677831, 2.51967
48.81958, 3.723094, 2.591263
48.8285, 3.705941, 2.663857
48.83968, 3.740591, 2.738203
48.84921, 3.778091, 2.813033
48.86062, 4.065364, 2.897037
48.87193, 4.080152, 2.981553
48.88301, 4.125016, 3.064519
48.8943, 5.618856, 3.199973
48.90498, 5.59953, 3.336609
48.9163, 5.651351, 3.474808
48.92784, 5.455802, 3.602839
48.93977, 5.392757, 3.728428
48.95069, 5.217525, 3.847142
48.96274, 5.128113, 3.957209
48.97588, 4.875369, 4.055044
48.98518, 4.450304, 4.140092
48.9974, 4.277544, 4.219962
49.00855, 4.315718, 4.299037
49.01949, 4.300729, 4.375757
49.03068, 4.229504, 4.450208
49.04221, 4.385592, 4.355751
49.05294, 2.776443, 4.315145
49.06419, 4.151967, 4.328321
49.08614, 6.820634, 4.440015
49.33499, 3.930404, 4.438401
49.34655, 2.255291, 4.379368
49.35785, 2.045719, 4.324777
49.36865, 1.768122, 4.25006
49.38047, 2.08195, 4.187502
49.39157, 2.198537, 4.138193
49.40258, 4.632164, 4.168495
49.41443, 3.281451, 4.154346
49.42521, 2.095485, 4.099508
49.43685, 1.879263, 4.036214
49.44865, 1.733049, 3.95847
49.46056, 1.905898, 3.885995
49.4716, 1.914684, 3.812317
49.48378, 1.825029, 3.685856
49.4954, 2.005796, 3.566065
49.50705, 2.113304, 3.44813
49.51762, 2.041649, 3.334325
49.52863, 1.97597, 3.220432
49.54036, 2.05129, 3.114891
49.5528, 1.99692, 3.010518
49.56523, 1.757692, 2.906595
49.57593, 1.758805, 2.816879
49.58567, 1.826135, 2.735165
49.59667, 1.7049, 2.648138
49.60942, 1.635085, 2.559283
49.62139, 1.790896, 2.477996
49.63261, 1.835606, 2.392997
49.64343, 1.783935, 2.359913
49.65437, 1.81621, 2.282055
49.66467, 1.80597, 2.114899
49.67639, 1.892489, 2.046969
49.68678, 1.921811, 2.035853
49.69787, 1.995581, 2.034181
49.71003, 1.928747, 2.039535
49.72042, 2.039832, 2.038131
49.73254, 2.053986, 2.033313
49.74362, 1.840827, 1.940269
49.75475, 1.692535, 1.887305
49.76451, 1.65058, 1.872475
49.77623, 1.662608, 1.865253
49.78661, 1.665167, 1.86299
49.79649, 1.64041, 1.854141
49.80908, 1.589718, 1.843308
49.81926, 1.597124, 1.835711
49.8307, 1.581789, 1.821578
49.84182, 1.579759, 1.803793
49.85213, 1.684815, 1.791898
49.8624, 1.686309, 1.782243
49.87421, 1.719474, 1.771183
49.8854, 1.803826, 1.764746
49.89764, 1.746817, 1.764384
49.91052, 1.862473, 1.767839
49.92228, 1.826103, 1.767838
49.93516, 1.801005, 1.771042
49.94612, 1.804455, 1.776688
49.95779, 1.721036, 1.774359
49.96851, 1.736111, 1.771042
49.97847, 1.778518, 1.770862
49.9911, 2.123202, 1.781095
50.0024, 2.192893, 1.793992
50.01287, 2.209819, 1.80457
50.02344, 1.853661, 1.802298
50.03364, 1.889403, 1.798759
50.04441, 1.835555, 1.795653
50.05578, 1.906488, 1.791208
50.06645, 1.982979, 1.788841
50.08066, 2.19605, 1.800682
50.09066, 2.496786, 1.82749
50.10222, 2.24271, 1.847227
50.11343, 1.967647, 1.857395
50.12624, 1.966531, 1.867441
50.13758, 2.444839, 1.894255
50.14815, 2.197222, 1.914505
50.15862, 2.130005, 1.932268
50.16833, 2.131387, 1.950588
50.18058, 3.451964, 2.012995
50.1923, 4.737394, 2.114747
50.21471, 4.87851, 2.221154
50.22534, 4.72063, 2.321193
50.23652, 5.002976, 2.427831
50.38336, 2.634975, 2.457436
50.39607, 5.306273, 2.572229
50.42059, 8.592667, 2.797781
50.49386, 9.839395, 3.065728
50.50466, 9.488805, 3.321873
50.59602, 9.559011, 3.583138
50.78624, 4.908281, 3.688877
50.79876, 5.161374, 3.801639
50.81129, 8.628716, 4.01849
50.82362, 9.891435, 4.275108
50.83565, 8.322287, 4.478857
50.84607, 8.358877, 4.695697
50.85649, 8.211829, 4.906444
50.86621, 8.157864, 5.117188
50.876, 7.999972, 5.320304
50.88501, 8.570459, 5.539886
50.8952, 5.820603, 5.660705
50.90528, 5.875675, 5.773335
50.91488, 5.811045, 5.89228
50.92617, 6.126753, 6.030916
50.9373, 5.574932, 6.151196
50.94839, 5.214167, 6.243507
50.95945, 4.852904, 6.33203
50.97064, 4.736355, 6.418909
50.98178, 5.731559, 6.538914
50.99292, 5.821545, 6.6179
51.00377, 4.082804, 6.59608
51.01528, 4.110075, 6.570466
51.02618, 4.341192, 6.557818
51.03725, 4.796508, 6.550936
51.04828, 3.693856, 6.586232
51.0594, 3.607859, 6.529618
51.07058, 3.138227, 6.347804
51.08186, 3.456384, 6.135037
51.09303, 3.766608, 5.944297
51.10378, 6.105884, 5.829193
51.11491, 4.359746, 5.810908
51.12625, 5.147314, 5.810439
51.13744, 2.960951, 5.621513
51.1482, 3.742171, 5.416538
51.15955, 4.150791, 5.277488
51.17041, 4.623308, 5.152969
51.18207, 4.239673, 5.020564
51.19265, 4.621996, 4.902702
51.20564, 4.578175, 4.788642
51.21568, 5.361829, 4.681687
51.22617, 5.474958, 4.670166
51.23709, 5.042336, 4.642388
51.24811, 4.940015, 4.613354
51.25953, 5.378253, 4.588404
51.28242, 9.099295, 4.705882
51.29369, 8.673229, 4.821184
51.30474, 7.670775, 4.915113
51.39589, 4.923089, 4.921338
51.63179, 0, 4.730286
51.64441, 0, 4.536234
51.66726, 0, 4.400141
51.67676, 0, 4.263138
51.68919, 0, 4.118432
51.70087, 0, 3.958548
51.71169, 0, 3.83542
51.72288, 0, 3.715158
51.73461, 0, 3.61055
51.74609, 0, 3.495337
51.76757, 0, 3.369784
51.77925, 0, 3.166255
51.78982, 0, 3.02093
51.79972, 0, 2.849352
51.81394, 0, 2.750654
51.82471, 0, 2.625915
51.83553, 0, 2.487555
51.87017, 0, 2.333445
51.88096, 0, 2.192122
51.89254, 0, 2.038056
51.90454, 0, 1.88545
51.91623, 0, 1.706722
51.93851, 0, 1.524224
51.95144, 0, 1.356146
51.96435, 0.5711264, 1.210516
51.97671, 0, 1.031241
51.98931, 0.595627, 0.7477857
52.0024, 0, 0.4586781
52.01377, 0, 0.2029856
52.05936, 0.5781415, 0.05815399
52.06978, 0, 0.05815399
52.08196, 0.5850804, 0.07765667
52.0929, 0, 0.07765667
52.10362, 0, 0.07765667
52.11573, 0.6111878, 0.0980296
52.12715, 0, 0.0980296
52.13754, 0, 0.0980296
52.14778, 0.5620107, 0.1167633
52.1592, 0.5423154, 0.1348405
52.17, 0.5253258, 0.1523513
52.181, 0.5185568, 0.1696366
52.19273, 0.5170771, 0.1868725
52.2038, 0.5101762, 0.2038783
52.21595, 0.4991425, 0.2205164
52.22676, 0.5079853, 0.2374493
52.23755, 0, 0.2374493
52.24846, 0, 0.2374493
52.25979, 0, 0.2374493
52.27057, 0, 0.2374493
52.28265, 0, 0.2374493
52.29295, 0, 0.2374493
52.30359, 0.4642458, 0.2529241
52.31473, 0.4753874, 0.2687704
52.32595, 0.4940055, 0.2852372
52.33675, 0.4914124, 0.2825801
52.34766, 0.4950126, 0.2990805
52.36365, 0.5178063, 0.2964865
52.37495, 0.5276027, 0.3140732
52.38463, 0, 0.3140732
52.39582, 0, 0.2948019
52.40646, 0, 0.2948019
52.46024, 0.9015614, 0.3053513
52.4711, 0.5694987, 0.3243346
52.48276, 0.859102, 0.3529713
52.49421, 1.118019, 0.3698657
52.50394, 1.144862, 0.4080277
52.51531, 1.081249, 0.4440694
52.52716, 1.165683, 0.4641918
52.53848, 1.413053, 0.4932164
52.54981, 1.045581, 0.5105582
52.56072, 1.66633, 0.5488173
52.57264, 0.9861816, 0.5644541
52.58351, 1.751017, 0.6058155
52.59459, 1.504056, 0.6393126
52.605, 1.155627, 0.6609007
52.61636, 0.9525271, 0.6926516
52.62726, 0.9279137, 0.7235821
52.63831, 0.8983951, 0.7535286
52.64966, 0.8994184, 0.7835092
52.6613, 0.8819501, 0.8129075
52.67172, 0.896924, 0.842805
52.68273, 0.8908472, 0.857025
52.6939, 0.8573844, 0.8697582
52.70568, 0.8640217, 0.8820921
52.71621, 0.8589721, 0.8943441
52.72731, 0.8369321, 0.9057414
52.7387, 0.828474, 0.9160969
52.74986, 0.8183838, 0.9257897
52.76168, 0.8084306, 0.9527373
52.77249, 0.811443, 0.9797854
52.78357, 0.8164976, 1.007002
52.79491, 0.8480599, 1.005219
52.80647, 0.8372661, 1.014144
52.81749, 0.8193017, 1.012818
52.8288, 0.8332659, 1.003326
52.84094, 0.8188416, 0.9924585
52.85172, 0.8943322, 0.9862279
52.8634, 1.181111, 0.9867421
52.87465, 0.8458768, 0.9678363
53.05328, 0.9523366, 0.9647282
53.06467, 1.108913, 0.9461476
53.07563, 1.068935, 0.9489061
53.08672, 1.129661, 0.9281942
53.09776, 1.086685, 0.9142819
53.10923, 1.00436, 0.9092396
53.12202, 0, 0.8774887
53.13366, 1.335387, 0.8910711
53.14427, 1.135756, 0.8989831
53.15475, 1.169122, 0.9079733
53.16592, 1.217104, 0.919145
53.17726, 1.157395, 0.9278275
53.18667, 1.199071, 0.9381016
53.19744, 1.238192, 0.9507952
53.20757, 1.227632, 0.9629155
53.21788, 1.221797, 0.9750097
53.22869, 1.23565, 0.9883003
53.24071, 1.249549, 1.002336
53.25171, 1.405595, 1.02191
53.26182, 1.339756, 1.039621
53.27275, 1.596859, 1.065801
53.2843, 1.471165, 1.087624
53.29485, 1.397918, 1.105952
53.30563, 1.429209, 1.125684
53.3165, 1.403903, 1.14517
53.32688, 1.374971, 1.163227
53.33935, 1.361371, 1.181311
53.35155, 1.320521, 1.195518
53.36229, 1.329805, 1.200474
53.37362, 1.312399, 1.216025
53.38619, 1.341651, 1.229002
53.39759, 1.326348, 1.23625
53.40771, 1.33215, 1.245024
53.41892, 1.303784, 1.250828
53.42973, 1.279237, 1.257246
53.44177, 1.258545, 1.265719
53.45136, 1.257225, 1.307626
53.46515, 1.288423, 1.306061
53.47701, 1.306936, 1.311767
53.48769, 1.316441, 1.316677
53.4989, 1.333439, 1.320555
53.50984, 1.374447, 1.32779
53.52172, 1.384513, 1.333972
53.53245, 1.442158, 1.340771
53.54405, 1.51044, 1.350198
53.55584, 1.54531, 1.360981
53.56738, 1.572406, 1.372207
53.5789, 1.582663, 1.38331
53.59057, 1.637179, 1.39103
53.60147, 1.599473, 1.399687
53.61343, 1.897728, 1.409716
53.62424, 4.15305, 1.499112
53.63521, 3.867481, 1.581431
53.64577, 3.328812, 1.644751
53.65743, 3.351184, 1.70966
53.66816, 3.233066, 1.771597
53.68039, 3.133866, 1.83068
53.69214, 3.210339, 1.893674
53.70304, 3.258801, 1.957974
53.7151, 3.13318, 2.018667
53.72512, 3.27013, 2.082949
53.73679, 3.473926, 2.154535
53.74698, 3.526901, 2.227693
53.75896, 3.638029, 2.305501
53.77021, 3.949958, 2.394526
53.78204, 4.136482, 2.490457
53.79295, 4.80928, 2.608859
53.80384, 4.777795, 2.725171
53.81376, 4.930635, 2.845961
53.82489, 4.910837, 2.965774
53.8358, 5.033079, 3.089096
53.84707, 4.375387, 3.189127
53.85913, 4.201539, 3.283028
53.86989, 4.086335, 3.371167
53.88189, 6.114581, 3.524638
53.89296, 5.853475, 3.668244
53.90908, 5.060074, 3.7845
53.92001, 5.059496, 3.900394
53.93012, 5.399104, 4.025792
53.94127, 5.382751, 4.151901
53.95197, 5.017626, 4.255897
53.96337, 5.094266, 4.287271
53.97369, 5.550632, 4.343376
53.98513, 5.794788, 4.425575
53.99734, 6.110293, 4.517546
54.0114, 5.687976, 4.599376
54.02334, 5.785042, 4.687749
54.03492, 6.517015, 4.797971
54.04647, 8.256374, 4.964557
54.05737, 8.183598, 5.132904
54.06792, 6.213396, 5.231013
54.07981, 7.959, 5.380516
54.09227, 8.8705, 5.558635
54.11368, 8.999761, 5.73736
54.20227, 5.41678, 5.786254
54.21362, 4.575947, 5.800903
54.22599, 5.057449, 5.809175
54.23577, 4.70305, 5.806684
54.24796, 4.728508, 5.799945
54.25866, 4.782237, 5.795659
54.26895, 3.288384, 5.737503
54.27996, 3.214027, 5.698791
54.29107, 3.239578, 5.666725
54.30234, 3.458571, 5.6458
54.31329, 3.315467, 5.552496
54.32444, 3.18633, 5.463591
54.33569, 3.211353, 5.401967
54.34678, 3.134807, 5.337811
54.35781, 3.164595, 5.263327
54.36925, 3.214431, 5.19105
54.38012, 3.260058, 5.132464
54.39112, 3.295138, 5.072493
54.40277, 3.348924, 4.999103
54.4137, 3.352057, 4.917678
54.42471, 3.330933, 4.825033
54.4357, 3.304361, 4.74558
54.44656, 3.364479, 4.664894
54.45824, 3.3799, 4.560323
54.46885, 3.181381, 4.391157
54.4802, 3.283647, 4.227825
54.49121, 3.337034, 4.131946
54.50216, 3.316172, 3.977185
54.5135, 3.190127, 3.787839
54.52454, 3.238164, 3.595786
54.53548, 2.838908, 3.509857
54.54658, 2.834535, 3.45181
54.56168, 2.915771, 3.380421
54.57425, 2.888691, 3.319942
54.58456, 2.895493, 3.258842
54.59573, 2.895499, 3.195951
54.608, 2.900064, 3.183007
54.61893, 2.666321, 3.16475
54.63018, 2.67214, 3.145835
54.64203, 2.567308, 3.116127
54.65333, 2.540487, 3.090294
54.66397, 2.639009, 3.07205
54.67505, 2.551226, 3.050045
54.68472, 2.525068, 3.029721
54.6966, 2.633516, 3.012018
54.70834, 2.599921, 2.991534
54.71859, 2.603824, 2.96966
54.72942, 2.556701, 2.945045
54.74012, 2.441293, 2.914791
54.75409, 2.65902, 2.89169
54.76549, 2.649629, 2.86898
54.77665, 2.671202, 2.847874
54.78695, 2.636752, 2.823617
54.79877, 2.610403, 2.797967
54.80955, 2.644071, 2.780057
54.81985, 2.653718, 2.759059
54.83181, 2.698602, 2.737778
54.84252, 2.714335, 2.717717
54.85468, 2.72243, 2.702127
54.86645, 2.718428, 2.684802
54.87809, 2.676843, 2.6794
54.88767, 2.750916, 2.676613
54.89737, 2.893415, 2.675868
54.90724, 3.483592, 2.695698
54.91706, 3.540578, 2.717201
54.92772, 3.692784, 2.743777
54.93807, 3.700248, 2.77045
54.94673, 3.941002, 2.812939
54.95756, 3.899287, 2.853844
54.96875, 4.022524, 2.902351
54.97991, 4.013943, 2.951466
54.99104, 4.130565, 3.001185
55.00219, 4.442554, 3.064229
55.01323, 5.293521, 3.15651
55.02419, 4.921345, 3.232772
55.03533, 5.233709, 3.320565
55.0466, 5.125764, 3.404629
55.05766, 5.111852, 3.489801
55.06848, 5.111516, 3.578809
55.07999, 5.11174, 3.660566
55.09454, 4.014051, 3.706047
55.10536, 4.6039, 3.77047
55.11591, 4.067129, 3.818149
55.1252, 3.983704, 3.863926
55.13524, 3.895574, 3.905643
55.14744, 4.014016, 3.950986
55.15821, 3.958193, 3.992972
55.16937, 3.945644, 4.034016
55.17963, 3.937475, 4.074518
55.19072, 3.660254, 4.105912
55.20178, 3.920858, 4.147379
55.21306, 4.032123, 4.190086
55.22442, 4.063332, 4.229084
55.2353, 4.001689, 4.246354
55.24674, 6.360459, 4.34035
55.26847, 2.365441, 4.296106
55.27988, 3.239175, 4.280737
55.29085, 2.453725, 4.231161
55.30198, 2.638811, 4.189146
55.31327, 2.867177, 4.150634
55.32445, 3.001243, 4.116878
55.33643, 3.59088, 4.098888
55.34745, 4.31392, 4.094601
55.35866, 4.314345, 4.061962
55.37019, 4.884721, 4.06074
55.38174, 4.87148, 4.048666
55.39695, 4.789959, 4.037473
55.40636, 4.270721, 4.009435
55.41702, 4.020977, 3.973084
55.42757, 6.008828, 4.002986
55.43896, 6.915971, 4.099717
55.44977, 7.074802, 4.182081
55.46057, 6.080981, 4.249209
55.47158, 5.841393, 4.311132
55.48308, 5.102302, 4.351356
55.49417, 4.626215, 4.371763
55.50639, 4.442534, 4.387908
55.51728, 4.507446, 4.406634
55.5276, 3.933031, 4.406486
55.53943, 3.727084, 4.408714
55.55022, 4.260139, 4.420023
55.56118, 4.136839, 4.423514
55.57174, 3.983392, 4.420849
55.58307, 3.970522, 4.41981
55.59492, 3.875812, 4.336988
55.68253, 9.280232, 4.567481
55.69448, 9.103025, 4.762942
55.7071, 9.548115, 4.999422
55.7403, 8.858298, 5.206738
55.75123, 5.683585, 5.300619
55.76172, 5.913087, 5.39768
55.77207, 5.458283, 5.459927
55.78318, 5.650037, 5.504464
55.79478, 4.928282, 5.524929
55.80587, 4.744724, 5.520262
55.8171, 5.062372, 5.526626
55.82813, 5.547806, 5.551887
55.83944, 5.148461, 5.581145
55.85019, 5.029356, 5.614758
55.86184, 6.518235, 5.631738
55.87467, 6.63497, 5.622371
55.88448, 6.98311, 5.619315
55.89477, 8.381931, 5.696013
55.90594, 8.289879, 5.777628
55.91726, 7.172482, 5.846635
55.9283, 9.356402, 6.004308
55.93918, 6.600317, 6.076233
55.95038, 6.913643, 6.15644
55.96152, 6.367043, 6.237574
55.97269, 8.204712, 6.386828
55.98368, 9.218465, 6.552106
56.00608, 8.902719, 6.710968
56.0172, 4.351337, 6.723233
56.02855, 9.720766, 6.914908
56.03939, 8.953791, 7.084174
56.05047, 7.499192, 7.024806
56.06158, 5.761453, 6.913421
56.07231, 5.225711, 6.769341
56.08365, 6.140975, 6.678763
56.09545, 7.581725, 6.742035
56.10596, 3.932286, 6.676008
56.11707, 3.404281, 6.607542
56.12849, 3.410611, 6.532894
56.13972, 3.642429, 6.490032
56.15093, 5.68369, 6.521331
56.16352, 4.874069, 6.515054
56.32679, 2.849342, 6.425105
56.36004, 5.21505, 6.427324
56.37173, 3.302224, 6.369753
56.38219, 2.364171, 6.231285
56.39362, 2.058502, 6.078736
56.4055, 2.631696, 5.933689
56.41734, 2.76413, 5.746429
56.42778, 2.698594, 5.560052
56.43794, 3.622556, 5.441721
56.45278, 2.359175, 5.208481
56.46461, 2.622695, 5.075894
56.47543, 1.940335, 4.910117
56.48531, 2.030673, 4.765571
56.49664, 1.777721, 4.551338
56.50643, 1.782816, 4.303483
56.51778, 2.023331, 4.074171
56.52797, 3.095828, 4.03232
56.53974, 1.36171, 3.753685
56.55066, 2.749065, 3.546861
56.56152, 1.670444, 3.352569
56.57154, 4.081101, 3.296558
56.58321, 4.311529, 3.266085
56.59237, 2.181085, 3.134089
56.60394, 7.503087, 3.131467
56.61575, 9.468036, 3.315992
56.62737, 4.480987, 3.351882
56.66082, 4.877587, 3.400781
56.67248, 6.399968, 3.4927
56.68337, 9.944934, 3.634741
56.74932, 9.240014, 3.780272
56.76438, 7.396122, 3.931832
56.77582, 8.913054, 4.055099
56.80933, 9.243414, 4.253138
56.82048, 9.043529, 4.475783
56.83149, 7.719636, 4.664488
56.84261, 6.957299, 4.808675
56.85328, 7.129846, 4.954199
56.86475, 7.782771, 5.123672
56.87542, 7.41273, 5.25001
56.88589, 7.33595, 5.415903
56.8968, 7.439073, 5.576449
56.90751, 7.00652, 5.745322
56.92997, 4.412022, 5.8247
56.94263, 6.189692, 5.971766
56.96647, 5.445475, 6.093854
56.97756, 6.28964, 6.236064
56.98835, 3.922919, 6.263634
57.00042, 2.823071, 6.312346
57.01265, 3.454698, 6.335867
57.0246, 3.568108, 6.399123
57.03555, 3.151208, 6.368127
57.04684, 3.146595, 6.329296
57.05855, 3.290927, 6.36629
57.07014, 3.292621, 6.225942
57.07995, 3.233414, 6.018121
57.09173, 3.17281, 5.974515
57.10244, 3.024799, 5.912755
57.11468, 2.673778, 5.788549
57.12542, 2.682529, 5.546469
57.13763, 2.717634, 5.329056
57.14939, 2.663758, 5.17131
57.16058, 2.656037, 4.962743
57.17302, 2.65483, 4.743124
57.18351, 2.745486, 4.533189
57.19495, 2.519029, 4.359835
57.20528, 2.849188, 4.222898
57.21639, 2.686429, 4.074784
57.22744, 3.062385, 3.917438
57.23832, 2.802014, 3.763748
57.24853, 2.581288, 3.605259
57.25935, 2.361714, 3.436014
57.26839, 2.203926, 3.275927
57.27981, 2.300935, 3.205558
57.29175, 2.523318, 3.083345
57.30173, 2.533797, 2.986289
57.31544, 2.564965, 2.862133
57.32562, 3.103096, 2.834806
57.33813, 3.124295, 2.844846
57.34874, 3.455664, 2.844879
57.3596, 3.135288, 2.830452
57.37143, 2.729572, 2.816397
57.38245, 2.803177, 2.80495
57.39346, 3.482654, 2.811341
57.40444, 3.575534, 2.820771
57.41568, 3.758844, 2.838285
57.42652, 3.566757, 2.851417
57.43929, 3.654614, 2.872411
57.45062, 3.779688, 2.909275
57.46062, 3.811818, 2.946918
57.47158, 3.821918, 2.983727
57.48483, 4.444661, 3.043091
57.49638, 5.062484, 3.123306
57.50758, 5.380982, 3.214177
57.51704, 5.603885, 3.309457
57.52659, 5.646129, 3.413694
57.53727, 4.25402, 3.460521
57.55817, 8.2906, 3.647327
57.56861, 1.568579, 3.597534
57.5797, 2.005538, 3.570984
57.59077, 1.278294, 3.527551
57.60235, 1.663703, 3.504284
57.61431, 2.501633, 3.514208
57.62508, 2.024775, 3.505002
57.63607, 1.874398, 3.483372
57.64703, 1.787325, 3.458489
57.65807, 1.783841, 3.432452
57.66904, 1.728979, 3.386648
57.67941, 1.709564, 3.33949
57.69138, 1.686722, 3.280525
57.70216, 1.694136, 3.232487
57.714, 1.642463, 3.19625
57.7259, 1.609394, 3.156457
57.73737, 1.610139, 3.09404
57.7481, 1.544204, 3.02633
57.75901, 1.575373, 2.953547
57.7696, 1.649222, 2.889629
57.78175, 1.754416, 2.826289
57.79259, 1.722821, 2.757727
57.80534, 1.694401, 2.687147
57.81586, 1.71666, 2.616971
57.82569, 1.722466, 2.526231
57.83591, 1.701072, 2.414184
57.84697, 1.701072, 2.291521
57.86104, 1.809263, 2.165034
57.87209, 1.897213, 2.040069
57.8829, 1.827127, 1.959173
57.89374, 1.770861, 1.741848
57.90495, 1.920353, 1.753574
57.91659, 2.305749, 1.763581
57.92622, 9.947846, 2.052566
57.93818, 1.977888, 2.063039
57.9483, 2.701156, 2.06969
57.95924, 2.51052, 2.085881
57.97029, 2.366957, 2.1023
57.9818, 2.24871, 2.117679
57.99387, 2.254826, 2.133379
58.00526, 2.267052, 2.151314
58.01664, 2.517308, 2.178239
58.02839, 2.813558, 2.215801
58.03952, 2.896175, 2.255868
58.05074, 3.1302, 2.305459
58.06366, 3.291564, 2.361532
58.07861, 3.402013, 2.421261
58.09101, 3.448657, 2.484743
58.10196, 3.529131, 2.549868
58.11376, 3.59412, 2.614698
58.12595, 3.850749, 2.684576
58.13664, 4.222227, 2.767889
58.14786, 3.861118, 2.840113
58.15907, 3.935515, 2.914075
58.17083, 4.630959, 3.011025
58.18317, 4.193704, 3.094112
58.19408, 4.092622, 3.173831
58.20633, 4.563974, 3.265654
58.21687, 4.877176, 3.364986
58.22569, 4.740326, 3.462093
58.2352, 4.688922, 3.559362
58.24488, 4.652866, 3.650445
58.25604, 4.622443, 3.727669
58.26709, 7.039069, 3.63071
58.27798, 2.213427, 3.638561
58.28952, 4.02793, 3.682786
58.31167, 6.309851, 3.809431
58.32257, 2.213649, 3.804321
58.37823, 7.511754, 3.979755
58.3892, 7.669982, 4.160261
58.4006, 9.354419, 4.396506
58.61255, 9.141604, 4.617316
58.82406, 9.940106, 4.854867
58.84615, 6.774987, 4.984161
58.85848, 8.316584, 5.157041
58.88009, 8.126921, 5.31822
58.89131, 4.823505, 5.365602
58.90289, 5.4796, 5.433301
58.91392, 6.199769, 5.522322
58.92496, 6.853888, 5.630981
58.93649, 6.882166, 5.732028
58.94941, 6.652083, 5.813024
58.96527, 6.185905, 5.890516
58.97646, 5.019518, 5.92665
58.9867, 4.861635, 5.934339
59.00161, 4.615623, 5.948402
59.01342, 4.835747, 5.973173
59.02438, 4.499728, 5.971031
59.03648, 4.593198, 5.961565
59.05199, 4.634854, 5.958049
59.06748, 6.815254, 6.028927
59.08368, 7.193465, 6.113614
59.11494, 6.002752, 6.159624
59.13567, 5.009832, 6.091983
59.14628, 4.708797, 6.175162
59.15625, 4.668094, 6.196501
59.167, 6.160278, 6.191515
59.17804, 6.061266, 6.319769
59.1889, 6.511818, 6.286438
59.2, 7.316992, 6.274672
59.21103, 6.144412, 6.167672
59.22232, 5.380328, 6.042296
59.23336, 5.233238, 5.8854
59.24419, 5.835466, 5.854082
59.25566, 5.946373, 5.775075
59.26686, 6.178733, 5.710135
59.27908, 5.659213, 5.737992
59.28883, 6.459175, 5.770645
59.30088, 6.126729, 5.76821
59.31119, 6.009016, 5.740048
59.32229, 5.805717, 5.704165
59.33396, 5.734524, 5.673581
59.34428, 5.379071, 5.646686
59.35601, 5.612374, 5.666449
59.36695, 6.365125, 5.716565
59.37899, 6.064026, 5.764845
59.39029, 6.589569, 5.823306
59.40111, 6.48203, 5.889382
59.41302, 6.001187, 5.936316
59.42363, 5.320788, 5.95918
59.43422, 4.597069, 5.885241
59.44501, 4.768269, 5.8044
59.45604, 4.971288, 5.770019
59.51186, 5.090952, 5.772723
59.52408, 6.458397, 5.831042
59.53559, 7.145431, 5.91362
59.54801, 7.150236, 5.946619
59.55873, 9.895588, 6.07443
59.5814, 8.498837, 6.140664
59.59262, 7.72568, 6.154287
59.60347, 7.358602, 6.19476
59.61922, 7.149848, 6.253744
59.62945, 7.945318, 6.344146
59.64167, 7.738776, 6.407589
59.65242, 7.050553, 6.444396
59.6631, 7.169733, 6.477429
59.67443, 9.803296, 6.615565
59.68673, 8.234966, 6.674759
59.69656, 8.383289, 6.749978
59.76657, 9.13359, 6.85413
59.7777, 8.956743, 6.959165
59.78875, 9.392843, 7.081108
59.7997, 5.855519, 7.09699
59.81067, 6.481867, 7.125972
59.82262, 6.221975, 7.121201
59.83363, 5.151282, 7.090775
59.84591, 4.501454, 7.021172
59.85649, 4.099429, 6.941751
59.86636, 4.245113, 6.883216
59.87758, 4.213865, 6.846319
59.88883, 7.200601, 6.933104
59.90002, 2.357222, 6.852736
59.91076, 7.976595, 6.952912
59.92214, 4.606994, 6.93678
59.93341, 2.117258, 6.792076
59.94413, 1.462359, 6.60264
59.95546, 1.188105, 6.403902
59.9664, 1.840144, 6.135388
59.97743, 2.275749, 5.927951
59.98867, 2.105985, 5.740629
59.99973, 1.841936, 5.55674
60.01168, 1.707742, 5.375337
60.02383, 1.852564, 5.172246
60.03473, 1.246572, 4.955839
60.04559, 1.078568, 4.756773
60.05641, 1.077578, 4.5537
60.06698, 2.193073, 4.300026
60.07922, 3.560332, 4.144205
60.09053, 0.9952996, 3.897938
60.111, 4.761696, 3.752209
60.12263, 1.592844, 3.506745
60.13372, 3.335396, 3.30483
60.14919, 3.234508, 3.217463
60.15966, 3.496594, 3.117954
60.16997, 3.641932, 3.031953
60.18204, 3.37873, 2.972867
60.19363, 3.734228, 2.947293
60.20381, 3.626088, 2.931515
60.21579, 3.641751, 2.911403
60.22686, 4.07805, 2.906876
60.24973, 0.7807534, 2.692881
60.26087, 0.8597237, 2.642965
60.27167, 0.6791328, 2.399716
60.28307, 1.267213, 2.28839
60.29404, 1.01016, 2.251487
60.31076, 0.861434, 2.231456
60.32254, 0.9124077, 2.222266
60.33375, 0.8617225, 2.189652
60.34389, 0.8603972, 2.142474
60.35572, 0.8667437, 2.101166
60.36726, 0.8608508, 2.068463
60.37761, 0.8697988, 2.040532
60.38902, 0.6987374, 2.002071
60.39986, 0.9975927, 1.993772
60.41208, 1.91576, 2.021678
60.42367, 1.100571, 2.022444
60.43771, 1.105225, 1.986183
60.45049, 0.9869754, 1.900404
60.46225, 1.004727, 1.900718
60.47419, 1.122583, 1.779415
60.48484, 1.18237, 1.765732
60.49617, 1.258435, 1.6965
60.50685, 1.268333, 1.630961
60.51758, 1.236828, 1.555635
60.52688, 1.247651, 1.475826
60.53687, 1.280616, 1.405889
60.54937, 1.299832, 1.324742
60.56037, 1.257622, 1.245794
60.57166, 1.328749, 1.168693
60.58357, 1.530202, 1.083765
60.59603, 1.526465, 1.108622
60.60817, 1.484823, 1.129459
60.61993, 1.411753, 1.15388
60.63078, 1.388737, 1.15793
60.64203, 1.722705, 1.181682
60.65183, 1.127768, 1.19056
60.66301, 0.8287649, 1.187772
60.67384, 0.5861414, 1.178586
60.6867, 0.8487123, 1.178196
60.69789, 0.2376757, 1.157227
60.70756, 0.4140539, 1.142334
60.7196, 0, 1.113341
60.73195, 0, 1.090049
60.75414, 0, 1.056796
60.76625, 0, 0.9929376
60.79748, 0, 0.9562519
60.83057, 0, 0.9194111
60.84263, 0, 0.8865119
60.8545, 0, 0.853021
60.86526, 0, 0.8156016
60.87687, 0, 0.7761893
60.88875, 0, 0.7342415
60.90127, 0, 0.6919637
60.9129, 0, 0.6507361
60.92497, 0, 0.6091478
60.93785, 0, 0.5664605
60.94982, 0, 0.5231328
61.01633, 0, 0.481212
61.0272, 0, 0.4369204
61.03823, 0, 0.3859137
61.04802, 0, 0.3350315
61.05975, 0, 0.2855374
61.07261, 0, 0.238479
61.08411, 0, 0.1921878
61.22651, 5.704933, 0.3249287
61.23817, 4.614116, 0.4411403
61.25112, 6.694117, 0.6366521
61.26207, 2.456841, 0.6990087
61.27384, 3.060085, 0.7727211
61.28395, 8.718011, 1.055399
61.29508, 4.935177, 1.206103
61.30651, 3.326851, 1.316998
61.31618, 5.319645, 1.49432
61.32601, 4.775328, 1.653497
61.33759, 3.528596, 1.771117
61.34791, 2.742323, 1.862528
61.35807, 3.92522, 1.993369
61.36828, 4.010192, 2.127042
61.37867, 3.958383, 2.258988
61.38892, 3.807379, 2.3859
61.39946, 3.692911, 2.508997
61.43248, 5.002015, 2.675731
61.44496, 1.5615, 2.727781
61.45606, 1.593446, 2.780896
61.46658, 1.712555, 2.837981
61.47651, 3.680853, 2.960676
61.48782, 2.131601, 3.03173
61.49912, 1.683199, 3.087836
61.51003, 1.527271, 3.138745
61.52131, 1.548816, 3.190372
61.5327, 1.581862, 3.243101
61.54826, 1.660125, 3.298439
61.55695, 1.700893, 3.355135
61.56639, 1.721627, 3.412522
61.57659, 1.69346, 3.278806
61.58791, 1.641166, 3.179708
61.59919, 1.588945, 3.009536
61.61016, 1.655359, 2.98282
61.62424, 1.803464, 2.940933
61.63488, 1.754032, 2.7088
61.64708, 1.686053, 2.600496
61.65791, 1.709209, 2.546574
61.67316, 1.725703, 2.426776
61.68415, 1.75622, 2.326139
61.69543, 1.79719, 2.268425
61.70593, 1.748797, 2.235308
61.71725, 1.871397, 2.166847
61.72876, 1.892076, 2.096243
61.7398, 1.855649, 2.026152
61.74979, 2.831156, 1.993612
61.7598, 2.879071, 1.966483
61.77025, 2.681511, 1.889133
61.77922, 2.699575, 1.927069
61.79016, 1.666322, 1.929498
61.80134, 1.644226, 1.927221
61.8134, 1.65576, 1.859718
61.82423, 1.66957, 1.844317
61.83412, 1.69856, 1.844829
61.84458, 1.616876, 1.847815
61.8556, 1.550522, 1.847872
61.86647, 1.624729, 1.849301
61.87642, 1.589088, 1.846933
61.88833, 2.84498, 1.885069
61.89981, 4.689711, 1.984006
61.9234, 5.176598, 2.10011
61.93376, 3.678567, 2.168024
61.96599, 4.835655, 2.276248
61.97834, 5.666448, 2.40995
61.98825, 4.239937, 2.491166
61.99919, 1.954523, 2.497849
62.00978, 2.722984, 2.532413
62.02114, 6.343004, 2.686873
62.0323, 5.700981, 2.819383
62.04437, 5.953828, 2.959303
62.05641, 9.038651, 3.200685
62.06747, 6.484659, 3.358547
62.07914, 5.295369, 3.47268
62.08973, 5.694985, 3.599443
62.12373, 9.92106, 3.86829
62.13287, 9.111882, 4.077648
62.17973, 7.844954, 4.243177
62.1901, 9.341781, 4.465187
62.20082, 6.395156, 4.588373
62.21206, 4.692931, 4.68926
62.22343, 4.586336, 4.78733
62.23463, 7.885835, 4.994999
62.24614, 9.022747, 5.240105
62.25728, 7.412335, 5.430564
62.31424, 5.135224, 5.547843
62.32519, 4.094082, 5.632628
62.3364, 4.460279, 5.727147
62.34722, 5.256093, 5.84938
62.3584, 2.730393, 5.84556
62.36977, 3.464164, 5.804708
62.38095, 2.808764, 5.72578
62.39178, 2.923563, 5.700613
62.40325, 3.354105, 5.651229
62.41402, 5.682301, 5.651757
62.42539, 7.141549, 5.748478
62.43622, 6.761138, 5.908699
62.44802, 5.991695, 6.017655
62.45996, 6.598922, 6.026186
62.47112, 5.984992, 6.035653
62.4829, 3.513172, 5.954298
62.49294, 2.458714, 5.734966
62.5042, 2.908308, 5.615754
62.51509, 2.274192, 5.515048
62.52601, 2.111296, 5.395592
62.53679, 2.328154, 5.142495
62.54748, 2.831511, 4.933149
62.56055, 2.543197, 4.756424
62.57143, 2.442786, 4.526457
62.58262, 2.624864, 4.400781
62.59285, 2.549455, 4.329331
62.60348, 2.641533, 4.264505
62.61478, 2.387809, 4.081237
62.62596, 2.32816, 3.858085
62.63718, 2.524575, 3.695159
62.64761, 2.422524, 3.604736
62.65972, 2.41162, 3.548654
62.67192, 2.308082, 3.476914
62.68169, 2.344323, 3.379855
62.69291, 3.393788, 3.401968
62.70801, 5.115861, 3.457024
62.71823, 2.857788, 3.458659
62.7285, 4.342824, 3.505967
62.74069, 4.122769, 3.53159
62.78362, 5.820855, 3.536208
62.80416, 3.015674, 3.398679
62.82735, 1.449844, 3.221636
62.83812, 2.292641, 3.098334
62.84841, 1.140489, 2.916386
62.85809, 1.004747, 2.750378
62.8694, 0.9017991, 2.663332
62.8801, 0.6361928, 2.602581
62.89132, 0.6811189, 2.528342
62.90131, 0.8096578, 2.479523
62.91113, 0.8484226, 2.437428
62.92284, 0.7529019, 2.384919
62.93359, 1.330691, 2.334892
62.94477, 1.04253, 2.284869
62.95685, 0.5488687, 2.221738
62.96769, 0.5988908, 2.154206
62.97872, 0.7842728, 2.095367
62.99087, 1.033188, 2.041755
63.0018, 1.004207, 1.995635
63.0237, 0.5984926, 1.937979
63.03426, 0.6224657, 1.874576
63.04514, 0.9663695, 1.826038
63.0571, 0, 1.74565
63.06758, 0.7536839, 1.693837
63.07848, 0.2908796, 1.625389
63.09043, 0.634962, 1.533428
63.10171, 0.6168754, 1.383462
63.11237, 0.6189178, 1.308833
63.12449, 0.6741725, 1.186544
63.13622, 0.7386969, 1.073742
63.14714, 0.6632881, 0.901823
63.15871, 0.7395073, 0.8259508
63.16831, 0.7068928, 0.8011857
63.18015, 0.7236163, 0.7488849
63.19172, 0.706834, 0.7344297
63.20371, 0.7274907, 0.7251879
63.21386, 0.7503955, 0.7201411
63.22411, 0.7559643, 0.7241335
63.23745, 0.7677034, 0.7270197
63.24755, 0.7752005, 0.7258711
63.2571, 0, 0.6975903
63.26723, 0.7892677, 0.6988026
63.27803, 0.7984756, 0.681062
63.33345, 0.7583777, 0.6715903
63.34453, 0, 0.6532947
63.36694, 0, 0.6333317
63.37803, 0, 0.6071892
63.38916, 0.9385055, 0.6040332
63.45597, 0, 0.5705596
63.46695, 0, 0.5506098
63.47789, 0, 0.529861
63.48903, 0, 0.4976487
63.50044, 0.7209039, 0.5216788
63.5122, 0.9250145, 0.5273898
63.5232, 1.436271, 0.5655695
63.53376, 1.524603, 0.5952242
63.54491, 1.797191, 0.6345681
63.55643, 1.323619, 0.6580582
63.56742, 1.398868, 0.6822147
63.57832, 1.178002, 0.6968582
63.58981, 1.378109, 0.7206855
63.60132, 1.415508, 0.7432188
63.61201, 1.433524, 0.7674399
63.62345, 1.425315, 0.7908299
63.6345, 1.409782, 0.8142615
63.64577, 1.58181, 0.8427388
63.65694, 1.225939, 0.8585902
63.66864, 1.416557, 0.88061
63.6795, 1.32713, 0.8992575
63.69102, 1.587923, 0.9263483
63.70207, 1.509258, 0.9766569
63.7137, 1.456515, 0.9988984
63.72471, 1.330457, 1.016631
63.73608, 1.295594, 1.034538
63.74786, 1.367578, 1.080124
63.75901, 1.931895, 1.144521
63.77061, 1.782822, 1.203948
63.78571, 1.043996, 1.207464
63.79746, 0, 1.207464
63.97561, 5.773487, 1.399914
63.98685, 6.903666, 1.630036
63.99811, 3.827639, 1.757624
64.00914, 3.767836, 1.859189
64.02013, 3.344356, 1.939833
64.03125, 2.835528, 1.986475
64.04229, 3.254984, 2.044155
64.05336, 3.206557, 2.091134
64.06431, 3.516211, 2.16422
64.07558, 3.519624, 2.234912
64.08678, 3.394364, 2.308791
64.10023, 3.699389, 2.386167
64.1111, 3.666348, 2.461195
64.12196, 3.666662, 2.535633
64.13445, 3.714388, 2.611935
64.14531, 3.889558, 2.694594
64.15604, 3.918313, 2.772478
64.16603, 3.956667, 2.863502
64.17711, 4.083234, 2.952391
64.18824, 3.882907, 3.037584
64.19807, 4.227945, 3.125584
64.20916, 6.313362, 3.285721
64.21996, 4.85213, 3.398908
64.23132, 4.617801, 3.508487
64.24207, 5.176174, 3.637839
64.25314, 5.127403, 3.763167
64.26469, 5.36404, 3.877572
64.27626, 5.743663, 4.0096
64.28744, 6.584246, 4.194274
64.29868, 7.277198, 4.436848
64.30992, 7.406992, 4.491298
64.32137, 6.951659, 4.492898
64.33285, 6.750389, 4.590323
64.34456, 7.806314, 4.724939
64.35837, 9.458452, 4.928742
64.36811, 5.777024, 5.026792
64.37898, 4.222572, 5.059045
64.39007, 4.200161, 5.092165
64.63294, 0, 4.974958
64.64447, 0, 4.857637
64.65536, 4.993469, 4.910941
64.66657, 3.453765, 4.902754
64.67756, 5.285381, 4.956721
64.68898, 7.327278, 5.078742
64.70038, 7.975261, 5.220771
64.76674, 5.579689, 5.277109
64.77933, 3.839091, 5.274468
64.7899, 4.871351, 5.304957
64.80111, 4.281579, 5.311569
64.81174, 3.345858, 5.293668
64.823, 5.324961, 5.330235
64.83438, 5.53319, 5.304229
64.84553, 6.466292, 5.358034
64.94682, 4.5947, 5.357264
64.96078, 3.670242, 5.307066
64.97143, 3.909102, 5.266456
64.98248, 5.704168, 5.277793
65.01595, 6.580547, 5.305689
65.26517, 6.491029, 5.302582
65.2765, 5.888457, 5.256291
