0.0111321, 5.019257, 5.019257, 2.546477
0.0207146, 4.562436, 4.790846, 2.54642
0.0320125, 4.158223, 4.579972, 2.546332
0.0429691, 4.153727, 4.473411, 2.546123
0.0541144, 4.200833, 4.418895, 2.546024
0.0651874, 3.989955, 4.347405, 2.545749
0.0757582, 4.051441, 4.305125, 2.545465
0.0866445, 4.040786, 4.272082, 2.545095
0.0981958, 4.13113, 4.256421, 2.544714
0.1089097, 4.138873, 4.244666, 2.544249
0.1199322, 4.213302, 4.241815, 2.543818
0.1311207, 4.189546, 4.237459, 2.543259
0.142773, 4.323355, 4.244067, 2.542511
0.1540626, 4.315028, 4.249135, 2.541801
0.1643819, 4.396346, 4.25895, 2.541079
0.175371, 4.648678, 4.283308, 2.540317
0.1874361, 4.205177, 4.278712, 2.539391
0.1991007, 4.382579, 4.284482, 2.538434
0.209682, 4.083543, 4.273906, 2.537545
0.2207619, 4.287697, 4.274596, 2.536547
0.2310294, 4.242828, 4.235774, 2.535594
0.2421173, 4.689678, 4.242136, 2.534487
0.2536544, 4.631482, 4.2658, 2.533268
0.2644331, 4.750317, 4.295629, 2.53207
0.2754363, 4.674888, 4.319331, 2.530803
0.2873529, 4.679653, 4.353817, 2.529346
0.2985245, 4.699464, 4.386218, 2.527941
0.3094881, 4.842189, 4.426288, 2.52648
0.3204504, 4.459092, 4.442686, 2.524796
0.3311604, 4.5273, 4.462108, 2.523358
0.3419565, 4.748746, 4.48888, 2.521791
0.3530637, 4.507297, 4.504767, 2.51997
0.3643853, 4.265289, 4.501864, 2.518209
0.3754407, 4.982305, 4.535228, 2.516484
0.3871596, 4.862342, 4.558528, 2.514547
0.3983995, 5.049964, 4.578592, 2.512543
0.4095525, 5.694889, 4.653077, 2.5106
0.4206485, 5.251566, 4.696527, 2.508743
0.4309961, 5.221114, 4.753406, 2.506765
0.4421801, 5.208363, 4.799439, 2.504656
0.4531391, 5.083919, 4.841493, 2.502734
0.4643316, 5.208665, 4.867442, 2.500487
0.475546, 4.855555, 4.878646, 2.49809
0.4864823, 4.638103, 4.873034, 2.495831
0.4975962, 4.609642, 4.869772, 2.493483
0.5087214, 4.5906, 4.86532, 2.491081
0.5197297, 4.619576, 4.861325, 2.488476
0.5317642, 4.586679, 4.84855, 2.485749
0.5426933, 4.61003, 4.856097, 2.483122
0.554225, 4.717204, 4.865592, 2.48039
0.5649865, 5.015226, 4.878916, 2.477799
0.5759279, 5.202439, 4.913673, 2.475291
0.5863601, 4.980993, 4.949459, 2.472687
0.5976998, 4.767235, 4.938705, 2.469774
0.6085811, 4.914406, 4.941308, 2.466916
0.6199224, 5.269507, 4.952285, 2.463935
0.6314063, 5.226272, 4.928855, 2.460875
0.642477, 5.35843, 4.934198, 2.457834
0.6537342, 5.300714, 4.938178, 2.454689
0.6648151, 5.281709, 4.941845, 2.451588
0.6759101, 5.586377, 4.966968, 2.448377
0.68708, 5.449874, 4.979029, 2.445144
0.6979652, 5.377818, 5.005142, 2.442008
0.7090398, 5.701228, 5.058298, 2.438698
0.7202137, 5.559303, 5.105781, 2.435312
0.7314885, 5.586928, 5.155598, 2.431823
0.7428221, 5.531526, 5.201195, 2.42837
0.7538027, 5.580222, 5.250873, 2.424945
0.7647123, 2.929083, 5.166825, 2.421501
0.7760068, 3.030547, 5.082492, 2.417908
0.7862262, 2.88026, 4.975744, 2.414587
0.7975504, 2.929959, 4.86212, 2.410803
0.8084468, 3.11779, 4.76896, 2.407271
0.8197504, 3.117362, 4.686466, 2.403475
0.8315322, 3.074061, 4.594449, 2.399459
0.8425946, 3.027853, 4.482366, 2.395641
0.8538083, 3.137532, 4.377929, 2.391772
0.8647466, 2.983483, 4.259182, 2.387913
0.8760327, 2.989346, 4.143614, 2.383894
0.8863391, 2.999694, 4.029513, 2.380198
0.89735, 3.192114, 3.9098, 2.376252
0.9080876, 3.169302, 3.795771, 2.372249
0.9196898, 3.104722, 3.682117, 2.367911
0.9314361, 3.089313, 3.551521, 2.363473
0.9425941, 2.914335, 3.419273, 2.359198
0.9535567, 2.914457, 3.285649, 2.355025
0.9647443, 2.824733, 3.150309, 2.35068
0.976375, 2.427011, 2.992649, 2.346074
0.9862316, 2.387546, 2.965572, 2.342135
0.9973472, 2.417835, 2.934936, 2.33752
1.008399, 2.460697, 2.913958, 2.33299
1.019466, 2.365566, 2.885738, 2.3284
1.031588, 2.463325, 2.853015, 2.323341
1.042414, 2.545296, 2.824412, 2.318763
1.053848, 2.522156, 2.796816, 2.314215
1.064834, 2.495085, 2.770178, 2.309491
1.075862, 2.488139, 2.737709, 2.304558
1.086944, 2.52345, 2.714707, 2.299646
1.098039, 2.234024, 2.676941, 2.294745
1.108832, 2.258122, 2.639862, 2.289884
1.120065, 2.274462, 2.593979, 2.284841
1.130626, 2.306435, 2.550836, 2.280193
1.141616, 2.396372, 2.515419, 2.275131
1.152899, 2.503719, 2.486139, 2.269872
1.164088, 2.481308, 2.464488, 2.264686
1.175328, 2.485334, 2.443031, 2.25938
1.186362, 2.522227, 2.427906, 2.254172
1.197266, 2.575144, 2.435313, 2.24918
1.208443, 3.12769, 2.47232, 2.243849
1.219383, 3.105756, 2.506716, 2.238601
1.230579, 3.127136, 2.540038, 2.233349
1.241856, 3.109571, 2.577238, 2.227865
1.252898, 3.049636, 2.606554, 2.222358
1.263916, 3.14094, 2.636336, 2.216878
1.275065, 3.1101, 2.665733, 2.211168
1.286576, 3.177427, 2.69985, 2.205394
1.29794, 3.21201, 2.736043, 2.199721
1.309123, 3.211823, 2.770462, 2.194051
1.320047, 3.211752, 2.819349, 2.188461
1.330487, 3.285939, 2.870739, 2.183244
1.341733, 3.371245, 2.925579, 2.177468
1.352431, 3.616318, 2.991073, 2.171828
1.363879, 3.555398, 3.049024, 2.165848
1.37501, 3.293983, 3.088537, 2.159924
1.386739, 3.366651, 3.132804, 2.153729
1.397821, 3.274512, 3.172263, 2.147825
1.408885, 3.323485, 3.212326, 2.141828
1.419839, 3.432067, 3.255172, 2.135944
1.430412, 3.461446, 3.27186, 2.130258
1.441569, 2.790688, 3.256107, 2.124202
1.452597, 2.750954, 3.237298, 2.118107
1.463948, 2.629788, 3.213308, 2.111857
1.474937, 2.611213, 3.191387, 2.105981
1.486057, 2.592852, 3.163983, 2.099812
1.49737, 2.552319, 3.136094, 2.093722
1.508151, 2.454552, 3.09995, 2.087707
1.519328, 2.500243, 3.064361, 2.08145
1.531137, 2.3653, 3.022035, 2.074583
1.542156, 2.483372, 2.985616, 2.068352
1.553236, 2.484758, 2.945557, 2.062054
1.564475, 2.459691, 2.899979, 2.055621
1.575386, 2.46394, 2.84236, 2.049369
1.586028, 2.490364, 2.789109, 2.04325
1.596891, 2.540387, 2.751429, 2.036978
1.608359, 2.439156, 2.705054, 2.030288
1.619359, 2.448675, 2.663762, 2.023863
1.630428, 2.430928, 2.619134, 2.017306
1.641444, 2.417647, 2.568413, 2.010779
1.652563, 2.417653, 2.516224, 2.004087
1.663646, 2.38632, 2.496005, 1.997496
1.674838, 2.404769, 2.478696, 1.990906
1.686628, 2.495693, 2.471991, 1.983856
1.697587, 2.56549, 2.469705, 1.977246
1.708636, 2.595594, 2.469842, 1.970591
1.719737, 2.761126, 2.480283, 1.963859
1.730359, 4.63961, 2.589536, 1.957374
1.741278, 4.769106, 2.702979, 1.950715
1.752504, 4.987988, 2.834113, 1.943762
1.763807, 6.482813, 3.034086, 1.936769
1.774749, 6.100424, 3.214869, 1.929997
1.785929, 5.752736, 3.379521, 1.923105
1.797037, 5.782454, 3.545447, 1.916161
1.808025, 5.551146, 3.698486, 1.909309
1.819132, 5.058025, 3.824368, 1.902343
1.830671, 4.863955, 3.945607, 1.895007
1.841926, 4.928635, 4.069605, 1.887879
1.85337, 4.640038, 4.18006, 1.880815
1.864195, 3.19631, 4.218994, 1.873937
1.87547, 3.013894, 4.248806, 1.866567
1.886086, 3.169311, 4.287955, 1.859737
1.896874, 3.104512, 4.322942, 1.852807
1.908002, 3.191426, 4.357729, 1.845478
1.919299, 3.121713, 4.38554, 1.838168
1.93081, 3.104348, 4.410978, 1.830546
1.942032, 4.203557, 4.4831, 1.823216
1.953145, 3.875932, 4.444916, 1.815947
1.964428, 3.828795, 4.397901, 1.808545
1.97586, 3.802642, 4.338633, 1.801051
1.986027, 3.81569, 4.205277, 1.794376
1.996801, 3.895918, 4.095052, 1.787277
2.007915, 3.595539, 3.987192, 1.780105
2.019336, 3.572427, 3.87669, 1.772551
2.030962, 3.323292, 3.765297, 1.764822
2.041779, 3.252373, 3.675015, 1.757634
2.053117, 3.305905, 3.597113, 1.750063
2.06417, 3.628042, 3.532083, 1.742701
2.075394, 3.535125, 3.476838, 1.735162
2.085894, 3.53527, 3.493785, 1.728365
2.096858, 3.57202, 3.521692, 1.721038
2.108092, 3.42515, 3.534484, 1.713407
2.119253, 3.398971, 3.549206, 1.705916
2.130121, 3.419801, 3.560625, 1.698504
2.141261, 3.026139, 3.555846, 1.690995
2.152894, 3.146927, 3.557975, 1.683259
2.16346, 3.026121, 3.499104, 1.676101
2.174562, 2.995166, 3.455065, 1.668583
2.185711, 2.84453, 3.405852, 1.660955
2.196884, 2.837248, 3.357582, 1.653382
2.207898, 2.833723, 3.308484, 1.64591
2.21905, 2.367891, 3.232082, 1.63834
2.230224, 2.314161, 3.168014, 1.630761
2.241282, 2.446482, 3.111717, 1.623221
2.252544, 2.483696, 3.069737, 1.615685
2.2635, 2.427489, 3.028492, 1.608271
2.274618, 2.398337, 2.983114, 1.600626
2.28547, 2.354782, 2.919451, 1.593042
2.296821, 2.534847, 2.869437, 1.585277
2.307703, 2.800504, 2.832699, 1.577823
2.318922, 2.716097, 2.789903, 1.570184
2.330494, 2.539544, 2.745622, 1.562306
2.341472, 2.395662, 2.695457, 1.554807
2.352632, 2.178131, 2.633374, 1.546883
2.363898, 2.121208, 2.588127, 1.539157
2.374761, 2.113309, 2.536446, 1.531694
2.385949, 2.051115, 2.487696, 1.524051
2.397237, 2.027449, 2.43931, 1.516287
2.408249, 2.031305, 2.398649, 1.508557
2.419466, 2.017504, 2.357662, 1.50082
2.430739, 2.009179, 2.316434, 1.493136
2.441689, 1.98828, 2.297454, 1.48559
2.453671, 1.933783, 2.278435, 1.477495
2.463802, 1.977123, 2.254967, 1.470496
2.475231, 2.045593, 2.233062, 1.462634
2.485605, 2.049399, 2.214158, 1.455509
2.496637, 1.937108, 2.191096, 1.447924
2.507634, 1.998482, 2.173281, 1.440363
2.51883, 1.991081, 2.146093, 1.432265
2.530645, 1.954639, 2.103799, 1.424119
2.541659, 2.555595, 2.095774, 1.416504
2.552844, 2.546899, 2.096142, 1.408749
2.564002, 2.552967, 2.104007, 1.4012
2.575154, 2.546974, 2.122449, 1.393508
2.585605, 2.519351, 2.142357, 1.386402
2.596786, 2.437177, 2.15855, 1.378706
2.607574, 2.415796, 2.176784, 1.371274
2.618732, 2.427832, 2.196803, 1.363593
2.630822, 2.407791, 2.215628, 1.355257
2.641999, 2.31128, 2.230316, 1.347607
2.652766, 2.324699, 2.246092, 1.340039
2.664078, 2.335983, 2.263478, 1.332403
2.674839, 2.221381, 2.277857, 1.324992
2.685319, 2.152664, 2.286634, 1.317729
2.696498, 2.183666, 2.293538, 1.310042
2.707551, 2.163088, 2.299222, 1.302265
2.718706, 2.155659, 2.31015, 1.294593
2.730579, 2.302128, 2.325332, 1.286694
2.74175, 2.219205, 2.336739, 1.279021
2.752968, 2.214632, 2.349738, 1.271249
2.763819, 2.216877, 2.332802, 1.263805
2.775009, 2.144238, 2.312669, 1.256158
2.785394, 2.065354, 2.288289, 1.248991
2.796481, 2.067388, 2.264309, 1.241417
2.807706, 1.993582, 2.238021, 1.233687
2.818788, 1.962354, 2.21428, 1.226125
2.830561, 1.976437, 2.192312, 1.21813
2.841567, 1.944001, 2.16812, 1.21065
2.852999, 1.944841, 2.144972, 1.203138
2.863864, 1.900786, 2.124448, 1.195635
2.875251, 1.906769, 2.103551, 1.187946
2.885376, 1.92186, 2.082845, 1.181357
2.896713, 1.931419, 2.068347, 1.173739
2.907538, 1.933369, 2.057382, 1.166492
2.918625, 1.874185, 2.041908, 1.159099
2.930509, 1.932487, 2.030378, 1.151196
2.941783, 1.888268, 2.017008, 1.143677
2.952822, 1.891505, 1.996477, 1.136398
2.963656, 1.911027, 1.981068, 1.129128
2.975075, 1.920203, 1.966347, 1.121579
2.98531, 1.87365, 1.949186, 1.114764
2.996444, 1.888053, 1.936377, 1.107444
3.007638, 1.781291, 1.922174, 1.100346
3.018809, 1.783257, 1.907967, 1.093063
3.030482, 1.738698, 1.895223, 1.085266
3.041599, 1.735879, 1.883899, 1.078025
3.05307, 1.628711, 1.866513, 1.070625
3.067982, 1.646589, 1.851642, 1.060783
3.074793, 1.633111, 1.836056, 1.056365
3.085396, 1.552056, 1.818619, 1.04947
3.096442, 1.56146, 1.801353, 1.042353
3.107379, 1.557541, 1.783138, 1.035348
3.118493, 1.552539, 1.764194, 1.028205
3.130534, 1.511526, 1.743101, 1.020571
3.141535, 1.525559, 1.72567, 1.013564
3.15293, 1.520353, 1.705063, 1.006314
3.163513, 1.510915, 1.686196, 0.9996715
3.17477, 1.510471, 1.667144, 0.9925579
3.185294, 1.484031, 1.645794, 0.9860751
3.196301, 1.489978, 1.624283, 0.9791674
3.207586, 1.499029, 1.605552, 0.9721455
3.218493, 1.451237, 1.583711, 0.9653648
3.230431, 1.385685, 1.563931, 0.9578847
3.241867, 1.384708, 1.544003, 0.950964
3.252637, 1.022108, 1.508174, 0.944365
3.264193, 1.147287, 1.478745, 0.9372739
3.274705, 1.127925, 1.453705, 0.9309079
3.28535, 1.114876, 1.427119, 0.9244577
3.296445, 1.111882, 1.401058, 0.9177588
3.307683, 1.09198, 1.378054, 0.9106542
3.318846, 1.087022, 1.354332, 0.9039462
3.329494, 1.096386, 1.331275, 0.8972799
3.340675, 1.088482, 1.308072, 0.8905466
3.351794, 1.092611, 1.287126, 0.8839146
3.36272, 1.092047, 1.26545, 0.8775041
3.37392, 1.120979, 1.245482, 0.8708696
3.386203, 1.118811, 1.225876, 0.8638963
3.396882, 1.121971, 1.206451, 0.8576753
3.408056, 1.130656, 1.188783, 0.8511892
3.419303, 1.136606, 1.171114, 0.8446835
3.429315, 1.156867, 1.154006, 0.8388191
3.440583, 1.13636, 1.138262, 0.8323453
3.451784, 1.11696, 1.124826, 0.8259485
3.462754, 1.108095, 1.110995, 0.8196558
3.473985, 1.103773, 1.115078, 0.8133118
3.485692, 1.074282, 1.111428, 0.8067282
3.496762, 1.043483, 1.107206, 0.8005388
3.507915, 0.941161, 1.09852, 0.7945419
3.518973, 0.9231985, 1.089086, 0.7884269
3.52957, 0.9038858, 1.079681, 0.7824931
3.54081, 0.8944791, 1.070054, 0.7763693
3.551667, 0.8157856, 1.056024, 0.7702988
3.562895, 0.6968939, 1.036445, 0.7641998
3.574026, 0.7448802, 1.019058, 0.7582058
3.585032, 0.7452466, 1.001718, 0.7522244
3.596033, 0.7429834, 0.9828185, 0.7463552
3.607539, 0.7878809, 0.9662721, 0.7402427
3.618297, 0.8163894, 0.9509929, 0.7345485
3.630055, 0.829091, 0.9359147, 0.7284899
3.641189, 0.8207293, 0.9201209, 0.722653
3.652389, 0.8126251, 0.9029089, 0.7168462
3.66364, 0.8157181, 0.8868768, 0.7111151
3.674738, 0.8195859, 0.872008, 0.7054279
3.685119, 0.8155466, 0.8573806, 0.7000338
3.696264, 0.8092655, 0.8426552, 0.6943912
3.707224, 0.7948755, 0.8286849, 0.6889526
3.718266, 0.7865045, 0.815836, 0.6834366
3.729826, 0.7676464, 0.8071603, 0.6777173
3.741081, 0.7624207, 0.7991214, 0.6722085
3.752485, 0.7585157, 0.7918529, 0.6666404
3.763241, 0.7463997, 0.784449, 0.6613798
3.774487, 0.7372976, 0.7805246, 0.6559865
3.785003, 0.7369227, 0.782526, 0.6508605
3.795993, 0.7284399, 0.7817039, 0.6456412
3.807229, 0.7211118, 0.7804972, 0.6406198
3.818345, 0.7119398, 0.7789449, 0.6354529
3.830127, 0.6958976, 0.7743458, 0.6300241
3.841098, 0.6993877, 0.7684957, 0.6250175
3.852539, 0.7052588, 0.7623041, 0.6198267
3.863171, 0.7095022, 0.7567427, 0.6150429
3.874437, 0.6938332, 0.7508031, 0.610028
3.884864, 0.6978496, 0.7449097, 0.6054239
3.896143, 0.6932811, 0.7385945, 0.6004769
3.907081, 0.6868678, 0.7321605, 0.594865
3.918184, 0.6963514, 0.7265148, 0.5901271
3.929935, 0.6883273, 0.7211875, 0.5850648
3.940905, 0.6925217, 0.7164883, 0.5803246
3.952153, 0.6884339, 0.7125276, 0.5755484
3.963264, 0.683778, 0.7085955, 0.5708068
3.974487, 0.6656122, 0.7039503, 0.5661126
3.985026, 0.655555, 0.6994081, 0.5617386
3.996139, 0.652759, 0.6951811, 0.5571732
4.007135, 0.6528785, 0.6909789, 0.5527033
4.018335, 0.640835, 0.6865987, 0.5482877
4.029335, 0.6399109, 0.6825386, 0.5438953
4.040334, 0.6349717, 0.6786901, 0.539646
4.051504, 0.6273437, 0.6752625, 0.5353006
4.062534, 0.6223732, 0.6714118, 0.531006
4.073503, 0.6104605, 0.6666719, 0.5268374
4.085602, 0.6069665, 0.661545, 0.5223766
4.096434, 0.5716398, 0.6554354, 0.5183386
4.107938, 0.5339117, 0.6472385, 0.5140626
4.119145, 0.5249308, 0.638821, 0.5099288
4.129346, 0.5205909, 0.6305071, 0.5062557
4.140548, 0.5246211, 0.6219206, 0.5022898
4.151381, 0.54049, 0.6145288, 0.498472
4.162465, 0.5331264, 0.606559, 0.4945763
4.173523, 0.5294113, 0.5986079, 0.4907704
4.186386, 0.5305537, 0.5909467, 0.4863539
4.196738, 0.5302932, 0.5841807, 0.4828787
4.207799, 0.5277276, 0.5777894, 0.4792908
4.218588, 0.5245249, 0.5713776, 0.4757122
4.229156, 0.523831, 0.5649253, 0.4722286
4.240322, 0.521402, 0.5589536, 0.4687533
4.251396, 0.5441968, 0.554168, 0.4652812
4.262511, 0.5450224, 0.5496705, 0.4617667
4.273438, 0.525359, 0.5445713, 0.4584175
4.285272, 0.5259071, 0.539748, 0.4548119
4.29654, 0.5275464, 0.5356023, 0.4514696
4.307455, 0.5154112, 0.5310246, 0.4482968
4.318609, 0.5203534, 0.5284602, 0.4451439
4.329791, 0.5131301, 0.5274211, 0.4419262
4.341129, 0.5016915, 0.5262592, 0.4387813
4.352005, 0.4935286, 0.524906, 0.4357961
4.363144, 0.4959157, 0.5234708, 0.4328489
4.374345, 0.4941868, 0.5211556, 0.4298809
4.384678, 0.4850717, 0.5187529, 0.4272891
4.395832, 0.4867865, 0.5166216, 0.4244204
4.406762, 0.4806777, 0.5141279, 0.4216872
4.417978, 0.4789228, 0.5115593, 0.418912
4.428942, 0.4641176, 0.5083788, 0.4162627
4.440172, 0.4656738, 0.5054362, 0.4136658
4.45126, 0.4634213, 0.5024157, 0.411089
4.462252, 0.46633, 0.4996621, 0.408626
4.47365, 0.4627571, 0.4955901, 0.4060813
4.485391, 0.4481918, 0.4907486, 0.4034088
4.496672, 0.4419795, 0.4865796, 0.4009887
4.50773, 0.4504415, 0.4828063, 0.3986644
4.518586, 0.4471207, 0.4787849, 0.3964983
4.529262, 0.427819, 0.4744053, 0.3943273
4.540095, 0.4341193, 0.4700936, 0.3920407
4.551252, 0.4345317, 0.4661637, 0.3898646
4.56229, 0.4294465, 0.4625514, 0.3877832
4.573553, 0.4289948, 0.4593247, 0.3856887
4.584444, 0.4242341, 0.4557407, 0.383633
4.595703, 0.4267708, 0.4523699, 0.3816472
4.606704, 0.4269578, 0.4494642, 0.3797834
4.61782, 0.4244753, 0.4463487, 0.3781166
4.629151, 0.4223717, 0.4434334, 0.3762704
4.640157, 0.4212338, 0.440549, 0.3744653
4.65119, 0.4165032, 0.4381682, 0.3727825
4.662339, 0.4154395, 0.4356565, 0.3711165
4.67345, 0.4153627, 0.4332536, 0.3695171
4.685144, 0.4159128, 0.4307327, 0.3678307
4.696432, 0.4086255, 0.4280261, 0.3662973
4.707349, 0.4044809, 0.4258406, 0.3648657
4.718511, 0.4059916, 0.4240412, 0.3635663
4.729183, 0.4031929, 0.4216788, 0.3622898
4.739999, 0.4044185, 0.4195437, 0.3610577
4.751266, 0.4017715, 0.4182413, 0.3598032
4.762348, 0.401225, 0.4165966, 0.3586283
4.773475, 0.3939745, 0.4145687, 0.3575105
4.785252, 0.3934957, 0.4127712, 0.3564355
4.796332, 0.3920066, 0.4109218, 0.3554627
4.807643, 0.3872211, 0.4090711, 0.3545055
4.818477, 0.3867815, 0.4070717, 0.3536428
4.828865, 0.3814713, 0.4047973, 0.352859
4.839923, 0.3784983, 0.4024984, 0.3520795
4.85125, 0.3767891, 0.4002193, 0.3512091
4.862364, 0.3767872, 0.397997, 0.3505101
4.8734, 0.3719101, 0.3957673, 0.3498777
4.88517, 0.3717101, 0.3935808, 0.3492611
4.896284, 0.3702753, 0.3913265, 0.3487365
4.907542, 0.3672678, 0.3888942, 0.3482625
4.918521, 0.3673154, 0.3868287, 0.3478587
4.928689, 0.3634595, 0.3847776, 0.3475112
4.939919, 0.3580182, 0.382379, 0.3471872
4.951101, 0.3572401, 0.3800813, 0.3468011
4.96226, 0.3569883, 0.3777098, 0.3465908
4.973301, 0.356125, 0.3754275, 0.3464173
4.985013, 0.3568326, 0.3732078, 0.3463061
4.996278, 0.3552009, 0.3712692, 0.3462495
5.007129, 0.3543054, 0.3693096, 0.3464714
5.01861, 0.3513813, 0.3672784, 0.3465249
5.028877, 0.350798, 0.3654572, 0.3466114
5.03999, 0.3505569, 0.363646, 0.3467788
5.050869, 0.3504717, 0.362096, 0.3469922
5.062084, 0.3518008, 0.3607612, 0.3473597
5.073308, 0.350796, 0.3594615, 0.34768
5.084316, 0.3524354, 0.3582439, 0.3481093
5.095566, 0.3495295, 0.3571249, 0.3485516
5.106549, 0.345265, 0.3558026, 0.3490021
5.117618, 0.3451834, 0.354548, 0.349527
5.129336, 0.3449727, 0.3534333, 0.3501742
5.141019, 0.3494857, 0.3525418, 0.3509099
5.151458, 0.3493344, 0.3518355, 0.3515788
5.162796, 0.3482331, 0.3513463, 0.3523491
5.173673, 0.3476146, 0.350865, 0.3531438
5.183109, 0.3465153, 0.3503414, 0.3539147
5.194028, 0.3460444, 0.3498374, 0.3548226
5.205647, 0.3460281, 0.3492971, 0.3558449
5.216347, 0.3447562, 0.3487749, 0.356827
5.227435, 0.3448758, 0.3483034, 0.3579472
5.239152, 0.3444425, 0.3479565, 0.3591669
5.250299, 0.3434493, 0.347589, 0.3603637
5.261448, 0.3435793, 0.3472401, 0.3616137
5.272576, 0.3449078, 0.346962, 0.3628283
5.283009, 0.3451647, 0.3466302, 0.364049
5.294131, 0.3482074, 0.3465007, 0.3654441
5.305464, 0.3500329, 0.3463806, 0.3668408
5.315957, 0.3501584, 0.346412, 0.3682661
5.327685, 0.3519812, 0.3467478, 0.3698802
5.339121, 0.3558934, 0.3472834, 0.3715702
5.350396, 0.360304, 0.3480499, 0.3732219
5.361487, 0.3666716, 0.3489092, 0.374908
5.372538, 0.3645515, 0.3496701, 0.3766375
5.382926, 0.3663266, 0.3505748, 0.3781117
5.394193, 0.3661472, 0.3515014, 0.3799665
5.405389, 0.3666921, 0.3525102, 0.3818966
5.416515, 0.3794973, 0.3541828, 0.3838095
5.427557, 0.3798115, 0.355872, 0.3858024
5.438681, 0.3785797, 0.3575632, 0.388162
5.450114, 0.3774354, 0.3591911, 0.3903382
5.460852, 0.3782539, 0.3608817, 0.3924518
5.471949, 0.3778484, 0.3626017, 0.394295
5.482831, 0.3811885, 0.3644822, 0.3965268
5.493888, 0.3819085, 0.3663322, 0.3988037
5.505458, 0.3851189, 0.3683299, 0.4012417
5.516042, 0.3876977, 0.3703044, 0.4037508
5.527818, 0.391798, 0.3723927, 0.406275
5.539342, 0.3961708, 0.3746933, 0.4086658
5.550035, 0.3942444, 0.3768064, 0.4111083
5.561778, 0.3900595, 0.3785148, 0.4138299
5.572975, 0.395303, 0.3802647, 0.4164341
5.583834, 0.3957483, 0.3817186, 0.4191115
5.594662, 0.3984284, 0.3834124, 0.4217387
5.606165, 0.3970951, 0.3849508, 0.4246661
5.61728, 0.4012805, 0.3867075, 0.4276274
5.62858, 0.4064958, 0.3886977, 0.4305876
5.639799, 0.4116106, 0.3903033, 0.4336269
5.650746, 0.4145505, 0.3920403, 0.436603
5.661811, 0.4147107, 0.3938469, 0.4396058
5.673237, 0.4160714, 0.3957787, 0.4428141
5.684644, 0.4263761, 0.3981848, 0.4461407
5.695806, 0.4266922, 0.400627, 0.4493801
5.707271, 0.4287423, 0.4030046, 0.4527944
5.717863, 0.4387925, 0.4058488, 0.4559648
5.728621, 0.44124, 0.4086549, 0.4592227
5.739567, 0.437854, 0.4111628, 0.4626275
5.750896, 0.4383282, 0.4134893, 0.466162
5.761652, 0.4422779, 0.4157946, 0.4694941
5.772948, 0.4394446, 0.4180546, 0.4730654
5.784677, 0.4488997, 0.4209966, 0.4768744
5.795851, 0.451684, 0.4238157, 0.4806376
5.807045, 0.4562327, 0.4268399, 0.4843578
5.817897, 0.457592, 0.4297981, 0.4880614
5.828685, 0.457373, 0.432812, 0.4917446
5.839665, 0.4595597, 0.435726, 0.4955291
5.850595, 0.4872562, 0.439764, 0.4993469
5.861517, 0.4914423, 0.4437556, 0.5031905
5.872852, 0.4933876, 0.4476974, 0.5072408
5.88437, 0.4934741, 0.4516355, 0.5114112
5.896005, 0.4988517, 0.4557746, 0.5156618
5.906635, 0.5066447, 0.459788, 0.5196252
5.917874, 0.486102, 0.4627585, 0.523937
5.928721, 0.4864388, 0.4656433, 0.5280396
5.939576, 0.5035834, 0.4688829, 0.5321428
5.950569, 0.4987682, 0.4717592, 0.5364031
5.961686, 0.4977639, 0.4747547, 0.5407195
5.97298, 0.5044001, 0.4780583, 0.545132
5.984484, 0.4989631, 0.4808926, 0.5497117
5.995854, 0.4966221, 0.4837515, 0.5542759
6.006734, 0.4968418, 0.4861485, 0.5587131
6.017809, 0.5015534, 0.488642, 0.5633225
6.028487, 0.4982377, 0.4907423, 0.5677599
6.039502, 0.4954317, 0.4926342, 0.5724334
6.050544, 0.4889299, 0.4942121, 0.5770627
6.061675, 0.493122, 0.4958902, 0.5817753
6.0728, 0.5029377, 0.4966743, 0.5865216
6.084585, 0.5293282, 0.4985686, 0.5916464
6.095722, 0.5283142, 0.500315, 0.5965012
6.106819, 0.5272278, 0.5020026, 0.6013972
6.117691, 0.5234901, 0.5032345, 0.606257
6.128435, 0.5213907, 0.5039719, 0.6110829
6.139482, 0.5151863, 0.505426, 0.616057
6.150498, 0.5140626, 0.5068073, 0.6210678
6.161791, 0.5137984, 0.5073181, 0.6262694
6.172684, 0.5318033, 0.5089698, 0.6314614
6.184815, 0.5389898, 0.5110312, 0.6371391
6.195623, 0.5391095, 0.5127666, 0.6422725
6.210358, 0.5375406, 0.5146955, 0.6492515
6.2179, 0.5634949, 0.5180391, 0.6528584
6.228283, 0.5629707, 0.5213456, 0.6578407
6.239555, 0.5716475, 0.5248502, 0.6632648
6.250342, 0.5756943, 0.5287231, 0.6684963
6.261566, 0.5876655, 0.5333348, 0.6739353
6.27279, 0.6029077, 0.5390337, 0.6794778
6.284784, 0.6033799, 0.5445466, 0.6854154
6.295453, 0.6052301, 0.5496613, 0.6907972
6.306608, 0.6121105, 0.5538003, 0.6963862
6.317803, 0.6214879, 0.558459, 0.7020479
6.328256, 0.633637, 0.5637795, 0.7073598
6.339345, 0.6385806, 0.569534, 0.7130178
6.350305, 0.6613376, 0.5765314, 0.7186211
6.36153, 0.6655287, 0.5840484, 0.7244837
6.372807, 0.6957611, 0.5931333, 0.7303938
6.384499, 0.6993219, 0.6024095, 0.7365395
6.395468, 0.7038721, 0.6110129, 0.7427295
6.406854, 0.7077307, 0.61945, 0.7488192
6.41774, 0.7077307, 0.627881, 0.7544504
6.428338, 0.7144034, 0.6367241, 0.760157
6.439354, 0.7185668, 0.6444777, 0.7660962
6.450196, 0.7105241, 0.6518553, 0.7719368
6.461373, 0.7259393, 0.6595699, 0.7780795
6.473193, 0.7262042, 0.6670954, 0.7845867
6.483934, 0.7435671, 0.6748905, 0.7904889
6.494944, 0.7626157, 0.6828759, 0.7966188
6.505879, 0.8291615, 0.694165, 0.8027412
6.517131, 0.8487475, 0.7063408, 0.8091378
6.528134, 0.8728442, 0.7193775, 0.8153514
6.539215, 0.8836308, 0.7324847, 0.8216448
6.550361, 0.9024723, 0.7459264, 0.828004
6.561241, 0.9195122, 0.759973, 0.8342018
6.572513, 0.9195001, 0.7728811, 0.8407081
6.583601, 0.933871, 0.7862982, 0.847157
6.594688, 0.9216548, 0.7975929, 0.8535635
6.605823, 0.9239209, 0.8088229, 0.8601
6.617497, 0.9295369, 0.8201061, 0.8668475
6.628391, 0.9406325, 0.8317512, 0.8732548
6.639723, 0.9594783, 0.8443385, 0.8799098
6.650576, 0.9561197, 0.8564243, 0.886345
6.6618, 0.9863369, 0.8698128, 0.8930618
6.673035, 0.8744069, 0.8780071, 0.8997338
6.683564, 0.8660232, 0.8850113, 0.9061529
6.694818, 0.8951586, 0.893459, 0.913402
6.705657, 0.9128366, 0.9019225, 0.9199266
6.716924, 0.9065512, 0.9091193, 0.9267909
6.72848, 0.8943149, 0.9123771, 0.93388
6.739967, 0.8949713, 0.9146883, 0.9409359
6.750825, 0.9015654, 0.9161243, 0.9471612
6.761849, 0.9131291, 0.9175993, 0.9540067
6.773299, 0.9127378, 0.9181126, 0.9611104
6.783601, 0.9198658, 0.9181303, 0.9675272
6.794584, 0.9222686, 0.9182687, 0.9741099
6.805883, 0.9347709, 0.9183137, 0.9811943
6.816914, 0.9548355, 0.9199727, 0.9880544
6.828171, 0.9582809, 0.9216906, 0.9951262
6.840285, 0.976307, 0.9240292, 1.002802
6.850846, 0.9761028, 0.9258027, 1.009476
6.861945, 0.9848728, 0.9270724, 1.016521
6.873753, 1.009701, 0.9297515, 1.024065
6.883622, 1.014655, 0.9311673, 1.03039
6.894473, 1.009032, 0.9378986, 1.037277
6.905869, 1.021765, 0.9456857, 1.044592
6.916887, 1.041888, 0.9530221, 1.051626
6.928395, 1.049327, 0.9598467, 1.059055
6.940341, 1.054284, 0.9672333, 1.066843
6.950704, 1.064224, 0.9757287, 1.073553
6.961687, 1.069882, 0.9844742, 1.080708
6.9733, 1.101894, 0.9944906, 1.088278
6.983305, 1.142839, 1.005976, 1.094859
6.99478, 1.142509, 1.017465, 1.102417
7.005709, 1.145326, 1.028738, 1.109596
7.016873, 1.12678, 1.038963, 1.116938
7.028122, 1.39855, 1.062152, 1.124386
7.039689, 1.37116, 1.082968, 1.132006
7.050544, 1.331008, 1.101605, 1.139506
7.061945, 1.345049, 1.120042, 1.147137
7.073164, 1.366376, 1.139556, 1.154666
7.083516, 1.367702, 1.158697, 1.161637
7.094576, 1.38377, 1.1774, 1.168931
7.105568, 1.382479, 1.195792, 1.176322
7.116889, 1.368997, 1.21379, 1.183871
7.128072, 1.392162, 1.23231, 1.191391
7.139885, 1.438654, 1.252148, 1.199311
7.150728, 1.423219, 1.270843, 1.20663
7.161932, 1.434052, 1.289831, 1.214231
7.172926, 1.432498, 1.308245, 1.221663
7.183216, 1.482103, 1.328856, 1.228649
7.194577, 1.491766, 1.348349, 1.236294
7.205626, 1.464338, 1.364424, 1.243799
7.216721, 1.483367, 1.381467, 1.25135
7.227955, 1.512214, 1.399812, 1.259002
7.239945, 1.520194, 1.419482, 1.267121
7.250959, 1.527654, 1.425937, 1.274603
7.265299, 1.559368, 1.435348, 1.28441
7.273059, 1.680249, 1.45281, 1.289647
7.2833, 1.672019, 1.469158, 1.296625
7.294323, 1.72773, 1.487226, 1.304336
7.305811, 1.747179, 1.5062, 1.312217
7.31678, 1.71241, 1.522632, 1.319729
7.327845, 1.744502, 1.540733, 1.327366
7.340585, 1.787138, 1.56164, 1.336135
7.350795, 1.684904, 1.576277, 1.34309
7.361517, 1.716637, 1.590176, 1.350475
7.373333, 1.797313, 1.608881, 1.358655
7.383138, 1.804842, 1.627421, 1.365399
7.394418, 1.832074, 1.6474, 1.373247
7.405725, 1.829824, 1.664786, 1.381056
7.416492, 1.887571, 1.684576, 1.388492
7.427906, 1.920757, 1.707397, 1.396382
7.439504, 1.885191, 1.727488, 1.404413
7.450824, 2.020068, 1.752881, 1.412197
7.46147, 2.024683, 1.778105, 1.419566
7.473081, 2.163447, 1.809895, 1.427804
7.48317, 2.214493, 1.842651, 1.434818
7.494323, 2.317268, 1.874502, 1.442399
7.505571, 2.421752, 1.911989, 1.450041
7.516602, 2.32338, 1.941771, 1.457671
7.527737, 2.333377, 1.971081, 1.465302
7.539811, 2.315148, 2.001218, 1.473644
7.550554, 2.243083, 2.026147, 1.481077
7.561876, 2.241916, 2.048886, 1.488881
7.574893, 2.154291, 2.072356, 1.497839
7.583802, 2.069681, 2.090008, 1.503982
7.594428, 2.00356, 2.10032, 1.511351
7.605586, 2.142832, 2.117219, 1.519027
7.616574, 1.965404, 2.123886, 1.526674
7.627462, 2.024272, 2.133609, 1.534293
7.638433, 2.087805, 2.14362, 1.541857
7.649467, 2.03219, 2.149192, 1.549528
7.660479, 2.038906, 2.156878, 1.557085
7.671575, 2.122496, 2.161999, 1.564725
7.682774, 2.185713, 2.17005, 1.572464
7.693855, 2.161092, 2.169933, 1.580128
7.705057, 2.198873, 2.169152, 1.587824
7.715899, 2.231251, 2.164851, 1.595314
7.727194, 2.238083, 2.155667, 1.60293
7.738935, 2.20218, 2.149607, 1.611
7.750027, 1.789693, 2.122423, 1.618531
7.760892, 1.77118, 2.095224, 1.62594
7.772416, 1.789296, 2.072535, 1.633804
7.782564, 1.821914, 2.051535, 1.640719
7.793744, 1.8404, 2.035841, 1.648263
7.804852, 1.837381, 2.024226, 1.655989
7.816087, 1.780925, 2.013094, 1.663638
7.827306, 1.817127, 1.996809, 1.671075
7.838915, 1.881664, 1.992622, 1.67895
7.849699, 1.892143, 1.986015, 1.686171
7.860965, 1.892143, 1.976232, 1.693778
7.872012, 1.921037, 1.970674, 1.701184
7.882576, 1.935268, 1.965492, 1.708268
7.893705, 1.936171, 1.956176, 1.715788
7.905111, 1.890376, 1.941409, 1.723521
7.915798, 1.829816, 1.924846, 1.730704
7.927065, 1.869626, 1.908383, 1.738265
7.938117, 1.953853, 1.894513, 1.745637
7.949382, 1.761289, 1.870674, 1.753117
7.960314, 1.774115, 1.849271, 1.760378
7.971512, 1.684798, 1.844026, 1.767773
7.982605, 1.671479, 1.839041, 1.775089
7.993553, 1.705333, 1.834843, 1.782339
8.004693, 1.726812, 1.830088, 1.789801
8.01559, 1.844466, 1.830291, 1.796985
8.027353, 1.816404, 1.829242, 1.804691
8.039341, 1.883231, 1.834357, 1.812528
8.049556, 1.939595, 1.840481, 1.81916
8.060636, 2.25232, 1.859013, 1.826347
8.071821, 2.219415, 1.875377, 1.833706
8.082742, 2.178586, 1.889699, 1.84077
8.093447, 2.224714, 1.904883, 1.847512
8.104889, 2.233666, 1.919803, 1.854807
8.115603, 2.131843, 1.929586, 1.861674
8.127069, 2.125688, 1.941352, 1.868896
8.139289, 2.098401, 1.954781, 1.876684
8.149738, 2.07285, 1.964942, 1.883222
8.161075, 2.101536, 1.972326, 1.890392
8.17305, 2.218219, 1.995173, 1.898062
8.183013, 2.132042, 2.013069, 1.904308
8.193785, 2.781478, 2.067903, 1.910921
8.204849, 2.157346, 2.092196, 1.917758
8.215672, 2.1149, 2.112675, 1.924438
8.227282, 2.268429, 2.139756, 1.9316
8.238536, 2.711242, 2.183095, 1.938519
8.249605, 2.767603, 2.230654, 1.945372
8.260942, 2.765866, 2.274786, 1.952276
8.271996, 2.824203, 2.319016, 1.959095
8.282569, 2.769407, 2.344871, 1.965533
8.293697, 2.661284, 2.366964, 1.972469
8.304748, 2.520303, 2.38405, 1.979238
8.315934, 2.480741, 2.396852, 1.986009
8.327136, 2.447785, 2.407557, 1.992653
8.338599, 2.380617, 2.419996, 1.999512
8.349592, 2.381899, 2.432807, 2.006005
8.360845, 2.370423, 2.446408, 2.012666
8.372589, 2.390977, 2.462314, 2.019591
8.382528, 2.409198, 2.477697, 2.02543
8.39359, 2.417048, 2.487639, 2.031883
8.404582, 2.383033, 2.500188, 2.03842
8.415879, 2.434204, 2.482825, 2.044969
8.427019, 2.446426, 2.497279, 2.051374
8.438349, 2.459893, 2.514529, 2.057865
8.449688, 2.654891, 2.533852, 2.064349
8.46072, 2.70041, 2.53331, 2.070622
8.471944, 2.693945, 2.529627, 2.077186
8.482335, 2.684018, 2.525535, 2.083123
8.493528, 2.717139, 2.520182, 2.089374
8.50458, 2.757763, 2.519599, 2.095511
8.515488, 2.769927, 2.525032, 2.101565
8.527079, 2.782097, 2.538121, 2.108137
8.538845, 2.80328, 2.554248, 2.114632
8.54984, 2.821175, 2.572918, 2.120618
8.561042, 2.837427, 2.595758, 2.126728
8.57205, 2.73891, 2.613609, 2.132695
8.582613, 2.768014, 2.633488, 2.138405
8.593908, 2.77662, 2.652771, 2.144478
8.604998, 2.888963, 2.676759, 2.150516
8.616203, 2.954403, 2.703626, 2.156503
8.627539, 2.962319, 2.732591, 2.162522
8.638902, 3.029136, 2.762337, 2.168494
8.650154, 2.776393, 2.778836, 2.174388
8.66116, 2.893245, 2.800503, 2.180092
8.672534, 3.725533, 2.854035, 2.185978
8.683334, 3.549106, 2.89647, 2.19146
8.694147, 3.449827, 2.934264, 2.196996
8.705593, 3.878321, 2.993979, 2.203009
8.716623, 3.82816, 3.049531, 2.208583
8.72754, 3.919654, 3.107625, 2.214068
8.738145, 3.958506, 3.167054, 2.219354
8.749296, 3.965999, 3.226249, 2.224933
8.760428, 3.896241, 3.280897, 2.230421
8.77151, 3.799757, 3.329826, 2.235885
8.78328, 3.809524, 3.378431, 2.241522
8.79444, 3.806288, 3.4318, 2.246876
8.80569, 3.962794, 3.491539, 2.252271
8.816345, 4.117536, 3.558585, 2.257314
8.828082, 4.121373, 3.620206, 2.262805
8.839415, 3.829808, 3.663976, 2.268105
8.850116, 3.774551, 3.704588, 2.27305
8.861161, 3.995037, 3.752883, 2.278095
8.872678, 3.746143, 3.80137, 2.283522
8.882428, 3.705557, 3.841986, 2.287794
8.893712, 3.68392, 3.839906, 2.292858
8.904988, 3.702364, 3.847569, 2.297816
8.915911, 3.837192, 3.866936, 2.302644
8.927158, 3.807558, 3.863398, 2.307532
8.939237, 3.568566, 3.850419, 2.312744
8.950061, 3.650965, 3.836984, 2.317268
8.961122, 3.689916, 3.823555, 2.321907
8.972318, 3.51722, 3.801116, 2.326533
8.982438, 3.448827, 3.778745, 2.330712
8.993599, 3.533903, 3.765453, 2.335296
9.004774, 3.517332, 3.750843, 2.339891
9.015909, 3.617877, 3.741422, 2.344371
9.026999, 3.481166, 3.717341, 2.348811
9.038896, 3.803451, 3.701637, 2.353469
9.050258, 3.748772, 3.683006, 2.357918
9.060812, 3.836353, 3.683333, 2.361934
9.072024, 4.013425, 3.695277, 2.366205
9.082414, 4.072431, 3.699147, 2.370134
9.093527, 3.928047, 3.708242, 2.374266
9.104721, 3.928159, 3.719373, 2.378595
9.115902, 3.8802, 3.729187, 2.382666
9.127192, 4.442731, 3.766205, 2.386661
9.138903, 4.725611, 3.810626, 2.390829
9.149855, 5.357839, 3.88814, 2.394687
9.160877, 6.082652, 4.013844, 2.398543
9.173175, 7.921618, 4.227377, 2.402599
9.182436, 8.356798, 4.460721, 2.405625
9.204695, 9.984189, 4.78407, 2.413046
9.293403, 9.982122, 5.110734, 2.440965
9.315737, 8.905224, 5.379301, 2.447475
9.326754, 9.21902, 5.664385, 2.450551
9.339067, 8.127054, 5.889844, 2.453995
9.34982, 7.587381, 6.095155, 2.456979
9.360974, 6.62772, 6.236368, 2.460013
9.37199, 7.148499, 6.406354, 2.462957
9.382197, 7.459789, 6.587526, 2.465589
9.393375, 7.434737, 6.758592, 2.468471
9.404568, 6.747176, 6.892329, 2.471364
9.415792, 6.280785, 7.009966, 2.474153
9.427783, 6.407419, 7.133929, 2.477201
9.441829, 5.889686, 7.234403, 2.480578
9.453386, 5.976491, 7.311091, 2.483392
9.460681, 5.78119, 7.36387, 2.485006
9.472034, 5.78119, 7.385037, 2.487642
9.482403, 5.699786, 7.365893, 2.489956
9.493374, 5.699406, 7.254783, 2.492308
9.504488, 5.842051, 7.129046, 2.494675
9.515698, 6.023428, 6.931007, 2.497035
9.526865, 6.063698, 6.735087, 2.499321
9.538527, 6.190351, 6.599343, 2.501661
9.549891, 6.921877, 6.484486, 2.503916
9.560575, 7.493136, 6.452789, 2.505967
9.572146, 7.392666, 6.443053, 2.50806
9.582977, 7.042899, 6.463812, 2.509993
9.59379, 7.345796, 6.473677, 2.511919
9.605199, 6.869725, 6.444173, 2.513924
9.616195, 6.508167, 6.397845, 2.515823
9.62696, 6.387073, 6.379839, 2.517546
9.637963, 6.158376, 6.373719, 2.519352
9.648863, 5.657436, 6.336219, 2.521014
9.660064, 5.490051, 6.316237, 2.522755
9.671224, 5.723641, 6.303595, 2.524395
9.682875, 4.726084, 6.250839, 2.525971
9.694036, 5.351533, 6.229356, 2.527486
9.705005, 5.767755, 6.232755, 2.528895
9.716524, 4.892372, 6.192404, 2.530332
9.727554, 4.776733, 6.139138, 2.531672
9.73787, 4.632334, 6.069583, 2.532853
9.749102, 4.797848, 6.006291, 2.534213
9.759873, 4.845001, 5.939023, 2.535295
9.771299, 4.711701, 5.828515, 2.536483
9.782262, 4.637718, 5.685744, 2.537569
9.793325, 4.741344, 5.553178, 2.538595
9.804383, 5.777756, 5.489921, 2.539632
9.815538, 5.315059, 5.388383, 2.540547
9.826848, 6.163988, 5.353096, 2.541541
9.838372, 8.606436, 5.45801, 2.542374
9.860327, 9.362561, 5.606785, 2.543728
9.871529, 8.774009, 5.737566, 2.544328
9.8821, 9.67054, 5.938222, 2.544685
9.893184, 9.115942, 6.119516, 2.545187
9.904591, 9.228909, 6.29478, 2.545694
9.938231, 9.882288, 6.552589, 2.546636
9.960493, 8.65293, 6.717659, 2.547173
9.982774, 9.226871, 6.890615, 2.547357
9.993976, 9.207891, 7.10639, 2.54737
10.00502, 8.984715, 7.316789, 2.547374
10.01645, 8.858962, 7.528121, 2.54728
10.02741, 9.52364, 7.76441, 2.547222
10.1384, 8.987521, 7.971536, 2.543057
10.14927, 8.604517, 8.166177, 2.542463
10.1717, 8.330496, 8.350816, 2.540878
10.44929, 9.193108, 8.573403, 2.503431
10.4605, 9.950989, 8.782064, 2.501148
10.49286, 9.907995, 9.011711, 2.49461
10.50398, 9.365973, 9.17181, 2.492386
10.51525, 7.726637, 9.127821, 2.489897
10.52636, 8.333097, 9.076347, 2.487483
10.53852, 7.974389, 9.036367, 2.48471
10.54935, 8.315215, 8.9686, 2.482157
10.56119, 7.986338, 8.912121, 2.479308
10.57201, 9.16879, 8.909115, 2.476712
10.58198, 9.16879, 8.87344, 2.474287
10.5929, 7.564167, 8.819002, 2.471595
10.60419, 7.388777, 8.727098, 2.468775
10.61508, 7.666543, 8.65003, 2.465957
10.62626, 7.499238, 8.575757, 2.463068
10.63816, 7.76, 8.520808, 2.459885
10.64912, 7.614296, 8.425342, 2.456896
10.66031, 7.693769, 8.360655, 2.453771
10.67165, 7.616856, 8.311271, 2.450542
10.68156, 7.425189, 8.266006, 2.447742
10.69294, 7.487631, 8.180731, 2.444404
10.70419, 7.551704, 8.060766, 2.441104
10.71518, 7.871867, 7.958961, 2.437798
10.72646, 7.425586, 7.861941, 2.43435
10.7379, 6.62927, 7.807073, 2.430805
10.74915, 8.423142, 7.811575, 2.427294
10.76005, 7.802216, 7.802966, 2.42387
10.77148, 7.399644, 7.757188, 2.420206
10.78187, 7.339372, 7.724839, 2.416941
10.793, 7.116438, 7.622221, 2.413287
10.80416, 6.588444, 7.493204, 2.409553
10.81528, 6.399298, 7.43496, 2.405791
10.82607, 6.799038, 7.405473, 2.402067
10.83741, 6.861458, 7.365219, 2.398098
10.84832, 5.834466, 7.281981, 2.394277
10.8596, 5.274088, 7.157686, 2.390217
10.87059, 4.961768, 7.025059, 2.38624
10.88213, 5.3304, 6.90689, 2.382007
10.89331, 5.236321, 6.787864, 2.377867
10.9045, 4.714101, 6.652309, 2.373689
10.91557, 4.564287, 6.506143, 2.369533
10.92655, 4.952359, 6.376175, 2.365256
10.93752, 4.951897, 6.230177, 2.361138
10.94832, 4.843957, 6.101096, 2.356956
10.9594, 4.940807, 6.016672, 2.352664
10.97047, 5.410797, 5.866055, 2.348292
10.98232, 5.504394, 5.751164, 2.343629
10.99327, 5.470759, 5.654719, 2.339229
11.00439, 4.850006, 5.530252, 2.334662
11.01591, 4.706625, 5.40976, 2.329915
11.02684, 4.551893, 5.307933, 2.32539
11.03721, 4.542561, 5.215096, 2.321071
11.0481, 4.561356, 5.103212, 2.316467
11.05936, 4.599023, 4.99009, 2.311604
11.07057, 4.608545, 4.928794, 2.306745
11.08163, 4.506078, 4.890394, 2.302017
11.09281, 4.556816, 4.870146, 2.297102
11.10381, 4.585225, 4.832888, 2.292332
11.1148, 4.487775, 4.795461, 2.287454
11.12598, 4.438236, 4.781667, 2.282532
11.13816, 4.515122, 4.779209, 2.276986
11.14888, 4.813852, 4.772283, 2.272106
11.16, 4.808667, 4.765122, 2.266992
11.17087, 4.632993, 4.754574, 2.261973
11.18186, 4.672071, 4.741138, 2.256884
11.19286, 4.73644, 4.707419, 2.251746
11.20362, 4.756701, 4.670035, 2.246676
11.21476, 4.876993, 4.640347, 2.241278
11.22615, 4.777401, 4.636716, 2.235805
11.23705, 5.747238, 4.688747, 2.230463
11.24828, 5.595463, 4.740926, 2.224988
11.25931, 5.717713, 4.799684, 2.219553
11.27024, 5.681015, 4.855666, 2.214157
11.28208, 5.610298, 4.90623, 2.208406
11.29366, 5.582009, 4.954904, 2.202616
11.30466, 5.347241, 4.996962, 2.197091
11.3155, 5.29607, 5.033924, 2.191557
11.32649, 5.0554, 5.057433, 2.185988
11.33709, 5.010126, 5.08355, 2.180543
11.34807, 5.414025, 5.132339, 2.174886
11.35928, 5.138735, 5.16352, 2.169133
11.37041, 5.522215, 5.198938, 2.163318
11.38183, 4.57912, 5.187461, 2.157324
11.39304, 4.250465, 5.168334, 2.151408
11.40431, 4.230287, 5.146245, 2.145415
11.41537, 4.094099, 5.114128, 2.139392
11.42642, 4.113002, 5.081943, 2.133399
11.4371, 4.038285, 5.040008, 2.127674
11.44815, 4.279943, 5.015134, 2.121631
11.45918, 4.338689, 4.944707, 2.115534
11.47062, 4.106466, 4.870257, 2.109184
11.48208, 3.984717, 4.783608, 2.102807
11.49344, 3.952672, 4.697191, 2.09651
11.50443, 4.3904, 4.636196, 2.090436
11.51547, 4.465388, 4.580365, 2.084259
11.52643, 4.42524, 4.534265, 2.078062
11.5367, 4.377442, 4.488333, 2.072484
11.54806, 4.557069, 4.463417, 2.066037
11.55936, 4.479222, 4.436872, 2.059573
11.57025, 4.543147, 4.393328, 2.053204
11.58127, 4.438344, 4.358308, 2.046837
11.59238, 4.651596, 4.314777, 2.040385
11.60375, 4.652044, 4.318424, 2.033763
11.61461, 4.566508, 4.334226, 2.027473
11.62597, 4.599634, 4.352693, 2.020783
11.63787, 4.425921, 4.369284, 2.013547
11.6487, 4.443517, 4.38581, 2.007088
11.65961, 4.317971, 4.399795, 2.0006
11.67123, 4.272254, 4.39941, 1.993647
11.68132, 4.29689, 4.39732, 1.987573
11.69251, 4.082903, 4.396142, 1.980794
11.70351, 4.019926, 4.397902, 1.974131
11.71456, 4.012488, 4.400893, 1.96741
11.72578, 3.896097, 4.376177, 1.960556
11.73791, 3.814734, 4.343645, 1.95323
11.74881, 4.098915, 4.327329, 1.946536
11.75977, 4.317473, 4.32433, 1.939689
11.77062, 3.979783, 4.295466, 1.932974
11.78403, 3.71246, 4.257128, 1.924711
11.79269, 3.672189, 4.21358, 1.919241
11.80362, 3.781705, 4.180748, 1.912423
11.81456, 3.737043, 4.13502, 1.905445
11.82577, 3.392995, 4.072068, 1.898383
11.83759, 3.309348, 4.00921, 1.890968
11.849, 3.464916, 3.952475, 1.883745
11.8597, 3.45416, 3.903887, 1.876985
11.87081, 3.367297, 3.850075, 1.869928
11.88139, 3.253194, 3.796837, 1.863186
11.89259, 3.196737, 3.743061, 1.856066
11.90352, 3.194279, 3.687931, 1.849078
11.91465, 3.076582, 3.637615, 1.841847
11.92556, 2.919664, 3.582602, 1.834809
11.93684, 2.927502, 3.528352, 1.827474
11.94779, 2.709602, 3.469028, 1.820348
11.95894, 2.864225, 3.421502, 1.813137
11.97025, 2.795218, 3.356318, 1.805754
11.98166, 2.749958, 3.277941, 1.798362
11.99276, 2.75335, 3.21662, 1.791076
12.00412, 2.721057, 3.16705, 1.783522
12.01503, 2.763671, 3.121624, 1.776302
12.02633, 2.770808, 3.071079, 1.768838
12.03677, 2.739796, 3.021216, 1.761782
12.04766, 2.639656, 2.98355, 1.754539
12.05892, 2.602386, 2.948201, 1.74681
12.06999, 2.565974, 2.903254, 1.739389
12.08154, 2.435547, 2.852324, 1.731871
12.09316, 2.584174, 2.813168, 1.724282
12.10392, 2.507534, 2.775885, 1.717109
12.11504, 2.544021, 2.743249, 1.709604
12.12609, 2.516489, 2.709359, 1.702173
12.13671, 2.467327, 2.678896, 1.695015
12.14783, 3.852201, 2.725523, 1.687513
12.15881, 3.463161, 2.752306, 1.680229
12.16989, 3.595592, 2.796606, 1.672747
12.18095, 3.469352, 2.826862, 1.665316
12.19221, 3.117977, 2.843, 1.657604
12.20319, 3.060306, 2.858518, 1.650148
12.21434, 2.736665, 2.857683, 1.642684
12.22554, 2.760916, 2.859676, 1.635076
12.23766, 2.612752, 2.85213, 1.62668
12.24832, 2.566284, 2.841904, 1.619393
12.25929, 2.531188, 2.831474, 1.611897
12.27043, 2.503922, 2.824687, 1.604259
12.28143, 2.530359, 2.821085, 1.596745
12.29257, 2.380241, 2.811799, 1.589338
12.30389, 2.040291, 2.792036, 1.581569
12.31483, 2.012407, 2.763448, 1.574064
12.32599, 2.045197, 2.740331, 1.566423
12.33649, 2.075182, 2.716889, 1.559267
12.34768, 1.933835, 2.687756, 1.551599
12.35878, 1.949119, 2.661846, 1.543857
12.36986, 1.927679, 2.565619, 1.536232
12.38206, 2.425395, 2.513731, 1.527799
12.3929, 2.441635, 2.456033, 1.520288
12.40381, 2.429384, 2.404035, 1.512758
12.41543, 2.477182, 2.371995, 1.504716
12.42682, 2.471492, 2.342554, 1.496839
12.43657, 2.383086, 2.324875, 1.490185
12.44757, 2.407393, 2.307199, 1.482576
12.45877, 2.403571, 2.29674, 1.474996
12.46991, 2.311132, 2.283983, 1.467294
12.48173, 2.358052, 2.275326, 1.459129
12.49274, 2.299044, 2.265082, 1.451451
12.50383, 2.306303, 2.253879, 1.443754
12.515, 2.153579, 2.242546, 1.436266
12.52613, 2.180461, 2.249555, 1.428577
12.53661, 2.177369, 2.257802, 1.421239
12.54745, 2.02266, 2.256676, 1.413739
12.55862, 2.018827, 2.253858, 1.405907
12.56986, 2.022463, 2.25829, 1.398131
12.5809, 2.002178, 2.260942, 1.390462
12.59193, 1.961965, 2.262657, 1.382756
12.6032, 1.962811, 2.239527, 1.374976
12.61434, 1.937558, 2.214324, 1.367286
12.62527, 1.934284, 2.189569, 1.359755
12.63718, 1.923394, 2.161879, 1.351555
12.648, 1.890377, 2.132823, 1.344137
12.65917, 1.842072, 2.105773, 1.336408
12.67043, 1.828876, 2.076847, 1.328648
12.68077, 1.810736, 2.047205, 1.321548
12.69202, 1.817448, 2.022521, 1.313942
12.70296, 1.812175, 1.995227, 1.306473
12.71417, 1.813649, 1.970957, 1.298744
12.7253, 1.833346, 1.94731, 1.29114
12.73708, 1.928066, 1.936034, 1.28294
12.74824, 1.932782, 1.92365, 1.275311
12.75933, 1.945378, 1.91205, 1.267683
12.77028, 1.975788, 1.909707, 1.260234
12.78069, 2.13695, 1.915613, 1.253137
12.79186, 2.127646, 1.920872, 1.245622
12.80288, 2.166697, 1.929098, 1.238144
12.81423, 2.106191, 1.93631, 1.230562
12.82524, 2.105092, 1.943424, 1.223101
12.83711, 2.100035, 1.951547, 1.215041
12.84813, 1.980907, 1.953879, 1.207603
12.85909, 1.989972, 1.957207, 1.200292
12.87417, 1.997228, 1.96255, 1.190158
12.88081, 2.035774, 1.972235, 1.18565
12.89157, 1.976502, 1.979616, 1.178461
12.90311, 1.96679, 1.987419, 1.170732
12.91418, 1.912493, 1.992171, 1.163265
12.9251, 1.963153, 1.99972, 1.155979
12.93652, 1.914168, 2.004746, 1.148326
12.94749, 1.878701, 2.007014, 1.141024
12.95848, 1.846236, 2.002923, 1.133837
12.9696, 1.84083, 1.998325, 1.126468
12.98059, 1.816247, 1.991868, 1.11915
12.99187, 1.73674, 1.979916, 1.11169
13.00298, 1.731696, 1.959653, 1.104369
13.01374, 1.699101, 1.938226, 1.097304
13.02461, 1.678783, 1.91383, 1.090194
13.03681, 1.66667, 1.891854, 1.082165
13.04798, 1.667743, 1.869987, 1.074884
13.05894, 1.673627, 1.848666, 1.067806
13.07014, 1.659415, 1.832592, 1.060564
13.08081, 1.659036, 1.816045, 1.053667
13.09181, 1.576831, 1.795025, 1.046611
13.10292, 1.535288, 1.770001, 1.039491
13.11389, 1.479011, 1.745126, 1.032509
13.12528, 1.472499, 1.720412, 1.025263
13.13606, 1.450938, 1.697334, 1.018389
13.14717, 1.448789, 1.671616, 1.011368
13.15853, 1.469386, 1.649377, 1.004197
13.16947, 1.442719, 1.627578, 0.9973497
13.18061, 1.588653, 1.614699, 0.9903789
13.19188, 1.586906, 1.602002, 0.9833619
13.20278, 1.597596, 1.59107, 0.9766071
13.21392, 1.670737, 1.58777, 0.9694114
13.22497, 1.663975, 1.584383, 0.9625685
13.23658, 1.673381, 1.583097, 0.9553605
13.24771, 1.674677, 1.582892, 0.9485174
13.25885, 1.678009, 1.583459, 0.9416658
13.27004, 1.700799, 1.585112, 0.9348505
13.2805, 1.598348, 1.581348, 0.9284919
13.29175, 1.629479, 1.579851, 0.9217027
13.30278, 1.62959, 1.578379, 0.9150505
13.31388, 1.601802, 1.579627, 0.9083572
13.32451, 1.569016, 1.581314, 0.9019887
13.3369, 1.545544, 1.584641, 0.8945622
13.34765, 1.522436, 1.587137, 0.8881639
13.3587, 1.499701, 1.589576, 0.8816205
13.37006, 1.504576, 1.592365, 0.8749379
13.38037, 1.407837, 1.589287, 0.8688903
13.39153, 1.356795, 1.584991, 0.8623648
13.4027, 1.3235, 1.571733, 0.8558553
13.41387, 1.307199, 1.557748, 0.8493435
13.4248, 1.301184, 1.542928, 0.8430212
13.4366, 1.193517, 1.519067, 0.8362154
13.44781, 1.222317, 1.496984, 0.8297784
13.45901, 1.277514, 1.47719, 0.8234409
13.47049, 1.262847, 1.456599, 0.816918
13.48046, 1.138745, 1.429636, 0.8113497
13.49162, 1.104373, 1.399814, 0.8051766
13.50283, 1.105992, 1.375196, 0.7989074
13.51394, 1.149012, 1.351173, 0.7926417
13.52475, 1.138994, 1.326643, 0.7866518
13.53658, 1.1592, 1.304513, 0.7802582
13.54772, 1.157788, 1.283952, 0.7741508
13.55888, 1.155222, 1.264436, 0.7680996
13.57006, 1.116867, 1.244157, 0.7619774
13.58048, 1.07686, 1.223015, 0.7563737
13.59146, 1.065624, 1.201068, 0.7504481
13.60256, 1.072828, 1.184317, 0.7445194
13.61377, 1.059377, 1.169446, 0.7387031
13.62504, 1.025721, 1.154557, 0.7327579
13.63659, 1.024568, 1.140426, 0.7266435
13.64773, 0.9979323, 1.125263, 0.7208541
13.65884, 1.005725, 1.115874, 0.7152135
13.67013, 0.976756, 1.103596, 0.7094162
13.68111, 0.966859, 1.088063, 0.7037706
13.69285, 0.9578136, 1.072811, 0.6977853
13.70303, 0.9602181, 1.063885, 0.6926464
13.715, 0.9611976, 1.056726, 0.6865337
13.72536, 0.9449071, 1.048672, 0.6813574
13.7362, 0.9279012, 1.037616, 0.6759439
13.74761, 0.9068492, 1.026009, 0.6703144
13.75831, 0.9176212, 1.01393, 0.6650198
13.76993, 0.9049535, 1.001288, 0.6593871
13.78044, 0.9113247, 0.9890936, 0.6542881
13.7915, 0.9184423, 0.9791723, 0.6490213
13.8024, 0.908493, 0.970754, 0.6438276
13.81364, 0.8912477, 0.9620351, 0.6384978
13.82468, 0.8849009, 0.9526387, 0.6333164
13.83721, 0.8749375, 0.9434168, 0.6275699
13.8481, 0.8967587, 0.9369687, 0.6225174
13.85874, 0.8809139, 0.929786, 0.6176279
13.86978, 0.8378927, 0.921784, 0.6126241
13.8802, 0.8478701, 0.9138912, 0.6079266
13.89145, 0.8466135, 0.9073841, 0.602944
13.90284, 0.8544326, 0.9017628, 0.5978981
13.91368, 0.800086, 0.8938764, 0.5931526
13.92461, 0.8022254, 0.8859768, 0.5883975
13.93651, 0.7899913, 0.8774165, 0.5832877
13.94759, 0.7885193, 0.8695971, 0.5786235
13.95856, 0.7810693, 0.8622556, 0.5739644
13.97455, 0.7548764, 0.854657, 0.5672702
13.98037, 0.7576559, 0.8466587, 0.5648544
13.99131, 0.7636909, 0.8395956, 0.5603282
14.00244, 0.7444791, 0.8312532, 0.5557913
14.01351, 0.7330914, 0.8219857, 0.55133
14.02481, 0.7304279, 0.8130825, 0.5468296
14.03653, 0.7232075, 0.8046805, 0.5422521
14.04784, 0.7014357, 0.7955073, 0.5379857
14.05848, 0.7008892, 0.7868049, 0.5338942
14.06963, 0.6676844, 0.7753512, 0.5295854
14.08024, 0.6644851, 0.7645298, 0.5255862
14.09162, 0.6490662, 0.7550884, 0.5214215
14.10227, 0.6416837, 0.7447791, 0.5174981
14.11341, 0.6300493, 0.7339509, 0.513414
14.1246, 0.6200088, 0.7222297, 0.5093703
14.13633, 0.6177101, 0.7131109, 0.505024
14.14745, 0.6199053, 0.7039949, 0.5011531
14.15848, 0.6097831, 0.6949845, 0.4972712
14.16955, 0.5973222, 0.6854247, 0.4934489
14.18059, 0.5831645, 0.6755294, 0.4896862
14.19244, 0.5621135, 0.6658913, 0.4857768
14.20295, 0.5656978, 0.6562933, 0.4822708
14.2143, 0.5564327, 0.6459304, 0.4785439
14.2249, 0.5579224, 0.6366026, 0.4749536
14.23565, 0.5551132, 0.6277037, 0.4714698
14.24692, 0.5416632, 0.6182655, 0.4678393
14.25783, 0.5427582, 0.609243, 0.4644095
14.26893, 0.546217, 0.601482, 0.4608296
14.28085, 0.546648, 0.5937699, 0.4571652
14.2917, 0.5391597, 0.5873437, 0.4539557
14.30327, 0.5331002, 0.5807744, 0.4505131
14.31433, 0.5224109, 0.5744417, 0.4472613
14.32506, 0.5038875, 0.5675519, 0.4441342
14.33553, 0.4968232, 0.5608906, 0.4411132
14.3467, 0.4841031, 0.5540953, 0.4380174
14.35776, 0.4807578, 0.5472477, 0.4349603
14.36879, 0.4821268, 0.5403588, 0.43195
14.38021, 0.4748317, 0.5336112, 0.4288844
14.39117, 0.4785241, 0.5276713, 0.4260684
14.40234, 0.4830923, 0.5226677, 0.4231809
14.41344, 0.4879056, 0.5189573, 0.420253
14.42444, 0.4827578, 0.5148103, 0.4175434
14.4366, 0.4830653, 0.5111419, 0.4145949
14.44713, 0.4772543, 0.5071085, 0.4120575
14.45826, 0.478698, 0.5032877, 0.409377
14.46939, 0.4691679, 0.499663, 0.4068033
14.48001, 0.4667115, 0.4958606, 0.4044124
14.4911, 0.4684723, 0.4919734, 0.4020114
14.5021, 0.4611381, 0.4876979, 0.399623
14.51322, 0.4546528, 0.4834725, 0.3974785
14.5246, 0.4534645, 0.4794908, 0.3951316
14.53549, 0.4566658, 0.4762035, 0.3927892
14.54657, 0.4543684, 0.4737276, 0.3906049
14.55773, 0.4485636, 0.4713146, 0.3884742
14.569, 0.4444987, 0.4693344, 0.3861496
14.5807, 0.4453851, 0.4675657, 0.383982
14.59181, 0.445354, 0.4657271, 0.3820807
14.60294, 0.4410301, 0.464037, 0.3801544
14.61405, 0.4393377, 0.4620777, 0.3782772
14.62483, 0.4342349, 0.4596348, 0.3765967
14.63538, 0.4305682, 0.456768, 0.374973
14.64673, 0.4196222, 0.4536112, 0.3732168
14.65769, 0.420855, 0.4505007, 0.3714722
14.66871, 0.419012, 0.4475886, 0.3699049
14.68048, 0.4123977, 0.4442736, 0.3682503
14.69164, 0.4070067, 0.4411655, 0.3666385
14.70253, 0.4055354, 0.4381067, 0.3652154
14.71436, 0.4058893, 0.4349776, 0.3638096
14.725, 0.4040701, 0.4321242, 0.3625555
14.73545, 0.400457, 0.4294144, 0.3613011
14.74702, 0.3973615, 0.4266093, 0.3598918
14.75762, 0.3960015, 0.4235761, 0.3587134
14.76874, 0.3970769, 0.4207115, 0.3576335
14.78053, 0.3914045, 0.4178535, 0.3564652
14.79175, 0.3920767, 0.4152324, 0.355458
14.80283, 0.3960944, 0.4127678, 0.3544841
14.81417, 0.3971707, 0.4103587, 0.3535837
14.82485, 0.3939783, 0.408006, 0.3527091
14.83546, 0.3931766, 0.405698, 0.3519045
14.84693, 0.3931953, 0.4036461, 0.3511664
14.85818, 0.3897703, 0.4016061, 0.3504476
14.86907, 0.3901539, 0.4001327, 0.3499317
14.87985, 0.3867216, 0.398426, 0.3493576
14.89069, 0.3834974, 0.3966503, 0.3487624
14.90218, 0.3832953, 0.3951952, 0.3482633
14.91327, 0.3763812, 0.3936639, 0.3477776
14.92429, 0.3745359, 0.392114, 0.3474873
14.93533, 0.3719677, 0.3904179, 0.3472031
14.94643, 0.3714717, 0.3887879, 0.3468958
14.95744, 0.3723345, 0.3873818, 0.3466966
14.96886, 0.3700148, 0.3860145, 0.3464552
14.98071, 0.3694205, 0.3846855, 0.346328
14.99225, 0.3704624, 0.3833547, 0.3462247
15.00276, 0.3700641, 0.3822877, 0.3462206
15.01392, 0.3697983, 0.3811738, 0.3463836
15.02495, 0.3669779, 0.3797179, 0.3464513
15.03525, 0.3879677, 0.3792578, 0.3465517
15.04632, 0.368418, 0.3779798, 0.3467155
15.05749, 0.3618313, 0.3764125, 0.3469418
15.07181, 0.3710551, 0.3753055, 0.3473808
15.0835, 0.3652366, 0.3740788, 0.3477556
15.09572, 0.3610152, 0.3726219, 0.3481517
15.10234, 0.3564375, 0.3711077, 0.348402
15.11398, 0.3564375, 0.3697547, 0.3490676
15.12479, 0.3671207, 0.368946, 0.3495829
15.13532, 0.3691073, 0.3685823, 0.3501906
15.1464, 0.3681037, 0.3682607, 0.350925
15.15747, 0.3655282, 0.3679387, 0.3516546
15.16856, 0.3666902, 0.3676996, 0.352432
15.18039, 0.3709213, 0.3676289, 0.3533049
15.19184, 0.3689963, 0.367578, 0.3541036
15.20251, 0.3675, 0.3674819, 0.3549844
15.21372, 0.367703, 0.367344, 0.3560038
15.22451, 0.3716953, 0.3674255, 0.3570949
15.23528, 0.3735698, 0.3676141, 0.3581682
15.24656, 0.3763755, 0.368084, 0.3593085
15.25729, 0.3788552, 0.3676284, 0.3604396
15.2683, 0.3808807, 0.3682515, 0.3617247
15.28044, 0.383078, 0.3693139, 0.3631442
15.29121, 0.3831263, 0.3699174, 0.3643979
15.30245, 0.3828051, 0.3707958, 0.3658189
15.31396, 0.3842373, 0.3719569, 0.3673328
15.32448, 0.3824072, 0.3732554, 0.3688509
15.33521, 0.3821762, 0.3745423, 0.3703223
15.34631, 0.3877431, 0.3755735, 0.371946
15.35733, 0.3928335, 0.3767598, 0.3736041
15.36868, 0.3939443, 0.3780518, 0.3753229
15.38035, 0.3893311, 0.3792419, 0.3771822
15.39134, 0.39074, 0.3804444, 0.3789456
15.40252, 0.3889785, 0.3813473, 0.3808123
15.41393, 0.3837369, 0.3820843, 0.3828224
15.4245, 0.3911512, 0.3832669, 0.3849068
15.43516, 0.3897792, 0.3843707, 0.3868395
15.44626, 0.3924072, 0.3854063, 0.3889022
15.45728, 0.393579, 0.3864068, 0.3910208
15.46837, 0.3944525, 0.3873106, 0.3931784
15.48046, 0.394725, 0.3881041, 0.3956178
15.49135, 0.3963017, 0.3888752, 0.398017
15.50239, 0.3948452, 0.3894635, 0.4004096
15.51371, 0.3953358, 0.390074, 0.4028714
15.52522, 0.3926938, 0.3905684, 0.4054518
15.53498, 0.3913854, 0.3909258, 0.407667
15.54621, 0.3940785, 0.3915094, 0.4103023
15.55721, 0.4017135, 0.3924862, 0.4128693
15.56862, 0.4021911, 0.3932087, 0.4154756
15.57945, 0.40382, 0.393758, 0.4181024
15.59067, 0.4034341, 0.3942325, 0.4208833
15.60157, 0.408892, 0.3952105, 0.4236099
15.61276, 0.4090166, 0.3961243, 0.4265234
15.62426, 0.4149489, 0.3974229, 0.4293752
15.63459, 0.4177738, 0.3991247, 0.4321043
15.64615, 0.4171909, 0.4004267, 0.4352161
15.65711, 0.4121367, 0.4015446, 0.4382338
15.66822, 0.4164358, 0.402746, 0.4412447
15.68019, 0.4194561, 0.4040399, 0.444809
15.69127, 0.4048144, 0.404558, 0.4479416
15.7022, 0.4138415, 0.4055138, 0.4512348
15.71425, 0.4151506, 0.4064563, 0.4548266
15.72461, 0.414845, 0.4074562, 0.4579161
15.7348, 0.4235777, 0.4088683, 0.4610599
15.74627, 0.4248148, 0.4104744, 0.4646544
15.75729, 0.4258487, 0.4121976, 0.4681414
15.76828, 0.4280068, 0.413894, 0.4716125
15.78025, 0.4304523, 0.415331, 0.4754958
15.79116, 0.4396385, 0.4172033, 0.479122
15.8024, 0.4432557, 0.4191751, 0.4828719
15.81421, 0.4525784, 0.4216323, 0.4869205
15.82458, 0.4586806, 0.4241218, 0.4904645
15.8347, 0.4607413, 0.426708, 0.4939543
15.84613, 0.4631197, 0.4291165, 0.4979552
15.85705, 0.4650171, 0.4314787, 0.5018287
15.86816, 0.4652403, 0.4338812, 0.5056143
15.88013, 0.4633259, 0.4364406, 0.5098481
15.89122, 0.4623315, 0.4387354, 0.5140063
15.9022, 0.463456, 0.4409354, 0.5180477
15.91374, 0.4639979, 0.4438945, 0.5223572
15.92446, 0.4606471, 0.4462348, 0.5265006
15.93539, 0.4618801, 0.4485713, 0.5306111
15.94651, 0.4735426, 0.4515061, 0.5349798
15.95785, 0.4751635, 0.4540854, 0.5393951
15.96892, 0.4902094, 0.4573552, 0.5437871
15.97962, 0.4923218, 0.4606788, 0.5479338
15.99034, 0.4960143, 0.4640792, 0.5522105
16.00155, 0.4966088, 0.467387, 0.5567224
16.01264, 0.5011687, 0.4704636, 0.5612344
16.02384, 0.5024387, 0.4734227, 0.566119
16.03488, 0.5011631, 0.475852, 0.5705964
16.04603, 0.5060714, 0.4782215, 0.5752254
16.05703, 0.5112424, 0.4807466, 0.5798625
16.07084, 0.5093547, 0.4830584, 0.5857447
16.08039, 0.5189223, 0.4857536, 0.5898528
16.09144, 0.521417, 0.4885624, 0.594619
16.1024, 0.5207608, 0.4914342, 0.599399
16.11374, 0.5318036, 0.4949078, 0.6044027
16.12437, 0.5303501, 0.4982525, 0.609149
16.13489, 0.5298122, 0.5015432, 0.6139616
16.14599, 0.5266982, 0.5048457, 0.618935
16.15709, 0.5473126, 0.5091174, 0.6239923
16.1681, 0.5492716, 0.5129038, 0.6292192
16.18008, 0.5578609, 0.5170387, 0.6347792
16.19116, 0.5590523, 0.5204808, 0.6399607
16.20201, 0.554112, 0.5235704, 0.6449221
16.21369, 0.5569683, 0.5266181, 0.6504874
16.22399, 0.5595267, 0.5297639, 0.655407
16.23488, 0.5673548, 0.5330732, 0.6606207
16.24589, 0.5719169, 0.5365471, 0.6662011
16.25686, 0.5721979, 0.5400988, 0.6715774
16.26806, 0.5776203, 0.5436763, 0.6769621
16.27988, 0.5928754, 0.547758, 0.6829132
16.29084, 0.6003984, 0.5523101, 0.6884093
16.30247, 0.7305555, 0.5628918, 0.6942936
16.31364, 0.7364979, 0.5736458, 0.6999217
16.32418, 0.7517514, 0.5851954, 0.7052922
16.33478, 0.7463974, 0.595925, 0.7107234
16.34582, 0.7455115, 0.6066831, 0.7161801
16.35688, 0.7457582, 0.6174805, 0.7219121
16.36801, 0.7461545, 0.6284533, 0.7277349
16.37955, 0.7487632, 0.6385258, 0.7338683
16.39091, 0.7470804, 0.6484163, 0.739941
16.402, 0.7547583, 0.6582611, 0.7459222
16.41374, 0.7615584, 0.6683864, 0.7520847
16.42414, 0.7699786, 0.6791797, 0.7577658
16.43489, 0.7699754, 0.6898301, 0.7636073
16.44568, 0.7891271, 0.7013101, 0.7694879
16.45672, 0.7982929, 0.712857, 0.7755414
16.46809, 0.7988007, 0.7242012, 0.7818094
16.47975, 0.8259612, 0.7368894, 0.7882182
16.49084, 0.8581456, 0.7509156, 0.7944285
16.50192, 0.8745346, 0.7649986, 0.8007004
16.51332, 0.896067, 0.7797821, 0.8071328
16.52415, 0.9055902, 0.7885338, 0.8131341
16.53456, 0.9099523, 0.7972066, 0.8190246
16.5457, 0.9437073, 0.8068044, 0.8252939
16.55675, 0.9553065, 0.8172499, 0.8316315
16.56793, 0.957473, 0.827848, 0.8380654
16.57982, 0.9819227, 0.8396562, 0.8449509
16.59079, 0.9777105, 0.851234, 0.8512927
16.60177, 0.9645002, 0.8620208, 0.8576028
16.61365, 0.9715629, 0.8732449, 0.8645651
16.62414, 0.9743302, 0.8842236, 0.8707499
16.63451, 0.9526535, 0.8937783, 0.8768772
16.64552, 0.9537774, 0.9029682, 0.8833964
16.65676, 0.9597733, 0.9124581, 0.8901929
16.66787, 0.9484677, 0.9204251, 0.8967243
16.67948, 0.9531038, 0.9281657, 0.9036224
16.69059, 0.9667696, 0.9365641, 0.9102924
16.70193, 0.9564309, 0.9430876, 0.917279
16.7132, 0.9326221, 0.9468115, 0.924134
16.72397, 0.9498781, 0.9505787, 0.930621
16.73444, 0.9592464, 0.9537376, 0.9370189
16.74592, 0.9783399, 0.9573752, 0.9441366
16.75655, 0.9793971, 0.9608474, 0.9506495
16.76791, 1.012113, 0.9642677, 0.957619
16.77979, 1.025185, 0.9677616, 0.9651681
16.79062, 1.038698, 0.9718229, 0.9719459
16.80177, 1.039698, 0.9747116, 0.9789175
16.81306, 1.06795, 0.9792236, 0.9860207
16.82399, 1.070091, 0.9845031, 0.9929234
16.83445, 1.077302, 0.9897901, 0.9995239
16.84554, 1.134028, 0.997775, 1.006568
16.85685, 1.137674, 1.007026, 1.013808
16.8678, 1.142799, 1.016477, 1.020792
16.87939, 1.169871, 1.026982, 1.028167
16.89075, 1.1743, 1.038274, 1.035441
16.90184, 1.167916, 1.049014, 1.042597
16.91302, 1.148622, 1.058107, 1.049819
16.92411, 1.165492, 1.06856, 1.056923
16.93423, 1.155204, 1.079689, 1.063498
16.94543, 1.211288, 1.092759, 1.070636
16.95673, 1.212436, 1.105419, 1.077995
16.96747, 1.212454, 1.117125, 1.085031
16.97948, 1.217319, 1.129021, 1.092803
16.99058, 1.258802, 1.141355, 1.100055
17.00163, 1.271741, 1.153683, 1.107246
17.01291, 1.29633, 1.166565, 1.114686
17.02396, 1.299832, 1.179571, 1.121902
17.03455, 1.338732, 1.19311, 1.128885
17.0458, 1.336935, 1.206453, 1.136467
17.05673, 1.342335, 1.219704, 1.143697
17.06763, 1.349677, 1.230487, 1.150958
17.07945, 1.364877, 1.241847, 1.158712
17.09058, 1.355954, 1.252505, 1.166097
17.10202, 1.370091, 1.262516, 1.173822
17.11265, 1.310103, 1.269306, 1.180997
17.12376, 1.33393, 1.277606, 1.188468
17.13435, 1.348601, 1.287605, 1.195596
17.14538, 1.365794, 1.29762, 1.203131
17.15638, 1.361445, 1.307932, 1.210585
17.1675, 1.344221, 1.314579, 1.218107
17.17983, 1.336319, 1.320773, 1.226396
17.19061, 1.313311, 1.325816, 1.233735
17.2022, 1.286879, 1.329294, 1.241388
17.21264, 1.285117, 1.33061, 1.248505
17.22355, 1.293131, 1.331679, 1.255981
17.23437, 1.296524, 1.331689, 1.263403
17.24539, 1.296591, 1.331527, 1.27103
17.25647, 1.297494, 1.329465, 1.278542
17.26776, 1.31821, 1.328529, 1.286269
17.27948, 1.333256, 1.328075, 1.294359
17.2905, 1.367251, 1.328954, 1.301942
17.30163, 1.374085, 1.329414, 1.30951
17.31277, 1.398056, 1.331519, 1.317175
17.32389, 1.397115, 1.33287, 1.324824
17.33428, 1.434924, 1.339111, 1.331999
17.34547, 1.430243, 1.343927, 1.339609
17.3565, 1.420879, 1.347541, 1.347216
17.36738, 1.415784, 1.35004, 1.35481
17.37913, 1.42468, 1.353202, 1.362928
17.39066, 1.462711, 1.359127, 1.370871
17.40156, 1.489427, 1.366782, 1.378303
17.41257, 1.524641, 1.377349, 1.385907
17.42362, 1.519239, 1.388967, 1.393581
17.4343, 1.516527, 1.400537, 1.400993
17.44535, 1.576959, 1.414728, 1.408551
17.4564, 1.589118, 1.429358, 1.416158
17.46746, 1.581596, 1.443608, 1.423804
17.47926, 1.597912, 1.458629, 1.432183
17.49046, 1.614025, 1.47342, 1.439938
17.50151, 1.599879, 1.486751, 1.447501
17.51273, 1.629961, 1.499887, 1.455266
17.52367, 1.618537, 1.512109, 1.462822
17.53432, 1.556035, 1.520008, 1.470295
17.54518, 1.572204, 1.528763, 1.477817
17.55636, 1.621036, 1.538068, 1.4857
17.56728, 1.619225, 1.547518, 1.493286
17.57899, 1.635647, 1.558256, 1.501353
17.59029, 1.693786, 1.572156, 1.509202
17.60145, 1.677497, 1.584797, 1.517085
17.6124, 1.71036, 1.597179, 1.524687
17.62345, 1.716532, 1.608535, 1.532187
17.63423, 1.730259, 1.618816, 1.539584
17.64518, 1.756918, 1.6307, 1.547146
17.65632, 1.767609, 1.643254, 1.554886
17.6672, 1.758374, 1.652324, 1.562404
17.67922, 1.750008, 1.660369, 1.570757
17.6906, 1.815422, 1.67206, 1.578594
17.70149, 1.879883, 1.686159, 1.58608
17.71256, 1.917655, 1.70134, 1.593743
17.72357, 1.919444, 1.717319, 1.601353
17.73407, 1.927133, 1.732177, 1.608516
17.74521, 1.949338, 1.748717, 1.616105
17.7562, 1.980953, 1.769963, 1.623575
17.76729, 1.998974, 1.791301, 1.631085
17.77884, 1.96777, 1.808638, 1.639001
17.79021, 1.571992, 1.806276, 1.646765
17.80161, 1.598375, 1.804413, 1.654464
17.81252, 1.595481, 1.799497, 1.661876
17.82344, 1.630073, 1.797126, 1.669214
17.83392, 1.63297, 1.793257, 1.676289
17.84505, 1.619001, 1.78838, 1.683841
17.8562, 1.611909, 1.782462, 1.691335
17.8674, 1.627485, 1.775991, 1.698894
17.87867, 1.650798, 1.77015, 1.706512
17.89041, 1.712015, 1.767832, 1.71436
17.90123, 1.714013, 1.766032, 1.721564
17.91227, 1.720082, 1.761265, 1.728926
17.92349, 1.729242, 1.753733, 1.73656
17.93382, 1.762486, 1.745975, 1.74337
17.94499, 1.800503, 1.740028, 1.750835
17.95608, 1.916308, 1.739486, 1.75806
17.96734, 1.918806, 1.73796, 1.765495
17.97898, 1.956455, 1.736735, 1.773113
17.99013, 1.998247, 1.736699, 1.780467
18.00118, 1.982937, 1.737457, 1.787774
18.01237, 2.019316, 1.759823, 1.795094
18.02371, 2.030406, 1.781425, 1.802459
18.03384, 2.041806, 1.803741, 1.809099
18.04512, 2.03992, 1.824233, 1.816422
18.05625, 2.629565, 1.874063, 1.823642
18.0671, 2.834635, 1.934845, 1.830664
18.07897, 2.944406, 2.00147, 1.838352
18.09027, 3.019141, 2.071053, 1.845643
18.10146, 2.940455, 2.135536, 1.852873
18.11274, 2.880895, 2.19398, 1.860112
18.12363, 2.905862, 2.253572, 1.86712
18.13376, 2.883588, 2.311748, 1.873632
18.1449, 2.91223, 2.370897, 1.880738
18.15606, 2.834031, 2.424474, 1.887741
18.16717, 2.779274, 2.473413, 1.894792
18.17875, 2.86788, 2.520991, 1.902107
18.1902, 2.788525, 2.564477, 1.909287
18.20121, 2.73674, 2.603492, 1.916188
18.21225, 2.725081, 2.639833, 1.923076
18.22346, 2.667378, 2.674056, 1.929913
18.23386, 2.693738, 2.707777, 1.936341
18.2449, 2.198233, 2.716168, 1.943135
18.25583, 2.086339, 2.718394, 1.949854
18.26717, 2.071606, 2.719979, 1.956813
18.27864, 2.218347, 2.699418, 1.96378
18.28993, 2.10137, 2.662754, 1.970607
18.30147, 2.09738, 2.620403, 1.977579
18.31225, 2.301697, 2.584531, 1.984135
18.32329, 2.378568, 2.556436, 1.990777
18.3337, 2.401884, 2.532486, 1.997054
18.34497, 2.428289, 2.508607, 2.003836
18.35605, 2.405755, 2.484715, 2.010379
18.36697, 2.402013, 2.459204, 2.016854
18.37849, 2.423134, 2.43866, 2.023736
18.38997, 2.504167, 2.424904, 2.030505
18.40095, 2.628165, 2.412919, 2.036786
18.41192, 2.715739, 2.409279, 2.043189
18.4232, 2.705714, 2.407728, 2.049705
18.43386, 2.517584, 2.397353, 2.05586
18.44484, 2.795627, 2.403766, 2.062188
18.45607, 2.827873, 2.410472, 2.06862
18.46707, 2.864759, 2.443799, 2.074928
18.47856, 2.892675, 2.484116, 2.081304
18.49033, 2.972782, 2.529174, 2.087951
18.50091, 3.021545, 2.569335, 2.093815
18.51247, 2.95499, 2.612015, 2.100259
18.52335, 2.951071, 2.6547, 2.106452
18.53374, 3.017955, 2.690513, 2.112195
18.54463, 3.028275, 2.722998, 2.118191
18.55585, 3.126582, 2.759233, 2.124254
18.56704, 3.11563, 2.793601, 2.13035
18.57813, 3.087237, 2.827675, 2.136251
18.58924, 3.282368, 2.871692, 2.142211
18.60043, 3.265319, 2.913802, 2.148213
18.61136, 3.208565, 2.949022, 2.154008
18.62244, 3.181043, 2.976665, 2.159828
18.6336, 3.140312, 2.997894, 2.165688
18.64473, 3.12266, 3.018741, 2.171494
18.6558, 3.138236, 3.049774, 2.177132
18.66684, 3.100993, 3.065042, 2.182817
18.67843, 3.079372, 3.077617, 2.188833
18.69011, 2.582145, 3.063487, 2.194783
18.70105, 3.185633, 3.078134, 2.200321
18.71215, 2.090487, 3.03402, 2.205896
18.72322, 2.533028, 3.009594, 2.211397
18.73362, 3.165794, 3.020134, 2.21645
18.74482, 3.081092, 3.026635, 2.221949
18.75603, 2.935843, 3.02253, 2.227501
18.76656, 3.014149, 3.021823, 2.232589
18.77799, 3.183547, 3.024672, 2.238003
18.78912, 2.957822, 3.016781, 2.243276
18.80026, 2.871381, 3.005988, 2.24877
18.81133, 2.860291, 2.984884, 2.253941
18.82259, 2.952239, 2.96923, 2.259116
18.83368, 3.006657, 2.959135, 2.264168
18.84466, 2.98439, 2.949302, 2.269201
18.85576, 3.029335, 2.943753, 2.274271
18.86681, 3.029346, 2.939088, 2.279264
18.87816, 3.041887, 2.93427, 2.28438
18.88951, 3.082152, 2.933328, 2.289432
18.90054, 3.112151, 2.934967, 2.294273
18.91184, 3.541517, 2.982936, 2.299216
18.92327, 3.742374, 3.010773, 2.304244
18.9336, 3.826265, 3.097561, 2.308717
18.94451, 3.665138, 3.154167, 2.313383
18.95554, 3.810029, 3.186378, 2.31805
18.96684, 3.780649, 3.221356, 2.322796
18.9781, 3.859058, 3.267517, 2.327482
18.98969, 3.704373, 3.302028, 2.332274
19.00062, 3.835462, 3.334624, 2.33678
19.01185, 3.81492, 3.377478, 2.34133
19.02288, 3.923243, 3.430071, 2.345675
19.0333, 3.986851, 3.486399, 2.349681
19.04724, 3.834478, 3.530511, 2.355151
19.05571, 4.077975, 3.584077, 2.358339
19.06677, 3.965119, 3.633113, 2.362569
19.07837, 3.975989, 3.680446, 2.366968
19.08956, 4.667229, 3.76234, 2.371153
19.10057, 4.447547, 3.832623, 2.375251
19.11195, 4.198839, 3.888457, 2.37945
19.12319, 4.280198, 3.946859, 2.383532
19.13399, 4.280196, 3.983793, 2.387332
19.14488, 3.698515, 3.9816, 2.391189
19.15632, 3.896833, 3.985129, 2.395208
19.16716, 3.853915, 3.994567, 2.398901
19.17846, 3.924111, 4.000272, 2.402772
19.18951, 3.449673, 3.983723, 2.406496
19.20078, 3.505068, 3.966024, 2.41041
19.21199, 3.522115, 3.956911, 2.414045
19.22312, 3.499415, 3.940108, 2.417678
19.23336, 3.649658, 3.931845, 2.421076
19.24445, 3.803863, 3.925876, 2.424591
19.2556, 3.647542, 3.908911, 2.428212
19.26657, 3.674867, 3.90093, 2.431653
19.27802, 3.702731, 3.882168, 2.434975
19.28975, 4.138601, 3.890842, 2.438495
19.30068, 3.968427, 3.890464, 2.441586
19.31218, 4.131207, 3.863663, 2.444849
19.32279, 4.57509, 3.87004, 2.44795
19.33338, 4.575087, 3.888853, 2.451064
19.34444, 4.593949, 3.90454, 2.454103
19.35552, 4.584552, 3.919758, 2.457202
19.36697, 4.424404, 3.956052, 2.460301
19.37802, 4.398261, 3.981124, 2.463131
19.38962, 4.104636, 3.99366, 2.466129
19.4006, 3.961643, 3.995537, 2.468973
19.41155, 4.033295, 4.024718, 2.471786
19.42291, 4.158344, 4.057382, 2.474616
19.43322, 3.8287, 4.072711, 2.477229
19.44425, 3.831992, 4.089339, 2.479825
19.45556, 3.636935, 4.088703, 2.482388
19.46652, 3.601533, 4.078587, 2.48491
19.47797, 3.75742, 4.084081, 2.487468
19.48953, 2.986024, 4.049638, 2.490082
19.50041, 2.821451, 4.005574, 2.492222
19.51215, 2.846291, 3.940959, 2.494765
19.52259, 2.738248, 3.87945, 2.49691
19.53341, 2.615621, 3.80367, 2.49909
19.5443, 4.028057, 3.776319, 2.501241
19.55543, 4.361288, 3.765629, 2.503495
19.5667, 4.30604, 3.751234, 2.50558
19.57808, 4.331587, 3.738586, 2.507735
19.58924, 4.405298, 3.73763, 2.509731
19.60036, 4.007306, 3.718083, 2.511716
19.61167, 3.62366, 3.694034, 2.513568
19.62249, 3.603002, 3.676102, 2.515326
19.63331, 3.808151, 3.664845, 2.517027
19.64423, 3.821284, 3.647991, 2.518704
19.65543, 3.740688, 3.643591, 2.520409
19.6664, 3.74044, 3.639013, 2.521969
19.67802, 3.727911, 3.643562, 2.523617
19.68954, 3.756229, 3.651297, 2.525146
19.70053, 3.684209, 3.647636, 2.5266
19.712, 4.143698, 3.70552, 2.527988
19.72259, 4.097842, 3.76934, 2.529266
19.7332, 4.199106, 3.83698, 2.530441
19.74424, 4.086975, 3.904417, 2.531646
19.75542, 4.199664, 3.983618, 2.532914
19.76655, 4.038984, 3.984165, 2.534027
19.77802, 3.938391, 3.96302, 2.535091
19.78954, 3.777179, 3.936577, 2.536148
19.80051, 3.670974, 3.903547, 2.537097
19.812, 3.830104, 3.874787, 2.538109
19.8224, 3.963433, 3.872593, 2.53894
19.83308, 4.377933, 3.910306, 2.53973
19.84417, 4.586098, 3.959461, 2.540473
19.85519, 5.169497, 4.027528, 2.54103
19.8664, 5.115581, 4.092243, 2.541691
19.87773, 5.3167, 4.171043, 2.542233
19.88928, 5.234854, 4.245764, 2.542773
19.90054, 5.446691, 4.331703, 2.54337
19.91169, 5.446691, 4.416226, 2.543805
19.9226, 5.632749, 4.513653, 2.544171
19.93346, 5.027226, 4.55783, 2.54465
19.94418, 5.038621, 4.604869, 2.544941
19.95514, 5.12051, 4.650939, 2.545172
19.96634, 5.033483, 4.698264, 2.545401
19.97738, 4.905193, 4.733541, 2.545511
19.98918, 4.548152, 4.758999, 2.545783
20.0004, 4.557741, 4.789967, 2.545814
