0.02, 4.101612
0.4036586, 5.485528
0.4111646, 8.920903
0.4160782, 3.387917
0.5773312, 7.371562
0.5992182, 3.376123
0.6215062, 9.874421
0.6324797, 3.875254
0.6431019, 7.424528
0.6539871, 6.132215
0.6652343, 4.543077
0.7027438, 7.691462
0.732033, 5.179171
0.7434068, 5.331604
0.7543218, 3.716268
0.7655674, 7.541432
0.7988001, 4.336781
0.9988598, 4.932832
1.020825, 7.93421
1.032117, 4.777289
1.054316, 3.557048
1.079643, 5.39585
1.092752, 5.993706
1.114913, 8.413554
1.126037, 3.566998
1.137117, 6.207497
1.148379, 7.204062
1.160932, 8.149266
1.181562, 4.856112
1.192619, 9.144587
1.203671, 7.438196
1.225915, 3.080409
1.237075, 7.443327
1.248173, 4.479969
1.259259, 4.232938
1.27046, 3.176073
1.314775, 2.995637
1.459218, 5.407875
1.470467, 4.535628
1.481313, 2.173109
1.492412, 3.801784
1.503482, 5.127068
1.514673, 2.247062
1.537171, 2.185277
1.548043, 4.610991
1.559085, 3.426324
1.570338, 3.180142
1.58131, 2.673381
1.592372, 5.510324
1.60351, 6.590313
1.614605, 3.900105
1.625812, 5.15338
1.636951, 7.966134
1.648106, 3.974266
1.658964, 5.414639
1.681516, 7.941534
2.203248, 7.856963
2.214451, 2.436919
2.225514, 3.24929
2.23656, 2.984393
2.247632, 3.310597
2.25876, 2.943838
2.269889, 3.007931
2.281132, 3.161206
2.291995, 3.693427
2.303213, 3.740118
2.314263, 6.301771
2.325332, 3.930823
2.380983, 6.374483
2.403175, 1.711262
2.480872, 9.3859
2.580803, 3.514353
2.61424, 7.640155
2.680785, 8.277674
2.858593, 5.583298
2.869712, 2.956362
2.891881, 3.288371
2.914103, 5.384565
2.925014, 3.250443
2.936306, 5.873309
2.947295, 4.901978
2.958594, 5.818401
2.969537, 3.279907
2.980644, 4.477387
2.991762, 3.362822
3.00288, 3.866282
3.013984, 4.052195
3.024957, 4.81648
3.0363, 5.527999
3.047373, 7.111889
3.09166, 3.429613
3.11401, 6.126895
3.124893, 4.279655
3.136174, 6.235533
3.158283, 3.163837
3.169872, 2.323406
3.180562, 2.902398
3.191611, 2.242407
3.202735, 1.823216
3.213874, 2.845915
3.225009, 2.036275
3.236098, 1.877747
3.247403, 1.943073
3.258448, 1.828502
3.269594, 6.85409
3.280694, 1.925614
3.324879, 3.887723
3.336017, 4.203451
3.347302, 3.220696
3.358192, 2.173582
3.369599, 2.249798
3.380484, 2.458987
3.391584, 4.280807
3.413721, 2.139594
3.424844, 8.632866
3.435955, 2.777362
3.450873, 3.407003
3.458397, 6.087293
3.469599, 7.729489
3.480503, 2.711527
3.491509, 5.112375
3.502706, 3.083462
3.513722, 2.253733
3.524832, 1.84664
3.558036, 2.783018
3.569457, 3.340352
3.580484, 1.423198
3.602612, 1.636105
3.613646, 3.740897
3.624773, 1.487237
3.635821, 2.447081
3.647165, 4.233733
3.658019, 9.964508
3.669785, 8.29376
3.680594, 3.988323
3.691329, 4.278096
3.702565, 3.631373
3.713766, 3.519402
3.724815, 3.844775
3.735829, 2.910001
3.746894, 1.913375
3.769294, 2.743942
3.780428, 9.982854
3.802498, 1.420636
3.83586, 2.936211
3.846893, 1.132524
3.857937, 1.876306
3.869339, 3.312881
3.880221, 2.27488
3.891439, 2.529265
3.902436, 2.432884
3.913583, 1.86352
3.924616, 1.776632
3.935696, 1.956839
3.94696, 2.566513
3.957988, 1.533788
3.969192, 3.799068
3.980462, 2.188702
3.991462, 1.107331
4.013462, 1.441831
4.024486, 0.9902549
4.035739, 1.346872
4.046816, 0.9542665
4.102414, 1.385186
4.157841, 4.994951
4.213416, 0.3969078
4.23575, 2.676449
4.246712, 1.936776
4.268979, 3.042065
4.280009, 2.887049
4.30229, 2.09182
4.313362, 2.591898
4.369041, 2.798946
4.379957, 0.4668135
4.390965, 0.6184084
4.402174, 0.6146964
4.41336, 0.7195335
4.424388, 1.355431
4.43564, 0.7162144
4.446647, 0.604673
4.457692, 0.6037267
4.468948, 0.6672874
4.479954, 0.5501857
4.490993, 0.7251372
4.502212, 0.9793844
4.513341, 0.6671891
4.524208, 1.176826
4.535596, 1.491605
4.546609, 1.675108
4.55772, 1.133892
4.568846, 0.9956774
4.579934, 1.368796
4.591133, 1.062753
4.602334, 1.188551
4.613431, 1.563717
4.624437, 1.6874
4.635629, 1.670168
4.647127, 1.58539
4.65765, 1.159338
4.668828, 1.456171
4.679777, 1.172425
4.690939, 1.69034
4.702128, 1.579084
4.713252, 1.325792
4.724235, 1.228388
4.73554, 1.733886
4.746346, 1.40615
4.757541, 1.156061
4.768762, 1.665826
4.779661, 2.208693
4.79088, 1.070089
4.802051, 1.118102
4.813143, 0.9905518
4.824515, 1.243064
4.835286, 1.087981
4.846724, 1.094261
4.857533, 1.20084
4.868807, 1.402192
4.879699, 1.142662
4.890941, 1.417097
4.902048, 1.068272
4.913001, 1.052588
4.924134, 1.405393
4.935333, 1.539219
4.946376, 1.679409
4.957408, 1.458746
4.968666, 2.067114
4.979724, 1.987026
4.990877, 1.431959
5.323881, 2.127633
5.335113, 4.498909
5.346025, 2.000723
5.357459, 2.95966
5.368511, 3.005599
5.379547, 3.181473
5.390689, 2.830161
5.401667, 2.778205
5.412659, 3.935461
5.423846, 3.079263
5.43503, 2.971119
5.446204, 1.713281
5.457351, 5.845122
5.51265, 6.155506
5.53521, 8.430385
5.612649, 5.148859
5.623919, 8.269334
5.634974, 5.310908
5.657181, 4.959347
5.679403, 3.427472
5.690347, 2.542339
5.712767, 5.985966
5.723793, 2.492891
5.735042, 7.21724
5.746163, 3.983814
5.757123, 5.950972
5.768327, 5.71397
5.779313, 5.205637
5.7905, 6.060883
5.801513, 7.517683
5.868335, 6.399656
5.979285, 1.304528
6.001515, 3.331463
6.068313, 7.602764
6.112453, 7.498101
6.234751, 3.235705
6.245698, 4.588957
6.256818, 4.137143
6.27915, 4.068863
6.323489, 1.596623
6.345703, 6.929054
6.356898, 2.040142
6.367982, 1.73349
6.412361, 2.187983
6.423511, 4.020848
6.434707, 4.415979
6.445623, 6.488565
6.757051, 2.287397
6.767821, 2.029968
6.778768, 2.53625
6.790017, 7.806758
6.812161, 3.654433
6.823254, 5.342936
6.845539, 5.333306
6.856655, 6.458011
6.867861, 4.667414
6.878676, 4.177297
6.890098, 2.640872
6.901114, 2.492727
6.911978, 2.908671
6.923287, 4.409338
6.934389, 4.489523
6.945406, 2.528449
6.95651, 2.268709
6.967744, 1.692019
6.97874, 2.660322
6.989845, 2.4335
7.001313, 2.695838
7.012072, 2.146997
7.023052, 2.939767
7.03433, 3.060162
7.04532, 3.284804
7.056516, 2.715894
7.067723, 3.511199
7.078754, 2.683994
7.089901, 2.969578
7.100934, 2.523466
7.112, 2.715273
7.123273, 4.13197
7.13452, 2.216768
7.145602, 1.984211
7.156567, 2.822831
7.167798, 3.252567
7.17869, 2.435946
7.189713, 1.938527
7.200821, 4.0084
7.211872, 7.065125
7.223212, 3.456435
7.23424, 2.387514
7.245286, 7.203477
7.256408, 3.23193
7.267578, 5.138084
7.278687, 3.690257
7.289758, 3.267541
7.300845, 2.565094
7.31192, 5.09242
7.322912, 2.483137
7.334262, 2.066029
7.345373, 2.167122
7.356397, 3.550459
7.367565, 3.041733
7.378593, 4.045797
7.389782, 3.683529
7.400856, 4.91203
7.411839, 8.108336
7.423029, 2.977067
7.434224, 3.025302
7.445208, 3.680254
7.456314, 1.514973
7.4676, 1.342417
7.478487, 1.175468
7.489547, 1.05042
7.500925, 0.9094018
7.511695, 1.565489
7.522988, 1.396073
7.534014, 1.237981
7.545125, 1.351125
7.556412, 1.333361
7.567405, 1.995388
7.578429, 2.825603
7.589518, 2.642442
7.600919, 1.950723
7.611808, 2.197942
7.623033, 3.207572
7.634259, 6.207767
7.645082, 3.367415
7.656512, 2.334186
7.670582, 1.897883
7.683223, 2.651066
7.689485, 3.572045
7.700794, 3.282786
7.711641, 3.842798
7.722993, 3.573293
7.734035, 5.762561
7.744889, 4.37195
7.756221, 3.694975
7.767429, 6.166653
7.778409, 2.790857
7.78944, 2.721001
7.800532, 3.331346
7.811686, 9.034502
7.822749, 8.188155
7.833998, 4.322173
7.844913, 3.632856
7.856184, 6.015657
7.867226, 7.339456
7.878501, 5.538844
7.889444, 4.616505
7.900548, 6.18955
7.911523, 4.6619
7.922668, 2.517936
7.934171, 2.601665
7.944946, 4.220062
7.956108, 3.966479
7.967209, 2.491222
7.978299, 5.03983
7.989372, 3.264056
8.000525, 2.958855
8.01146, 3.582683
8.02279, 1.378758
8.033985, 1.462565
8.044848, 1.846577
8.05607, 1.799331
8.067192, 2.653011
8.078127, 2.442468
8.089406, 0.6637754
8.100454, 1.409479
8.111451, 1.627832
8.122622, 0.7717635
8.133683, 0.4661631
8.144817, 0.7816947
8.156061, 0.5436462
8.167183, 0.7422348
8.178163, 0.6948603
8.189505, 1.579247
8.200462, 1.408184
8.211459, 0.79622
8.222654, 0.7904152
8.233764, 0.7389121
8.244827, 0.745316
8.255968, 0.7373927
8.267121, 2.005639
8.278079, 1.844635
8.289273, 1.94607
8.300422, 1.410497
8.311388, 1.416145
