0.5019554, 8.013659
0.5613766, 3.337974
0.5684977, 4.623626
0.5795597, 3.446774
0.5906494, 4.18093
0.6014003, 6.627808
0.6127558, 2.668587
0.635193, 6.725048
0.7686198, 8.122913
0.835174, 4.704465
0.9020559, 6.121083
0.9127597, 3.016916
0.924292, 4.454901
0.9472026, 5.574742
0.9573475, 2.631207
0.9688119, 4.811269
0.9792082, 3.840498
0.9906539, 3.659288
1.002235, 3.978511
1.013412, 3.436385
1.024525, 4.334839
1.059211, 8.119841
1.071614, 4.459288
1.106974, 5.253606
1.118155, 4.045859
1.129051, 6.359149
1.139624, 5.735019
1.150778, 3.659731
1.162816, 3.062624
1.173919, 3.380193
1.185167, 3.584826
1.196314, 2.320752
1.206912, 2.429149
1.21764, 2.270269
1.229018, 3.291872
1.241174, 6.931638
1.251591, 4.800582
1.474086, 3.141512
1.484844, 3.017169
1.495743, 2.495466
1.506522, 3.066538
1.517725, 3.283238
1.528862, 2.255989
1.540419, 2.430094
1.551409, 2.396134
1.562743, 2.803438
1.573626, 2.63219
1.584273, 3.820368
1.59542, 2.288222
1.606925, 2.569098
1.619175, 2.920684
1.629355, 2.551948
1.64037, 2.507778
1.651383, 2.584271
1.661802, 2.656375
1.673247, 0.9936127
1.685199, 0.972822
1.696077, 1.832859
1.707527, 0.9610146
1.718446, 0.8881943
1.729273, 0.8459098
1.739726, 1.05781
1.751333, 0.9461497
1.762714, 1.096743
1.773607, 1.321817
1.784568, 1.113818
1.79573, 1.314033
1.806988, 1.363872
1.817441, 1.152534
1.828388, 1.859254
1.840554, 1.001652
2.018467, 1.217448
2.029771, 1.820493
2.040175, 1.516905
2.051273, 1.405711
2.061819, 1.84147
2.073643, 1.343988
2.0843, 1.555109
2.09581, 1.246789
2.106819, 1.467838
2.117994, 1.363763
2.128282, 1.369441
2.139706, 1.320128
2.15138, 1.353115
2.162576, 1.434612
2.173818, 1.34976
2.184414, 1.349426
2.19632, 1.293074
2.206387, 1.560682
2.217238, 1.534488
2.22852, 1.642107
2.239891, 1.669248
2.251666, 2.816356
2.262464, 2.848736
2.27347, 2.340778
2.284467, 3.686366
2.294834, 4.409536
2.306113, 5.173462
2.317356, 3.410076
2.328899, 4.341813
2.34009, 3.56777
2.351198, 3.954292
2.361923, 4.686471
2.373098, 4.588725
2.383784, 4.740458
2.395119, 4.454465
2.406179, 4.517689
2.417533, 2.883312
2.428812, 2.895802
2.439742, 3.440875
2.451104, 2.367945
2.466385, 2.503547
2.472716, 2.503547
2.483837, 2.172245
2.495672, 2.43137
2.506498, 2.628344
2.517507, 3.281699
2.528562, 3.504761
2.539391, 2.768855
2.550762, 2.798512
2.561703, 2.57102
2.573117, 2.806258
2.584275, 3.24188
2.595635, 3.337071
2.606552, 2.770298
2.617699, 2.882916
2.628495, 1.746366
2.639404, 2.727334
2.650902, 2.931258
2.662168, 2.75257
2.673853, 1.929526
2.684315, 2.449855
2.694862, 2.183656
2.70608, 2.198552
2.717558, 2.333837
2.728803, 2.166921
2.739825, 2.403582
2.751025, 3.009283
2.762187, 2.198617
2.772719, 3.243591
2.783955, 2.353559
2.79554, 2.739796
2.806797, 2.335942
2.817525, 1.888822
2.828936, 2.888402
2.839685, 3.111281
2.850659, 1.914647
2.861493, 2.606096
2.873218, 4.489045
2.884054, 2.740179
2.895506, 2.723533
2.906751, 2.671469
2.916804, 3.052233
2.92819, 3.447269
2.939705, 4.128381
2.950671, 2.56395
2.96242, 2.438644
2.973105, 2.818167
2.983671, 3.515418
2.994627, 3.368793
3.00615, 3.087484
3.017312, 2.805313
3.028727, 2.885979
3.039618, 2.940952
3.051436, 3.002591
3.061358, 2.956348
3.07261, 3.112028
3.084303, 3.158677
3.09553, 3.124612
3.106589, 2.880995
3.117327, 2.715355
3.128102, 2.437757
3.139117, 2.373959
3.150835, 2.507923
3.161641, 2.406829
3.173313, 1.899585
3.184046, 3.201373
3.194871, 2.337713
3.205973, 2.268814
3.217344, 2.350075
3.228564, 2.687671
3.239563, 3.130987
3.252187, 2.751758
3.261164, 2.52553
3.272598, 2.478385
3.28429, 2.379473
3.295281, 2.30392
3.306227, 2.1418
3.317815, 1.637535
3.327818, 1.68191
3.552076, 1.423869
3.561424, 1.223526
3.572755, 1.089974
3.583797, 1.177087
3.594488, 1.906755
3.605582, 1.380848
3.617066, 1.114435
3.628442, 1.124353
3.639384, 1.126772
3.65089, 1.472709
3.661224, 1.873093
3.672108, 1.888242
3.683422, 0.8230034
3.917259, 1.800164
3.928485, 2.129785
3.939531, 1.369598
3.950341, 1.402937
3.961465, 1.714083
3.971772, 1.393425
3.983287, 1.201321
3.994898, 0.7158896
4.006185, 0.9697166
4.01696, 1.096796
4.028224, 1.080637
4.03902, 1.190999
4.049712, 1.06046
4.061228, 1.795068
4.072492, 2.211118
4.083606, 2.777128
4.09447, 2.536709
4.108737, 9.688277
4.128714, 8.010346
4.134623, 3.581676
4.139775, 3.581676
4.144464, 4.591003
4.15599, 2.455563
4.16762, 3.940481
4.178632, 4.563911
4.189642, 5.610475
4.200473, 7.797596
4.211244, 4.281051
4.222414, 3.313834
4.233668, 3.116882
4.245244, 1.912294
4.256685, 5.341023
4.268054, 2.132107
4.278311, 3.056734
4.289245, 2.253973
4.300122, 2.238531
4.311334, 2.466592
4.323487, 2.391217
4.333912, 2.611885
4.345242, 1.58315
4.356509, 2.059884
4.367623, 2.612084
4.377926, 2.537428
4.389058, 2.471271
4.400111, 2.090871
4.411571, 1.855737
4.422859, 1.772424
4.434238, 1.454837
4.445245, 2.0595
4.455781, 2.185659
4.46666, 1.903961
4.477928, 1.602552
4.489718, 1.881774
4.500747, 2.384024
4.512259, 2.38906
4.523734, 2.82254
4.534902, 3.066636
4.545919, 2.371371
4.55735, 3.023845
4.570438, 2.260623
4.580417, 3.39488
4.591753, 2.334455
4.60323, 2.132681
4.613807, 1.811044
4.625456, 2.947117
4.637226, 3.157696
4.648636, 2.084032
4.666188, 2.708363
4.677809, 2.435053
4.68514, 2.179813
4.689991, 1.965368
4.7, 2.19575
4.7115, 2.001128
4.722762, 2.402168
4.734045, 2.073482
4.744987, 2.45699
4.75594, 2.15009
4.766534, 2.197783
4.777761, 2.506636
4.788885, 2.964135
4.800955, 3.579599
4.811907, 2.1819
4.822891, 2.623909
4.833627, 2.480983
4.84431, 3.083382
4.855437, 2.569457
4.867073, 2.135185
4.878037, 2.430171
4.889421, 3.05467
4.900588, 2.298019
4.911736, 3.680541
4.922082, 2.651938
4.933246, 3.259596
4.944964, 2.595473
4.955791, 2.865788
4.967052, 2.581561
4.978389, 2.199268
4.988666, 2.280017
4.999938, 2.278038
5.011646, 2.613152
5.02285, 2.469564
5.033635, 1.967417
5.044843, 2.19513
5.055779, 2.408317
5.066792, 2.69926
5.077739, 1.841256
5.089243, 2.870428
5.100989, 2.054862
5.111341, 2.498323
5.122726, 3.093275
5.13322, 3.384982
5.144396, 2.98158
5.155925, 3.222591
5.167982, 3.161111
5.179401, 3.059636
5.190691, 2.518079
5.202124, 2.437078
5.213069, 2.165393
5.224886, 3.088144
5.236449, 3.297521
5.247808, 2.763471
5.259309, 3.062377
5.271926, 2.753663
5.28112, 1.745183
5.293693, 2.296833
5.305422, 2.86515
5.316656, 3.032894
5.327832, 2.662684
5.338792, 1.738741
5.349222, 1.459419
5.36028, 1.516688
5.371467, 0.7220001
5.382957, 0.5697834
5.394225, 1.918368
5.40526, 0.8264492
5.416053, 0.7960308
5.427, 0.6855531
5.438128, 0.7498608
5.4504, 0.696397
5.460987, 0.6638228
5.471998, 0.695475
5.483176, 0.7318112
5.493654, 0.7296349
5.504684, 0.6630577
5.516931, 0.6431627
5.527578, 0.7322461
5.538669, 0.714752
5.549343, 0.6356097
5.560597, 0.6590751
5.571296, 0.6817755
5.582427, 0.718286
5.594522, 0.6811536
5.605403, 0.6910446
5.619665, 0.7373563
5.634375, 0.7961938
5.640649, 0.8961481
5.648942, 1.031869
5.659719, 0.8126874
5.671046, 0.8522932
5.681859, 0.8263531
5.693566, 0.841965
5.704234, 0.8218163
5.715291, 0.8704488
5.725965, 0.8591776
5.737251, 0.8772376
5.748279, 0.8828666
5.759594, 0.8884693
5.770783, 0.8866134
5.781591, 0.8942178
5.792466, 0.8911921
5.803427, 0.8833656
5.815027, 0.9298941
5.826282, 0.9947677
5.837507, 1.078069
5.848769, 1.046405
5.860057, 1.034489
5.870512, 1.023138
5.881351, 1.002913
5.893307, 0.9806152
5.904056, 0.9710798
5.914979, 1.300882
5.926831, 1.025252
5.937053, 1.188423
5.948579, 1.16113
5.958935, 1.025586
5.9709, 1.084607
5.981487, 1.189316
5.992576, 1.304783
6.003855, 1.139519
6.015148, 1.242632
6.026314, 1.247903
6.037232, 1.239687
6.04834, 1.086864
6.059886, 1.014583
6.07129, 1.11143
6.082399, 1.012517
6.093822, 1.018355
6.104823, 1.137483
6.115449, 1.111676
6.126498, 1.126178
6.138662, 1.180068
6.14932, 1.086762
6.160632, 1.313944
6.171429, 1.289727
6.181914, 1.353156
6.193153, 1.19242
6.204799, 1.234763
6.215987, 1.235041
6.227083, 1.26055
6.238252, 1.265086
6.248689, 1.309304
6.259912, 1.287966
6.271004, 1.266678
6.282882, 1.245116
6.293883, 1.246916
6.304756, 1.27065
6.315755, 1.307158
6.326632, 1.298849
6.337661, 1.326377
6.348897, 1.230524
6.360204, 1.217863
6.371792, 1.185801
6.382393, 1.278306
6.393359, 1.236981
6.404042, 1.118777
6.415337, 1.479509
6.427222, 1.25125
6.438276, 1.334592
6.449166, 1.215286
6.460199, 1.241091
6.470744, 1.271987
6.482107, 1.399821
6.494195, 1.429745
6.505489, 1.39947
6.515844, 1.350135
6.526337, 1.347813
6.537584, 1.326411
6.549557, 1.369362
6.560091, 1.369901
6.571474, 1.364559
6.581786, 1.310559
6.593077, 1.348232
6.604526, 1.33983
6.615978, 1.4404
6.626925, 1.386972
6.637586, 1.344049
6.649209, 1.333521
6.660608, 1.337533
6.671357, 1.300636
6.681735, 1.323933
6.693478, 1.317458
6.704789, 1.335732
6.715888, 1.331639
6.72635, 1.272691
6.737673, 1.268086
6.749542, 1.234533
6.760269, 1.202013
6.770858, 1.287549
6.782074, 1.202696
6.793777, 1.191931
6.804657, 1.186859
6.815191, 1.160369
6.827117, 1.14483
6.837878, 1.149626
6.848286, 1.115091
6.860057, 1.132502
6.871182, 1.145954
6.881853, 1.158241
6.89291, 1.158174
6.90491, 1.152285
6.915332, 1.183926
6.926521, 1.161456
6.937621, 1.181759
6.949218, 1.212886
6.959888, 1.221744
6.971518, 1.220788
6.981967, 1.307624
6.992885, 1.280089
7.004486, 1.268462
7.015368, 1.24378
7.026067, 1.226599
7.037195, 1.251176
7.048634, 1.195211
7.059981, 1.210758
7.070696, 1.222753
7.082769, 1.2148
7.09266, 1.10882
7.104118, 1.237832
7.115575, 1.076248
7.126066, 1.172025
7.140829, 1.093059
7.156451, 1.113505
7.162619, 1.113505
7.17065, 1.027643
7.18069, 1.115153
7.191695, 1.132961
7.20265, 1.144709
7.214476, 1.084211
7.225083, 1.135074
7.236732, 1.052217
7.249577, 1.025203
7.258324, 2.100955
7.269902, 3.221788
7.281074, 1.873183
7.291624, 2.094152
7.303391, 1.871479
7.314327, 3.220741
7.324942, 3.077631
7.336342, 4.936
7.34688, 3.050483
7.358406, 3.268739
7.368872, 2.912492
7.380731, 2.752716
7.391188, 2.460867
7.403376, 2.571554
7.414195, 2.584427
7.425024, 2.511312
7.43592, 3.837316
7.447546, 2.318441
7.45836, 2.381545
7.469041, 2.869991
7.480667, 4.507941
7.491396, 3.762926
7.502417, 3.075873
7.513504, 3.826382
7.52543, 3.277469
7.535706, 3.467072
7.547584, 3.633362
7.55974, 3.531471
7.570533, 3.513094
7.581364, 3.550286
7.592498, 3.518927
7.603264, 3.607687
7.614779, 3.939823
7.626347, 3.827252
7.637231, 3.8791
7.648371, 3.940137
7.659795, 3.924826
7.670341, 3.975124
7.682483, 4.108904
7.694428, 4.051098
7.703927, 4.164095
7.715395, 3.839084
7.726245, 3.753461
7.737106, 4.130872
7.747876, 3.573721
7.759001, 3.573719
7.770073, 3.514406
7.781346, 3.478135
7.792696, 3.502595
7.804147, 3.478427
7.814722, 3.669046
7.826068, 3.815025
7.837403, 3.888839
7.848238, 4.008475
7.859918, 3.91529
7.870069, 3.950619
7.881902, 4.16037
7.893005, 3.948865
7.903921, 3.800124
7.914554, 4.109985
7.926679, 3.895644
7.936806, 4.011898
7.94865, 4.239325
7.959239, 4.601403
7.970423, 4.79257
7.981449, 5.632102
7.99255, 5.980407
8.004557, 5.727473
8.01579, 5.703072
8.026927, 5.56236
8.037955, 5.767992
8.049115, 6.006756
8.05997, 5.55457
8.070543, 5.266105
8.081391, 5.980774
8.092647, 5.495067
8.103742, 5.266397
8.115975, 4.975791
8.125949, 3.607892
8.137713, 4.52599
8.148093, 4.263969
8.160275, 3.691075
8.171493, 3.150882
8.182968, 3.029683
8.193534, 3.029716
8.204588, 2.846602
8.215507, 2.635777
8.226803, 2.735658
8.237641, 3.031452
8.248931, 1.862172
8.259783, 2.718806
8.270331, 3.382381
8.281281, 4.582007
8.292554, 3.765821
8.303574, 3.507116
8.314674, 3.670506
8.326673, 3.656858
8.337648, 3.485612
8.348557, 3.056038
8.359656, 2.771007
8.370073, 2.575683
8.381704, 2.691977
8.392733, 2.730928
8.403672, 2.633615
8.414663, 2.241014
8.426159, 2.305956
8.436735, 2.248651
8.44896, 2.316577
8.460847, 2.625697
8.470622, 2.553486
8.481915, 2.469255
8.493018, 2.579318
8.504038, 2.517314
8.51541, 2.280155
8.526598, 2.356694
8.537298, 2.42014
8.54835, 2.694549
8.559615, 2.979763
8.570033, 3.374401
8.58155, 2.960165
8.592078, 4.333297
8.603683, 4.26331
8.614665, 3.628772
8.625705, 3.58935
8.637664, 3.507735
8.648888, 3.269279
8.659913, 3.234432
8.676042, 3.293986
8.682469, 3.098146
8.692134, 3.227759
8.703341, 3.335021
8.714559, 3.10499
8.725548, 3.057529
8.736669, 3.002526
8.747632, 3.172707
8.75878, 3.160135
8.769883, 3.160144
8.781048, 3.017854
8.79207, 3.036194
8.803631, 3.071537
8.814827, 2.980448
8.826055, 2.762796
8.837125, 2.730768
8.848415, 2.526985
8.859571, 2.712717
8.870573, 2.74656
8.881748, 2.773166
8.892992, 2.773159
8.904406, 2.782414
8.915273, 2.989884
8.926851, 2.937335
8.937772, 3.189785
8.948744, 3.133079
8.960077, 3.106606
8.971284, 2.809325
8.981862, 2.753234
8.993327, 2.637612
9.004533, 2.60298
9.015368, 2.598231
9.026311, 2.579558
9.037641, 2.599568
9.048764, 2.717892
9.058689, 2.734601
9.069901, 2.699368
9.080909, 2.853444
9.092115, 3.108099
9.103704, 2.912071
9.115471, 2.821636
9.126617, 2.916218
9.13748, 3.135321
9.148738, 3.208561
9.15972, 3.188059
9.170908, 3.215815
9.182516, 3.2054
9.193086, 3.22603
9.204232, 3.185388
9.215384, 3.087088
9.227275, 3.091999
9.237543, 3.110901
9.248924, 2.547195
9.258721, 3.102834
9.26973, 2.031835
9.280841, 1.991394
9.291872, 2.475038
9.302986, 1.262769
9.314541, 1.125138
9.325218, 1.127163
9.336551, 1.088936
9.34743, 0.9202992
9.359717, 0.9726762
9.370724, 1.035593
9.381849, 1.0304
9.393132, 1.00653
9.40394, 0.9769247
9.415154, 0.9625437
9.426231, 0.9471607
9.43729, 0.9395366
9.448427, 0.9711872
9.458739, 0.9720063
9.469969, 0.9961618
9.48076, 0.9956203
9.491944, 0.9813408
9.503767, 0.9607368
9.515321, 0.9697794
9.5263, 0.9657977
9.537832, 0.9671146
9.548626, 0.9804909
9.55849, 0.984557
9.569643, 1.026327
9.58073, 1.055731
9.591812, 1.004345
9.603317, 0.9921553
9.614959, 1.008247
9.625837, 0.9738656
9.637261, 0.9638429
9.647993, 0.97838
9.659507, 0.9681717
9.670391, 0.9608593
9.6815, 0.9978879
9.692669, 0.9918898
9.703038, 0.9867069
9.714001, 0.9936121
9.72506, 0.9982523
9.736219, 0.9995644
9.74732, 0.9976767
9.758405, 0.9938886
9.769498, 0.9965206
9.780912, 1.010001
9.791641, 1.020825
9.802938, 1.044939
9.813995, 1.113741
9.825063, 1.114956
9.836113, 1.183892
9.847347, 1.020664
9.858471, 1.01183
9.869359, 0.9889445
9.88047, 0.8986421
9.891732, 0.8275218
9.903367, 0.827462
9.914677, 1.27207
9.926037, 0.9513322
9.93662, 0.9751439
9.947931, 0.8496745
9.959137, 0.8956711
9.970201, 1.119866
9.981087, 1.374911
9.992924, 1.320901
10.00363, 1.3009
10.01497, 1.105336
10.02634, 1.286155
10.03695, 1.086905
10.04816, 1.250812
10.05825, 1.275321
10.06943, 1.038332
10.08045, 1.232756
10.09162, 1.079932
10.10307, 0.9984357
10.11521, 1.184581
10.12613, 1.217375
10.13702, 1.272297
10.14828, 1.291537
10.15919, 1.254341
10.17022, 1.249395
10.19267, 1.23469
10.20639, 1.13193
10.21937, 1.201236
10.2257, 1.204503
10.23582, 1.209944
10.24765, 1.17152
10.25835, 1.117099
10.26941, 1.090476
10.28038, 1.183555
10.29147, 1.198772
10.30271, 1.177591
10.31377, 1.10491
10.32476, 1.098348
10.33587, 1.121307
10.34719, 1.142981
10.35823, 1.162227
10.36926, 1.131221
10.38046, 1.14056
10.39145, 1.14097
10.40255, 1.152348
10.41366, 1.152734
10.42474, 1.151094
10.4358, 1.118726
10.44707, 1.109698
10.45817, 1.114501
10.46917, 1.096238
10.48028, 1.089446
10.49141, 1.120816
10.50298, 1.12334
10.51454, 1.104393
10.52553, 1.106402
10.53678, 1.111012
10.5479, 1.123201
10.55896, 1.122545
10.56983, 1.126115
10.5808, 1.115257
10.59217, 1.12439
10.60286, 1.079135
10.61358, 1.078301
10.62475, 1.037007
10.63591, 1.069391
10.64674, 1.05087
10.6592, 1.06838
10.6702, 1.065649
10.68119, 1.107068
10.69217, 1.116952
10.70316, 1.121552
10.71372, 1.199368
10.72455, 1.192632
10.73578, 1.152273
10.74686, 1.187883
10.75813, 1.18369
10.76907, 1.168974
10.7801, 1.169695
10.79134, 1.168565
10.80238, 1.157615
10.8134, 1.128682
10.82457, 1.090436
10.83564, 1.074589
10.84671, 1.063612
10.85786, 1.08754
10.86905, 1.103579
10.88006, 1.113804
10.89132, 1.107606
10.9024, 1.135695
10.91332, 1.176345
10.92443, 1.188722
10.93572, 1.181872
10.9467, 1.184911
10.95785, 1.185447
10.96907, 1.212661
10.98002, 1.196705
10.99111, 1.183874
11.00238, 1.174405
11.01342, 1.189394
11.02443, 1.185232
11.03556, 1.189449
11.04683, 1.152529
11.05876, 1.151138
11.06966, 1.151421
11.08071, 1.129777
11.09213, 1.125943
11.10311, 1.152302
11.11392, 1.12092
11.12519, 1.110565
11.1362, 1.138963
11.14735, 1.17209
11.15866, 1.172154
11.16989, 1.34094
11.1814, 1.093278
11.19205, 1.170319
11.20282, 1.343714
11.21345, 1.182946
11.2244, 1.151428
11.23583, 1.169987
11.24699, 1.598688
11.2577, 3.975403
11.26903, 3.084362
11.28017, 7.982302
11.29124, 3.022381
11.30249, 3.552293
11.31339, 4.282683
11.32435, 4.377786
11.3356, 3.051819
11.34659, 3.81781
11.35753, 4.196786
11.36898, 4.461257
11.37978, 4.292511
11.39116, 4.877505
11.40214, 4.56975
11.41405, 4.033007
11.42504, 3.860007
11.43612, 3.856602
11.44766, 3.990197
11.45794, 4.15434
11.46893, 3.886949
11.47981, 3.810198
11.49121, 4.319238
11.50228, 2.494292
11.514, 2.278631
11.52511, 1.97254
11.74374, 3.047976
11.75478, 3.200539
11.76591, 3.360165
11.77693, 3.074522
11.78795, 2.519469
11.79917, 3.254809
11.81077, 3.905054
11.82483, 2.735085
11.84141, 2.350776
11.85005, 3.756433
11.85795, 2.293525
11.8661, 3.084952
11.87557, 2.425421
11.88666, 2.667624
11.89789, 2.714455
11.90924, 2.560369
11.92038, 2.537662
11.93146, 2.296875
11.94334, 2.411754
11.95413, 2.536759
11.96502, 2.909445
11.97626, 2.640068
11.98724, 2.617566
11.99798, 3.03184
12.00863, 2.607265
12.01952, 2.598768
12.03077, 2.905198
12.0417, 3.104503
12.05278, 3.013931
12.06398, 3.013772
12.07505, 3.289207
12.08614, 2.500277
12.09701, 2.978362
12.10894, 2.724345
12.11998, 2.324647
12.13133, 2.521112
12.14233, 2.428199
12.15335, 2.342963
12.16418, 3.134736
12.17547, 3.269414
12.18657, 3.258899
12.19761, 3.169341
12.20981, 3.12032
12.22051, 3.117941
12.23223, 2.979565
12.24421, 2.962056
12.2539, 2.889712
12.26523, 2.7894
12.27631, 2.840639
12.28792, 2.706786
12.29935, 2.447488
12.31038, 2.422253
12.32187, 2.429722
12.33314, 2.365107
12.34439, 2.317238
12.35591, 2.16887
12.36709, 2.19272
12.37845, 2.204789
12.38965, 2.150101
12.40086, 2.195045
12.41225, 2.288115
12.42365, 2.299865
12.43491, 2.307815
12.44611, 2.464172
12.45855, 2.59164
12.46905, 2.409503
12.47981, 2.91048
12.49141, 2.961862
12.50218, 2.972915
12.51316, 3.037837
12.52467, 3.086594
12.53544, 2.957459
12.54657, 2.830668
12.55712, 2.828707
12.56827, 2.844759
12.57945, 3.040265
12.59036, 3.051871
12.60173, 2.995128
12.61263, 2.860996
12.62373, 2.933888
12.63495, 3.146892
12.64613, 3.149455
12.65723, 2.914989
12.66823, 2.881585
12.67952, 2.966502
12.69049, 2.988432
12.70142, 2.936184
12.71247, 2.867281
12.72363, 2.867348
12.73465, 3.132617
12.74604, 3.115755
12.75708, 3.217525
12.76831, 3.035968
12.77915, 3.065974
12.79046, 3.031064
12.80165, 2.992805
12.81266, 2.99495
12.82376, 2.994908
12.83488, 2.944559
12.84588, 2.959619
12.85708, 3.037565
12.87516, 3.048859
12.88233, 3.171033
12.88875, 3.255343
12.8991, 3.335702
12.91026, 3.434781
12.92139, 3.22337
12.93259, 3.545941
12.94366, 3.545771
12.95507, 3.605447
12.96648, 3.731705
12.97737, 3.834068
12.98848, 4.056772
12.99956, 4.081227
13.01026, 4.182244
13.02127, 4.239076
13.03238, 4.376321
13.04349, 4.212622
13.05465, 4.164945
13.06573, 4.143483
13.07705, 3.738028
13.08789, 3.72078
13.09897, 3.790556
13.11011, 3.553969
13.12113, 3.34762
13.13237, 3.139064
13.14359, 3.295605
13.15451, 3.51947
13.1657, 3.486073
13.17684, 3.268776
13.18821, 3.350024
13.19918, 3.265942
13.21095, 3.616954
13.22199, 3.693871
13.2335, 4.13929
13.24503, 3.957186
13.25503, 3.844207
13.26664, 3.877479
13.27778, 4.031827
13.28893, 3.775278
13.30019, 2.634959
13.31144, 5.670489
13.32258, 4.682648
13.33376, 1.739758
13.34514, 1.944743
13.35635, 1.744589
13.36777, 1.349553
13.38213, 2.170864
13.39614, 1.527253
13.40281, 1.527253
13.4122, 1.297204
13.42342, 1.425715
13.43453, 1.45849
13.44562, 1.260606
13.45729, 1.186288
13.46846, 1.166557
13.47945, 1.247992
13.491, 1.192885
13.50183, 1.166277
13.51234, 1.246259
13.52339, 1.214145
13.53415, 1.213771
13.54537, 1.186173
13.5565, 1.178881
13.56776, 1.151807
13.57908, 1.157958
13.59002, 1.150834
13.6012, 1.144027
13.61212, 1.137629
13.62325, 1.170668
13.63436, 1.134318
13.6455, 1.179038
13.65651, 1.168649
13.66757, 1.218122
13.67883, 1.212514
13.69, 1.417994
13.70106, 1.204669
13.71207, 1.355479
13.72328, 1.376341
13.73432, 1.35901
13.7454, 1.317902
13.75698, 1.314258
13.76822, 1.261146
13.77922, 1.258793
13.79039, 1.229291
13.80161, 1.231157
13.81279, 1.235762
13.8241, 1.224673
13.83518, 1.200887
13.8465, 1.191486
13.85756, 1.185503
13.86856, 1.19579
13.87949, 1.209835
13.89087, 1.198144
13.90174, 1.194707
13.91193, 1.208855
13.92307, 1.251804
13.93436, 1.23836
13.94534, 1.260129
13.95788, 1.400972
13.96861, 1.346154
13.97989, 1.31066
13.99087, 1.278072
14.002, 1.268786
14.01323, 1.245112
14.02442, 1.238824
14.03483, 1.231066
14.04595, 1.154798
14.05637, 1.191855
14.0675, 1.147802
14.07868, 1.151076
14.08975, 1.205989
14.10095, 1.241962
14.11196, 1.26683
14.12308, 1.30904
14.13418, 1.295927
14.14525, 1.305329
14.15769, 1.302991
14.16851, 1.306308
14.17962, 1.321374
14.19088, 1.308687
14.20177, 1.303799
14.21203, 1.299999
14.22294, 1.306216
14.23426, 1.059308
14.24551, 1.252075
14.25643, 1.27348
14.26775, 1.196915
14.27854, 1.26518
14.28971, 1.233258
14.30082, 1.183146
14.31177, 1.23022
14.32322, 1.157176
14.33426, 1.175923
14.34496, 1.173434
14.35634, 1.204828
14.36722, 1.189836
14.37842, 1.178576
14.3895, 1.128371
14.40069, 1.11188
14.41247, 1.121503
14.42345, 1.118853
14.43454, 1.106013
14.44564, 1.111728
14.45696, 1.104225
14.4681, 1.09026
14.47919, 1.094391
14.49037, 1.076652
14.50135, 1.072483
14.51217, 1.071094
14.52291, 1.079898
14.53425, 1.07998
14.54502, 1.08959
14.55627, 1.161123
14.5677, 1.163455
14.5785, 1.173113
14.58947, 1.233586
14.60061, 1.203571
14.61247, 1.230333
14.62345, 1.206951
14.63483, 1.190256
14.64581, 1.182101
14.65646, 1.193917
14.66792, 1.19244
14.67916, 1.231175
14.68997, 1.188752
14.70181, 1.17869
14.71156, 1.184523
14.7229, 1.192335
14.73372, 1.179684
14.74477, 1.178625
14.7573, 1.171967
14.76812, 1.241468
14.77912, 1.179762
14.79051, 1.18318
14.8016, 1.183635
14.81147, 1.172688
14.82282, 1.198733
14.83415, 1.188042
14.84494, 1.149813
14.85726, 1.16889
14.86799, 1.169626
14.87916, 1.191757
14.89041, 1.190966
14.90137, 1.186481
14.91157, 1.181886
14.92266, 1.182196
14.93399, 1.180778
14.95129, 1.161615
14.9605, 1.158692
14.96998, 1.157547
14.98265, 1.163012
14.99303, 1.163145
15.00428, 1.1568
15.01202, 1.15989
15.01916, 1.15989
15.02944, 1.174581
15.04058, 1.177446
15.05154, 1.182988
15.06266, 1.210133
15.07375, 1.216035
15.0848, 1.217962
15.0959, 1.212854
15.10721, 1.208308
15.11801, 1.247723
15.12939, 1.249059
15.14054, 1.25574
15.15139, 1.25232
15.16308, 1.258528
15.17434, 1.278125
15.18521, 1.266383
15.19628, 1.298011
15.20759, 1.29834
15.21844, 1.330183
15.22983, 1.31105
15.24105, 1.130915
15.25249, 1.206739
15.26268, 3.402438
15.27352, 6.677167
15.28481, 2.612749
15.29606, 2.573331
15.30712, 4.103038
15.31804, 3.955918
15.32916, 5.381996
15.34021, 2.963727
15.35158, 3.06975
15.36279, 6.645256
15.37404, 6.498025
15.38537, 4.333037
15.39683, 4.598712
15.40804, 4.447198
15.41924, 5.268442
15.4309, 5.358734
15.442, 5.861547
15.45373, 5.504461
15.46548, 5.12296
15.47685, 4.62676
15.48811, 4.790972
15.49971, 4.718038
15.51102, 4.616065
15.52171, 4.973114
15.53356, 4.664389
15.54447, 4.854325
15.55619, 4.719029
15.56756, 4.791885
15.57893, 4.866735
15.59027, 4.649068
15.6011, 4.654179
15.61122, 4.580516
15.6224, 4.808649
15.6337, 4.889939
15.6446, 4.961422
15.65565, 4.33455
15.66682, 4.344092
15.6778, 4.503051
15.68907, 4.4783
15.70224, 4.47333
15.71114, 4.429246
15.72247, 4.143857
15.73337, 4.279648
15.74449, 4.284038
15.75563, 4.512997
15.76675, 4.653096
15.77777, 4.558762
15.78897, 5.346051
15.80003, 4.960798
15.81111, 5.09116
15.8223, 5.939322
15.83386, 6.230529
15.84449, 6.397146
15.85638, 6.648787
15.86719, 6.626891
15.87853, 6.849395
15.88952, 6.521079
15.90047, 7.265682
15.9117, 7.163499
15.92279, 6.681498
15.93383, 6.531317
15.94502, 7.063505
15.95661, 6.736346
15.96751, 6.691885
15.98159, 6.541739
15.99824, 6.627536
16.00817, 6.827244
16.01767, 6.627297
16.02884, 6.241876
16.04006, 6.429199
16.05122, 6.543221
16.06167, 6.429806
16.07274, 7.29288
16.08374, 6.532967
16.09466, 6.470817
16.10679, 7.127193
16.11793, 7.041687
16.12904, 6.992602
16.14024, 7.151741
16.15112, 6.897253
16.16126, 6.771717
16.17256, 6.481005
16.1841, 6.429563
16.19502, 6.349012
16.20671, 6.329539
16.21742, 5.950721
16.22895, 5.613542
16.23996, 5.613754
16.25114, 5.598687
16.26147, 5.856249
16.27265, 6.450521
16.28346, 5.97715
16.29486, 6.390117
16.30578, 5.916122
16.3172, 6.420147
16.32809, 6.40046
16.33928, 6.555039
16.35032, 6.728182
16.36117, 6.728512
16.37249, 6.331594
16.38355, 6.122591
16.39479, 6.197299
16.40575, 6.514914
16.4168, 6.996269
16.42798, 7.020251
16.43939, 6.485197
16.45077, 6.926125
16.4626, 6.424258
16.47402, 6.285709
16.48549, 6.034706
16.49714, 6.162767
16.50845, 7.570673
16.52858, 6.163558
16.53799, 6.678411
16.5471, 6.416787
16.55677, 5.746387
16.56625, 5.788113
16.57527, 5.763885
16.58477, 5.772925
16.59524, 5.049623
16.60557, 4.810289
16.61676, 4.661638
16.62781, 4.839777
16.63935, 5.206251
16.65038, 5.400361
16.66107, 5.429546
16.67229, 5.039636
16.68336, 5.601388
16.69452, 4.679513
16.70568, 5.161028
16.71669, 5.744037
16.72781, 6.133602
16.73921, 6.016237
16.74998, 6.84445
16.76114, 7.033611
16.77228, 6.914358
16.78338, 6.256749
16.79436, 5.610805
16.80562, 5.07918
16.81661, 5.092068
16.82751, 5.004467
16.83889, 5.236377
16.85009, 5.123998
16.86099, 5.182724
16.8722, 5.650074
16.8833, 5.360152
16.89463, 5.460967
16.9066, 5.124001
16.91794, 5.395954
16.92928, 5.512598
16.94033, 6.061297
16.95203, 5.681116
16.96359, 5.835653
16.97446, 5.981411
16.98607, 5.745333
16.99752, 5.324977
17.00812, 5.460724
17.01946, 5.373802
17.03098, 5.460353
17.04202, 5.430974
17.05337, 5.460191
17.06484, 5.29719
17.07615, 5.366572
17.08737, 5.31095
17.09877, 5.195514
17.1098, 5.201793
17.12123, 4.848391
17.13249, 4.411115
17.1438, 4.479214
17.15534, 4.082399
17.16604, 3.81671
17.17724, 3.795341
17.18833, 3.701406
17.19945, 3.923908
17.21102, 3.947017
17.22228, 3.714951
17.23332, 3.93195
17.24456, 4.021647
17.25495, 3.439165
17.26646, 2.949856
17.27718, 2.790696
17.28839, 1.743628
17.29956, 1.898012
17.31047, 2.55512
17.32151, 1.590709
17.33266, 1.795635
17.34391, 1.139511
17.35485, 1.036176
17.36601, 1.311368
17.37711, 1.354997
17.38825, 1.512353
17.39926, 1.679401
17.41038, 1.230062
17.42149, 1.019976
17.43273, 1.093887
17.44386, 1.306213
17.45501, 1.195674
17.46633, 1.536329
17.47709, 1.374918
17.48819, 1.14951
17.49927, 1.142158
17.51024, 0.9648588
17.52147, 1.156991
17.53253, 1.339733
17.54377, 1.606351
17.55491, 1.295404
17.5658, 1.290912
17.57708, 1.312637
17.58818, 1.276246
17.59922, 1.258686
17.61025, 1.262243
17.6215, 1.248888
17.63256, 1.21969
17.64345, 1.197244
17.65491, 1.181476
17.66583, 1.175233
17.67696, 1.199204
17.68817, 1.214378
17.69918, 1.188088
17.71036, 1.183743
17.72116, 1.168167
17.73245, 1.164791
17.74379, 1.162467
17.75522, 1.396702
17.76638, 1.701179
17.77734, 1.586732
17.78891, 1.655096
17.79974, 1.363076
17.81007, 1.204096
17.82134, 1.309647
17.83242, 1.372183
17.84343, 1.417739
17.85478, 1.387113
17.86576, 1.415767
17.87682, 1.417892
17.88788, 1.400096
17.89911, 1.384633
17.91017, 1.386825
17.92119, 1.415974
17.93229, 1.375479
17.94339, 1.357974
17.95464, 1.304976
17.9657, 1.292121
17.97694, 1.34306
17.98824, 1.299578
17.99892, 1.306167
18.01082, 1.298018
18.0217, 1.300169
18.0331, 1.293449
18.04381, 1.287222
18.05533, 1.249029
18.06657, 1.244125
18.07753, 1.271043
18.09383, 1.339389
18.1101, 1.326436
18.12029, 1.344768
18.13052, 1.344288
18.14139, 1.352735
18.15255, 1.446168
18.16306, 1.444104
18.17383, 1.453849
18.1852, 1.424188
18.19608, 1.303341
18.20735, 1.324162
18.2182, 1.318802
18.22947, 1.319065
18.24078, 1.312584
18.25162, 1.320212
18.26304, 1.360884
18.27399, 1.355774
18.28484, 1.318575
18.29608, 1.310951
18.30751, 1.287965
18.31826, 1.324142
18.32942, 1.334061
18.34058, 1.330882
18.35163, 1.335522
18.36295, 1.360697
18.37401, 1.359127
18.38506, 1.296759
18.39604, 1.345176
18.40757, 1.383819
18.41869, 1.243424
18.42982, 1.313681
18.44104, 1.672576
18.45208, 1.507794
18.46288, 1.459676
18.47423, 1.551431
18.48547, 1.591368
18.49694, 1.580606
18.50785, 1.607922
18.5197, 1.588155
18.53055, 1.58291
18.54214, 1.587586
18.55319, 1.591174
18.56453, 1.54801
18.5757, 1.55442
18.58695, 1.553328
18.59812, 1.569358
18.60948, 1.565939
18.62056, 1.543033
18.63199, 1.706348
18.64322, 1.748208
18.65434, 1.733027
18.66588, 1.672356
18.67668, 1.702648
18.68764, 1.655481
18.69862, 1.624645
18.71023, 1.611888
18.72095, 1.600242
18.73205, 1.592566
18.74345, 1.574746
18.75427, 1.546261
18.76551, 1.534367
18.7766, 1.565498
18.78779, 1.590392
18.79861, 1.556476
18.80995, 1.564744
18.82093, 1.577819
18.83224, 1.553505
18.84315, 1.690419
18.85406, 1.644273
18.8653, 1.662163
18.87641, 1.675359
18.88768, 1.682962
18.89867, 1.726081
18.90964, 1.69292
18.92071, 1.792031
18.9319, 1.756968
18.94322, 1.697701
18.95443, 1.639926
18.96524, 1.588482
18.97629, 1.584823
18.98763, 1.612579
18.9985, 1.628704
19.00954, 1.675092
19.02088, 1.723723
19.03185, 1.680219
19.04306, 1.681113
19.05464, 1.693627
19.06575, 1.671303
19.0766, 1.733961
19.08781, 1.870842
19.09887, 1.885458
19.11004, 1.875605
19.1218, 1.871766
19.13247, 1.812943
19.14355, 1.888117
19.15498, 1.863588
19.16619, 1.805592
19.1772, 1.755304
19.18841, 1.710063
19.1994, 1.738064
19.20934, 1.759308
19.22088, 1.732606
19.23186, 1.708345
19.243, 1.712732
19.2541, 1.684029
19.26506, 1.287786
19.27607, 1.52536
19.28747, 6.504128
19.29887, 8.361838
19.30939, 5.854529
19.32098, 4.703114
19.33184, 4.961783
19.35383, 5.505849
19.36489, 4.114512
19.37621, 4.229579
19.38736, 4.696583
19.41003, 6.592235
19.42099, 5.277696
19.43246, 6.627603
19.44316, 5.906628
19.45443, 7.425433
19.46559, 7.279694
19.4767, 7.592401
19.48785, 7.243895
19.49899, 6.808044
19.51023, 6.642672
19.52121, 6.198956
19.53262, 6.161531
19.54356, 6.133554
19.55429, 5.792393
19.56493, 6.855208
19.57596, 7.205549
19.58732, 7.58089
19.59837, 7.66602
19.60937, 7.738891
19.62065, 9.98785
19.63157, 8.730268
19.64269, 8.882013
19.65391, 8.549277
19.66504, 7.949111
19.67594, 7.887813
19.68714, 7.888403
19.70384, 7.116796
19.71088, 7.116796
19.72031, 6.72994
19.73155, 6.774277
19.74256, 6.796828
19.75383, 7.042855
19.76488, 6.923132
19.7759, 6.876506
19.78698, 8.185683
19.79823, 8.43949
19.80925, 8.822172
19.82035, 8.618213
19.8317, 7.736965
19.8428, 7.454546
19.85371, 7.414986
19.86473, 7.141966
19.87589, 6.81981
19.88713, 6.567454
19.89807, 6.483995
19.90993, 7.309709
19.92084, 6.217412
19.93193, 5.936557
19.94315, 5.997081
19.95435, 6.105237
19.9654, 5.671349
19.977, 5.77552
19.98747, 6.453431
19.99896, 6.304129
20.01004, 6.443684
20.02127, 6.132973
20.03241, 6.006379
20.04356, 6.453753
20.05422, 6.495013
20.06481, 6.353517
20.07595, 6.275583
20.0869, 6.721165
20.09813, 6.868608
20.10908, 7.814476
20.12028, 6.731892
20.1314, 6.622937
20.14239, 7.044542
20.15372, 6.274903
20.1648, 6.208252
20.17566, 6.333457
20.18681, 5.342883
20.19805, 6.323223
20.21005, 6.123936
20.22082, 7.523054
20.2322, 6.80855
20.24358, 8.319244
20.25408, 7.784137
20.2648, 7.283237
20.27569, 7.007078
20.28691, 7.638075
20.29778, 7.415441
20.30898, 6.844003
20.32038, 6.937619
20.33118, 6.822773
20.34224, 6.395624
20.35347, 5.82023
20.36473, 5.635546
20.37562, 5.714835
20.3869, 6.091042
20.39782, 5.772002
20.40896, 5.730977
20.42028, 5.230125
20.43116, 5.325943
20.4422, 5.017021
20.45364, 5.041501
20.4652, 5.054006
20.47627, 4.919591
20.48792, 5.374377
20.49884, 5.318035
20.50978, 5.982359
20.52056, 6.144338
20.53161, 6.172221
20.54273, 6.938732
20.55468, 6.997285
20.56578, 7.697502
20.57662, 7.233359
20.58778, 2.86043
20.59887, 5.404785
20.609, 6.769303
20.62008, 4.156739
20.63113, 4.61561
20.64225, 5.089085
20.65342, 3.456733
20.66459, 3.500924
20.67574, 5.471364
20.68679, 4.115712
20.69798, 4.601748
20.70887, 4.581985
20.71996, 4.855792
20.73102, 4.982065
20.7422, 5.000805
20.7535, 5.179112
20.76447, 5.152976
20.77562, 5.267208
20.78662, 4.977281
20.79785, 5.78519
20.8094, 5.760896
20.82086, 5.194768
20.83167, 4.652209
20.84285, 4.583844
20.8542, 4.343143
20.86518, 4.487515
20.87621, 4.372077
20.88715, 4.630938
20.89867, 4.462639
20.90874, 4.609979
20.91984, 4.472364
20.93116, 4.385224
20.94202, 4.256004
20.9531, 4.78967
20.96442, 4.733583
20.97529, 4.604577
20.98653, 5.089589
20.99782, 5.181103
21.00876, 5.401368
21.01976, 5.351139
21.03099, 4.953307
21.04196, 5.162292
21.05303, 5.445196
21.06425, 2.902288
21.07535, 2.449821
21.10916, 3.732137
21.12035, 3.716626
21.13137, 3.494238
21.1427, 2.724644
21.15387, 3.299988
21.16525, 2.708887
21.17605, 3.562943
21.18814, 3.185647
21.19852, 3.636141
21.20951, 3.079825
21.22091, 2.762885
21.23159, 2.832569
21.24318, 2.695227
21.25348, 2.744529
21.26415, 2.684977
21.27545, 2.658391
21.2863, 2.756824
21.30275, 2.991175
21.30848, 2.991175
21.31973, 2.805727
21.33065, 2.891972
21.34196, 2.862576
21.35303, 2.98106
21.36406, 2.943727
21.37513, 2.909449
21.38661, 2.863713
21.39743, 2.863847
21.40851, 2.719189
21.4196, 2.605181
21.43064, 3.078552
21.44195, 1.933724
21.45284, 1.54748
21.4641, 3.604788
21.47553, 1.510756
21.48672, 1.135773
21.4976, 1.275635
21.50849, 1.237692
21.51962, 1.129333
21.53065, 0.9514369
21.54183, 1.042629
21.55299, 1.244698
21.56465, 1.242693
21.57594, 0.8989699
21.58686, 0.9417773
21.59813, 0.8014859
21.60845, 0.8974366
21.61946, 0.6597258
21.87203, 8.411018
21.88323, 1.186118
21.89426, 1.030547
21.90595, 1.06795
21.91696, 1.08247
21.928, 0.9849004
21.93939, 1.225097
21.95028, 1.327435
21.96088, 1.182803
21.97199, 1.00868
21.98318, 0.9959725
21.99432, 1.041816
22.00571, 1.02389
22.01653, 1.165953
22.02746, 1.001762
22.03861, 1.021591
22.04989, 1.062209
22.06073, 1.067096
22.07186, 1.122796
22.08336, 1.466892
22.09414, 1.174882
22.10526, 1.14344
22.11642, 1.068571
22.12742, 1.095556
22.13851, 1.004419
22.14974, 1.369738
22.16063, 1.370503
22.17205, 1.227907
22.18368, 1.128183
22.19466, 1.094342
22.20675, 1.108912
22.21797, 1.088472
22.22923, 1.270794
22.24067, 1.127648
22.25214, 1.129149
22.26253, 1.213627
22.27419, 1.326069
22.28487, 1.31086
22.29606, 1.299816
22.30736, 1.274396
22.31859, 1.306014
22.32995, 1.332028
22.34121, 1.300824
22.35262, 1.302361
22.36348, 1.351763
22.37474, 1.386511
22.38592, 1.581085
22.39698, 1.25104
22.40812, 1.29342
22.41913, 1.319811
22.43037, 1.213712
22.44134, 1.648237
22.45243, 1.291607
22.46428, 1.309361
22.47523, 1.391996
22.48646, 1.418823
22.49758, 1.388971
22.50866, 1.42115
22.51985, 1.415537
22.5308, 1.472057
22.54181, 1.421319
22.55355, 1.430085
22.56501, 1.412904
22.57574, 1.434704
22.58687, 1.447695
22.598, 1.425588
22.60829, 1.434685
22.61896, 1.432729
22.63021, 1.420856
22.64144, 1.383351
22.65261, 1.364718
22.66351, 1.362923
22.67461, 1.351751
22.68562, 1.391984
22.69678, 1.391938
22.70901, 1.392234
22.72026, 1.375513
22.73139, 1.399219
22.7421, 1.394353
22.75305, 1.369192
22.76385, 1.363247
22.77488, 1.389827
22.78561, 1.356977
22.79675, 1.163482
22.80791, 2.037099
22.81914, 1.395102
22.83027, 1.420434
22.84122, 1.45987
22.85248, 1.205865
22.86334, 1.176178
22.87475, 1.146597
22.88621, 1.252511
22.8967, 1.179084
22.90774, 1.238793
22.91921, 1.312363
22.9301, 1.331932
22.94116, 1.318948
22.95248, 1.489118
22.96331, 1.426729
22.98131, 1.402685
22.99975, 1.402685
23.00628, 1.214545
23.01729, 1.207893
23.02785, 1.167657
23.03935, 1.133237
23.05013, 1.155648
23.06109, 1.109218
23.07267, 1.142822
23.08352, 1.087496
23.09458, 1.11094
23.10583, 1.220328
23.11679, 1.132391
23.12774, 1.167538
23.13907, 1.140509
23.14991, 1.131466
23.16115, 1.147427
23.17229, 1.193443
23.18385, 1.194188
23.19444, 1.185379
23.20609, 1.20716
23.21731, 1.194948
23.22819, 1.125469
23.23948, 1.133796
23.25076, 1.374231
23.26115, 1.195793
23.27229, 1.373001
23.28349, 1.537629
23.29437, 3.07608
23.3055, 6.391169
23.31663, 4.170802
23.32775, 5.834343
23.34995, 6.247751
23.36105, 4.547189
23.38366, 5.408153
23.39488, 6.90389
23.40602, 5.023992
23.41731, 5.980229
23.42856, 5.8436
23.43982, 5.050073
23.45107, 5.329087
23.46302, 4.85146
23.47413, 4.511214
23.48522, 4.337386
23.49677, 4.180422
23.508, 4.224116
23.51963, 3.990853
23.53039, 3.890958
23.54169, 3.940457
23.55282, 3.208354
23.56394, 4.804596
23.57534, 6.223933
23.58649, 4.481329
23.59744, 4.693935
23.60858, 4.916033
23.62028, 5.007032
23.63077, 4.839962
23.64227, 4.845941
23.65307, 4.846055
23.66347, 4.54237
23.67412, 4.711395
23.68546, 4.599442
23.69658, 4.552974
23.70756, 4.414365
23.71864, 4.256929
23.7296, 3.881586
23.74076, 3.938379
23.75179, 3.90052
23.76298, 3.83779
23.77396, 3.769938
23.78519, 3.707697
23.79626, 3.48383
23.8086, 3.442303
23.81936, 3.214604
23.83069, 3.204514
23.84166, 3.139569
23.85291, 3.11775
23.86373, 3.184503
23.87488, 3.139861
23.88619, 3.084706
23.89697, 2.973271
23.90851, 3.004433
23.91945, 3.036389
23.93068, 3.118702
23.94177, 3.126011
23.95282, 2.989276
23.96414, 2.941351
23.97534, 3.025339
23.9862, 2.892871
23.99736, 2.876357
24.00837, 2.886662
24.01943, 2.901292
24.03058, 2.916062
24.0417, 2.903428
24.05282, 2.888962
24.06287, 2.866293
24.07394, 3.005521
24.08512, 3.005571
24.09628, 2.908067
24.10739, 2.968318
24.11843, 3.144576
24.12956, 3.301576
24.1405, 3.387547
24.15223, 3.563939
24.164, 3.589335
24.17515, 3.582995
24.18698, 3.407729
24.19729, 3.396357
24.20732, 3.419279
24.21826, 3.202385
24.2296, 3.101317
24.2408, 3.103646
24.25172, 2.992959
24.26286, 2.981757
24.27407, 2.979648
24.28502, 2.949139
24.29616, 2.979846
24.30721, 2.982099
24.31825, 3.147682
24.32946, 3.280985
24.34062, 3.294274
24.35175, 3.388369
24.36278, 3.187628
24.374, 3.654864
24.38497, 3.69492
24.39612, 3.946939
24.40802, 4.073978
24.4192, 3.927961
24.43028, 4.0136
24.44114, 3.947161
24.45302, 3.622195
24.4635, 3.487768
24.47455, 3.521231
24.48558, 3.632189
24.49681, 3.622368
24.50719, 3.36304
24.51825, 3.502825
24.52937, 3.379668
24.54045, 3.393874
24.55157, 3.573985
24.56271, 3.60903
24.57375, 3.580242
24.58484, 3.728667
24.59599, 3.831024
24.61354, 3.890146
24.6193, 4.009536
24.62936, 4.037564
24.64026, 4.057847
24.6514, 4.062002
24.66256, 4.021987
24.67399, 4.021953
24.68471, 3.506059
24.69622, 4.107575
24.70708, 4.0909
24.71808, 3.898267
24.72937, 3.750455
24.74028, 3.814079
24.75136, 3.740118
24.76259, 3.722962
24.77363, 3.685811
24.78481, 3.662579
24.79592, 3.891701
24.80703, 3.814934
24.81801, 3.730764
24.82928, 3.601555
24.84021, 3.604753
24.85137, 3.572963
24.8625, 4.016459
24.87353, 3.992787
24.88472, 3.977344
24.89606, 4.017176
24.90752, 4.077804
24.91864, 3.893886
24.92997, 3.377218
24.94091, 3.446506
24.95213, 3.383194
24.96353, 3.146746
24.97437, 3.364567
24.98555, 2.791974
24.99658, 2.815317
25.00683, 2.975546
25.01792, 2.95811
25.02909, 3.154852
25.04009, 3.18462
25.05124, 3.410272
25.06245, 3.498759
25.07348, 3.569782
25.08456, 3.710429
25.09588, 4.181173
25.10691, 4.113417
25.11778, 4.11373
25.12889, 4.032203
25.13998, 3.98871
25.15112, 3.889463
25.16226, 3.622379
25.17346, 3.574557
25.18478, 3.559007
25.1959, 3.645593
25.20757, 3.613351
25.21877, 3.590925
25.22979, 3.467968
25.24106, 3.584676
25.25226, 3.597517
25.26232, 3.706174
25.27342, 3.597646
25.28437, 3.659616
25.29558, 3.147391
25.30671, 2.932418
25.31791, 2.761706
25.329, 2.713571
25.33996, 2.76204
25.35103, 2.822102
25.36224, 2.874402
25.37327, 2.876426
25.38435, 2.8785
25.39555, 2.91812
25.40664, 2.839994
25.41778, 2.8541
25.42894, 3.066649
25.44006, 2.922336
25.45107, 2.892988
25.4629, 2.93304
25.47427, 2.920242
25.48514, 2.858093
25.49645, 2.987049
25.50755, 2.997963
25.51863, 3.087426
25.52977, 3.043317
25.5408, 2.926446
25.55181, 2.913765
25.56275, 2.907504
25.57321, 2.905384
25.58431, 2.901228
25.59567, 2.963045
25.60649, 2.978304
25.61769, 8.88865
25.62883, 2.96703
25.63991, 2.283463
25.65102, 3.896617
25.66452, 2.811054
25.67432, 2.401468
25.68509, 2.255217
25.69646, 2.350283
25.70652, 2.444043
25.71757, 2.442487
25.72905, 2.388552
25.73979, 2.344181
25.75072, 2.297366
25.76314, 2.231955
25.77431, 2.256028
25.78505, 2.204737
25.79622, 2.213728
25.80625, 2.247109
25.81731, 2.268471
25.82871, 2.377973
25.8398, 2.31254
25.85084, 2.344622
25.8621, 2.307529
25.87305, 2.294968
25.88426, 2.368897
25.8954, 2.355166
25.90635, 2.346693
25.91744, 2.358932
25.92884, 2.482485
25.9398, 2.455445
25.95094, 2.549169
25.962, 2.480053
25.97299, 2.422318
25.98421, 2.490894
25.9954, 2.571174
26.00632, 2.586331
26.01742, 2.622766
26.02879, 2.534557
26.03983, 2.575697
26.0508, 2.588688
26.062, 2.77322
26.07296, 2.788866
26.08409, 2.769156
26.09522, 2.961877
26.10636, 2.685738
26.11731, 4.868967
26.12847, 2.398806
26.13969, 3.207651
26.15059, 3.523119
26.53671, 1.450167
26.54785, 1.793785
26.55947, 2.214363
26.57014, 2.081012
26.58114, 1.673185
26.59234, 1.897185
26.60355, 1.198099
26.61428, 1.316518
26.62558, 2.308965
26.63672, 3.894853
26.64779, 6.337778
26.65882, 2.17673
26.67002, 1.929639
26.68126, 1.863709
26.69255, 2.492148
26.70387, 2.845839
26.71518, 2.123629
26.72644, 3.025408
26.73771, 5.821388
26.749, 3.061405
26.76033, 5.109816
26.7718, 3.300959
26.78329, 2.07307
26.79406, 2.818002
26.81696, 3.927376
26.83929, 3.029033
26.85039, 4.822116
26.86158, 3.819741
26.87257, 3.928234
26.88375, 3.080315
26.89498, 6.099374
26.90592, 6.364295
26.91703, 6.824414
26.92809, 3.201808
26.93941, 4.689601
26.95029, 4.127438
