0.7594146, 0.4822395
0.7759947, 1.180212
0.7825118, 1.651903
0.9157311, 1.309755
0.9266781, 1.480862
0.9375095, 1.431765
0.9483718, 1.395339
0.9602987, 1.744476
0.971828, 1.692587
0.982392, 2.44233
0.9938135, 1.84228
1.004593, 1.720033
1.015503, 1.805104
1.026686, 1.951413
1.038248, 2.558291
1.05029, 3.101392
1.062705, 2.175636
1.073245, 2.905445
1.084312, 1.790902
1.095155, 1.878043
1.106335, 2.527551
1.118209, 2.71529
1.128591, 2.988715
1.139504, 2.227136
1.151219, 3.929221
1.1627, 3.83045
1.431765, 0.5712522
1.442473, 0.9746942
1.464616, 8.090968
1.475947, 7.058137
1.487304, 2.935015
1.497878, 3.227221
4.284947, 2.887132
4.296327, 0.5073577
4.307817, 5.002113
4.319254, 0.4486842
4.330287, 0.4360064
4.341456, 2.732939
4.396585, 2.845353
4.43029, 1.24735
4.462571, 1.441342
4.485465, 0.7898183
4.507803, 0.633131
4.519254, 0.9591501
4.540532, 1.065928
4.574585, 1.23438
4.60782, 1.338651
4.618866, 0.6456847
4.629521, 3.47934
4.640785, 0.6549811
4.752411, 3.705965
4.918424, 2.490877
4.931469, 4.657236
4.962867, 2.35381
5.084792, 6.436909
5.096446, 3.091951
5.107386, 5.577565
5.118916, 3.155558
5.140719, 9.042569
5.161994, 4.652266
5.173816, 3.799161
5.196505, 3.0146
5.218804, 2.810291
5.229907, 2.560644
5.240378, 3.927619
5.251241, 6.091598
5.26345, 3.007558
5.274065, 2.029985
5.285381, 7.222061
5.296692, 4.469835
5.307693, 3.839081
5.329257, 4.123381
5.34007, 4.183753
5.352029, 3.266823
5.362995, 5.445631
5.37396, 4.323768
5.385175, 2.787834
5.396392, 3.010618
5.406697, 3.403281
5.417943, 3.614264
5.429589, 2.581339
5.440665, 6.452291
5.451797, 3.408737
5.462954, 4.530009
5.474359, 5.364718
5.485374, 3.802766
5.495583, 8.853984
5.506658, 6.706492
5.518846, 4.978219
5.529468, 4.010865
5.551861, 2.834704
5.56285, 5.957284
5.576689, 3.85625
5.618722, 4.159655
5.629748, 4.96955
5.651615, 4.455383
5.673985, 3.836349
5.685232, 2.418763
5.696783, 4.296205
5.707228, 2.066947
5.718622, 2.295175
5.729133, 2.067532
5.740008, 3.599228
5.751413, 3.241057
5.762782, 3.371551
5.773894, 3.240847
5.785161, 3.089909
5.796428, 2.957115
5.806737, 3.064543
5.817463, 3.159394
5.829497, 3.144165
5.840675, 3.084717
5.851853, 3.216564
5.862866, 2.534738
5.874114, 2.331692
5.884358, 4.148469
5.895968, 3.883663
5.907175, 3.525352
5.918656, 5.936628
5.929266, 3.648767
5.940312, 3.234671
5.951312, 3.305559
5.962349, 3.34007
5.973761, 2.973562
5.985043, 2.932137
5.995942, 3.038784
6.007195, 3.038512
6.018421, 3.574573
6.028642, 3.797515
6.040676, 3.195637
6.051684, 4.063654
6.062719, 3.472673
6.073977, 2.229139
6.08509, 1.677698
6.095974, 1.066776
6.106389, 0.8781025
6.118226, 0.8225414
6.129575, 0.6728586
6.140347, 0.7291594
6.151596, 0.6217991
6.162603, 0.6422178
6.173407, 0.7500852
6.185036, 0.572008
6.195864, 0.5656932
6.20689, 0.5778981
6.218476, 0.6065104
6.228914, 0.616708
6.239986, 0.6034537
6.25159, 0.4798129
6.262539, 0.4842269
6.273824, 0.7416074
6.284826, 0.6759788
6.296562, 0.7172991
6.307208, 0.6881022
6.317307, 0.7161404
6.328886, 0.6709425
6.340165, 0.678892
6.351808, 0.6935225
6.362141, 0.6515141
6.373767, 0.6390064
6.384269, 0.6942394
6.395388, 0.6241646
6.406771, 0.6672031
6.418062, 0.6365935
6.429257, 0.6242254
6.440383, 0.645154
6.451461, 0.6116403
6.461901, 0.6286294
6.473063, 0.6196828
6.484774, 0.6297644
6.496046, 0.6499892
6.506934, 0.632166
6.518174, 0.6045801
6.529384, 0.5997239
6.539781, 0.5918695
6.550825, 0.5863689
6.562566, 0.585947
6.573646, 0.5908402
6.584551, 0.6032171
6.595675, 0.6021132
6.606689, 0.6091517
6.617619, 0.6095136
6.628493, 0.607523
6.640147, 0.602138
6.651076, 0.6077233
6.662958, 0.6067693
6.673766, 0.6103731
6.684479, 0.610272
6.695164, 0.6144713
6.706501, 0.6175371
6.718081, 0.6126249
6.729022, 0.6128173
6.740219, 0.6319124
6.751439, 0.6470671
6.762449, 0.64669
6.772877, 0.6449798
6.783584, 0.6526904
6.795668, 0.6468031
6.80681, 0.6507391
6.818259, 0.6510433
6.828693, 0.6376473
6.839961, 0.6389526
6.850711, 0.5983874
6.861678, 0.6180511
6.873555, 0.6138428
6.884393, 0.6109568
6.895853, 0.6121885
6.906718, 0.6145141
6.917645, 0.6226888
6.928782, 0.6193162
6.939436, 0.6160652
6.95078, 0.612406
6.962464, 0.6178972
6.973433, 0.6288118
6.984511, 0.7454515
6.99577, 0.8788819
7.006224, 1.088395
7.018521, 1.982229
7.028664, 2.218375
7.047825, 2.127226
7.060789, 2.172233
7.067543, 1.85216
7.074183, 1.85216
7.081743, 2.570187
7.092261, 3.225187
7.10335, 2.73524
7.115106, 2.663016
7.125894, 3.430255
7.137283, 2.000379
7.148306, 2.3196
7.15944, 4.359778
7.170248, 3.352818
7.180993, 3.680878
7.192885, 2.108821
7.203776, 2.440632
7.215218, 2.803555
7.226324, 2.283858
7.236828, 3.194693
7.247939, 3.125624
7.259527, 1.554985
7.270696, 3.089319
7.28181, 1.657198
7.29287, 4.141065
7.304005, 2.271638
7.314649, 1.740009
7.325229, 1.811901
7.33639, 1.960153
7.348357, 2.012791
7.359042, 2.169562
7.37033, 2.072149
7.381541, 2.14625
7.392847, 2.093083
7.402982, 2.105614
7.41477, 2.128865
7.426773, 2.193877
7.437511, 2.306322
7.44895, 2.286903
7.460289, 2.223036
7.471381, 2.264618
7.482253, 2.206953
7.49356, 2.192586
7.505378, 2.14857
7.516479, 2.146862
7.527755, 2.274953
7.53918, 2.312284
7.549871, 2.265474
7.560964, 3.304007
7.571974, 3.265402
7.584062, 4.207807
7.595437, 3.383752
7.60639, 3.845754
7.61762, 3.591082
7.628548, 4.75522
7.639386, 5.333252
7.650598, 3.708991
7.662002, 3.426315
7.673014, 3.471967
7.684213, 3.21994
7.694882, 3.213915
7.706195, 3.122898
7.717103, 3.127623
7.728548, 3.06308
7.739793, 3.016409
7.750634, 2.674057
7.762153, 1.337852
7.77277, 1.075305
7.783372, 0.9808223
7.794311, 0.8249283
7.806223, 0.5445026
7.817754, 0.3648934
7.828759, 0.3956259
7.84023, 0.4191946
7.850557, 0.4865243
7.860999, 0.4757083
7.872063, 0.4679058
7.883963, 0.4597566
7.894846, 0.464572
7.906273, 0.4720222
7.9174, 0.4657736
7.928233, 0.4679062
7.939325, 0.4704173
7.950455, 0.4806425
7.962009, 0.4852204
7.972817, 0.4773135
7.984571, 0.5084255
7.995057, 0.5243074
8.006585, 0.5320387
8.016719, 0.5387464
8.028031, 0.5769768
8.039699, 0.5824454
8.05063, 0.5930429
8.062406, 0.5915211
8.072945, 0.622707
8.084053, 0.6130815
8.094541, 0.6276817
8.10538, 0.6345112
8.117213, 0.7440253
8.128435, 0.6465737
8.139506, 0.6576966
8.150582, 0.6705849
8.162233, 0.6864696
8.17205, 0.6909891
8.182992, 0.6930285
8.19523, 0.6684008
8.206399, 0.6645471
8.217269, 0.6391111
8.22858, 0.6273475
8.239159, 0.618127
8.249754, 0.6157953
8.261862, 0.6223007
8.273062, 0.6243095
8.283996, 0.6267143
8.295016, 0.6297479
8.30633, 0.6334441
8.316962, 0.6377795
8.32749, 0.6302271
8.33929, 0.6207427
8.350463, 0.6207035
8.361693, 0.6353127
8.372837, 0.6353338
8.383695, 0.6422797
8.394234, 0.661874
8.405148, 0.6792241
8.417283, 0.6852373
8.428379, 0.6705263
8.439182, 0.5296446
8.450433, 0.5106162
8.461384, 0.5195104
8.472373, 0.4690492
8.483975, 0.4662249
8.494674, 0.4691666
8.512285, 0.4810757
8.519598, 0.4941005
8.528523, 0.4945749
8.537543, 0.4860462
8.548473, 0.485112
8.560636, 0.4888163
8.571168, 0.4944909
8.582652, 0.4997007
8.593788, 0.5037599
8.604859, 0.6514989
8.615431, 0.741124
8.626559, 0.7537826
8.637843, 1.047597
8.649332, 1.248423
8.660464, 1.458824
8.671655, 1.520394
8.682471, 1.53638
8.692822, 2.185902
8.704646, 1.907837
8.715774, 1.893155
8.726923, 2.522373
8.73829, 2.196907
8.749303, 2.542422
8.759658, 2.934939
8.770504, 2.888313
8.782472, 2.903142
8.793302, 2.960898
8.805064, 3.12463
8.815885, 3.158857
8.826837, 3.211648
8.837605, 3.168864
8.848591, 3.168396
8.859938, 3.203535
8.871632, 3.177659
8.882451, 2.641504
8.893491, 3.056354
8.904919, 3.419534
8.915593, 3.221867
8.927103, 3.228469
8.939279, 3.304536
8.950404, 2.854067
8.96086, 5.07098
8.972567, 3.696017
8.982937, 3.758174
8.994193, 3.10359
9.005669, 3.533533
9.016724, 4.587576
9.028019, 5.193525
9.039281, 3.555219
9.050219, 2.400194
9.060666, 2.858012
9.694285, 1.39592
9.705403, 2.335963
9.716027, 4.942047
9.727021, 3.469519
9.738572, 3.255188
9.793651, 2.319834
9.982965, 7.281548
10.03878, 3.520037
10.0609, 5.04423
10.07167, 3.575293
10.08261, 3.58888
10.0932, 1.964024
10.10528, 2.859705
10.1164, 4.843237
10.12765, 4.902009
10.13883, 2.571354
10.1494, 5.044041
10.17177, 2.18312
10.1941, 1.500605
10.20524, 1.425738
10.2165, 3.552943
10.22678, 2.323765
10.24961, 1.149637
10.26086, 1.523947
10.27167, 4.459085
10.28334, 2.154179
10.29354, 1.910586
10.30863, 4.581195
10.31606, 4.581195
10.32751, 3.522014
10.33846, 4.394979
10.34958, 4.069382
10.36041, 6.778793
10.37153, 3.375616
10.38284, 4.505907
10.39396, 2.397197
10.40486, 2.887991
10.41618, 3.839237
10.42765, 5.089225
10.43778, 2.084257
10.44949, 4.494792
10.46056, 3.399162
10.47172, 1.689995
10.48294, 2.750772
10.4941, 2.197334
10.50426, 1.742713
10.51524, 2.146207
10.52729, 2.126299
10.53841, 1.856686
10.54984, 1.750561
10.56049, 2.66647
10.57129, 3.651539
10.58182, 1.749098
10.594, 2.777345
10.60475, 2.105742
10.61612, 2.010849
10.62727, 2.493474
10.63857, 3.533241
10.64869, 2.385834
10.66046, 2.294096
10.67149, 5.539714
10.68247, 2.192119
10.694, 1.89368
10.70476, 1.930574
10.71559, 3.068873
10.85962, 2.512933
10.8713, 2.225797
10.88269, 2.176169
10.89351, 2.489682
10.90529, 2.108793
10.91617, 2.277508
10.92661, 3.071095
10.93723, 2.149706
10.94941, 2.869175
10.9601, 2.495095
10.97143, 1.737056
11.13766, 9.180008
11.17231, 4.866429
11.18232, 6.887168
11.19375, 4.977479
11.20498, 3.078677
11.21533, 2.92602
11.22602, 4.286979
11.23787, 4.78716
11.24913, 3.807419
11.25999, 2.669538
11.27154, 6.990576
11.28235, 9.343101
11.29311, 3.745478
11.3039, 3.087517
11.31588, 2.798344
11.32697, 5.547717
11.33784, 3.080405
11.34907, 2.651862
11.35977, 2.882118
11.37069, 1.897977
11.38147, 1.605217
11.39361, 1.460419
11.40451, 1.109805
11.41593, 1.506153
11.42669, 2.053185
11.43752, 1.987574
11.44827, 1.865572
11.45927, 2.118073
11.47161, 1.963031
11.48242, 1.726649
11.49354, 1.736236
11.5047, 1.494595
11.515, 2.17191
11.52631, 1.834651
11.53802, 1.827572
11.54901, 2.506664
11.56012, 1.781927
11.57137, 1.960695
11.58241, 1.930024
11.59288, 2.467263
11.60363, 2.667836
11.6159, 2.977911
11.62682, 2.448232
11.63828, 2.491204
11.64947, 2.189491
11.66003, 3.172721
11.67028, 1.975668
11.68169, 3.855307
11.69339, 2.459053
11.70475, 2.330441
11.71578, 3.829592
11.72683, 3.427288
11.73764, 2.272326
11.74814, 2.358486
11.75905, 2.530063
11.77123, 1.894048
11.7824, 2.395251
11.79349, 3.098533
11.80436, 1.692867
11.81574, 3.295829
11.82578, 2.551006
11.83686, 2.5683
11.84896, 2.443168
11.86018, 2.82224
11.87136, 4.656852
11.88838, 3.475137
11.89374, 2.151595
11.90339, 2.255577
11.91564, 1.768839
11.92663, 2.036892
11.93776, 2.123213
11.94883, 2.161596
11.9602, 2.031125
11.97054, 2.247937
11.98114, 2.744595
11.99315, 1.062477
12.00446, 2.594723
12.01521, 2.595245
12.0269, 2.521811
12.03728, 1.319539
12.04808, 1.511794
12.06011, 0.6744252
12.07099, 0.6318671
12.08221, 0.6789296
12.09318, 0.5900722
12.10401, 0.6846613
12.1149, 0.6430294
12.12636, 0.688504
12.13791, 0.6216766
12.14861, 0.6933532
12.15975, 0.60473
12.17068, 0.6625018
12.1814, 0.8957166
12.19271, 0.7072805
12.20427, 0.7033799
12.21541, 0.722261
12.22658, 0.6111687
12.23737, 0.6121575
12.24797, 0.6056949
12.25905, 0.6593562
12.27105, 0.7030323
12.28191, 0.6736969
12.29292, 0.6611913
12.3045, 0.6870879
12.31521, 0.7423646
12.32587, 0.7181188
12.33677, 0.8086234
12.34793, 0.9531127
12.36024, 1.029702
12.37084, 3.215629
12.3822, 5.935854
12.39336, 7.929535
12.47126, 2.113982
12.48046, 3.273577
12.4914, 2.014319
12.5036, 4.130175
12.56988, 8.159589
12.5812, 6.907778
12.59264, 3.827295
12.60339, 2.934267
12.61486, 5.103549
12.625, 2.965827
12.63586, 2.959464
12.64783, 3.287051
12.65895, 3.628375
12.71448, 4.569802
12.72542, 5.561783
12.73647, 6.918449
12.74759, 6.095988
12.78117, 2.228625
12.79234, 1.589777
12.80364, 6.556223
12.81451, 3.541914
12.82486, 2.910548
12.83657, 3.170534
12.84778, 4.835238
12.85938, 4.353272
12.87031, 1.725996
12.9033, 2.465517
12.91506, 7.884145
12.94856, 6.326859
12.98153, 2.918192
12.99279, 2.975811
13.01511, 6.391847
13.03667, 3.983751
13.04806, 4.554977
13.05969, 7.4603
13.09284, 6.907677
13.10342, 3.924575
13.13726, 3.845154
13.16988, 1.89033
13.18084, 2.21014
13.19283, 3.391424
13.20381, 2.708078
13.21503, 2.581559
13.2309, 2.656523
13.24252, 3.261052
13.25923, 2.294994
13.27053, 2.469277
13.2813, 3.19757
13.2925, 3.325569
13.30306, 2.798357
13.31465, 3.861777
13.32618, 3.554251
13.33719, 3.142498
13.34796, 2.355781
13.35906, 2.280201
13.36996, 2.077222
13.38068, 7.707858
13.39279, 5.450602
13.40371, 2.30719
13.41505, 3.317033
13.42565, 3.900339
13.43679, 6.029066
13.44762, 3.431106
13.45822, 2.773345
13.47003, 3.430787
13.48141, 3.549173
13.49579, 6.166359
13.51033, 4.017084
13.51582, 3.640408
13.52512, 5.762916
13.5372, 4.709893
13.55913, 4.948787
13.57093, 3.862413
13.58124, 4.231483
13.59175, 4.018042
13.60359, 5.846387
13.61502, 8.726566
13.62772, 3.14695
13.63713, 2.792257
13.64834, 2.697477
13.65849, 3.366276
13.66932, 4.526323
13.68141, 3.488421
13.69242, 4.187329
13.70408, 3.557438
13.71458, 4.261322
13.72512, 3.972038
13.73627, 3.754423
13.74833, 3.776069
13.75936, 3.579696
13.77023, 4.836428
13.79202, 3.615014
13.80261, 4.938801
13.81409, 6.447982
13.82573, 2.089448
13.83672, 7.875864
13.8477, 2.709526
13.85929, 3.010686
13.86936, 2.865706
13.88043, 2.996623
13.89237, 3.241445
13.90322, 3.478277
13.91459, 3.252425
13.9257, 2.717191
13.93609, 4.136782
13.94707, 3.695522
13.95923, 3.094701
13.97014, 3.208213
13.98116, 3.482746
13.99234, 3.751956
14.00292, 2.107184
14.01355, 2.093739
14.02601, 1.803198
14.03729, 2.287704
14.04795, 2.413576
14.05942, 2.645008
14.07088, 3.036524
14.08053, 2.040488
14.09137, 3.034244
14.10352, 2.191191
14.11464, 2.307016
14.12567, 2.164654
14.13659, 2.303967
14.14745, 2.574851
14.15829, 2.448924
14.16966, 2.515214
14.18125, 2.306155
14.19222, 2.881262
14.2032, 2.902222
14.21436, 2.17982
14.22519, 2.441885
14.23571, 1.52488
14.24834, 1.276672
14.25895, 3.794269
14.28101, 1.386412
14.29132, 0.9981518
14.30235, 0.8634861
14.31415, 0.8578869
14.32566, 0.8180028
14.33657, 0.786815
14.34778, 0.9347397
14.35856, 2.480561
14.36898, 1.764666
14.38106, 1.037225
14.39235, 1.221991
14.40358, 0.8410317
14.41449, 1.11817
14.42562, 1.08964
14.43605, 1.213321
14.44705, 1.048217
14.45883, 0.797019
14.4699, 0.8388451
14.48112, 0.7660396
14.49191, 0.7408453
14.50278, 0.7443116
14.51389, 0.8019254
14.52538, 0.6975559
14.53646, 0.7881592
14.54782, 0.918884
14.55957, 0.8488871
14.5695, 0.8650963
14.58025, 0.8539684
14.59227, 0.7910782
14.60336, 0.7964187
14.61472, 0.7799752
14.62683, 0.7966686
14.63695, 0.7544645
14.6474, 0.8443779
14.65953, 0.8276988
14.66965, 0.7255493
14.68094, 0.6508069
14.91433, 3.418436
14.92434, 3.290211
14.93568, 2.685764
14.94788, 2.715815
14.95845, 5.197705
14.96973, 6.630797
14.98111, 2.780697
14.99098, 3.200785
15.00251, 2.838849
15.01432, 3.28354
15.02516, 2.787121
15.03654, 3.469134
15.04748, 6.286791
15.05779, 3.887632
15.06937, 3.424508
15.08383, 3.427605
15.09767, 3.023579
15.10461, 4.735047
15.11396, 5.001674
15.124, 4.788489
15.13523, 4.291555
15.14727, 4.601823
15.15786, 4.017523
15.16937, 4.797264
15.18052, 4.069203
15.19096, 4.525095
15.20177, 4.869674
15.22509, 3.885794
15.23604, 3.469679
15.24711, 4.025795
15.25731, 2.186536
15.26835, 2.952322
15.28069, 2.347728
15.2917, 3.234919
15.30251, 3.234919
15.31374, 2.564362
15.32459, 2.653773
15.33502, 3.992477
15.34645, 2.122662
15.35709, 3.004437
15.36861, 2.832556
15.37999, 2.266702
15.39161, 2.448137
15.40271, 2.428835
15.41355, 2.488174
15.42417, 2.437875
15.43573, 2.420974
15.44696, 2.407254
15.45801, 2.955809
15.46908, 2.462094
15.48054, 2.200252
15.49078, 2.629849
15.50217, 2.748301
15.51468, 3.021851
15.52502, 3.288684
15.53636, 3.135843
15.54735, 3.096334
15.55766, 2.919606
15.56857, 2.679933
15.58046, 2.790774
15.59169, 2.602937
15.60286, 2.513203
15.61389, 4.320179
15.6244, 3.284188
15.63502, 3.120812
15.64724, 2.570012
15.65824, 3.659879
15.66915, 3.169438
15.68013, 2.008517
15.69144, 2.841615
15.70217, 2.855736
15.71333, 3.647176
15.72487, 5.595097
15.73632, 3.870062
15.74822, 3.408005
15.75818, 2.86782
15.76837, 2.595666
15.77973, 4.628098
15.79148, 3.475087
15.80271, 2.861249
15.81409, 2.315317
15.82485, 2.044316
15.83535, 2.379198
15.84619, 3.879373
15.85834, 2.582969
15.86922, 3.007158
15.88079, 2.550781
15.89129, 2.58948
15.9023, 3.319355
15.91281, 3.944148
15.92374, 2.387146
15.93579, 2.668748
16.15768, 2.756721
16.16939, 2.034653
16.17992, 1.303095
16.2026, 1.299635
16.21332, 2.786842
16.22399, 4.050098
16.23525, 7.258628
