0.3533334, 4.428726
0.3951313, 3.101597
0.403012, 3.101597
0.4082478, 3.918741
0.4172387, 3.680836
0.429042, 3.591969
0.4392647, 4.123628
0.4504983, 4.327533
0.4614889, 4.471676
0.473199, 5.213793
0.4838212, 5.83237
0.6283547, 5.932332
0.6390243, 3.080938
0.6614373, 8.23772
0.683983, 4.806971
0.7032588, 6.468163
0.716098, 4.292266
0.7219372, 3.024663
0.728426, 8.066947
0.7432497, 7.817146
0.7510291, 6.102727
0.7619756, 3.917927
0.7730938, 4.848656
0.7861001, 4.383466
0.7956163, 4.151937
0.8066102, 4.325979
0.8178788, 4.192043
0.8286356, 2.618769
0.8397948, 3.109715
0.8510386, 3.742059
0.8620607, 3.051244
0.8730866, 2.172536
0.8940625, 2.06564
0.9025598, 2.035062
0.9088722, 3.140738
0.9174504, 2.139025
0.9285166, 2.48128
0.9402111, 2.756506
0.9510263, 2.173317
0.9617223, 2.355572
0.973341, 1.755097
0.984295, 2.260048
0.9953272, 1.527521
1.006401, 1.790511
1.017446, 1.600173
1.028363, 1.256502
1.039662, 3.1622
1.05071, 7.696118
1.06189, 2.254771
1.072926, 2.365788
1.084361, 4.624915
1.095125, 3.085311
1.106377, 4.364458
1.117416, 2.968843
1.139509, 7.762138
1.150694, 5.126444
1.161755, 4.819851
1.173086, 6.372439
1.184054, 3.059145
1.195193, 9.124039
1.217392, 3.79011
1.261695, 6.442461
1.284055, 5.604376
1.43183, 5.702581
1.443234, 7.717609
1.454715, 5.071442
1.466029, 3.713967
1.488709, 6.68842
1.499957, 3.682863
1.511286, 9.763773
1.522629, 8.624654
1.53357, 6.548955
1.544404, 2.850393
1.55604, 9.352908
1.566806, 4.899162
1.578299, 6.126483
1.600035, 6.868495
1.611112, 4.377849
1.622453, 3.579715
1.633264, 6.121448
1.655691, 2.883966
1.666645, 2.981707
1.67778, 3.956401
1.688959, 4.316227
1.700008, 4.147279
1.711139, 9.80502
1.755569, 9.807314
1.767139, 5.756702
1.777798, 5.549278
1.788816, 8.285313
1.799925, 3.502928
1.811148, 3.649003
1.82217, 3.913584
1.83324, 4.163362
1.866625, 5.891241
1.877601, 9.497315
1.900091, 4.810943
1.910915, 5.296974
1.922205, 5.036067
1.933363, 3.323712
1.95549, 6.895392
1.977897, 6.589864
1.98925, 9.296432
1.999986, 4.590715
2.011036, 6.897624
2.022257, 7.602939
2.033496, 4.126323
2.044306, 4.860803
2.055847, 6.760622
2.069381, 7.083106
2.088651, 3.406502
2.098823, 3.977126
2.109882, 4.768149
2.121381, 6.027699
2.131887, 3.969851
2.143193, 7.7287
2.15446, 4.731036
2.165146, 3.655164
2.187919, 3.347134
2.199088, 4.173101
2.209684, 2.730077
2.220906, 2.305718
2.232054, 2.47625
2.243253, 2.767625
2.254234, 3.760192
2.265848, 3.676157
2.27687, 3.544196
2.288055, 3.096087
2.299148, 2.962816
2.310425, 2.691509
2.324384, 4.432105
2.337337, 6.243396
2.344751, 4.78549
2.353294, 4.439919
2.363249, 4.001276
2.374237, 4.724395
2.385458, 4.184914
2.396513, 3.862205
2.407471, 3.560701
2.418519, 4.265697
2.42974, 7.852934
2.440969, 3.328881
2.45192, 3.227634
2.463116, 3.619549
0.02, 2.630767
0.3533334, 1.815537
0.3886182, 4.459602
0.395467, 4.459602
0.404406, 2.382435
0.4158073, 3.1606
0.431048, 3.723764
0.4376003, 3.673269
0.4486247, 3.358906
0.4598203, 3.385777
0.470878, 3.190794
0.4820822, 2.831377
0.4941292, 2.715985
0.5043665, 2.741284
0.5154001, 2.78671
0.5266598, 2.816794
0.5380484, 2.963136
0.5490289, 3.104981
0.5598865, 3.640297
0.5823047, 4.253094
0.6154786, 7.031881
0.6270249, 7.065422
0.8270215, 6.022228
0.8380916, 7.606045
0.8711538, 6.117254
0.8825161, 2.730668
0.8936762, 2.298535
0.9046614, 1.865899
0.9166095, 1.375114
0.9269114, 1.615049
0.9379122, 2.098499
0.949277, 2.93462
0.960165, 3.047571
0.9712124, 2.112018
0.9824609, 2.76898
0.9935946, 2.181379
1.004542, 2.394149
1.015689, 2.196411
1.027023, 2.456481
1.038012, 3.063995
1.048973, 3.555791
1.060076, 2.12291
1.07323, 2.5953
1.086087, 2.416957
1.097268, 2.634119
1.108733, 2.799544
1.119495, 2.21476
1.130957, 4.028223
1.142454, 2.359887
1.153057, 2.598544
1.164891, 2.450404
1.175802, 2.432117
1.186903, 4.14985
1.198305, 3.588934
1.209519, 5.244318
1.220758, 2.439874
1.231966, 4.334698
1.243129, 5.557012
1.254116, 3.542199
1.265344, 6.122687
1.276588, 3.681707
1.287307, 3.212072
1.298511, 4.210748
1.309768, 3.04074
1.320715, 4.208278
1.33188, 2.717623
1.342808, 2.116544
1.353931, 3.858789
1.365331, 4.32586
1.376189, 2.999964
1.387332, 3.59885
1.398523, 3.214187
1.409628, 3.474326
1.4213, 3.445702
1.431768, 2.284576
1.442982, 2.22245
1.453967, 2.405433
1.465168, 2.17783
1.476102, 2.007381
1.487334, 2.269998
1.498349, 1.776058
1.509599, 3.200959
1.520608, 2.872736
1.531691, 2.270289
1.542878, 3.408222
1.556023, 4.180529
1.565017, 3.097492
1.576285, 3.539101
1.587183, 2.454406
1.598547, 2.740685
1.609497, 2.12993
1.620569, 2.598559
1.631691, 1.809642
1.642843, 2.241985
1.653969, 2.59177
1.66502, 7.46259
1.676038, 2.854923
1.68696, 2.844739
1.698304, 2.357337
1.72048, 5.901401
1.742886, 4.91291
1.753829, 6.700377
1.787378, 7.889273
1.798483, 5.150561
1.809277, 7.538627
1.832056, 8.656388
1.845337, 9.992806
1.941342, 5.952727
1.985707, 9.523771
1.996868, 9.141334
2.007833, 5.543981
2.019011, 6.493307
2.030024, 7.239003
2.041538, 4.872652
2.052386, 7.335075
2.08577, 6.492977
2.097159, 6.877876
2.10795, 7.393619
2.118842, 7.235941
2.130107, 6.90331
2.140986, 8.388165
2.152524, 8.277353
2.163531, 6.671296
2.174453, 6.231113
2.185518, 7.618421
2.196718, 8.787725
2.207839, 6.366601
2.23051, 7.596002
2.252805, 5.575994
2.264222, 4.256527
2.275267, 8.145064
2.28668, 4.825436
2.297669, 4.723975
2.308896, 4.544054
2.320245, 4.596954
2.331396, 6.612794
2.342633, 4.004982
2.360176, 4.409252
2.366411, 4.718898
2.375628, 4.801464
2.386706, 8.925202
2.397826, 4.511209
2.408978, 6.196978
2.420223, 5.88626
2.431264, 5.332963
2.442336, 5.552031
2.453779, 3.858409
2.464734, 2.514715
2.475769, 2.991608
2.486847, 3.105203
2.498022, 2.896296
2.509704, 3.128875
2.519978, 3.131669
2.53129, 0.7305029
2.664762, 1.306515
2.67572, 1.619024
2.686649, 1.39054
2.697799, 1.517116
2.708929, 1.419061
2.71986, 1.235988
2.731688, 1.437444
2.742512, 1.249509
2.753415, 1.436314
2.764539, 1.574365
2.775795, 1.497149
2.78653, 1.263146
2.797859, 1.341932
2.808883, 1.539728
2.820113, 1.538025
2.83112, 1.464731
2.842202, 1.37075
2.853361, 1.398737
2.864624, 1.416613
2.875514, 1.370265
2.886648, 1.361655
2.897763, 1.336169
2.909248, 1.34491
2.921036, 1.338139
2.931032, 1.332626
2.942344, 1.357092
2.95337, 1.309675
2.964664, 1.308256
2.975603, 1.296497
2.986822, 1.278759
2.998016, 1.300779
3.009639, 1.292779
3.022522, 1.336391
3.035195, 1.36983
3.042225, 1.350689
3.050988, 1.362513
3.06195, 1.414915
3.073264, 1.445956
3.08411, 1.432788
3.095422, 1.421548
3.10631, 1.40158
3.117597, 1.402085
3.128701, 1.245972
3.140005, 1.424591
3.150828, 1.230885
3.162201, 1.536356
3.175313, 1.395611
3.184525, 1.504336
3.195625, 1.512513
3.206926, 1.479623
3.217592, 1.495265
3.228805, 1.360515
3.240094, 1.403619
3.250952, 1.340093
3.262112, 1.442224
3.273007, 1.38347
3.284458, 1.444133
3.295316, 1.392944
3.306046, 1.377175
3.317503, 1.39787
3.328625, 1.36351
3.339515, 1.368563
3.350752, 1.381752
3.361918, 1.361508
3.37284, 1.353032
3.384216, 1.340746
3.395325, 1.330072
3.406465, 1.308499
3.417857, 1.306931
3.429211, 1.284406
3.440618, 1.274159
3.451677, 1.266779
3.462971, 1.275486
3.474253, 1.270524
3.485738, 1.252434
3.496875, 1.265296
3.508228, 1.277105
3.519217, 1.347406
3.530675, 1.400705
3.542202, 1.459922
3.553087, 1.508133
3.564151, 1.681305
3.575187, 1.693942
3.586363, 1.805784
3.59773, 1.759278
3.608709, 1.742869
3.619694, 1.683211
3.630754, 1.739377
3.641881, 1.756482
3.652978, 1.830338
3.664365, 1.888884
3.675383, 1.870111
3.686407, 1.868436
3.697472, 1.778656
3.708712, 1.76077
3.719638, 1.698301
3.730858, 1.658534
3.741784, 1.611908
3.75304, 1.581836
3.764245, 1.512485
3.775229, 1.506369
3.786432, 1.485261
3.798091, 1.477938
3.808425, 1.469024
3.819502, 1.453591
3.830974, 1.34248
3.841846, 1.323723
3.852808, 1.301109
3.864004, 1.448962
3.875137, 1.578948
3.889444, 1.428654
3.902566, 1.445571
3.908919, 1.434466
3.91994, 1.430591
3.930681, 1.438723
3.942017, 1.407791
3.953064, 1.387011
3.963864, 1.371549
3.975368, 1.403691
3.98606, 1.448713
3.997755, 1.471686
4.008337, 1.454035
4.019494, 1.426512
4.030632, 1.424953
4.041694, 1.399919
4.053138, 1.403782
4.06394, 1.401848
4.075095, 1.391392
4.085977, 1.380557
4.097544, 1.349245
4.108303, 1.325168
4.119473, 1.319315
4.130897, 1.30873
4.142089, 1.305189
4.152871, 1.295801
4.164109, 1.26816
4.175091, 1.216089
4.186131, 1.133581
4.197204, 0.806145
4.368733, 1.676709
4.381075, 1.467734
4.392477, 1.738162
4.405767, 1.234093
4.416792, 1.221884
4.428424, 1.219834
4.438808, 1.453175
4.450428, 1.530195
4.461439, 1.0433
4.472475, 1.19567
4.483398, 1.180947
4.494731, 1.192725
4.506016, 1.240243
4.51666, 1.248632
4.527831, 1.239052
4.539208, 1.232259
4.55028, 1.236368
4.561415, 1.228843
4.5723, 1.213213
4.583589, 1.208857
4.59429, 1.20203
4.605675, 1.185428
4.616612, 1.177787
4.627934, 1.234123
4.638914, 1.209581
4.650088, 1.107985
4.661479, 1.109121
4.672148, 1.111163
4.683353, 1.111666
4.694448, 1.078322
4.705477, 1.104461
4.716611, 1.066367
4.729642, 1.124894
4.738938, 1.129514
4.750018, 1.116679
4.7614, 1.131298
4.772872, 1.132159
4.783894, 1.138461
4.795576, 1.168094
4.806566, 1.195375
4.817721, 1.222665
4.829065, 1.239734
4.840378, 1.243146
4.851806, 1.262938
4.862937, 1.24296
4.874317, 1.24428
4.88548, 1.257026
4.896673, 1.195269
4.907947, 1.207451
4.919045, 1.244161
4.930302, 1.152669
4.941226, 1.258706
4.95235, 1.197445
4.963557, 1.027498
4.974602, 0.9860132
4.98565, 1.010137
4.996956, 0.9420055
5.007964, 1.02509
5.018789, 1.060184
5.030133, 1.024799
5.041135, 1.03623
5.052283, 1.012259
5.063421, 1.043131
5.07466, 1.045152
5.085657, 1.022896
5.096784, 1.049739
5.107957, 1.051545
5.11893, 1.052679
5.13078, 1.033621
5.141504, 1.037764
5.152281, 1.045636
5.163657, 1.025494
5.174795, 1.076356
5.185393, 1.028264
5.196816, 0.9936956
5.208051, 1.017212
5.218755, 1.035934
5.23019, 0.9842678
5.241253, 0.9860801
5.252244, 1.000483
5.263358, 1.282242
5.274583, 1.343052
5.285522, 1.474253
5.296688, 1.26669
5.307739, 1.197851
5.318954, 1.586112
5.329987, 1.365178
5.341122, 1.416418
5.35213, 1.614107
5.363224, 1.415821
5.374424, 1.459228
5.385449, 1.469972
5.396765, 1.491908
5.408027, 1.487435
5.418761, 1.469045
5.430139, 1.447361
5.440969, 1.404863
5.45215, 1.304947
5.469779, 1.626467
5.477077, 1.626467
5.485537, 1.67251
5.49608, 1.560751
5.50835, 1.323619
5.518162, 1.402241
5.529637, 1.448233
5.540093, 1.42945
5.55456, 1.409109
5.56246, 1.419443
5.573753, 1.40791
5.584796, 1.412778
5.595658, 1.435521
5.606649, 1.473149
5.617671, 1.487233
5.62919, 1.585309
5.640143, 1.584532
5.651117, 1.540118
5.662141, 1.537152
5.67299, 1.564937
5.684419, 1.579458
5.696323, 1.592989
5.706691, 1.931349
5.718354, 1.491939
5.729071, 1.498472
5.739954, 1.50552
5.750859, 1.498168
5.761958, 1.547737
5.773167, 1.559484
5.784342, 1.570109
5.795799, 1.633031
5.806622, 1.622158
5.817894, 1.608235
5.829054, 1.610147
5.839984, 1.505574
5.851221, 1.547433
5.86251, 1.56981
5.873735, 1.570328
5.884751, 1.57847
5.89597, 1.555745
5.907626, 1.632116
5.918009, 1.8206
5.929753, 1.749484
5.941244, 1.643126
5.952227, 1.595297
5.963149, 1.489023
5.97422, 1.597633
5.985006, 1.570031
5.996646, 1.40365
6.007714, 1.873703
6.018374, 1.587009
6.030107, 1.463915
6.040861, 1.986954
6.052286, 1.774109
6.062981, 1.443018
6.074372, 1.588877
6.085204, 1.69016
6.09651, 1.526356
6.107487, 1.679234
6.118773, 1.669326
6.130101, 1.607047
6.140702, 1.168873
6.151959, 1.434927
6.162784, 1.249586
6.174356, 1.393141
6.185017, 1.288755
6.196614, 1.376821
6.207597, 1.262256
6.218856, 1.680066
6.229963, 1.400584
6.240831, 1.346346
6.252129, 1.421159
6.263852, 1.402366
6.274906, 1.429758
6.284999, 1.466774
6.29634, 1.551432
6.307405, 1.572644
6.318249, 1.525528
6.329598, 1.520835
6.340683, 1.500913
6.3522, 1.396111
6.36307, 1.763715
6.374508, 1.716032
6.385119, 1.533541
6.396401, 1.484133
6.407673, 1.570782
6.418068, 1.49739
6.429654, 1.503916
6.440516, 1.438264
6.451689, 1.422068
6.462983, 1.448483
6.474089, 1.421998
6.485993, 1.446904
6.502088, 1.488287
6.517604, 1.483324
6.528634, 1.457197
6.539454, 1.489383
6.550494, 1.547231
6.561982, 1.551568
6.572821, 1.535614
6.583935, 1.534434
6.59504, 1.555892
6.606063, 1.523179
6.617152, 1.542686
6.628207, 1.924576
6.639295, 2.034157
6.650365, 1.854315
6.661981, 1.997051
6.672719, 1.994044
6.683751, 2.002056
6.694884, 1.94228
6.706129, 1.934764
6.717109, 1.939737
6.728362, 1.9897
6.739592, 2.22466
6.751333, 2.26262
6.761532, 2.394683
6.77311, 2.374964
6.784072, 2.580673
6.794803, 2.731797
6.806087, 2.765948
6.817088, 2.896078
6.828081, 2.919255
6.839241, 2.938518
6.850924, 2.873282
6.861557, 2.927846
6.8731, 2.817149
6.883942, 2.809135
6.895498, 2.803393
6.906646, 2.80847
6.917792, 3.135631
6.929115, 2.45833
6.940102, 2.45193
6.95106, 2.821895
6.962521, 2.665889
6.973536, 2.624109
6.993438, 2.20136
7.001524, 2.151347
7.008749, 2.091035
7.014819, 2.0491
7.025278, 1.944564
7.036412, 1.957695
7.047777, 1.920586
7.058575, 1.916781
7.069643, 1.911234
7.080619, 1.902062
7.091832, 1.892039
7.102997, 1.860955
7.11428, 1.859939
7.125127, 1.787079
7.137076, 1.644512
7.147242, 1.652055
7.158556, 1.653394
7.169499, 1.693245
7.1807, 1.704958
7.191945, 1.704986
7.202691, 1.695213
7.213995, 1.665101
7.225337, 1.646256
7.236123, 1.686419
7.247279, 1.720334
7.258396, 1.706635
7.269767, 1.652637
7.280538, 1.626192
7.291753, 1.603731
7.302784, 1.628118
7.313865, 1.620989
7.324963, 1.630261
7.336049, 1.737662
7.347507, 1.846032
7.359023, 2.291088
7.369948, 2.533794
7.381156, 2.289635
7.392616, 2.392295
7.404072, 3.798835
7.415558, 4.348271
7.426497, 3.192921
7.438263, 5.355911
7.449157, 4.455694
7.460248, 3.247022
7.472093, 4.945566
7.483052, 6.070237
7.494371, 7.472192
7.505828, 9.597157
7.51706, 5.583237
7.528455, 5.660686
7.539686, 5.266183
7.550663, 5.889941
7.56223, 5.701888
7.573602, 4.927093
7.584311, 5.483777
7.595664, 5.279555
7.617805, 8.095809
7.628842, 5.148469
7.640087, 6.09472
7.651145, 6.068034
7.662347, 5.79218
7.673399, 6.160885
7.684404, 5.885147
7.695523, 5.578813
7.706576, 5.366735
7.717739, 5.052405
7.729008, 6.097443
7.739884, 4.989216
7.751288, 2.794807
7.762316, 4.909554
7.773374, 4.266684
7.784374, 4.33614
7.795626, 3.947562
7.806671, 3.820746
7.817828, 4.330876
7.829022, 4.350747
7.8399, 3.866001
7.851068, 3.891513
7.862252, 3.940339
7.873096, 3.959756
7.88429, 3.952379
7.896088, 3.873057
7.906823, 3.429391
7.917598, 3.423275
7.928831, 3.881621
7.939892, 4.199661
7.951114, 4.247682
7.962108, 4.096946
7.973057, 4.134305
7.984378, 4.130094
7.995638, 4.138818
8.006681, 4.097094
8.017551, 4.234683
8.028641, 4.230016
8.040088, 4.003855
8.050891, 4.306024
8.061956, 4.410071
8.07309, 4.376563
8.08474, 4.16522
8.095753, 4.307138
8.106532, 4.297469
8.118106, 4.84627
8.128586, 5.193021
8.13977, 5.35709
8.150855, 6.033166
8.161942, 6.674784
8.173113, 7.871836
8.184383, 6.786115
8.19521, 7.118355
8.206464, 7.193908
8.217625, 5.681042
8.228615, 8.061071
8.240058, 8.482201
8.250963, 5.915946
8.261936, 5.772845
8.273082, 5.334902
8.284266, 5.356356
8.295352, 4.069106
8.306314, 3.863947
8.317624, 3.94334
8.328746, 4.495636
8.33978, 4.571961
8.350619, 4.426905
8.361851, 4.53059
8.373046, 4.407399
8.384373, 4.485755
8.395212, 4.237335
8.406378, 4.219231
8.417331, 4.192124
8.428782, 4.132624
8.439622, 3.99029
8.450737, 3.898385
8.461706, 4.055159
8.472971, 3.811425
8.484153, 4.121572
8.495379, 3.980447
8.509351, 3.855797
8.52428, 3.969736
8.530821, 4.457478
8.539398, 4.200233
8.550502, 4.114882
8.561356, 3.870465
8.572466, 3.957326
8.583551, 3.878249
8.594675, 3.34631
8.605796, 3.267761
8.616881, 3.564418
8.628071, 3.567539
8.638793, 3.602523
8.650152, 4.013229
8.661399, 2.887595
8.672457, 3.534854
8.683347, 3.489395
8.694448, 3.474277
8.705579, 3.353358
8.7166, 3.255894
8.727949, 3.293235
8.739227, 3.159466
8.749967, 3.1301
8.761064, 2.962584
8.77226, 2.733485
8.783412, 2.735145
8.794403, 2.727587
8.805437, 2.523424
8.816622, 2.487957
8.827806, 2.664056
8.83872, 2.8015
8.849847, 2.653414
8.861105, 2.6448
8.872073, 2.634392
8.883298, 2.603624
8.894445, 2.620532
8.906093, 2.594897
8.916955, 2.754887
8.928113, 2.914282
8.939534, 2.94596
8.95065, 2.852092
8.961686, 3.375011
8.972557, 4.713342
8.983849, 3.97771
8.99481, 4.581211
9.006051, 3.260497
9.017124, 3.341322
9.028225, 3.768598
9.039302, 3.59822
9.050615, 3.732167
9.062328, 4.06223
9.072769, 4.540311
9.083855, 3.973636
9.094922, 3.441171
9.106116, 3.692033
9.117293, 3.603452
9.12875, 3.663431
9.13964, 3.663277
9.15149, 3.620511
9.161497, 3.390033
9.172688, 3.525728
9.184037, 3.62034
9.194914, 3.643338
9.206504, 3.498505
9.217257, 3.50755
9.228059, 3.471421
9.239384, 3.459558
9.250473, 3.036313
9.261465, 1.738575
9.272609, 1.527396
9.283835, 1.602004
9.294877, 1.493502
9.305912, 1.736001
9.317095, 1.487279
9.32837, 1.361627
9.339403, 1.407193
9.350382, 1.307948
9.361645, 1.382183
9.37257, 1.379998
9.383595, 1.457717
9.394701, 1.284228
9.405794, 1.073996
9.41704, 1.180089
9.428009, 1.156209
9.43912, 1.047401
9.450392, 1.090207
9.461514, 1.096073
9.472474, 1.083458
9.483982, 1.07841
9.494909, 1.079745
9.506264, 1.085529
9.517021, 1.096695
9.528204, 1.110397
9.539033, 1.113608
9.55042, 1.113614
9.561674, 1.127722
9.572438, 1.15322
9.58365, 1.163682
9.595042, 1.169464
9.605776, 1.182618
9.616825, 1.172316
9.628116, 1.232855
9.63902, 1.241502
9.650125, 1.232381
9.661242, 1.16897
9.672657, 1.171067
9.683671, 1.164292
9.694726, 1.149519
9.705647, 1.125303
9.7171, 1.110317
9.728057, 1.085893
9.73897, 1.127571
9.750275, 1.08657
9.761359, 1.119986
9.772687, 1.081089
9.78376, 1.09539
9.794813, 1.100114
9.80592, 1.061876
9.817021, 1.064188
9.828074, 1.06268
9.838915, 1.067991
9.850076, 1.06677
9.861214, 1.06376
9.87231, 1.064471
9.883352, 1.067135
9.894526, 1.068688
9.90586, 1.051757
9.916884, 1.055737
9.927943, 1.075588
9.938901, 1.090209
9.950246, 1.092904
9.961223, 1.180257
9.972275, 1.077844
9.98386, 0.9317762
9.994709, 0.9767587
10.00576, 1.047772
10.01683, 1.141212
10.02789, 1.154939
10.03889, 1.174209
10.05535, 1.144522
10.06179, 1.163966
10.07226, 1.145882
10.08342, 1.154365
10.09455, 1.150256
10.1059, 1.145811
10.11688, 1.138014
10.12796, 1.150579
10.13895, 1.143966
10.15038, 1.134867
10.16167, 1.115661
10.17251, 1.09909
10.18345, 1.086106
10.19468, 1.113755
10.20559, 1.122776
10.21654, 1.13444
10.22791, 1.142117
10.2388, 1.143836
10.25, 1.168251
10.26151, 1.188162
10.27229, 1.194448
10.28331, 1.199215
10.29461, 1.216956
10.30559, 1.220546
10.31646, 1.264369
10.32766, 1.302197
10.33877, 1.283551
10.34986, 1.271835
10.36113, 1.249237
10.372, 1.239614
10.38311, 1.254148
10.39879, 1.213335
10.41136, 1.190222
10.42764, 1.194278
10.43881, 1.207064
10.44999, 1.185371
10.46084, 1.183439
10.47346, 1.1803
10.48314, 1.183626
10.49438, 1.20996
10.50575, 1.205551
10.51686, 1.217083
10.52789, 1.207778
10.53879, 1.222093
10.54988, 1.222038
10.56108, 1.266615
10.57192, 1.269472
10.58306, 1.253376
10.59417, 1.243479
10.60539, 1.229591
10.61661, 1.237552
10.62748, 1.275625
10.63869, 1.278524
10.64973, 1.340036
10.66079, 1.342391
10.67189, 1.391383
10.68303, 1.388933
10.6941, 1.413802
10.70552, 1.398108
10.71636, 1.413434
10.72748, 1.394954
10.73863, 1.41247
10.74956, 1.431669
10.76095, 1.436505
10.77317, 1.448757
10.78298, 1.451425
10.79429, 1.457611
10.80559, 1.453106
10.81617, 1.446824
10.82765, 1.434796
10.83861, 1.437206
10.8496, 1.42822
10.86071, 1.431877
10.87189, 1.490236
10.88286, 1.448186
10.89457, 1.511642
10.90514, 1.476203
10.91615, 1.483132
10.92748, 1.505476
10.93856, 1.487126
10.94989, 1.448995
10.96064, 1.472443
10.97173, 1.4707
10.98294, 1.425553
10.99403, 1.411438
11.00504, 1.415007
11.01605, 1.399179
11.02742, 1.393634
11.03851, 1.393965
11.04951, 1.393404
11.06087, 1.390081
11.07184, 1.394548
11.08276, 1.361247
11.09401, 1.326502
11.10526, 1.344322
11.11614, 1.356771
11.12753, 1.430434
11.13861, 1.458279
11.14932, 1.450284
11.16058, 1.404002
11.17179, 1.432792
11.18283, 1.432958
11.19385, 1.328247
11.20495, 1.514582
11.21612, 1.572416
11.22741, 1.270787
11.23827, 1.567172
11.24931, 1.553297
11.26072, 1.979369
11.27172, 1.607769
11.28272, 2.590619
11.29387, 3.648154
11.30487, 7.261458
11.31627, 4.294691
11.34952, 6.670893
11.49465, 1.53104
11.6555, 3.3473
11.66642, 2.406263
11.67787, 3.705329
11.68884, 3.645549
11.70071, 7.896209
11.71587, 4.295252
11.73203, 7.004688
11.74095, 3.927341
11.74981, 5.686892
11.75935, 6.53271
11.76891, 6.127949
11.77869, 4.537702
11.7894, 3.385628
11.80025, 3.61031
11.81128, 5.280268
11.82278, 3.897958
11.83363, 3.732467
11.84483, 3.705756
11.85541, 3.19495
11.86611, 3.260007
11.87749, 2.670141
11.88843, 3.061407
11.90065, 3.558845
11.91152, 4.049448
11.92311, 3.641682
11.93385, 3.691496
11.94483, 3.555189
11.9563, 3.728595
11.9668, 3.759728
11.97808, 3.95423
11.98958, 4.036896
11.99935, 4.152511
12.01066, 4.348543
12.02184, 4.438446
12.03284, 4.381267
12.04383, 4.478124
12.05671, 4.414978
12.06797, 4.548268
12.07811, 4.424515
12.08954, 4.438984
12.09913, 4.420449
12.11074, 4.459251
12.12174, 4.307952
12.13305, 4.214188
12.14522, 4.484045
12.15563, 4.358636
12.16712, 5.147483
12.17856, 5.385774
12.18981, 5.274866
12.20111, 5.323226
12.21278, 5.458319
12.22424, 5.115394
12.23585, 4.790394
12.24791, 4.923732
12.2584, 4.415893
12.26971, 4.236181
12.28094, 4.50913
12.29226, 4.464421
12.30379, 4.574863
12.31488, 4.669666
12.32608, 4.669613
12.33753, 4.363877
12.34876, 4.095411
12.36004, 4.7963
12.37116, 4.670042
12.38213, 5.071551
12.39323, 4.813509
12.40535, 4.802173
12.41596, 4.685968
12.42702, 4.680593
12.43879, 4.819149
12.44957, 4.735007
12.46686, 5.141844
12.47897, 6.112652
12.48984, 6.139804
12.4996, 5.908455
12.51091, 6.671589
12.5219, 5.02314
12.53288, 5.827202
12.54405, 6.188963
12.55515, 5.051865
12.56608, 4.831166
12.57733, 4.611034
12.58833, 4.435283
12.59961, 5.351451
12.61073, 4.565548
12.62165, 4.708361
12.63303, 4.426439
12.64386, 4.475062
12.65543, 4.255255
12.6662, 4.485515
12.67762, 5.352038
12.68829, 4.020419
12.70663, 4.190062
12.71652, 3.780824
12.72424, 3.780824
12.73216, 3.568043
12.74397, 3.411241
12.7547, 3.4784
12.76607, 3.439932
12.77677, 3.567258
12.78799, 3.823087
12.79924, 3.575076
12.80999, 2.7907
12.82146, 3.226503
12.83223, 4.046113
12.84371, 3.646368
12.85505, 3.686633
12.866, 3.772778
12.87743, 4.314467
12.88844, 4.451625
12.89963, 4.592502
12.91097, 4.501653
12.92194, 4.36665
12.93282, 4.028913
12.94446, 3.661522
12.95551, 3.84195
12.96655, 3.618747
12.97782, 3.760194
12.98915, 3.767159
12.9992, 3.781334
13.01038, 3.749948
13.02158, 3.527735
13.03261, 3.661768
13.04376, 3.461458
13.0546, 3.336192
13.06571, 3.260837
13.07691, 3.196193
13.08798, 3.193763
13.09907, 3.191299
13.1105, 3.274285
13.12176, 3.081974
13.13314, 3.093865
13.14474, 3.207355
13.15615, 3.056719
13.16724, 3.077827
13.17883, 2.888258
13.19008, 2.853369
13.20206, 2.716916
13.21407, 2.765562
13.22486, 2.616097
13.23888, 2.491499
13.24864, 2.094721
13.25932, 1.963053
13.27037, 1.343922
13.29178, 1.762346
13.29966, 1.536203
13.30595, 1.326946
13.31237, 1.312918
13.32112, 1.193097
13.33213, 1.270602
13.34328, 1.269067
13.35553, 1.295498
13.36648, 1.317055
13.37778, 1.300396
13.3888, 1.425588
13.39989, 1.263323
13.41093, 1.241495
13.42207, 1.291479
13.43319, 1.345643
13.44411, 1.381443
13.45536, 1.387884
13.46657, 1.368404
13.47727, 1.367547
13.48909, 1.3543
13.49916, 1.346403
13.5099, 1.351995
13.52088, 1.377363
13.5319, 1.372205
13.543, 1.378867
13.55416, 1.37906
13.56561, 1.380569
13.5764, 1.371779
13.5877, 1.382469
13.59867, 1.377998
13.60993, 1.388551
13.62127, 1.40156
13.63193, 1.386686
13.64302, 1.413606
13.65547, 1.435659
13.66624, 1.413624
13.67704, 1.391238
13.68892, 1.390229
13.69895, 1.408421
13.7105, 1.393633
13.72217, 1.411244
13.73285, 1.409815
13.7449, 1.412451
13.75755, 1.416516
13.76812, 1.405297
13.77981, 1.408948
13.79078, 1.334558
13.80116, 1.417647
13.81314, 1.322773
13.82451, 1.379679
13.83517, 1.316858
13.84681, 1.307142
13.85809, 1.314937
13.86973, 1.303005
13.88111, 1.268143
13.89223, 1.305326
13.90405, 1.317447
13.91492, 1.288086
13.92584, 1.258238
13.93729, 1.312617
13.94816, 1.314871
13.95914, 1.320684
13.97054, 1.325598
13.98162, 1.325962
13.99257, 1.339084
14.00449, 1.34143
14.01473, 1.340861
14.02589, 1.350157
14.03715, 1.356122
14.04803, 1.348604
14.05914, 1.346768
14.0709, 1.315744
14.08154, 1.310095
14.09256, 1.286551
14.10389, 1.279566
14.11516, 1.298826
14.12566, 1.293173
14.13733, 1.293173
14.14798, 1.317796
14.15914, 1.299993
14.17023, 1.316715
14.18146, 1.325759
14.19274, 1.339947
14.20366, 1.334483
14.21541, 1.349763
14.22591, 1.344038
14.23705, 1.342683
14.24856, 1.348401
14.25929, 1.357684
14.2701, 1.366903
14.28142, 1.38768
14.29265, 1.350669
14.30346, 1.352155
14.31475, 1.408566
14.32577, 1.347522
14.33678, 1.397843
14.34795, 1.390972
14.35909, 1.418299
14.37012, 1.426499
14.3813, 1.4592
14.39241, 1.421574
14.40362, 1.431205
14.41471, 1.455685
14.42576, 1.438652
14.43682, 1.447834
14.44796, 1.447822
14.45923, 1.377299
14.47025, 1.345562
14.48147, 1.325269
14.49253, 1.335201
14.50386, 1.398005
14.51475, 1.387546
14.52586, 1.419304
14.5371, 1.41422
14.54798, 1.422997
14.55895, 1.414194
14.56989, 1.415422
14.58134, 1.428815
14.5921, 1.431945
14.60336, 1.447831
14.6148, 1.451739
14.62552, 1.451071
14.63715, 1.422457
14.6481, 1.405498
14.65901, 1.420921
14.67009, 1.441351
14.68135, 1.453125
14.69227, 1.484182
14.70338, 1.449486
14.71449, 1.454364
14.7256, 1.428671
14.73671, 1.486236
14.74801, 1.505965
14.7588, 1.501278
14.76997, 1.505315
14.78106, 1.537265
14.79206, 1.528939
14.80337, 1.555253
14.81452, 1.547915
14.82558, 1.569937
14.84291, 1.607564
14.85026, 1.607564
14.85916, 1.554607
14.86923, 1.579128
14.88014, 1.615314
14.89114, 1.590107
14.90257, 1.59252
14.91351, 1.587362
14.92506, 1.586775
14.93577, 1.574334
14.9472, 1.57106
14.95781, 1.562264
14.96948, 1.555341
14.98002, 1.561284
14.99111, 1.562432
15.00254, 1.55527
15.01344, 1.572723
15.02455, 1.593013
15.03555, 1.615858
15.04679, 1.66659
15.05786, 1.642271
15.06896, 1.562003
15.08015, 1.574518
15.09106, 1.600435
15.10219, 1.58381
15.11342, 1.582618
15.12465, 1.582536
15.13563, 1.56464
15.14671, 1.546561
15.15793, 1.546869
15.16875, 1.582748
15.18002, 1.59985
15.19097, 1.61571
15.20231, 1.641502
15.21359, 1.634572
15.22465, 1.64419
15.23604, 1.648036
15.24706, 1.691479
15.25834, 1.6866
15.2697, 1.909925
15.28069, 5.117766
15.29186, 3.195759
15.30316, 3.852775
15.31412, 5.330954
15.32538, 4.280679
15.33654, 5.028877
15.34764, 5.257677
15.35866, 6.33522
15.36975, 5.880461
15.381, 5.731814
15.39184, 6.306081
15.40312, 7.663501
15.41436, 8.264514
15.42496, 7.243682
15.43655, 6.764724
15.44761, 6.923803
15.45863, 7.180295
15.46972, 6.85276
15.48086, 7.7027
15.4919, 3.311903
15.50359, 6.80841
15.51419, 6.107792
15.52528, 7.562972
15.5363, 6.138953
15.54743, 5.109211
15.55852, 5.213252
15.56952, 5.46559
15.5807, 5.096529
15.59175, 5.281405
15.60294, 5.206627
15.61401, 5.301519
15.62497, 5.160604
15.63667, 5.227332
15.64725, 4.633139
15.65841, 4.691551
15.66964, 4.918537
15.68066, 5.282233
15.69179, 5.247994
15.70312, 5.687109
15.714, 5.154773
15.72506, 5.076342
15.73621, 4.830138
15.74747, 4.965725
15.75841, 4.971704
15.7696, 4.977309
15.78091, 5.239252
15.79177, 5.668727
15.80292, 5.660946
15.81427, 5.637643
15.82515, 6.037598
15.83601, 5.59864
15.84771, 5.613855
15.85854, 5.660582
15.86959, 5.700318
15.88055, 5.958381
15.8917, 5.950003
15.9032, 6.540607
15.91405, 6.801633
15.92506, 6.927202
15.93608, 6.700924
15.94732, 6.146655
15.9585, 6.211929
15.97098, 6.307849
15.9806, 6.110786
15.99187, 6.038664
16.00296, 4.906157
16.01404, 4.745923
16.02503, 4.36865
16.03605, 4.392205
16.04726, 4.534325
16.05856, 5.905964
16.06946, 5.797126
16.08068, 5.676208
16.0916, 5.50769
16.10266, 5.522182
16.11401, 5.301308
16.12504, 5.294521
16.13608, 5.942059
16.14737, 5.733156
16.15827, 5.798311
16.16954, 5.993747
16.18072, 6.251318
16.19153, 6.185085
16.20268, 6.36793
16.21399, 6.438236
16.22489, 7.04869
16.23606, 6.848889
16.24734, 7.001073
16.25829, 6.96669
16.26959, 7.211896
16.2814, 6.501114
16.29153, 6.121427
16.3028, 5.678606
16.3139, 5.539598
16.32492, 5.472714
16.3364, 5.540064
16.34743, 5.734523
16.35828, 5.451055
16.36935, 6.104577
16.38041, 6.049946
16.39153, 6.014472
16.40886, 6.783695
16.41611, 6.783695
16.42464, 6.65149
16.43519, 6.749566
16.44643, 7.015464
16.45757, 6.94415
16.46892, 6.629135
16.4797, 6.401098
16.49083, 6.187842
16.50194, 6.104573
16.51313, 6.095788
16.52449, 5.860238
16.53561, 5.11158
16.54649, 5.445753
16.55747, 5.182726
16.56867, 4.897344
16.57976, 4.914671
16.59065, 4.885785
16.60179, 4.678477
16.61279, 4.793721
16.62415, 4.651261
16.63506, 4.386107
16.64629, 4.353302
16.65738, 4.266452
16.66875, 3.939755
16.67966, 3.935804
16.6905, 4.082242
16.70166, 4.289029
16.71304, 4.187561
16.72409, 4.149167
16.73534, 4.362772
16.74607, 4.367559
16.75729, 4.344856
16.76827, 4.869958
16.77954, 4.829272
16.79066, 4.706573
16.80229, 4.744855
16.81344, 4.469153
16.82473, 4.392024
16.83597, 4.087235
16.84696, 4.099904
16.85813, 4.095708
16.86924, 4.066556
16.88013, 4.074985
16.89154, 3.92532
16.90201, 3.726603
16.91364, 3.715925
16.92474, 3.658886
16.93582, 3.882645
16.94686, 3.810136
16.95785, 3.636317
16.96895, 3.53479
16.98021, 3.480358
16.99109, 3.504518
17.00223, 3.293645
17.01399, 3.280474
17.02448, 3.166981
17.03559, 2.888152
17.04685, 2.84543
17.0579, 2.773198
17.06906, 2.823924
17.07998, 2.815904
17.09095, 2.849938
17.10237, 2.853677
17.11373, 2.861778
17.1244, 2.964804
17.13554, 3.135013
17.1471, 3.101352
17.15781, 3.096488
17.16891, 3.117971
17.17998, 3.047434
17.19145, 3.125254
17.20253, 3.217367
17.21327, 3.250896
17.22452, 3.35889
17.23559, 3.364501
17.2467, 1.849922
17.25777, 1.615092
17.26924, 1.72085
17.28004, 1.450853
17.2912, 1.663287
17.30228, 1.120993
17.31331, 1.21244
17.3244, 1.353506
17.33564, 1.401482
17.34674, 1.365724
17.35765, 1.333009
17.36876, 1.127057
17.37991, 1.398303
17.39105, 1.313132
17.40203, 1.410907
17.41337, 1.27382
17.42424, 1.368124
17.43547, 1.33031
17.44653, 1.272709
17.45771, 1.291094
17.46871, 1.303119
17.47978, 1.295166
17.49114, 1.315806
17.50203, 1.296883
17.51326, 1.3073
17.52422, 1.30688
17.5355, 1.321559
17.54666, 1.287801
17.55782, 1.287786
17.56861, 1.321077
17.57977, 1.339199
17.59084, 1.346982
17.60188, 1.270882
17.61345, 1.276647
17.6243, 1.275326
17.63558, 1.283265
17.64637, 1.285767
17.65779, 1.228482
17.66875, 1.335267
17.67979, 1.372622
17.69111, 1.295243
17.70176, 1.388058
17.71316, 1.392036
17.72419, 1.391002
17.73532, 1.407516
17.74658, 1.41514
17.75748, 1.407969
17.76876, 1.400398
17.77995, 1.401917
17.79083, 1.414021
17.80203, 1.409419
17.8131, 1.410456
17.82423, 1.4176
17.83535, 1.396367
17.8466, 1.423812
17.85753, 1.417698
17.86884, 1.420437
17.87978, 1.376976
17.89074, 1.39668
17.90239, 1.398282
17.9131, 1.385919
17.924, 1.370865
17.93511, 1.362755
17.9469, 1.348696
17.95742, 1.387409
17.97405, 1.392957
17.98115, 1.379633
17.99064, 1.395993
18.00197, 1.411076
18.01289, 1.408002
18.02403, 1.407508
18.03514, 1.415654
18.04627, 1.422349
18.0575, 1.429587
18.06849, 1.463174
18.07965, 1.486936
18.09062, 1.463709
18.10189, 1.423204
18.11306, 1.433181
18.12409, 1.365222
18.13539, 1.377937
18.14617, 1.377965
18.15735, 1.380564
18.16866, 1.401928
18.17968, 1.447482
18.19083, 1.52043
18.20178, 1.511625
18.21283, 1.534708
18.22399, 1.538916
18.23532, 1.494818
18.24621, 1.502794
18.25716, 1.5658
18.26824, 1.577896
18.27958, 1.597723
18.29053, 1.551735
18.30173, 1.55497
18.31281, 1.522529
18.32391, 1.522643
18.33507, 1.472872
18.34624, 1.460761
18.35752, 1.47788
18.36832, 1.470692
18.37962, 1.475639
18.39048, 1.471767
18.40162, 1.468391
18.41287, 1.472247
18.42373, 1.472367
18.43546, 1.491937
18.44608, 1.489112
18.45735, 1.508522
18.46836, 1.526753
18.47936, 1.531432
18.49084, 1.507938
18.50158, 1.508435
18.51289, 1.509723
18.5238, 1.519572
18.53528, 1.501398
18.54626, 1.509394
18.55757, 1.512249
18.5685, 1.48431
18.57959, 1.47705
18.59037, 1.488027
18.60157, 1.470752
18.613, 1.475682
18.62366, 1.517795
18.63499, 1.504543
18.64623, 1.540034
18.657, 1.574683
18.66814, 1.54754
18.67933, 1.569323
18.69063, 1.557598
18.70168, 1.549059
18.71277, 1.640826
18.72361, 1.644597
18.73498, 1.644291
18.74602, 1.620164
18.75698, 1.599695
18.76798, 1.588729
18.77915, 1.62203
18.79024, 1.725401
18.80142, 1.771889
18.81269, 1.777514
18.82356, 1.761814
18.83476, 1.786556
18.84637, 1.771408
18.8574, 1.769806
18.86829, 1.832834
18.87945, 1.861227
18.89029, 1.910306
18.90164, 1.898435
18.91262, 1.837864
18.9236, 1.832765
18.93475, 1.795366
18.94583, 1.878725
18.957, 1.926215
18.96804, 1.906686
18.97929, 1.74153
18.99022, 1.791936
19.0016, 1.749241
19.01306, 1.77216
19.02364, 1.758717
19.03465, 1.655887
19.04591, 1.64618
19.05693, 1.644119
19.06813, 1.622581
19.07901, 1.602819
19.09017, 1.607089
19.10156, 1.657094
19.11264, 1.702855
19.12344, 1.700717
19.13474, 1.63593
19.14573, 1.62315
19.15697, 1.617255
19.16832, 1.681407
19.17939, 1.695081
19.19031, 1.631961
19.20134, 1.534615
19.21246, 1.530446
19.22338, 1.53281
19.23454, 1.50929
19.24578, 1.57269
19.25677, 1.575818
19.26794, 1.652359
19.27931, 1.654417
19.29017, 1.65304
19.30135, 1.602877
19.31239, 1.635483
19.32356, 1.648427
19.33446, 3.888953
19.34567, 3.068875
19.35678, 3.933149
19.36785, 4.373657
19.37913, 4.527382
19.39023, 5.302082
19.40124, 4.872156
19.41231, 5.442685
19.42351, 6.138477
19.43455, 6.225909
19.44585, 6.207365
19.45677, 6.390951
19.46774, 5.997682
19.47916, 6.160362
19.49015, 6.390409
19.50121, 7.639025
19.51251, 8.403329
19.52328, 8.725863
19.53441, 8.187829
20.05444, 9.835545
20.23401, 8.781763
20.24544, 8.781763
20.25648, 8.99398
20.26741, 9.052566
20.27858, 9.215252
20.28958, 9.427288
20.3008, 9.0935
20.31186, 9.194885
20.32304, 9.235463
20.545, 9.74019
20.55608, 9.320259
20.70066, 9.887133
20.77872, 8.811928
20.7913, 8.264793
20.80071, 7.976083
20.81207, 7.634871
20.82279, 5.994279
20.83381, 5.624262
20.84497, 5.593413
20.85609, 6.056936
20.86735, 5.525937
20.87857, 5.416354
20.89267, 4.980597
20.90263, 4.939199
20.91029, 5.633592
20.92116, 5.680737
20.93239, 6.460592
20.94321, 6.301554
20.95454, 6.768727
20.96528, 7.429313
20.97675, 7.48303
20.98759, 7.483247
20.99866, 7.69332
21.01036, 8.505949
21.02098, 7.751741
21.03207, 7.389743
21.04311, 6.552824
21.05426, 6.331206
21.06571, 5.971729
21.07693, 6.522705
21.08757, 6.976825
21.09864, 8.137266
21.11006, 7.034565
21.12103, 6.939206
21.13222, 6.270302
21.14322, 6.048334
21.15417, 5.944116
21.16544, 5.526968
21.17656, 5.1508
21.18769, 4.673575
21.19876, 4.429945
21.20989, 4.862261
21.22142, 4.430067
21.23186, 4.856552
21.24339, 4.833538
21.25426, 5.478476
21.26555, 4.452031
21.2769, 2.14128
21.28844, 1.842707
21.2994, 1.804648
21.31078, 2.028323
21.32174, 1.933393
21.33334, 1.683648
21.3444, 1.58281
21.35546, 1.523764
21.36681, 1.25422
21.37803, 1.375519
21.38894, 1.499183
21.40032, 1.846642
21.41135, 1.601911
21.42232, 1.593053
21.4334, 1.220758
21.44471, 1.493043
21.45566, 1.512664
21.46658, 1.634878
21.47809, 1.229555
21.48906, 1.599324
21.50054, 1.082811
21.74463, 1.8371
21.75607, 1.586468
21.76661, 1.420701
21.77815, 1.642127
21.78878, 1.974205
21.80037, 1.965257
21.81145, 1.639166
21.82222, 1.938409
21.83338, 1.889761
21.84452, 1.793069
21.85558, 1.676883
21.86663, 1.679008
21.87823, 1.786329
21.88901, 1.72914
21.89995, 1.6725
21.91112, 1.476984
21.92209, 1.446423
21.93335, 1.408762
21.94444, 1.373171
21.95566, 1.407025
21.96674, 1.468204
21.97779, 1.531029
21.98927, 1.53792
22.00031, 1.538939
22.01118, 1.291138
22.02216, 1.381338
22.03355, 1.503903
22.04452, 1.548704
22.05651, 1.525843
22.06863, 1.516299
22.07924, 1.513173
22.08877, 1.532095
22.09958, 1.516821
22.11057, 1.520367
22.12205, 1.517495
22.13288, 1.59142
22.14393, 1.567914
22.15517, 1.556067
22.16603, 1.55688
22.17713, 1.5175
22.18843, 1.546913
22.19944, 1.526055
22.21053, 1.527155
22.2217, 1.474737
22.23271, 1.5907
22.24399, 1.577162
22.25522, 1.491449
22.26595, 1.514539
22.2775, 1.514585
22.28841, 1.516326
22.29932, 1.650169
22.31051, 1.64249
22.32169, 1.638613
22.33259, 1.611932
22.34376, 1.650062
22.35509, 1.641302
22.36598, 1.646833
22.37727, 1.673909
22.38857, 1.673909
22.3992, 1.64607
22.41049, 1.610371
22.42146, 1.594004
22.43275, 1.55644
22.44398, 1.59183
22.455, 1.597951
22.46638, 1.520055
22.47745, 1.488447
22.48872, 1.483473
22.49976, 1.452602
22.51096, 1.46631
22.52212, 1.463428
22.53301, 1.510652
22.54524, 1.532043
22.55544, 1.518613
22.56635, 1.513304
22.57763, 1.52568
22.58857, 1.545668
22.5997, 1.526634
22.61222, 1.520208
22.62173, 1.500919
22.63303, 1.489033
22.64415, 1.487974
22.6553, 1.483113
22.66618, 1.497022
22.67735, 1.49656
22.6886, 1.490359
22.6996, 1.497603
22.71072, 1.519805
22.7218, 1.554656
22.73296, 1.511834
22.74437, 1.515875
22.75517, 1.53757
22.7672, 1.553523
22.77729, 1.55715
22.78843, 1.559839
22.79964, 1.520235
22.81065, 1.518548
22.82176, 1.545108
22.83296, 1.543737
22.84408, 1.553369
22.85525, 1.545404
22.86637, 1.509323
22.87741, 1.484071
22.88838, 1.476287
22.89969, 1.431415
22.91074, 1.462245
22.92183, 1.468398
22.93285, 1.50873
22.94413, 1.527086
22.95503, 1.548468
22.96629, 1.510664
22.97727, 1.488893
22.9884, 1.493435
22.9997, 1.504207
23.01048, 1.504931
23.02163, 1.422187
23.03289, 1.536005
23.04403, 1.535481
23.05515, 1.559147
23.06621, 1.567703
23.07731, 1.52491
23.08844, 1.506444
23.09944, 1.52735
23.11057, 1.503991
23.12188, 1.493727
23.13265, 1.532631
23.14404, 1.495086
23.15511, 1.49565
23.16616, 1.456872
23.17721, 1.452303
23.1882, 1.443718
23.19927, 1.46804
23.21638, 1.50141
23.22202, 1.50141
23.23266, 1.534818
23.24386, 1.500581
23.25497, 1.476023
23.26598, 1.482604
23.27723, 2.040114
23.28815, 3.182696
23.2994, 4.407365
23.32159, 2.667714
23.3326, 6.614193
23.3441, 7.73509
23.36597, 4.929069
23.37714, 6.214943
23.38817, 7.521892
23.39956, 5.459461
23.41042, 6.138025
23.42148, 6.787845
23.43262, 6.844683
23.44377, 7.055811
23.45487, 7.178717
23.4659, 7.290675
23.47731, 7.31873
23.48914, 7.189194
23.49921, 7.103774
23.51038, 8.657461
23.5216, 5.473399
23.56601, 9.620154
23.57736, 9.068197
23.58841, 7.388564
23.59937, 5.968989
23.61032, 6.338176
23.62151, 6.175349
23.63247, 6.298584
23.64367, 6.732997
23.65498, 7.522119
23.66589, 7.069875
23.67689, 7.282645
23.68821, 6.416013
23.69906, 7.763778
23.7105, 7.914008
23.72135, 8.702794
23.73257, 9.462643
23.74372, 8.007217
23.76579, 9.355529
23.77677, 8.832441
23.78821, 9.753381
23.79905, 9.872054
23.82152, 9.39773
23.83236, 9.086166
23.84351, 8.608879
23.85517, 8.26302
23.8657, 7.79145
23.87687, 7.603362
23.88842, 7.031011
23.89913, 5.780915
23.9105, 5.813924
23.92124, 5.838676
23.93251, 5.966444
23.94378, 5.855553
23.95487, 6.191891
23.96586, 6.548194
23.97669, 6.611901
23.98802, 6.526635
23.999, 6.315172
24.01017, 6.484268
24.02123, 6.433547
24.03243, 7.102564
24.04354, 7.910008
24.05455, 7.879769
24.06594, 8.571
24.07672, 8.36312
24.08815, 8.262443
24.09888, 8.55393
24.11028, 8.212317
24.12112, 7.344923
24.13258, 8.984895
24.14359, 9.372125
24.15471, 7.164659
24.16549, 7.910864
24.17664, 7.761381
24.18788, 7.254178
24.19894, 7.912582
24.21018, 7.690588
24.22115, 7.778306
24.23222, 7.852606
24.24326, 8.502926
24.25446, 7.763323
24.26556, 8.246633
24.27669, 8.263631
24.28797, 8.720296
24.29895, 8.314704
24.30997, 8.200802
24.32106, 7.511312
24.33224, 7.85553
24.34325, 7.551412
24.35436, 7.722912
24.36543, 7.415634
24.37662, 7.636403
24.38788, 7.60681
24.39895, 6.743111
24.40998, 6.83281
24.42118, 7.281608
24.43219, 7.079807
24.44326, 7.371641
24.45457, 7.807316
24.4656, 9.727777
24.49887, 9.229571
24.56547, 9.251003
24.57642, 7.220154
24.58765, 7.442793
24.59886, 7.416563
24.60991, 7.246513
24.62119, 7.207282
24.63218, 6.961484
24.64355, 7.046762
24.65451, 9.254723
24.66571, 9.110229
24.68096, 8.853648
24.68926, 7.269794
24.69808, 7.763988
24.70873, 8.054152
24.71974, 7.620641
24.73134, 8.007389
24.74199, 8.576397
24.75307, 8.383564
24.76426, 8.96939
24.77536, 8.629222
24.78661, 8.909415
24.79771, 9.508895
24.80867, 9.31492
24.81975, 9.574925
24.83089, 9.756395
24.84223, 9.685342
24.85317, 9.919598
24.86746, 8.484966
24.88212, 7.748514
24.88808, 7.748514
24.89726, 7.837389
24.90861, 8.382229
24.92054, 8.007603
24.9421, 8.317636
24.95306, 7.978307
24.96468, 7.058125
24.97586, 6.327777
24.98638, 6.05648
24.99739, 6.260723
25.00896, 5.663525
25.01983, 5.648785
25.03092, 5.617834
25.04209, 4.968935
25.0535, 4.811121
25.06435, 4.443961
25.07615, 4.558185
25.08702, 4.563218
25.09832, 4.158098
25.10933, 4.547863
25.12049, 4.170858
25.13192, 4.214365
25.14299, 4.253921
25.15451, 4.158143
25.16537, 4.103664
25.17626, 3.710844
25.18748, 3.683923
25.19864, 3.561522
25.20951, 3.574164
25.22072, 3.687807
25.23189, 3.934136
25.24282, 3.941906
25.25406, 3.953421
25.26517, 3.623923
25.27624, 3.62072
25.28738, 3.696254
25.29826, 3.659711
25.30935, 4.078229
25.32058, 4.057777
25.33162, 4.362555
25.34283, 3.899364
25.35417, 3.637727
25.3651, 3.389663
25.37666, 3.494606
25.38724, 3.392355
25.39828, 3.372598
25.40946, 3.314703
25.42105, 3.256098
25.43169, 3.192122
25.44271, 3.199712
25.45399, 3.154851
25.46506, 3.200007
25.47623, 3.202446
25.48884, 3.212767
25.49837, 2.941828
25.5096, 3.009586
25.52048, 3.078146
25.53159, 2.971886
25.54271, 2.945894
25.55412, 3.070894
25.56511, 3.126565
25.57616, 3.12408
25.58731, 3.170494
25.59842, 3.145664
25.60956, 2.944182
25.62055, 2.961337
25.63152, 3.262028
25.64262, 3.259317
25.65397, 3.424567
25.66497, 3.38147
25.67611, 3.35651
25.68727, 3.407519
25.69848, 3.489439
25.70938, 3.210114
25.72042, 3.025255
25.73162, 3.020425
25.74262, 2.932853
25.75463, 2.956542
25.76532, 3.002785
25.7762, 3.033172
25.78723, 3.056103
25.79826, 3.012875
25.80931, 3.112447
25.82033, 3.244629
25.83167, 3.234155
25.84261, 3.308203
25.86426, 3.155835
25.87379, 3.1024
25.88358, 3.043809
25.89491, 3.041481
25.90534, 2.916287
25.91678, 3.005279
25.92774, 3.055036
25.93911, 2.935364
25.95034, 2.92047
25.9613, 2.99166
25.97214, 2.862176
25.98342, 3.039744
25.99447, 3.044253
26.00597, 3.051293
26.01678, 3.153377
26.02765, 3.205842
26.03861, 3.205845
26.05002, 3.195642
26.06137, 3.168028
26.07204, 3.131265
26.0835, 3.10479
26.09467, 3.188024
26.10539, 3.163184
26.11655, 3.153416
26.12777, 3.165931
26.13872, 3.466504
26.1499, 5.284876
26.17209, 5.955084
26.18318, 4.632796
26.19469, 3.827185
26.20548, 4.604897
26.21655, 4.250543
26.22783, 4.514069
26.23899, 4.295387
26.2503, 4.605826
26.26208, 4.744855
26.27278, 4.834769
26.28426, 4.621413
26.2956, 4.685179
26.30683, 4.66903
26.31829, 4.554415
26.32939, 4.679751
26.34065, 5.381739
26.35214, 5.381865
26.36318, 5.842546
26.3747, 6.113027
26.38607, 6.040753
26.39716, 6.113042
26.40857, 6.281716
26.42013, 6.291329
26.43117, 7.523353
26.44247, 5.627368
26.45371, 8.118629
26.46492, 5.931496
26.47564, 4.945489
26.48704, 5.986415
26.6866, 7.539001
26.69787, 9.415884
26.70879, 4.211131
26.71978, 8.40773
26.73105, 5.294478
26.74219, 4.615871
26.75341, 2.332129
26.76467, 2.006019
26.77562, 2.493718
26.78679, 4.377934
26.7981, 2.188758
26.80894, 3.029295
26.8199, 3.360784
26.8311, 2.706719
26.84225, 2.040693
26.85334, 2.735537
26.86456, 2.542816
26.87834, 2.693022
26.88671, 2.468466
26.89772, 2.887177
26.90873, 2.825163
26.9201, 2.586592
26.9315, 2.629938
26.94214, 2.172734
26.95307, 2.048767
26.96423, 2.387453
26.97526, 2.215571
26.98667, 2.818756
26.99755, 3.421418
27.00858, 2.941157
27.02015, 2.158702
27.03368, 2.497933
27.04574, 2.697874
27.05277, 2.173304
27.06093, 2.89556
27.07194, 4.260406
27.08321, 2.394392
27.09429, 2.639096
27.10529, 3.013811
27.11628, 3.201686
27.12775, 3.07599
27.13879, 3.214921
27.15166, 3.088587
27.16147, 3.055017
27.17211, 3.010143
27.18315, 2.772145
27.19462, 2.954487
27.2054, 2.894509
27.2166, 3.053661
27.22781, 2.944026
27.2386, 3.298713
27.28325, 5.214994
27.29422, 4.980319
27.30521, 6.882603
27.31638, 6.971552
27.32764, 6.623875
27.33839, 6.415955
27.3497, 6.327132
27.36078, 6.091546
27.37216, 6.812948
27.38321, 7.586492
27.39474, 7.999957
27.40574, 8.569882
27.41694, 8.828771
27.67506, 3.627705
27.69743, 5.707664
27.71968, 4.699493
27.73098, 9.248876
27.7418, 5.835827
27.75322, 6.277696
27.76445, 6.531143
27.77531, 5.902573
27.7862, 6.376521
27.81952, 7.840498
27.86402, 7.701007
27.88636, 8.508174
27.89705, 8.231735
27.95268, 7.829226
27.97504, 8.857069
28.01937, 6.03265
28.0304, 5.928215
28.04158, 7.394715
28.05263, 7.299387
28.06365, 8.199591
28.08613, 6.160118
28.09719, 5.630088
28.10855, 8.957074
28.11936, 8.777341
28.16395, 6.060042
28.1749, 2.942629
28.18617, 4.198627
28.19713, 7.978293
28.21493, 4.651772
28.22876, 3.729549
28.24103, 3.95031
28.25128, 4.398131
28.26252, 4.235741
28.29597, 6.981892
28.30687, 7.058766
28.3181, 4.011281
28.35151, 9.81181
28.38469, 4.000124
28.39595, 5.340734
28.40985, 4.844906
28.42395, 4.448018
28.42951, 4.448018
28.44007, 5.080625
28.4513, 4.910576
28.46241, 6.556077
28.47329, 3.642504
28.48537, 2.15522
28.49581, 1.802392
28.50729, 3.207322
28.51793, 3.570582
28.52905, 3.715857
28.54014, 3.368886
28.55113, 3.628494
28.5623, 3.529538
28.57344, 3.893216
28.58468, 3.569855
28.60686, 4.575524
28.61823, 3.331422
28.62952, 3.691004
28.64046, 4.287383
28.65223, 8.972571
28.66315, 7.866269
28.67431, 6.038571
28.69677, 8.159364
28.72999, 4.017833
28.74115, 3.635981
28.75233, 6.703227
28.76348, 5.500478
28.77444, 2.989354
