0.3973734, 1.955106
0.4141702, 3.736943
0.4324251, 2.477697
0.4413123, 4.126863
0.4518958, 6.209412
0.4631634, 4.10561
0.4739294, 7.135269
0.4962455, 7.062975
0.5416107, 3.753326
0.5525303, 9.264341
0.5637324, 3.390899
0.5961016, 3.612469
0.6406574, 3.673557
0.6518109, 2.248924
0.6627609, 2.506914
0.6738923, 2.978719
0.6855077, 4.929775
0.6960443, 4.155915
0.7103, 6.800041
0.7297121, 9.344295
0.7419161, 5.101636
0.7640507, 2.698003
0.7973105, 1.858582
0.8085822, 6.016551
0.8196833, 3.598156
0.8308873, 4.482457
0.8409356, 4.238577
0.852093, 2.813488
0.8630764, 3.574588
0.8742855, 8.97842
0.9298357, 9.537271
0.9741986, 6.263713
1.041792, 6.435912
1.086174, 6.526701
1.100324, 5.844074
1.124653, 8.021686
1.135637, 3.280854
1.146797, 2.051285
1.169399, 3.024671
1.180716, 2.387614
1.191376, 7.476925
1.203145, 5.086719
1.224547, 8.571332
1.291281, 2.671711
1.302388, 2.009296
1.313692, 1.430564
1.324443, 1.501065
1.335717, 1.238744
1.346764, 1.243021
1.358058, 1.299026
1.368899, 1.443448
1.379989, 1.359599
1.391182, 1.848135
1.406064, 2.101163
1.425998, 2.266014
1.440211, 2.909174
1.448803, 2.382041
1.459945, 4.470352
1.467478, 5.119587
1.473327, 2.475629
1.484506, 6.346513
1.495732, 3.850583
1.506738, 3.876628
1.51783, 7.118444
1.528963, 6.210032
1.552719, 4.552908
1.563663, 9.563882
1.574731, 3.910842
1.585791, 4.751954
1.596781, 6.803842
1.608219, 6.559372
1.619035, 4.491907
1.630273, 7.734085
1.641495, 5.062484
1.663738, 7.852028
1.696829, 5.183427
1.705311, 3.92237
1.712772, 3.353157
1.720241, 3.91384
1.730027, 3.898825
1.742286, 3.898825
1.752906, 3.685488
1.763428, 3.456409
1.774749, 3.293269
1.785924, 3.163885
1.79671, 3.211285
1.808075, 3.356037
1.819084, 3.481149
1.830124, 3.674078
1.841589, 4.160893
1.863668, 5.572076
1.875026, 3.03577
1.88602, 2.789288
1.896798, 3.622017
1.908198, 2.20101
1.919045, 2.190228
1.930137, 1.904609
1.941273, 1.598905
1.952347, 1.525239
1.963507, 1.517593
1.974686, 1.796647
1.985666, 2.116203
1.996989, 1.857421
2.008162, 1.933532
2.019259, 2.183079
2.029947, 2.157166
2.041156, 2.700156
2.052294, 3.992424
2.063429, 3.949565
2.074536, 3.099623
2.085745, 4.225308
2.096637, 3.726525
2.108136, 3.672765
2.119006, 4.000172
2.130493, 5.346437
2.233309, 6.330299
2.244614, 6.354313
2.346342, 2.3957
2.690246, 6.364554
2.734843, 4.059428
2.823651, 3.738512
2.923603, 5.203665
2.934811, 5.222647
2.946055, 5.784592
2.968014, 8.587799
2.978759, 2.752245
2.990296, 1.878407
3.001536, 2.768342
3.012737, 2.617734
3.798967, 1.061044
3.809961, 4.424739
3.832423, 4.396441
3.854045, 7.907461
4.043081, 2.109741
4.054013, 2.974272
4.065438, 2.526433
4.076143, 7.930834
4.087618, 3.673255
4.121059, 4.092331
4.132452, 2.224068
4.144053, 2.096878
4.155155, 2.924844
4.166228, 2.004087
4.177403, 1.742318
4.188785, 2.941356
4.200118, 3.203557
4.211337, 2.682896
4.222629, 2.265185
4.233962, 2.318401
4.245143, 1.878857
4.256065, 1.640316
4.267428, 1.987743
4.278651, 2.229276
4.289819, 1.752709
4.300855, 2.411015
4.312176, 3.361414
4.323238, 4.385396
4.334092, 2.525548
4.345536, 3.028736
4.356429, 2.20872
4.367465, 4.349847
4.378635, 4.088928
4.389649, 1.847939
4.401126, 1.890118
4.411734, 2.594071
4.423064, 1.973678
4.43428, 1.957467
4.445359, 2.374275
4.456324, 2.805703
4.467527, 4.363161
4.478583, 2.064235
4.489616, 2.19979
4.500895, 3.388175
4.511662, 1.786952
4.523011, 2.522134
4.534203, 3.592573
4.545282, 2.42993
4.556267, 3.92731
4.567445, 3.094232
4.578467, 2.472778
4.589537, 2.836649
4.600552, 3.107332
4.611747, 2.557999
4.623024, 2.602095
4.634104, 2.823077
4.645436, 3.265972
4.656282, 1.940129
4.667382, 2.066511
4.678572, 2.078332
4.689576, 2.843118
4.70081, 5.06042
4.712068, 3.300126
4.745358, 8.38355
4.762501, 1.92943
4.787788, 7.231573
4.79871, 6.111055
4.809741, 3.336445
4.820601, 6.324234
4.898715, 7.66933
4.909757, 3.873068
4.92084, 2.884185
4.976493, 3.852522
4.987455, 9.296418
4.998876, 1.855364
5.009679, 1.797147
5.032034, 2.372056
5.26719, 3.297129
5.278281, 8.618664
5.289382, 4.273296
5.300643, 3.40348
5.311397, 6.578516
5.344888, 3.646499
5.511272, 7.602617
5.722413, 3.422621
5.933427, 3.221362
5.944458, 9.789308
5.955517, 3.763618
5.966672, 1.780953
5.977992, 2.756235
6.066777, 1.334198
6.077844, 6.363056
6.088926, 2.104723
6.111012, 2.535588
6.122383, 4.946822
6.133219, 1.869112
6.144532, 2.9762
6.155406, 1.991274
6.166596, 2.299282
6.177768, 2.518979
6.188967, 1.607383
6.199849, 1.779364
6.211034, 1.419429
6.222125, 2.075665
6.233489, 1.682936
6.244407, 1.955254
6.255626, 2.924989
6.266683, 3.662463
6.277689, 2.07131
6.289182, 3.155673
6.29994, 2.52712
6.311194, 1.856527
6.322089, 2.572249
6.333391, 2.880734
6.344256, 3.453244
6.36127, 2.725244
6.369689, 1.927936
6.37763, 2.941539
6.386854, 5.348692
6.397955, 2.427963
6.408973, 3.251106
6.420038, 1.674005
6.431093, 2.520699
6.442169, 1.524907
6.453504, 2.096879
6.464612, 2.689739
6.475588, 1.935494
6.486907, 2.527414
6.498008, 1.9257
6.509107, 2.273969
6.520071, 2.595304
6.531078, 2.503717
6.542236, 2.722708
6.55338, 3.743315
6.564649, 4.739233
6.575734, 3.63658
6.586781, 1.283677
6.597718, 2.043697
6.609115, 1.243316
6.620037, 1.357092
6.631237, 1.584346
6.642255, 3.312075
6.653242, 2.255464
6.675545, 1.848063
6.6868, 3.426853
6.720327, 6.071148
6.731346, 2.652518
6.742488, 4.136623
6.765204, 3.55825
6.787632, 4.363341
6.798697, 2.364893
6.81005, 2.021108
6.821276, 2.171804
6.832544, 2.838914
6.843882, 6.190582
6.855098, 0.9191892
6.866404, 1.192939
6.877803, 1.581404
6.888548, 1.671675
6.899767, 1.307571
6.91075, 1.494079
6.922083, 1.320199
6.933307, 1.110337
6.94435, 1.151709
6.955489, 1.679055
6.966215, 2.192972
6.977313, 1.389829
6.988326, 2.138558
6.999874, 2.731929
7.021855, 8.760228
7.032903, 4.568218
7.044049, 3.478323
7.055077, 0.7511408
7.066603, 2.823711
7.078121, 1.012649
7.088565, 2.411039
7.099855, 2.126398
7.110833, 3.294072
7.121818, 7.004164
7.155118, 6.764156
7.188424, 4.011451
7.210837, 4.090507
7.232828, 9.636191
7.244067, 2.62926
7.255102, 9.281706
7.266414, 2.293609
7.288515, 1.40244
7.310585, 2.977376
7.343859, 8.996678
7.354824, 9.635228
7.366104, 3.735876
7.377162, 6.220619
7.388474, 2.903913
7.399501, 3.654478
7.410607, 3.563634
7.421697, 5.097393
7.432709, 4.730214
7.443812, 7.180195
7.477128, 3.179025
7.621511, 4.375078
7.68853, 5.29884
7.732599, 9.138082
8.027776, 3.136827
8.038794, 9.943139
8.049774, 1.346945
8.072031, 2.489408
8.083321, 1.400541
8.094465, 4.693254
8.106066, 3.559585
8.116951, 3.043266
8.128112, 1.613072
8.138701, 1.343894
8.149824, 6.586946
8.16088, 1.778054
8.172276, 1.363216
8.184191, 2.798123
8.196259, 3.316719
9.109615, 4.12422
10.12051, 7.965592
10.13147, 5.972563
10.14258, 7.733962
10.15393, 4.253625
10.16578, 6.549945
10.17598, 5.566494
10.18748, 3.818275
10.20937, 4.4367
10.22048, 2.908937
10.23131, 4.144585
10.24263, 3.096999
10.25366, 7.578066
10.27603, 7.044456
10.28711, 4.807118
10.29829, 1.706542
10.30948, 3.811483
10.32067, 2.171873
10.33171, 3.737689
10.34256, 3.979243
10.35385, 3.131789
10.37584, 2.867
10.38692, 6.272267
10.39837, 4.213835
10.40963, 3.351189
10.4424, 2.168097
10.50951, 2.610632
10.80933, 8.819661
10.82037, 2.780638
10.83105, 2.038503
10.84255, 1.066705
10.85328, 1.038753
10.86459, 0.7896774
10.87578, 0.7652334
10.88668, 1.604325
11.14219, 1.715226
11.15321, 2.105836
11.1642, 2.071826
11.18675, 5.116562
11.22026, 5.344652
11.23758, 1.407947
11.24786, 1.618307
11.25649, 1.280736
11.26426, 1.7376
11.27181, 1.75549
11.28289, 5.879694
11.29395, 2.961247
11.30515, 4.885434
11.31642, 2.474427
11.32735, 3.351393
11.34968, 1.797462
11.36048, 1.551309
11.37212, 2.18048
11.3829, 2.321203
11.40531, 3.551784
11.41619, 4.086257
11.42728, 2.716812
11.43843, 1.934993
11.44937, 1.815578
11.46047, 3.375999
11.47178, 1.868745
11.48307, 2.612219
11.49398, 7.255384
11.50515, 1.860503
11.51625, 3.323563
11.53843, 8.149811
11.5494, 4.76509
11.56058, 8.502284
11.57174, 9.55788
11.58269, 7.899405
11.59379, 3.466537
11.60532, 3.809893
11.61664, 3.208022
11.62773, 9.892989
11.63936, 4.355505
11.65043, 4.877059
11.66152, 2.679178
11.67344, 3.104051
11.68449, 5.651221
11.69545, 3.229972
11.70729, 2.775446
11.71809, 2.517259
11.72969, 2.382175
11.74068, 2.703394
11.75199, 3.028585
11.76327, 2.795605
11.7749, 3.277325
11.78629, 2.227753
11.79806, 3.096307
11.80872, 3.017241
11.81972, 3.176801
11.83093, 2.838028
11.84186, 2.864891
11.85288, 1.326509
11.86434, 6.281569
11.87546, 4.616358
11.88605, 6.725155
11.89748, 2.326947
11.90856, 1.993547
11.91946, 4.082784
11.93108, 2.865273
11.95276, 4.570941
12.00861, 6.212635
12.01945, 1.899752
12.03087, 1.75176
12.04182, 1.648154
12.05285, 2.34906
12.06413, 1.495775
12.07541, 1.425714
12.08627, 1.614384
12.09732, 2.144951
12.10852, 1.794946
12.11958, 3.381681
12.13059, 2.501245
12.14171, 1.747947
12.15283, 1.307056
12.16365, 1.863243
12.17487, 1.690999
12.18603, 1.492661
12.19759, 1.586517
12.20853, 1.820615
12.21962, 1.497414
12.23082, 1.253587
12.24161, 1.291303
12.25278, 2.613847
12.30856, 1.992736
12.31972, 0.9836714
12.33071, 4.500455
12.36412, 2.883837
12.375, 9.377247
12.38592, 1.836031
12.39712, 1.489715
12.40851, 1.485821
12.41945, 1.683024
12.43053, 1.625156
12.44141, 1.545642
12.4527, 1.598523
12.46393, 1.84027
12.47501, 2.619616
12.48589, 2.224269
12.50645, 2.048782
12.51534, 5.138555
12.52357, 2.61711
12.53131, 2.044578
12.53873, 2.437426
12.54742, 2.45984
12.55857, 3.849097
12.56937, 3.125674
12.58061, 4.068537
12.59206, 2.560957
12.60295, 2.265429
12.61401, 3.027658
12.63631, 8.305006
12.64763, 7.99025
12.66965, 6.014231
12.68071, 2.73274
12.70282, 2.499182
12.7143, 4.718642
12.72506, 1.841573
12.7361, 5.011955
12.76946, 4.681931
12.7919, 4.148816
12.80259, 2.816625
12.81389, 4.324978
12.83598, 2.749472
12.84731, 5.927724
12.85863, 3.362604
12.89178, 4.294049
12.90294, 4.737401
12.91456, 4.038208
12.92597, 8.330189
12.93731, 3.41234
12.94863, 3.061292
12.95996, 2.669051
12.97121, 2.161572
12.98279, 2.344222
12.99406, 2.063839
13.00577, 2.383243
13.01689, 2.648684
13.02828, 3.942452
13.03972, 2.259004
13.05133, 4.396559
13.06237, 6.931654
13.08492, 7.836394
13.0964, 1.910495
13.10794, 2.42071
13.1187, 2.805979
13.13011, 1.757751
13.14124, 2.259311
13.15231, 6.629031
13.16329, 3.86958
13.1747, 2.688102
13.18558, 2.552127
13.19663, 5.929559
13.20815, 2.09687
13.21881, 1.977229
13.23025, 3.259657
13.2412, 2.425716
13.25225, 2.251996
13.26345, 5.878197
13.2747, 3.456309
13.28545, 4.0972
13.29665, 2.46123
13.30806, 3.372149
13.31875, 3.902041
13.34133, 5.175767
13.48536, 3.505039
13.49684, 7.942461
13.50811, 5.611023
13.51888, 0.6631451
13.53003, 0.680842
13.54118, 0.6059721
13.55202, 0.5728031
13.56325, 0.5917215
13.57448, 0.6356211
13.58521, 2.222458
13.5965, 0.722868
13.60791, 0.7696567
13.61875, 3.176761
13.62987, 4.499608
13.64131, 4.018455
13.65206, 5.649755
13.66327, 3.444901
13.6745, 5.476274
13.68526, 2.048771
13.6965, 5.321657
13.70777, 4.228629
13.7187, 7.872673
13.73001, 8.333144
13.74113, 2.945937
13.75199, 3.384792
13.76316, 3.308739
13.77438, 6.463076
13.78523, 2.019167
13.79639, 3.524306
13.81366, 7.347016
13.82254, 2.250105
13.8307, 3.110381
13.83864, 3.74411
13.84962, 3.984922
13.86037, 4.50365
13.873, 5.595131
13.88266, 3.399993
13.89382, 2.790103
13.91618, 4.166102
13.92706, 6.243958
13.93831, 3.048038
13.94963, 3.544171
13.96054, 2.896883
13.97176, 2.361179
13.9828, 2.112266
13.99367, 4.052721
14.00513, 2.301983
14.0161, 1.94149
14.02715, 2.140811
14.03829, 2.52189
14.04945, 1.521725
14.06041, 1.441239
14.11617, 3.970289
14.12709, 5.252586
14.13821, 4.977923
14.14972, 1.809663
14.16046, 1.671043
14.1716, 1.298395
14.18271, 1.279823
14.19411, 1.142149
14.20554, 1.636806
14.21669, 2.047527
14.22809, 2.541769
14.23951, 1.788671
14.25056, 1.463599
14.26193, 2.449933
14.27282, 1.470242
14.28432, 3.955137
14.29544, 1.812327
14.30671, 1.434769
14.3181, 1.383493
14.32939, 0.9662502
14.34066, 1.334023
14.35186, 1.312175
14.36292, 0.9378174
14.37394, 1.06004
14.38516, 1.715035
14.39635, 2.267992
14.40718, 1.072109
14.41853, 1.285211
14.42945, 1.733248
14.44069, 1.351769
14.45171, 1.476857
14.46274, 2.619416
14.47468, 1.924916
14.48512, 6.943064
14.49614, 2.22772
14.50755, 6.911158
14.51838, 1.75138
14.52953, 1.714241
14.56274, 5.137506
14.59615, 2.088407
14.62968, 7.815273
14.65185, 1.443502
14.66266, 1.377282
14.67385, 2.904805
14.6852, 1.677971
14.69602, 6.691605
14.72962, 1.747337
14.74054, 2.119836
14.7515, 2.176769
14.76268, 1.890955
14.77386, 2.460494
14.7849, 4.698111
14.79593, 2.179727
14.80704, 1.482244
14.8182, 2.076401
14.82931, 2.346223
14.84036, 2.92748
14.85151, 2.564126
14.86252, 1.560024
14.87401, 2.686152
14.89614, 2.732507
14.90688, 3.934013
14.91808, 4.189001
14.92951, 3.349287
14.94067, 2.202692
14.9515, 3.302202
14.96241, 1.23436
14.9737, 2.03878
14.98485, 1.935464
14.99593, 1.791313
15.00722, 2.916951
15.01821, 3.949531
15.02951, 2.325836
15.04051, 2.130622
15.0515, 2.287847
15.06258, 1.842627
15.07371, 1.884883
15.08483, 1.870054
15.0992, 1.224037
15.11333, 1.403595
15.12202, 1.49341
15.12992, 2.908658
15.13811, 1.36571
15.14861, 3.059895
15.1595, 1.635115
15.17082, 2.077944
15.18209, 1.842696
15.19325, 1.966728
15.20397, 6.118277
15.21544, 3.023885
15.23756, 1.315369
15.24871, 1.263084
15.25992, 2.051609
15.27063, 1.615235
15.28176, 1.792116
15.293, 1.369333
15.30414, 1.711789
15.32625, 2.837163
15.33744, 4.953679
15.35965, 0.8059675
15.37073, 0.5934051
15.38179, 0.812579
15.39273, 0.9521884
15.42648, 0.9804963
15.44858, 0.9296979
15.45957, 1.715933
15.47064, 0.8044533
15.48243, 0.7750354
15.49339, 0.8847581
15.50455, 0.9234325
15.51616, 0.929669
15.52726, 0.8237979
15.53835, 1.29504
15.55029, 2.498977
15.56097, 1.76915
15.57236, 1.173231
15.58349, 1.187731
15.59466, 2.418563
15.60609, 5.077738
15.61721, 3.953802
15.62843, 0.8915176
15.6399, 2.09824
15.65116, 2.058169
15.66222, 2.083057
15.67356, 1.251046
15.68447, 1.492627
15.73993, 1.253844
15.77343, 1.261121
15.79553, 1.017524
15.81778, 6.047305
15.85122, 9.583875
15.86232, 2.016523
15.88441, 3.757356
15.89536, 2.637562
15.90664, 2.072993
15.91765, 1.243943
15.92878, 6.553607
15.95124, 4.295252
15.96222, 7.280481
15.97325, 1.936005
15.98431, 3.332436
15.99542, 3.969269
16.0065, 1.597993
16.01751, 1.488442
16.02886, 5.357538
16.0399, 1.690446
16.05098, 1.299061
16.062, 1.281659
16.0731, 1.884981
16.08429, 1.116087
16.09538, 1.270221
16.10666, 4.038987
16.11772, 1.521757
16.12867, 1.498676
16.1398, 1.923146
16.15106, 1.467856
16.16205, 1.849134
16.17303, 1.633726
16.18437, 1.677127
16.1953, 1.65612
16.20654, 2.102798
16.21755, 1.373049
16.22894, 2.682804
16.23981, 2.863829
16.25101, 2.859128
16.26185, 1.803968
16.27293, 2.881302
16.28408, 3.417706
16.29644, 1.800165
16.30675, 3.353955
16.31747, 3.964067
16.32868, 3.485495
16.33995, 2.612087
16.35084, 5.425145
16.36209, 3.322445
16.37301, 3.657225
16.38409, 2.814171
16.39533, 2.872871
16.4064, 2.357754
16.4255, 7.851497
16.43492, 2.666397
16.44352, 2.039447
16.4517, 2.835568
16.45994, 6.976672
16.47923, 4.300754
16.49017, 4.466575
16.50133, 5.63134
16.51251, 3.283545
16.52338, 3.690014
16.53433, 2.012742
16.5457, 3.123688
16.55665, 3.238633
16.5678, 3.631745
16.57892, 3.078739
16.59005, 3.016457
16.60114, 7.039184
16.63469, 3.995457
16.64606, 5.005715
16.65701, 3.494076
16.66777, 4.544489
16.67936, 4.576651
16.70123, 4.23434
16.71277, 6.049573
16.72338, 4.191685
16.74582, 4.450754
16.75662, 6.061919
16.76789, 8.118473
16.77912, 6.609511
16.7903, 6.041123
16.83528, 6.461596
16.84684, 3.529734
16.85823, 2.369875
16.86946, 2.783926
16.88081, 5.440938
16.89246, 5.867776
16.90332, 3.125891
16.91508, 2.569903
16.92588, 8.024959
16.93748, 3.538512
16.95981, 9.537169
16.97109, 6.893538
16.99397, 9.620945
17.00562, 3.880431
17.01701, 4.625778
17.02795, 7.927611
17.03929, 6.578034
17.05113, 5.798273
17.06164, 6.142952
17.07282, 4.821836
17.08366, 4.313152
17.09505, 3.208228
17.11722, 2.637666
17.12853, 2.237175
17.13945, 2.369783
17.15054, 3.666835
17.16184, 3.167451
17.17265, 3.957867
17.18387, 3.700068
17.19484, 4.120634
17.20647, 6.855693
17.21766, 2.536842
17.22822, 7.328103
17.23994, 5.519141
17.27316, 4.344995
17.28442, 4.983322
17.29469, 2.897429
17.30608, 5.299653
17.31714, 8.67145
17.3282, 4.65609
17.33917, 4.029088
17.35058, 6.897989
17.37278, 2.984465
17.39487, 2.176705
17.40608, 8.435404
