0.0102676, 1.198219, 1.198219, 2.512885
0.0209867, 1.284907, 1.241563, 2.512827
0.0322217, 1.491312, 1.324813, 2.512739
0.0451125, 1.496314, 1.367688, 2.512473
0.0543877, 1.462018, 1.386554, 2.512297
0.0655886, 1.447721, 1.396748, 2.512067
0.0762667, 1.415071, 1.399366, 2.511645
0.0873429, 1.396815, 1.399047, 2.511297
0.0994181, 1.394073, 1.398494, 2.510836
0.1108013, 1.331581, 1.391803, 2.51029
0.1211418, 1.246951, 1.378635, 2.509893
0.1319663, 1.643874, 1.400738, 2.509338
0.1429001, 1.48993, 1.407599, 2.508682
0.1539579, 1.27977, 1.398468, 2.507923
0.1650192, 1.552415, 1.408731, 2.507127
0.1760997, 1.596012, 1.420437, 2.506358
0.1872678, 1.614592, 1.431857, 2.505406
0.2003297, 1.651086, 1.444037, 2.504267
0.2099132, 1.780783, 1.46176, 2.503428
0.2207808, 1.642585, 1.470801, 2.502362
0.2320161, 1.874952, 1.504638, 2.50125
0.2430807, 1.916421, 1.536214, 2.500143
0.2543174, 1.863964, 1.554846, 2.499004
0.2650778, 1.857283, 1.572895, 2.497802
0.2760834, 1.685826, 1.584085, 2.496491
0.2874311, 1.666041, 1.595001, 2.495027
0.2986585, 1.407908, 1.594643, 2.493626
0.3094409, 1.271339, 1.588369, 2.49222
0.3207395, 1.437572, 1.590544, 2.490629
0.3319038, 1.390548, 1.593493, 2.489074
0.3431079, 1.342133, 1.598252, 2.487434
0.3561643, 1.336452, 1.582881, 2.485416
0.3653701, 1.40583, 1.578676, 2.483894
0.3757386, 1.35855, 1.582615, 2.482105
0.3873936, 1.421043, 1.576046, 2.480103
0.3987322, 1.488093, 1.57065, 2.478058
0.4098575, 1.371843, 1.558513, 2.476046
0.4209826, 1.410978, 1.546507, 2.474004
0.4319189, 1.769612, 1.545949, 2.471942
0.4428624, 1.591888, 1.543414, 2.469795
0.4541558, 1.668244, 1.533078, 2.46752
0.465524, 1.77506, 1.52601, 2.465235
0.4757487, 1.949465, 1.530285, 2.46317
0.4870786, 2.041578, 1.5395, 2.460771
0.4984993, 1.659948, 1.538206, 2.458353
0.5113888, 1.42216, 1.526012, 2.455568
0.5207051, 1.6376, 1.537497, 2.453504
0.5314291, 1.749536, 1.561407, 2.451021
0.5427082, 1.786365, 1.578847, 2.448384
0.554126, 1.744735, 1.596556, 2.445612
0.5649633, 1.641692, 1.611534, 2.44295
0.5763425, 1.62735, 1.626079, 2.440083
0.587487, 1.621179, 1.636846, 2.437226
0.5981925, 1.574649, 1.647651, 2.434448
0.6095171, 1.698303, 1.661514, 2.431477
0.620487, 1.826593, 1.678439, 2.428505
0.6318757, 1.603098, 1.690002, 2.425471
0.6457865, 1.57314, 1.69811, 2.421628
0.6541529, 1.614442, 1.690351, 2.419282
0.6663379, 1.616611, 1.691587, 2.415816
0.6762634, 1.82385, 1.699368, 2.412957
0.686892, 1.793214, 1.700275, 2.409827
0.6983581, 1.524058, 1.679005, 2.406452
0.7092828, 1.637321, 1.658792, 2.403211
0.7206714, 1.600705, 1.65583, 2.399806
0.7318088, 1.244508, 1.646947, 2.396399
0.742645, 2.339897, 1.682062, 2.393004
0.754537, 1.618964, 1.675534, 2.389127
0.9868668, 1.203722, 1.646402, 2.306468
0.9981694, 1.065037, 1.612417, 2.301949
1.009213, 0.7496827, 1.567816, 2.297491
1.020244, 1.826144, 1.577756, 2.292971
1.031663, 1.752119, 1.584303, 2.288292
1.042661, 1.051213, 1.558131, 2.283742
1.053887, 1.767774, 1.561605, 2.278982
1.064742, 1.334036, 1.536977, 2.274385
1.075601, 1.722378, 1.542941, 2.269685
1.087529, 1.040021, 1.516285, 2.264475
1.098313, 2.230909, 1.547108, 2.259725
1.109442, 1.210635, 1.526809, 2.254778
1.120466, 1.144238, 1.492829, 2.249859
1.133341, 1.435194, 1.474928, 2.244115
1.142689, 1.645231, 1.480987, 2.239859
1.153279, 1.356231, 1.466932, 2.235071
1.164676, 1.473092, 1.460552, 2.229872
1.175816, 1.653891, 1.481021, 2.224698
1.187085, 1.417276, 1.43489, 2.219499
1.198106, 1.448534, 1.426368, 2.214359
1.209111, 1.351675, 1.433766, 2.209124
1.220379, 1.449129, 1.45297, 2.203673
1.231398, 1.305193, 1.480746, 2.198345
1.242456, 1.286288, 1.453753, 2.192952
1.253828, 1.240049, 1.42815, 2.187395
1.264978, 1.130516, 1.432115, 2.181961
1.276151, 1.114131, 1.399433, 2.176433
1.288709, 1.091304, 1.387296, 2.170177
1.297824, 1.139322, 1.358143, 2.165566
1.309332, 1.129107, 1.362597, 2.159807
1.320168, 1.16305, 1.309204, 2.154348
1.331571, 1.248785, 1.311112, 2.148544
1.342287, 1.203635, 1.314082, 2.143066
1.35355, 1.142314, 1.299438, 2.137276
1.364686, 1.230049, 1.278679, 2.131484
1.375613, 1.192531, 1.270494, 2.125726
1.38665, 1.202176, 1.256948, 2.119945
1.397798, 1.080552, 1.228281, 2.114045
1.409325, 1.133985, 1.214116, 2.107939
1.420065, 1.196855, 1.201533, 2.10218
1.431398, 1.136299, 1.190764, 2.095977
1.444327, 1.112141, 1.173914, 2.088907
1.453582, 1.055477, 1.161429, 2.083777
1.464327, 1.103914, 1.15231, 2.077846
1.475392, 1.128307, 1.146723, 2.071692
1.486899, 1.136409, 1.147017, 2.06528
1.498016, 1.150463, 1.148834, 2.059017
1.508826, 1.095996, 1.149069, 2.052931
1.520071, 1.123327, 1.148269, 2.04655
1.531285, 1.172715, 1.150449, 2.040192
1.542112, 1.138175, 1.149206, 2.033987
1.553682, 1.16417, 1.144975, 2.027328
1.564605, 1.204929, 1.14504, 2.021063
1.575573, 1.209326, 1.14839, 2.014691
1.586825, 1.17203, 1.145489, 2.008088
1.599597, 1.256801, 1.148703, 2.000684
1.609086, 1.215681, 1.149378, 1.99508
1.619642, 1.263208, 1.158511, 1.988913
1.631402, 1.29829, 1.166726, 1.981966
1.642166, 1.320028, 1.172885, 1.975594
1.653119, 1.35458, 1.183799, 1.969132
1.664426, 1.443873, 1.200385, 1.962392
1.675896, 1.44806, 1.220015, 1.955552
1.686981, 1.481172, 1.238878, 1.948922
1.697858, 1.475106, 1.256217, 1.942358
1.709211, 1.472348, 1.273014, 1.935521
1.719973, 1.455016, 1.288242, 1.929002
1.731235, 1.394915, 1.303188, 1.922182
1.742098, 1.368689, 1.315456, 1.915539
1.755141, 1.343799, 1.32401, 1.907572
1.764799, 1.299373, 1.33207, 1.901672
1.775257, 1.299388, 1.338831, 1.895239
1.786743, 1.211397, 1.339154, 1.888096
1.797784, 1.231796, 1.340278, 1.881238
1.808965, 1.047557, 1.334054, 1.874276
1.820189, 1.017717, 1.3221, 1.867248
1.831395, 1.103521, 1.316492, 1.860236
1.842137, 1.069705, 1.306817, 1.853458
1.852797, 1.07843, 1.295824, 1.846745
1.864728, 1.064459, 1.283046, 1.839261
1.876494, 1.115365, 1.271085, 1.831796
1.886655, 1.201744, 1.258978, 1.825312
1.898154, 1.124336, 1.242792, 1.817973
1.911236, 1.193952, 1.228431, 1.809615
1.919965, 1.277687, 1.21856, 1.804042
1.930802, 1.272749, 1.20858, 1.797027
1.942301, 1.229876, 1.197323, 1.789563
1.953076, 1.255573, 1.190356, 1.782591
1.964345, 1.235426, 1.183693, 1.775235
1.975714, 1.104822, 1.171744, 1.767853
1.987033, 1.102927, 1.161922, 1.760477
1.998092, 1.128656, 1.153385, 1.753253
2.009083, 1.123758, 1.149003, 1.746058
2.020025, 1.144992, 1.144663, 1.738818
2.031139, 1.123416, 1.148456, 1.731507
2.04247, 1.090988, 1.15212, 1.724033
2.053335, 1.109982, 1.152443, 1.716835
2.066557, 1.11029, 1.154472, 1.708017
2.075625, 1.157097, 1.158405, 1.701989
2.086193, 1.24628, 1.167496, 1.69496
2.097795, 1.232541, 1.173355, 1.687217
2.109075, 1.239061, 1.175221, 1.679687
2.119997, 1.237957, 1.180902, 1.67231
2.131299, 1.229966, 1.182703, 1.664532
2.141992, 1.219919, 1.179814, 1.657322
2.153117, 1.333969, 1.182875, 1.649824
2.164251, 1.328676, 1.187815, 1.642283
2.175078, 1.159244, 1.182999, 1.634948
2.186643, 1.30692, 1.186574, 1.627069
2.197693, 1.287728, 1.195719, 1.61955
2.208698, 1.678448, 1.224495, 1.612064
2.221972, 1.618168, 1.24897, 1.603046
2.231018, 1.819092, 1.283737, 1.596913
2.242288, 1.478911, 1.300433, 1.589246
2.253406, 1.517223, 1.320123, 1.581672
2.264243, 1.40037, 1.335593, 1.574265
2.275189, 1.443201, 1.352253, 1.566791
2.286727, 1.499809, 1.371729, 1.558909
2.297863, 1.496502, 1.3887, 1.551288
2.30853, 1.495808, 1.401176, 1.543875
2.319995, 1.602769, 1.419688, 1.536009
2.330985, 1.630489, 1.439259, 1.528468
2.342053, 1.713362, 1.463029, 1.52087
2.352715, 1.694498, 1.486256, 1.513523
2.364227, 1.490792, 1.499799, 1.50563
2.377447, 1.470565, 1.506629, 1.496512
2.386332, 1.474463, 1.513919, 1.490415
2.397473, 1.510005, 1.531457, 1.482719
2.408553, 1.413466, 1.536784, 1.475115
2.419787, 1.416324, 1.543214, 1.46731
2.430842, 1.40974, 1.529778, 1.459676
2.44246, 1.419338, 1.519837, 1.451663
2.45292, 1.422118, 1.499988, 1.444439
2.463986, 1.367236, 1.494405, 1.436728
2.475672, 1.348265, 1.485957, 1.428628
2.486732, 1.348262, 1.483351, 1.420931
2.497131, 1.35469, 1.478926, 1.413723
2.508822, 1.399099, 1.47389, 1.405657
2.519691, 1.371052, 1.467618, 1.398084
2.53227, 1.329329, 1.459294, 1.389423
2.542248, 1.751707, 1.466741, 1.382481
2.553084, 1.715193, 1.470976, 1.374953
2.564366, 1.77064, 1.47384, 1.367117
2.575196, 1.743064, 1.476268, 1.359624
2.58618, 1.653966, 1.484427, 1.352005
2.597752, 1.687928, 1.495295, 1.343984
2.608371, 1.43867, 1.493505, 1.336613
2.619615, 1.420428, 1.489026, 1.328837
2.631247, 1.427924, 1.489749, 1.320799
2.642076, 1.269708, 1.482418, 1.313423
2.653023, 1.226079, 1.473235, 1.305888
2.664271, 1.156327, 1.460085, 1.298145
2.675335, 1.101884, 1.444073, 1.290545
2.688104, 1.062077, 1.428815, 1.281673
2.697285, 1.043015, 1.413552, 1.275373
2.708205, 1.024908, 1.397385, 1.267774
2.719669, 0.9299439, 1.376147, 1.259982
2.730945, 0.9814588, 1.355265, 1.252268
2.742162, 0.9655752, 1.334991, 1.244649
2.753001, 0.9263594, 1.314843, 1.237252
2.764294, 0.9008015, 1.272298, 1.22955
2.775273, 0.8996028, 1.231518, 1.222062
2.786402, 0.7609349, 1.181033, 1.214501
2.797479, 0.7646593, 1.132113, 1.206999
2.809099, 0.7447737, 1.086653, 1.199153
2.819693, 0.7172167, 1.038117, 1.192053
2.830766, 0.7259894, 1.002483, 1.18462
2.843695, 0.7202604, 0.9674751, 1.175916
2.853092, 0.7035401, 0.931256, 1.169627
2.863738, 0.7656579, 0.9060535, 1.162516
2.875267, 0.7775437, 0.8836268, 1.154827
2.886486, 0.7835402, 0.8649875, 1.147304
2.897557, 0.752808, 0.8475337, 1.139915
2.908568, 0.7806813, 0.833464, 1.132646
2.919998, 0.7897014, 0.8207983, 1.125095
2.930621, 0.7753395, 0.8083199, 1.118051
2.941984, 0.7801998, 0.8008326, 1.110508
2.95314, 0.7819278, 0.7908561, 1.103136
2.963863, 0.8486416, 0.7850094, 1.096082
2.974937, 0.8185644, 0.7796197, 1.088795
2.986455, 0.8136159, 0.7752604, 1.081274
2.998964, 0.8093914, 0.7707499, 1.073103
3.008415, 0.8078043, 0.7730933, 1.066914
3.019141, 0.8014569, 0.7749332, 1.059873
3.030668, 0.8139685, 0.7783929, 1.052344
3.041765, 0.8289214, 0.7839782, 1.045162
3.052515, 0.8254447, 0.788951, 1.038198
3.063733, 0.8403879, 0.7949573, 1.03101
3.07506, 0.8358327, 0.801572, 1.023692
3.086, 0.8617064, 0.8063744, 1.016719
3.097326, 0.8771569, 0.811355, 1.009513
3.108338, 0.9381891, 0.8190874, 1.002468
3.119338, 0.8874559, 0.8258198, 0.9954643
3.130677, 0.8930435, 0.8314379, 0.9882466
3.141476, 0.8505721, 0.8344814, 0.9812209
3.154475, 0.8604469, 0.8387368, 0.9729881
3.164028, 0.749069, 0.8371803, 0.9669774
3.175095, 0.7445777, 0.8353128, 0.9600043
3.185776, 0.7348151, 0.8296215, 0.9532697
3.196846, 0.7398329, 0.8256849, 0.9464424
3.208741, 0.7258143, 0.8212949, 0.9390068
3.218854, 0.719307, 0.8167907, 0.9326084
3.230506, 0.7167262, 0.8122368, 0.9253767
3.241625, 0.6998458, 0.8071563, 0.9184482
3.252576, 0.6909057, 0.8010032, 0.9116864
3.26415, 0.6962414, 0.7943692, 0.9045603
3.275026, 0.679202, 0.787057, 0.8978822
3.286386, 0.6823594, 0.7791556, 0.8909938
3.297273, 0.6727257, 0.7710003, 0.8844064
3.310602, 0.6880652, 0.7623182, 0.8763326
3.319346, 0.6245655, 0.7496886, 0.8710303
3.330285, 0.6800779, 0.736783, 0.8644409
3.341441, 0.8138319, 0.7331018, 0.8577724
3.352314, 0.7405542, 0.7254773, 0.851271
3.363686, 0.6640333, 0.7161504, 0.8444683
3.375127, 0.6409522, 0.7051756, 0.8376781
3.385961, 0.6347342, 0.6994589, 0.8313877
3.397093, 0.6620317, 0.6953316, 0.8248401
3.408385, 0.5772573, 0.6874537, 0.8182909
3.419509, 0.5758293, 0.6792536, 0.8118272
3.430156, 0.5861845, 0.6722721, 0.8056737
3.441726, 0.5942066, 0.6660171, 0.7990067
3.452529, 0.5776322, 0.6590624, 0.7928205
3.465457, 0.5810568, 0.6531229, 0.7854801
3.475445, 0.5511693, 0.6461361, 0.7798474
3.48609, 0.587779, 0.640713, 0.773834
3.496992, 0.5785615, 0.635681, 0.7677403
3.508462, 0.5980688, 0.6314664, 0.7614247
3.519364, 0.6128117, 0.6284708, 0.7553605
3.530131, 0.6585568, 0.6269953, 0.749429
3.542056, 0.6579233, 0.6286632, 0.7429153
3.552446, 0.6659001, 0.6279544, 0.7372673
3.564018, 0.6878131, 0.6216534, 0.7309994
3.575029, 0.6861116, 0.6189313, 0.7251091
3.58588, 0.6895649, 0.6202079, 0.7193049
3.597152, 0.6884762, 0.6225841, 0.7132683
3.60843, 1.039327, 0.6428137, 0.7072895
3.620674, 0.9556196, 0.6574931, 0.7008447
3.630633, 0.8677976, 0.6720201, 0.6956374
3.641322, 0.9384878, 0.6901531, 0.6900936
3.652446, 0.8820851, 0.7049481, 0.6843225
3.663823, 0.8780618, 0.7191409, 0.6785433
3.674683, 0.9325686, 0.7368877, 0.6730042
3.68605, 0.9423487, 0.7549523, 0.6672428
3.696834, 1.041951, 0.7794914, 0.6618164
3.708196, 0.8586209, 0.7930335, 0.6561176
3.719069, 0.8520451, 0.8067077, 0.6505777
3.730247, 0.8507288, 0.8193407, 0.6450332
3.741449, 0.7963435, 0.8285173, 0.6394648
3.752516, 0.8020073, 0.8356898, 0.6340696
3.763587, 0.8233158, 0.8439595, 0.6286702
3.776637, 0.8059558, 0.8509623, 0.6223608
3.785705, 0.8020123, 0.8566723, 0.6180195
3.799705, 0.9578292, 0.8702582, 0.6112935
3.808173, 0.9576959, 0.8836646, 0.6073021
3.819196, 0.9408711, 0.8962843, 0.6021312
3.830492, 0.9678624, 0.892711, 0.596868
3.841371, 0.8880051, 0.8893303, 0.5918869
3.85239, 0.8620255, 0.8890417, 0.5868248
3.863434, 0.8700157, 0.8856181, 0.5817963
3.874811, 0.8577991, 0.8844038, 0.5766434
3.885979, 0.8168651, 0.881344, 0.5716473
3.896742, 0.7716956, 0.8733004, 0.5668508
3.907821, 0.7310638, 0.8627361, 0.5619706
3.919236, 0.7037711, 0.8458272, 0.5570281
3.93147, 0.6752717, 0.8366597, 0.5517501
3.941263, 0.6575309, 0.826934, 0.5474774
3.951952, 0.6491166, 0.8168534, 0.5428736
3.963465, 0.6350415, 0.8087884, 0.5380132
3.974627, 0.5309839, 0.7952372, 0.5332631
3.985952, 0.5704957, 0.7825962, 0.528587
3.996427, 0.5756401, 0.7710804, 0.5243
4.008177, 0.5009834, 0.756029, 0.5195612
4.018919, 0.5099215, 0.7336335, 0.5152538
4.029947, 0.5143859, 0.711468, 0.5108679
4.041402, 0.5246469, 0.6906568, 0.5063406
4.052474, 0.5330248, 0.6689149, 0.5020488
4.063581, 0.5371428, 0.6513718, 0.4977732
4.074642, 0.5314369, 0.6348424, 0.493562
4.087957, 0.5317718, 0.6179302, 0.4885627
4.09653, 0.5225189, 0.6011661, 0.4853985
4.107856, 0.5290122, 0.5867735, 0.4812434
4.118697, 0.5217033, 0.5742739, 0.4772328
4.130483, 0.534929, 0.5644673, 0.4729894
4.141435, 0.5391835, 0.5562379, 0.4690595
4.15228, 0.5246052, 0.5487045, 0.4652499
4.163644, 0.5265194, 0.542154, 0.4612404
4.174562, 0.5283977, 0.536118, 0.4574739
4.18559, 0.5223319, 0.5304826, 0.4537461
4.196893, 0.510636, 0.5294652, 0.4499853
4.208013, 0.5023617, 0.5260585, 0.4463312
4.218627, 0.4983163, 0.5221924, 0.4429414
4.229845, 0.5006678, 0.5221766, 0.439374
4.243232, 0.5008028, 0.5217206, 0.4351495
4.252349, 0.5065047, 0.5213266, 0.4323567
4.263284, 0.5108339, 0.520636, 0.4290691
4.274946, 0.5168691, 0.5198282, 0.4255427
4.28545, 0.5217971, 0.5190609, 0.4224609
4.296224, 0.5187797, 0.518428, 0.4194102
4.308055, 0.5014426, 0.5169116, 0.4160408
4.318894, 0.5241807, 0.5169947, 0.4130879
4.329864, 0.5029067, 0.5156894, 0.4100766
4.3413, 0.4985379, 0.5145311, 0.4069039
4.352166, 0.5003603, 0.5128027, 0.4040219
4.363306, 0.5001592, 0.5108514, 0.4010878
4.374575, 0.4961866, 0.5094305, 0.3982665
4.385431, 0.4945651, 0.5078328, 0.395533
4.39804, 0.4945816, 0.506142, 0.3924852
4.407914, 0.4906251, 0.5045566, 0.3901404
4.418385, 0.4904786, 0.5035487, 0.3877389
4.430057, 0.484063, 0.5026338, 0.3850541
4.441583, 0.4749146, 0.5014637, 0.3824176
4.452372, 0.4782388, 0.5003422, 0.3800828
4.463684, 0.4833463, 0.4994694, 0.3776641
4.474545, 0.4725778, 0.4977731, 0.3754482
4.48566, 0.4612172, 0.4952922, 0.3732208
4.496059, 0.4674988, 0.4928237, 0.3712413
4.508089, 0.459755, 0.4897216, 0.3689408
4.519242, 0.4646283, 0.487014, 0.3668829
4.529919, 0.46422, 0.4851529, 0.3650106
4.541565, 0.4637805, 0.4821329, 0.3629684
4.554282, 0.4610339, 0.4800392, 0.3608426
4.563188, 0.4692006, 0.4785723, 0.359531
4.57461, 0.4701273, 0.4770606, 0.3576672
4.585454, 0.4650414, 0.4753048, 0.3560458
4.596254, 0.5045581, 0.4757233, 0.3545235
4.607933, 0.4662841, 0.4743093, 0.3529016
4.618601, 0.4285603, 0.4710082, 0.3514482
4.629858, 0.4170787, 0.4673309, 0.3499994
4.641135, 0.459338, 0.4657739, 0.3486025
4.651925, 0.4459191, 0.4638667, 0.3473288
4.663283, 0.4323232, 0.4617371, 0.3460155
4.674301, 0.4296753, 0.4593089, 0.3449212
4.685641, 0.4325311, 0.4567682, 0.3437313
4.696722, 0.4330073, 0.4547896, 0.3426392
4.709969, 0.4295795, 0.4532078, 0.341304
4.718527, 0.4282671, 0.4512462, 0.3406799
4.729652, 0.4214635, 0.4493317, 0.3396922
4.741157, 0.4152397, 0.4468622, 0.3387092
4.752004, 0.4141825, 0.4443603, 0.337858
4.763299, 0.4047118, 0.4414069, 0.3370739
4.774178, 0.4132632, 0.4390184, 0.3361996
4.785148, 0.4235977, 0.4367383, 0.33543
4.797078, 0.4257529, 0.4345195, 0.3347504
4.80744, 0.4320535, 0.4328701, 0.3341253
4.818874, 0.4320214, 0.4292433, 0.3333089
4.829733, 0.42711, 0.4272846, 0.3327058
4.840733, 0.4187729, 0.4267952, 0.3320139
4.852066, 0.4185885, 0.4268707, 0.3313646
4.86518, 0.4176449, 0.424786, 0.330709
4.874098, 0.4092301, 0.4229515, 0.3304699
4.884953, 0.4118443, 0.4219276, 0.3300548
4.896546, 0.4117074, 0.4210292, 0.3294275
4.907509, 0.4006999, 0.4194376, 0.3291024
4.918736, 0.402696, 0.4179221, 0.3290213
4.929465, 0.4033909, 0.4166126, 0.3288112
4.94077, 0.4128624, 0.4158424, 0.3285535
4.951885, 0.3828552, 0.413912, 0.3284633
4.962978, 0.3449091, 0.4103954, 0.3283197
4.973831, 0.3968908, 0.4095308, 0.3282022
4.985503, 0.4104942, 0.4098199, 0.3282393
4.995902, 0.3891447, 0.408614, 0.3284153
5.008071, 0.3808594, 0.4064771, 0.328566
5.020083, 0.3834526, 0.4043621, 0.3286594
5.02928, 0.3713734, 0.4013281, 0.3288732
5.040854, 0.3649369, 0.3979738, 0.329215
5.052316, 0.365424, 0.3948895, 0.3295615
5.063037, 0.3659576, 0.3922488, 0.3299329
5.073857, 0.3636816, 0.3895034, 0.3304724
5.085461, 0.3635323, 0.3867978, 0.3309869
5.096171, 0.3614236, 0.3844075, 0.3315208
5.107127, 0.3510962, 0.3813701, 0.3321048
5.118788, 0.3504552, 0.3783075, 0.3326552
5.129481, 0.3486002, 0.3757025, 0.3333067
5.140916, 0.3475952, 0.3729474, 0.3339774
5.151637, 0.3524541, 0.3704006, 0.3345398
5.163322, 0.3530009, 0.3674075, 0.3353483
5.175892, 0.3736503, 0.3669473, 0.3364675
5.185403, 0.3601986, 0.3677117, 0.3372182
5.196416, 0.344713, 0.3651029, 0.3379428
5.207683, 0.3507931, 0.3621178, 0.3389428
5.218215, 0.3238937, 0.3588552, 0.3398211
5.229545, 0.3525898, 0.3574418, 0.3409175
5.240973, 0.294221, 0.3529802, 0.3420925
5.251805, 0.3442883, 0.3516259, 0.3432221
5.262937, 0.3404093, 0.3503996, 0.3444505
5.27436, 0.3560289, 0.3499298, 0.3457927
5.285088, 0.3442058, 0.3488422, 0.3471094
5.295942, 0.333682, 0.3473422, 0.3484433
5.307349, 0.3254293, 0.345437, 0.3499729
5.318855, 0.3264684, 0.3436893, 0.3515275
5.331442, 0.3336016, 0.3428146, 0.3533344
5.340872, 0.3375547, 0.3421695, 0.3547701
5.351694, 0.3354709, 0.3415131, 0.3563774
5.362987, 0.336807, 0.3409737, 0.3581947
5.373971, 0.3366628, 0.3401841, 0.3600099
5.38496, 0.3390757, 0.3394879, 0.3618829
5.395745, 0.3414359, 0.3378771, 0.363735
5.407506, 0.3600407, 0.3378692, 0.3658484
5.4182, 0.3634203, 0.3388046, 0.3680616
5.429421, 0.3672305, 0.3396265, 0.370149
5.440769, 0.3728937, 0.3420765, 0.3722357
5.451266, 0.3652915, 0.3427116, 0.3743281
5.462941, 0.3637867, 0.3461899, 0.3766785
5.473829, 0.3702146, 0.3474862, 0.3788849
5.487172, 0.376452, 0.3492883, 0.3816724
5.496079, 0.3768449, 0.3503291, 0.3833927
5.507119, 0.3951252, 0.3528751, 0.3857768
5.518329, 0.3684881, 0.3546154, 0.3880633
5.529348, 0.3832133, 0.3575046, 0.3905585
5.540866, 0.3619406, 0.3592782, 0.3931645
5.55165, 0.3557583, 0.360386, 0.3956954
5.562451, 0.3734744, 0.362182, 0.3982379
5.574083, 0.4052387, 0.3656704, 0.4010354
5.585168, 0.4263453, 0.3701473, 0.4037481
5.59604, 0.4005616, 0.3733422, 0.4065137
5.607123, 0.4345264, 0.3781148, 0.4093127
5.618166, 0.450116, 0.3835488, 0.4121587
5.629372, 0.463477, 0.3887206, 0.4150725
5.642473, 0.4291392, 0.3920065, 0.4183873
5.651894, 0.4520369, 0.3962469, 0.4208347
5.6624, 0.5269613, 0.4039503, 0.4236927
5.674047, 0.5297635, 0.4121738, 0.4269886
5.684765, 0.4786418, 0.4179166, 0.4300034
5.696043, 0.4748606, 0.4231489, 0.4330971
5.707028, 0.4933678, 0.4289947, 0.4362753
5.718362, 0.4816332, 0.4342341, 0.4395311
5.729229, 0.4808624, 0.438521, 0.4428177
5.740643, 0.4614895, 0.443171, 0.4462869
5.75169, 0.4468318, 0.4463519, 0.4495865
5.762589, 0.4507109, 0.4507905, 0.452974
5.773585, 0.4475498, 0.4553801, 0.4563542
5.785027, 0.4453012, 0.4589714, 0.4599848
5.797794, 0.4396236, 0.4606906, 0.4640924
5.80707, 0.4319817, 0.4609725, 0.4671175
5.817707, 0.4235204, 0.4621204, 0.47088
5.82934, 0.454136, 0.4631009, 0.4746833
5.84039, 0.4368907, 0.4624396, 0.4784328
5.851411, 0.4554544, 0.4620385, 0.4820911
5.8625, 0.4972717, 0.4654451, 0.4859232
5.87347, 0.541427, 0.4699146, 0.4897384
5.884866, 0.5229661, 0.4697149, 0.493773
5.896166, 0.5125784, 0.4688556, 0.4976714
5.906749, 0.4757917, 0.4687131, 0.5014808
5.917974, 0.4750281, 0.4687215, 0.5056096
5.929327, 0.4592132, 0.4670138, 0.5097011
5.940711, 0.4723924, 0.4665517, 0.513911
5.95325, 0.4725033, 0.4661338, 0.5186543
5.962588, 0.4617549, 0.466147, 0.5221824
5.973426, 0.4144143, 0.4645262, 0.5263522
5.984993, 0.420203, 0.4630008, 0.5308376
5.995768, 0.4758155, 0.4644141, 0.5351257
6.006701, 0.6206869, 0.4731833, 0.5394563
6.228698, 0.7623633, 0.4893203, 0.6367383
6.2402, 0.671777, 0.5013101, 0.6422429
6.251313, 0.6599224, 0.5131302, 0.6476136
6.264698, 0.6754537, 0.524196, 0.654123
6.273548, 0.7134789, 0.5380255, 0.6584785
6.284592, 0.510717, 0.5407886, 0.6638898
6.295932, 0.5788973, 0.5448699, 0.6695584
6.307003, 0.4484373, 0.5402204, 0.6750725
6.317779, 0.4331138, 0.5357279, 0.6804411
6.329027, 0.456041, 0.532901, 0.6860738
6.340416, 0.4598577, 0.5321043, 0.6918324
6.351557, 0.4609319, 0.5313995, 0.6975742
6.362528, 0.5175829, 0.534318, 0.7031976
6.373576, 0.5691001, 0.5391534, 0.7088753
6.384719, 0.6085491, 0.5459557, 0.7146648
6.396451, 0.5453463, 0.5501353, 0.7208238
6.407088, 0.5060989, 0.5547194, 0.726397
6.419693, 0.5138481, 0.5594017, 0.7330974
6.42917, 0.5323043, 0.5622262, 0.7380701
6.440044, 0.526665, 0.557525, 0.7438904
6.451296, 0.5144323, 0.5451285, 0.7499676
6.462161, 0.5921706, 0.5411482, 0.7558666
6.47363, 0.532593, 0.5347817, 0.7620751
6.48482, 0.5401125, 0.5280147, 0.7682158
6.495708, 0.5800925, 0.5213453, 0.7742637
6.506662, 0.6307647, 0.5273477, 0.7803109
6.51797, 0.6263984, 0.5297228, 0.7867146
6.52921, 0.6412774, 0.5393647, 0.7928261
6.540119, 0.6627296, 0.5508455, 0.7989588
6.551385, 0.6613259, 0.5611097, 0.8053966
6.562666, 0.673773, 0.5718055, 0.811817
6.574851, 0.6269626, 0.580107, 0.8188949
6.584769, 0.5989009, 0.5841729, 0.8246146
6.595627, 0.5973572, 0.5855857, 0.8310723
6.606939, 0.6132153, 0.5858191, 0.8376136
6.617932, 0.6148905, 0.5892962, 0.8440869
6.629131, 0.6291307, 0.5954478, 0.8506324
6.639964, 0.6029523, 0.599903, 0.8570397
6.651103, 0.5727347, 0.6019245, 0.8637159
6.662368, 0.5652419, 0.6038533, 0.8704382
6.673738, 0.6243422, 0.6093489, 0.8772206
6.684287, 0.5695723, 0.608219, 0.8835793
6.695427, 0.5847042, 0.6108245, 0.890263
6.706621, 0.5522048, 0.6114292, 0.8969346
6.71822, 1.158868, 0.6403679, 0.9040527
6.939299, 0.9677418, 0.6572168, 1.042869
6.950817, 0.6901757, 0.6604057, 1.05032
6.962219, 0.6411096, 0.6603973, 1.057734
6.97311, 0.8141252, 0.6679671, 1.064706
6.984271, 0.6637123, 0.6680864, 1.071974
6.995739, 0.7262523, 0.6707104, 1.079485
7.006666, 0.7053962, 0.6746321, 1.086638
7.017788, 0.9136388, 0.690369, 1.093972
7.029486, 0.7732673, 0.6991645, 1.101648
7.041662, 0.9825268, 0.71763, 1.10968
7.051144, 0.8407521, 0.7289232, 1.115955
7.062137, 0.8159425, 0.7382638, 1.123239
7.073831, 0.7448081, 0.7453566, 1.131182
7.084671, 0.7400933, 0.7537245, 1.138417
7.095723, 0.7978794, 0.7653564, 1.145762
7.106589, 0.8380238, 0.7760404, 1.153172
7.117648, 0.8903236, 0.792078, 1.160588
7.128993, 0.773491, 0.8015174, 1.168145
7.139735, 0.7389984, 0.8108571, 1.175359
7.150981, 0.7362792, 0.7897276, 1.182923
7.162217, 0.7077758, 0.7767292, 1.190482
7.173326, 0.6974313, 0.777092, 1.197958
7.18421, 0.72238, 0.7811555, 1.205304
7.197576, 0.6625386, 0.7735761, 1.214263
7.20661, 0.6582375, 0.7733024, 1.22034
7.217658, 0.6993275, 0.7719562, 1.227806
7.228736, 0.7157716, 0.7724749, 1.235208
7.239837, 0.7470737, 0.7641467, 1.242723
7.250861, 0.7263937, 0.761803, 1.250219
7.262231, 0.7336428, 0.7493588, 1.257931
7.273078, 0.7680711, 0.7457247, 1.265139
7.284199, 0.7748448, 0.7436698, 1.272684
7.295462, 0.7965425, 0.7462565, 1.280276
7.306788, 0.8518236, 0.751843, 1.288032
7.317777, 0.8232489, 0.7531115, 1.295496
7.328607, 0.7773722, 0.7500789, 1.302788
7.33991, 0.8164808, 0.7463868, 1.310481
7.352629, 0.8641105, 0.7509177, 1.319199
7.362461, 0.8108335, 0.7545095, 1.325877
7.372596, 0.8138092, 0.758386, 1.332718
7.384504, 0.8403281, 0.7650136, 1.340829
7.395185, 0.7879041, 0.7695372, 1.348163
7.406312, 0.8508251, 0.7759594, 1.355768
7.417408, 0.8009936, 0.7828821, 1.363322
7.428469, 0.7789974, 0.7889201, 1.370808
7.439398, 0.8202336, 0.7949654, 1.37825
7.450959, 0.7693772, 0.7976457, 1.386137
7.462429, 0.8071249, 0.8006482, 1.39396
7.47326, 0.7894728, 0.8038021, 1.401314
7.484094, 0.7647711, 0.8053585, 1.408703
7.495273, 0.7681165, 0.8053608, 1.416223
7.508211, 0.9201317, 0.8126251, 1.425052
7.517498, 0.8679343, 0.8161947, 1.431343
7.528353, 0.8012873, 0.8136679, 1.438824
7.539436, 0.8700681, 0.8160087, 1.446361
7.550419, 0.9378662, 0.8240334, 1.453865
7.562184, 1.056511, 0.836035, 1.461866
7.572556, 0.7449321, 0.830076, 1.468972
7.584353, 0.8550212, 0.8322854, 1.47701
7.594729, 0.8250361, 0.8328468, 1.483993
7.606145, 0.8640271, 0.8340318, 1.491889
7.61751, 0.7774017, 0.8335066, 1.499647
7.628198, 0.6777077, 0.8248507, 1.506973
7.63946, 0.7139316, 0.8204977, 1.514661
7.65036, 1.717772, 0.8674364, 1.522186
7.883905, 0.9353114, 0.8731903, 1.681532
7.895028, 1.189053, 0.8941741, 1.689087
7.905825, 0.6334915, 0.8854924, 1.696359
7.916991, 0.8589215, 0.8889648, 1.703888
7.928081, 0.8492294, 0.8931878, 1.71133
7.939208, 1.180213, 0.9137927, 1.718824
7.950059, 0.8315426, 0.9093633, 1.725981
7.961935, 0.7319033, 0.9025617, 1.733895
7.974781, 0.7332566, 0.8991602, 1.742494
7.98408, 0.9116834, 0.901241, 1.748677
7.994874, 0.8912845, 0.898912, 1.755875
8.00621, 1.045637, 0.8983682, 1.763322
8.017172, 0.9560809, 0.9089257, 1.770608
8.028066, 0.9207497, 0.9122122, 1.777756
8.039175, 0.996439, 0.9207823, 1.785027
8.050858, 0.988361, 0.926999, 1.792717
8.061542, 1.033785, 0.9398182, 1.799666
8.072568, 1.00471, 0.9561683, 1.806812
8.08359, 1.033076, 0.9721254, 1.813977
8.094607, 1.037743, 0.938124, 1.821223
8.106398, 0.9835578, 0.9405363, 1.828844
8.117405, 1.083492, 0.9352583, 1.835822
8.130267, 1.017115, 0.9544395, 1.844103
8.139279, 1.07869, 0.9654279, 1.849903
8.150185, 1.210363, 0.9834846, 1.856898
8.161821, 1.115071, 0.9802274, 1.864339
8.17284, 1.228653, 1.000083, 1.871412
8.183555, 1.318215, 1.029399, 1.878233
8.194705, 1.150826, 1.050277, 1.885199
8.206072, 1.177991, 1.063592, 1.892371
8.216855, 1.3095, 1.084503, 1.899133
8.22807, 1.249269, 1.094685, 1.906174
8.239345, 1.202007, 1.106981, 1.913196
8.253421, 1.236065, 1.122747, 1.921849
8.261587, 1.150563, 1.130453, 1.926894
8.272413, 1.153547, 1.138712, 1.933521
8.285522, 1.163365, 1.145191, 1.941526
8.295053, 1.200592, 1.154985, 1.947396
8.305718, 1.200837, 1.163373, 1.953941
8.317092, 1.209234, 1.171948, 1.960849
8.328397, 1.259795, 1.18576, 1.967539
8.339327, 1.299059, 1.196538, 1.974074
8.350455, 1.343367, 1.212851, 1.980629
8.362062, 1.303275, 1.22408, 1.98749
8.372478, 1.391074, 1.233116, 1.993666
8.38351, 1.406436, 1.247684, 2.000092
8.394897, 1.482651, 1.260384, 2.0068
8.405717, 1.697954, 1.279371, 2.013117
8.417047, 1.721322, 1.307896, 2.019642
8.428326, 1.76187, 1.33709, 2.026045
8.440914, 1.475715, 1.3454, 2.033235
8.450077, 1.508235, 1.358349, 2.038503
8.4618, 1.555858, 1.376041, 2.045102
8.472356, 1.578779, 1.393177, 2.051015
8.483304, 1.41637, 1.406467, 2.057144
8.494898, 1.386058, 1.418093, 2.063615
8.506035, 1.22568, 1.421209, 2.069743
8.517211, 0.9818481, 1.410271, 2.0759
8.528295, 0.7643593, 1.388447, 2.081986
8.716857, 1.545724, 1.405272, 2.180445
8.728168, 1.164746, 1.400519, 2.185966
8.739305, 0.977883, 1.384461, 2.191391
8.751705, 1.170508, 1.375818, 2.197364
8.761385, 2.415732, 1.43144, 2.201998
8.772403, 2.167845, 1.470279, 2.207269
8.783606, 1.247923, 1.462353, 2.212562
8.794943, 2.216592, 1.49905, 2.217897
8.805844, 0.8185494, 1.45508, 2.222963
8.817292, 1.009398, 1.419484, 2.228251
8.828362, 1.387081, 1.400744, 2.233378
8.839191, 1.436344, 1.398776, 2.23832
8.849991, 2.095862, 1.428157, 2.243257
8.861499, 2.240544, 1.462392, 2.248455
8.872273, 1.470257, 1.456965, 2.253293
8.883662, 1.754558, 1.473875, 2.258386
8.894838, 1.845819, 1.496863, 2.263279
8.907488, 1.449671, 1.508062, 2.268929
8.916878, 1.448421, 1.531391, 2.273043
8.927595, 1.255356, 1.555941, 2.277808
8.939436, 1.225318, 1.539921, 2.282938
8.950544, 1.34391, 1.548879, 2.287817
8.961374, 1.451107, 1.57254, 2.292468
8.972571, 1.390537, 1.583542, 2.297076
8.983184, 1.289917, 1.527251, 2.301514
8.994482, 1.336257, 1.485671, 2.306327
9.005692, 1.183761, 1.482463, 2.311009
9.01729, 1.230722, 1.43317, 2.315766
9.02812, 1.807746, 1.48263, 2.320041
9.039148, 3.567791, 1.610549, 2.324459
9.050142, 3.831169, 1.732754, 2.328801
9.063246, 3.866245, 1.854249, 2.333915
9.072335, 3.667624, 1.932837, 2.337404
9.083494, 3.590426, 2.000331, 2.341672
9.094835, 4.237935, 2.138715, 2.345968
9.105533, 4.656156, 2.283795, 2.349998
9.116858, 6.16091, 2.499549, 2.35419
9.128122, 6.037767, 2.728954, 2.358413
9.139331, 3.666863, 2.839876, 2.362463
9.149699, 4.008939, 2.977555, 2.366151
9.161381, 3.645796, 3.098579, 2.370281
9.172452, 3.670124, 3.21489, 2.374174
9.183339, 3.590913, 3.32188, 2.377894
9.194358, 3.609147, 3.432811, 2.381556
9.205724, 4.414288, 3.589029, 2.385365
9.218248, 6.330267, 3.83873, 2.389482
9.228134, 7.125402, 4.135812, 2.392647
9.238579, 6.282956, 4.388424, 2.395974
9.250185, 7.294129, 4.662743, 2.399596
9.261309, 5.84714, 4.776711, 2.403028
9.272203, 4.886039, 4.829454, 2.406377
9.283586, 4.136049, 4.842944, 2.409803
9.294734, 4.882748, 4.903701, 2.413048
9.305661, 4.350602, 4.94171, 2.416255
9.316401, 3.372802, 4.898453, 2.419334
9.328032, 3.695858, 4.850438, 2.422588
9.339172, 4.371059, 4.760945, 2.425695
9.349674, 3.847117, 4.651412, 2.428648
9.361248, 4.862957, 4.711217, 2.431801
9.373462, 6.971993, 4.85937, 2.43504
9.383001, 6.329879, 4.993574, 2.437525
9.394112, 6.329879, 5.126562, 2.440383
9.405706, 6.7535, 5.284691, 2.443177
9.416184, 6.124557, 5.410462, 2.445764
9.427452, 5.463713, 5.462933, 2.448477
9.438794, 6.2948, 5.46116, 2.451159
9.450001, 6.307063, 5.420242, 2.453851
9.460751, 5.902785, 5.401234, 2.456336
9.471908, 3.905637, 5.231809, 2.458835
9.483186, 1.595134, 5.019209, 2.461331
9.49404, 1.614888, 4.855651, 2.463702
9.505379, 1.644845, 4.731091, 2.466002
9.516422, 1.575271, 4.565717, 2.468307
9.529527, 1.538763, 4.425126, 2.471054
9.538783, 1.72164, 4.342567, 2.472973
9.549426, 1.689839, 4.242267, 2.475068
9.561098, 1.677168, 4.107573, 2.477345
9.571849, 1.708471, 4.00064, 2.47936
9.583171, 1.727561, 3.843871, 2.481411
9.594103, 1.780876, 3.584315, 2.48331
9.605945, 1.677993, 3.35172, 2.485311
9.616226, 1.714769, 3.120965, 2.487
9.627403, 1.756693, 2.871124, 2.488857
9.638688, 2.015645, 2.665679, 2.490623
9.649879, 1.617499, 2.473368, 2.492269
9.661061, 2.1234, 2.264798, 2.493905
9.839788, 1.041861, 2.001538, 2.513305
9.849403, 1.576081, 1.785203, 2.513878
9.860909, 2.919904, 1.735916, 2.514629
9.872151, 2.844316, 1.798375, 2.515281
9.883178, 1.188161, 1.777039, 2.515802
9.893834, 1.037565, 1.746675, 2.516331
9.904985, 0.8204535, 1.708934, 2.516849
9.916144, 3.207846, 1.792388, 2.517309
9.927517, 1.914082, 1.80201, 2.517587
9.93825, 1.683374, 1.801687, 2.517886
9.949352, 1.809827, 1.808319, 2.518128
9.961126, 2.185197, 1.832156, 2.518382
9.972051, 1.770257, 1.83429, 2.518573
9.982725, 1.59164, 1.824829, 2.518647
9.996115, 1.279669, 1.804912, 2.518698
10.00524, 2.352653, 1.836807, 2.518606
10.01613, 1.918401, 1.844892, 2.518512
10.02719, 1.88198, 1.838209, 2.518344
10.03833, 1.430145, 1.828841, 2.518162
10.04983, 1.412977, 1.79332, 2.517987
10.06112, 1.458515, 1.814152, 2.517637
10.07197, 1.585603, 1.814628, 2.517264
10.08318, 1.511638, 1.744215, 2.516957
10.09414, 1.291148, 1.666557, 2.516514
10.1051, 1.866599, 1.700479, 2.516108
10.11627, 1.456069, 1.721404, 2.515624
10.12859, 1.891455, 1.774954, 2.514996
10.1388, 2.305701, 1.729847, 2.514426
10.15097, 2.358946, 1.75209, 2.513679
10.1608, 2.951642, 1.815504, 2.513024
10.17155, 3.244748, 1.88725, 2.512314
10.18287, 3.076688, 1.931824, 2.511309
10.19409, 3.086356, 1.99763, 2.510414
10.20542, 2.823698, 2.059232, 2.50946
10.21591, 2.718969, 2.131197, 2.508539
10.22754, 2.891987, 2.158164, 2.507404
10.23844, 2.781794, 2.201334, 2.506377
10.24937, 2.645069, 2.239488, 2.50525
10.26062, 2.648263, 2.300394, 2.504036
10.27171, 2.669349, 2.363213, 2.502772
10.28311, 2.353904, 2.407982, 2.50137
10.29423, 2.354008, 2.446402, 2.499997
10.30731, 2.500643, 2.495852, 2.498199
10.31599, 2.618291, 2.56221, 2.497027
10.3273, 2.80302, 2.60903, 2.495413
10.3383, 2.852875, 2.678871, 2.493804
10.34936, 2.914109, 2.730003, 2.492164
10.36079, 2.68398, 2.748917, 2.490394
10.37206, 2.498127, 2.755876, 2.488629
10.38283, 2.473765, 2.731982, 2.486888
10.3941, 2.519041, 2.695697, 2.484999
10.40514, 2.401755, 2.661951, 2.483
10.41591, 2.222021, 2.618734, 2.481032
10.42727, 2.214624, 2.58828, 2.478936
10.4382, 2.195444, 2.562104, 2.476861
10.44941, 2.192767, 2.527143, 2.474727
10.46293, 2.155141, 2.49581, 2.472116
10.47177, 2.086328, 2.467873, 2.470363
10.48254, 2.148011, 2.44286, 2.468175
10.49382, 2.114961, 2.415141, 2.465842
10.50474, 2.091434, 2.402017, 2.463483
10.51574, 2.090586, 2.388846, 2.461074
10.52701, 1.881908, 2.35791, 2.458591
10.53785, 1.868976, 2.320444, 2.456135
10.54958, 1.855568, 2.273072, 2.453339
10.56064, 1.855528, 2.223204, 2.450739
10.57143, 1.700383, 2.162518, 2.44822
10.58279, 1.699647, 2.113301, 2.445407
10.59369, 1.65056, 2.070923, 2.442642
10.60509, 1.45737, 2.020103, 2.43981
10.61805, 1.463399, 1.967321, 2.436414
10.62721, 1.923913, 1.943429, 2.434021
10.63811, 1.756245, 1.92014, 2.431061
10.6495, 1.915292, 1.905174, 2.428021
10.66051, 1.739907, 1.882397, 2.424997
10.67146, 2.252656, 1.885391, 2.42198
10.68287, 1.559496, 1.855609, 2.418702
10.69408, 1.788384, 1.840712, 2.415462
10.70499, 1.554161, 1.811019, 2.412285
10.71576, 1.86046, 1.798294, 2.409114
10.72722, 1.790072, 1.783226, 2.405655
10.73794, 1.398132, 1.748603, 2.402402
10.74932, 1.033419, 1.706179, 2.398902
10.76059, 1.745792, 1.70002, 2.395376
10.77309, 0.9237478, 1.653429, 2.391397
10.78234, 1.403238, 1.630814, 2.388334
10.79412, 1.148061, 1.603198, 2.384547
10.98203, 1.036007, 1.570016, 2.316383
10.99344, 0.5124898, 1.513112, 2.311824
11.00448, 0.9659008, 1.488539, 2.307362
11.0158, 2.007959, 1.515767, 2.302756
11.02708, 1.551693, 1.497156, 2.298098
11.03797, 1.277964, 1.473242, 2.293542
11.04931, 1.140498, 1.434502, 2.288756
11.06038, 1.409883, 1.418001, 2.284117
11.07179, 1.665983, 1.388667, 2.279202
11.08413, 1.221532, 1.371769, 2.27384
11.09365, 2.170762, 1.390888, 2.269604
11.10467, 1.435199, 1.38494, 2.264682
11.11604, 2.694018, 1.426618, 2.259611
11.12726, 0.8064411, 1.377436, 2.254577
11.13827, 1.331791, 1.374119, 2.249594
11.14902, 0.9255579, 1.368726, 2.244653
11.16034, 1.133928, 1.338133, 2.239423
11.17147, 1.001818, 1.342036, 2.234197
11.18254, 1.541733, 1.348961, 2.229038
11.19374, 0.8274465, 1.33293, 2.223732
11.20447, 0.943159, 1.328288, 2.218682
11.21556, 1.009909, 1.353159, 2.213418
11.22711, 1.055721, 1.35765, 2.207895
11.24013, 1.22499, 1.318502, 2.201543
11.2492, 1.033409, 1.292588, 2.197045
11.25989, 1.026082, 1.279993, 2.191829
11.27147, 0.9314511, 1.269541, 2.186085
11.28221, 0.7309669, 1.235595, 2.180718
11.29377, 1.022014, 1.203397, 2.174911
11.55952, 0.8710557, 1.185873, 2.032042
11.57128, 1.095519, 1.132111, 2.025311
11.58208, 1.07408, 1.114055, 2.018995
11.59309, 0.6332985, 1.011019, 2.012659
11.60435, 1.330989, 1.037246, 2.006101
11.61566, 1.041891, 1.022752, 1.999563
11.62655, 0.8848769, 1.020717, 1.993153
11.63788, 1.703621, 1.049202, 1.986459
11.64903, 1.189633, 1.058593, 1.979842
11.65969, 0.6855795, 1.015785, 1.973562
11.67122, 1.243218, 1.036574, 1.966687
11.68215, 1.405293, 1.05968, 1.960135
11.6934, 1.83173, 1.100771, 1.95337
11.70632, 1.27135, 1.111553, 1.945545
11.71574, 1.25346, 1.112976, 1.939822
11.72668, 1.208227, 1.121717, 1.93314
11.73771, 1.210255, 1.130926, 1.926392
11.74965, 1.246179, 1.146662, 1.91905
11.76375, 1.306896, 1.175459, 1.910387
11.77396, 1.220197, 1.185368, 1.904013
11.78531, 1.262569, 1.204943, 1.896948
11.79584, 1.284154, 1.214375, 1.890369
11.80397, 1.396072, 1.230475, 1.885331
11.8157, 1.498772, 1.273748, 1.877985
11.8266, 1.462059, 1.280302, 1.871122
11.83724, 1.54321, 1.305368, 1.864438
11.84894, 1.522613, 1.337255, 1.857044
11.8618, 1.57761, 1.330954, 1.848879
11.87102, 1.528269, 1.347886, 1.842939
11.88201, 1.523805, 1.389797, 1.83592
11.89297, 1.525691, 1.403921, 1.829013
11.90397, 1.579644, 1.412638, 1.821964
11.91575, 1.442835, 1.393194, 1.814417
11.92665, 1.438631, 1.401558, 1.807396
11.93775, 1.434519, 1.410611, 1.800263
11.9488, 1.523648, 1.426382, 1.793106
11.95964, 1.660529, 1.448895, 1.786062
11.97057, 1.712803, 1.472227, 1.778902
11.98239, 1.69527, 1.491645, 1.77121
11.99314, 3.317561, 1.596514, 1.764132
12.00429, 2.138154, 1.640293, 1.756835
12.01724, 0, 1.576085, 1.748422
12.21513, 1.000072, 1.556285, 1.616009
12.22622, 1.389155, 1.550804, 1.608483
12.23732, 0.9023835, 1.522821, 1.600914
12.24879, 1.21771, 1.506546, 1.59316
12.25964, 1.239589, 1.492394, 1.585783
12.27209, 0.9468442, 1.460856, 1.577416
12.28184, 0.9073445, 1.42981, 1.570776
12.29327, 1.07011, 1.407125, 1.562941
12.30381, 0.7137166, 1.366527, 1.55575
12.31516, 0.9488742, 1.334988, 1.548002
12.32791, 0.7959286, 1.302643, 1.539286
12.3376, 0.8971197, 1.275567, 1.532738
12.34834, 0.8252191, 1.245102, 1.525378
12.35966, 0.9202065, 1.21493, 1.517622
12.37024, 1.02404, 1.183106, 1.510341
12.38216, 0.9766163, 1.146296, 1.502133
12.39258, 0.9366757, 1.108367, 1.49492
12.40439, 0.9955883, 0.992268, 1.486805
12.41485, 0.9564902, 0.9331848, 1.479573
12.42611, 0.9876649, 0.9825681, 1.471812
12.43763, 0.9882359, 0.9819762, 1.463802
12.44892, 0.9751254, 0.9612747, 1.45618
12.45969, 0.9976339, 0.9660373, 1.448773
12.4709, 1.042655, 0.9572846, 1.440943
12.4839, 1.020897, 0.9463499, 1.431988
12.49264, 1.034089, 0.9507121, 1.425958
12.50376, 1.109819, 0.9608358, 1.418296
12.51515, 1.087027, 0.9616817, 1.410413
12.52606, 1.071962, 0.9795939, 1.402905
12.53735, 1.013312, 0.9828159, 1.395149
12.54865, 0.8990709, 0.9879729, 1.387413
12.55936, 0.9013831, 0.9881861, 1.380038
12.57074, 1.024758, 0.9981631, 1.372317
12.58197, 1.028298, 1.003568, 1.364598
12.59265, 1.034601, 1.004096, 1.357208
12.60434, 1.024216, 1.006476, 1.349182
12.61523, 1.046287, 1.011956, 1.341802
12.62627, 1.041446, 1.014249, 1.334243
12.63913, 1.053483, 1.019099, 1.325445
12.64856, 0.9924959, 1.019341, 1.318893
12.65907, 1.052561, 1.022557, 1.311711
12.67068, 1.129163, 1.030259, 1.30369
12.68172, 1.165773, 1.038666, 1.296162
12.69244, 1.119185, 1.042492, 1.288862
12.70422, 1.070274, 1.044961, 1.280831
12.71476, 1.127662, 1.049639, 1.273614
12.7259, 1.127333, 1.050515, 1.265951
12.73703, 1.143866, 1.053357, 1.258368
12.74827, 1.176289, 1.058573, 1.250647
12.75985, 1.203094, 1.068063, 1.242761
12.77044, 1.301808, 1.088199, 1.235617
12.78182, 1.299547, 1.108108, 1.227883
12.79481, 1.251135, 1.119426, 1.219011
12.80447, 1.214932, 1.128758, 1.212448
12.81487, 1.174245, 1.13574, 1.205521
12.8261, 1.175708, 1.143315, 1.197917
12.83721, 1.236896, 1.152845, 1.190492
12.84824, 1.029921, 1.152269, 1.182912
12.85904, 1.125716, 1.155881, 1.175617
12.87059, 0.9500781, 1.15376, 1.167847
12.88156, 1.035706, 1.152917, 1.160456
13.08157, 1.034872, 1.148203, 1.028083
13.09266, 1.63425, 1.171627, 1.020919
13.10564, 0.9372699, 1.162531, 1.012558
13.1146, 0.7868624, 1.14836, 1.006841
13.12577, 0.8622076, 1.135087, 0.999723
13.13675, 0.898059, 1.123624, 0.9927031
13.14878, 0.9044821, 1.111655, 0.9851022
13.15921, 0.9032545, 1.098003, 0.9784772
13.17041, 0.9321719, 1.084457, 0.9714903
13.18167, 1.023746, 1.070554, 0.9643952
13.19219, 1.029582, 1.057056, 0.9578459
13.20378, 1.040776, 1.046538, 0.9506027
13.21487, 1.049559, 1.038269, 0.9436779
13.22597, 0.8977145, 1.024442, 0.9367601
13.23707, 0.778292, 1.004572, 0.9298978
13.24821, 0.7703204, 0.9812428, 0.9230526
13.26136, 0.7515708, 0.9673253, 0.9150072
13.27045, 0.7408438, 0.9480818, 0.9095066
13.28125, 0.7349486, 0.9373253, 0.9029232
13.2923, 0.7239136, 0.9217356, 0.8963127
13.3037, 0.7232923, 0.9061567, 0.8894271
13.31489, 0.6149108, 0.8551896, 0.8826609
13.32576, 0.6776245, 0.8422073, 0.8761336
13.33697, 0.5963091, 0.8326796, 0.869462
13.34825, 0.6482427, 0.8219814, 0.8627609
13.35909, 0.7031506, 0.812236, 0.8563745
13.3699, 0.728067, 0.8034152, 0.8500589
13.38156, 0.7024328, 0.7933741, 0.8432283
13.39231, 0.745278, 0.7840294, 0.8369445
13.40329, 0.6912372, 0.767404, 0.830582
13.4167, 0.6913124, 0.7504905, 0.8228373
13.42589, 0.6917893, 0.7330412, 0.8175445
13.43674, 0.6806536, 0.714596, 0.8113541
13.4481, 0.6672456, 0.7030725, 0.8048183
13.45897, 0.6575825, 0.6970371, 0.7986397
13.4704, 0.6477678, 0.6909095, 0.7921043
13.48131, 0.6121146, 0.6839367, 0.7859626
13.49205, 0.590889, 0.6764389, 0.7798907
13.50365, 0.5835362, 0.6688684, 0.7734371
13.51448, 0.580362, 0.6616908, 0.7674863
13.52568, 0.8070446, 0.6658784, 0.7613512
13.53682, 0.7174544, 0.6710056, 0.7552326
13.5476, 1.251766, 0.6997126, 0.7492259
13.55896, 1.094916, 0.7246431, 0.7430408
13.57149, 1.173099, 0.7508858, 0.7363745
13.58134, 1.086857, 0.7700711, 0.7310747
13.59199, 1.119437, 0.7896397, 0.7254546
13.60344, 1.157195, 0.8123778, 0.7193547
13.61447, 1.176792, 0.8339535, 0.7135707
13.62573, 1.108936, 0.8548385, 0.7076028
13.63646, 1.144233, 0.8774845, 0.7020001
13.64789, 1.100217, 0.8979059, 0.6960429
13.65926, 1.060998, 0.9169232, 0.6901651
13.67057, 0.9989704, 0.9335093, 0.6843652
13.681, 1.030679, 0.9521641, 0.6790454
13.69215, 0.9245788, 0.9660047, 0.6732969
13.70359, 0.9106619, 0.9809321, 0.6675631
13.71454, 0.6982244, 0.9862989, 0.6620644
13.72752, 0.6684409, 0.9905441, 0.6556156
13.73699, 0.6660791, 0.99483, 0.6509242
13.74783, 0.6047666, 0.9847161, 0.6455092
13.75895, 0.5706761, 0.9773771, 0.6400626
13.77004, 0.567579, 0.9431678, 0.6347569
13.78148, 0.5640475, 0.9166244, 0.6292475
13.79245, 0.6000448, 0.8879716, 0.6239304
13.80315, 0.603695, 0.8638135, 0.6188691
13.81456, 0.6268966, 0.8391865, 0.6134959
13.82596, 0.5728424, 0.8099688, 0.6082053
13.8364, 0.6109808, 0.7816783, 0.6033565
13.84758, 0.6053448, 0.7564987, 0.5981398
13.85909, 0.6065627, 0.7296152, 0.5928493
13.8703, 0.6086262, 0.7050356, 0.5878353
13.88308, 0.6256561, 0.6832685, 0.5821123
13.89239, 0.6443508, 0.6655376, 0.5780308
13.90344, 0.6577445, 0.6468909, 0.5732733
13.91449, 0.6619695, 0.6337604, 0.5684525
13.92532, 0.6522878, 0.6208417, 0.5639476
13.93622, 0.6309747, 0.6174792, 0.5592664
13.94769, 0.624841, 0.6152992, 0.5543543
13.95892, 0.620194, 0.6130049, 0.5496305
13.96984, 0.5740857, 0.6114708, 0.5450944
13.98133, 0.5531116, 0.6105927, 0.5403591
13.99235, 0.43938, 0.6041827, 0.5358951
14.00345, 0.5123526, 0.6015979, 0.5314174
14.01463, 0.5597169, 0.5995815, 0.5269204
14.02537, 0.5605697, 0.5974253, 0.5226307
14.03787, 0.5543174, 0.5937963, 0.5177215
14.04787, 0.5371432, 0.5920113, 0.5137358
14.05856, 0.5188787, 0.5874062, 0.5095931
14.06985, 0.518787, 0.5830783, 0.5053149
14.08143, 0.5126612, 0.5783833, 0.5009175
14.092, 0.5611367, 0.5760087, 0.4969245
14.10298, 0.5935404, 0.5744029, 0.4928485
14.11448, 0.5432831, 0.5693496, 0.4886084
14.12566, 0.5489694, 0.5639108, 0.4846044
14.1368, 0.5336089, 0.5574928, 0.4805887
14.14769, 0, 0.5248784, 0.4767608
14.15886, 0.5062242, 0.5186409, 0.4728362
14.16942, 0.5024939, 0.5125235, 0.4691476
14.18119, 0.4958818, 0.506308, 0.4650774
14.1943, 0.5124437, 0.5032259, 0.4606128
14.20304, 0.5302138, 0.502081, 0.4577263
14.21402, 0.5084201, 0.505533, 0.4540876
14.22527, 0.5016078, 0.5049958, 0.4503959
14.23649, 0.5204546, 0.5030326, 0.4467558
14.24792, 0.4970286, 0.4998556, 0.443065
14.25874, 0.4959204, 0.4969357, 0.4396433
14.26974, 0.4972279, 0.49494, 0.4362466
14.28105, 0.461203, 0.4920561, 0.4327986
14.2922, 0.4290214, 0.4875678, 0.4295037
14.30324, 0.4511563, 0.4844926, 0.4262744
14.31435, 0.445907, 0.4787312, 0.4230036
14.3253, 0.42985, 0.4705466, 0.419885
14.33685, 0.440048, 0.4653849, 0.4166008
14.34954, 0.4385917, 0.459866, 0.413123
14.35894, 0.4324034, 0.4548058, 0.4105452
14.36955, 0.4262531, 0.4761184, 0.4076595
14.38115, 0.4298724, 0.4723008, 0.4045742
14.39217, 0.4842013, 0.4713862, 0.401713
14.40326, 0.4849915, 0.4708416, 0.3989179
14.41438, 0.4782376, 0.4691313, 0.3961194
14.42549, 0.4454804, 0.4648947, 0.3933862
14.43658, 0.4267218, 0.4608098, 0.390704
14.44756, 0.4264314, 0.4570509, 0.3880742
14.45887, 0.4167186, 0.4518642, 0.3854533
14.46996, 0.4263588, 0.4483307, 0.3829405
14.48111, 0.4852617, 0.4477978, 0.380477
14.49218, 0.429347, 0.4444037, 0.3780692
14.50483, 0.4556358, 0.4441254, 0.3754569
14.51418, 0.4408967, 0.4447192, 0.3735129
14.52482, 0.4772093, 0.4460218, 0.3713707
14.53651, 0.4759974, 0.4475263, 0.3690674
14.54753, 0.4418794, 0.4481278, 0.3670205
14.55888, 0.4362715, 0.447939, 0.364922
14.56923, 0.3972769, 0.4458732, 0.3630266
14.581, 0.4008386, 0.444295, 0.360947
14.59181, 0.4035551, 0.4431601, 0.3591279
14.60277, 0.3628416, 0.4398085, 0.3572457
14.61394, 0.475515, 0.4393742, 0.3554408
14.66957, 0.4287296, 0.4365612, 0.3474419
14.68074, 0.3963146, 0.432465, 0.3459322
14.69186, 0.4059204, 0.430487, 0.3445251
14.70294, 0.3581087, 0.4270564, 0.3432164
14.71412, 0.3710186, 0.4242857, 0.3419147
14.72487, 0.3714351, 0.4220215, 0.3407582
14.73586, 0.3980858, 0.4206079, 0.3396071
14.7472, 0.4329024, 0.4179899, 0.3384594
14.94703, 0.4421661, 0.4186308, 0.3278679
14.95859, 0.4106091, 0.4163795, 0.3277431
14.97121, 0.4595814, 0.4173137, 0.3277493
14.98037, 0.4057397, 0.4137402, 0.3277289
14.99149, 0.4085211, 0.4103664, 0.3277617
15.00296, 0.446731, 0.410609, 0.3277066
15.01409, 0.3637299, 0.4069819, 0.3278147
15.02534, 0.395039, 0.40687, 0.3277937
15.03627, 0.3827848, 0.4059673, 0.3279832
15.04744, 0.4321722, 0.4073981, 0.3283353
15.05833, 0.4273584, 0.410624, 0.3285986
15.06953, 0.4245442, 0.4080754, 0.3289098
15.08081, 0.3948214, 0.40638, 0.3291455
15.09174, 0.3815908, 0.4056438, 0.3295621
15.10287, 0.3668803, 0.4036918, 0.3302175
15.1142, 0.3617754, 0.4038752, 0.3307394
15.12663, 0.3612463, 0.4033865, 0.3312442
15.13614, 0.3509648, 0.402363, 0.3317511
15.14675, 0.3516454, 0.400041, 0.3323888
15.15832, 0.3553796, 0.3961649, 0.3330767
15.16948, 0.3601285, 0.392063, 0.3337445
15.18053, 0.3589481, 0.3894799, 0.3344492
15.19192, 0.3578416, 0.3843929, 0.3353009
15.2029, 0.3577411, 0.381993, 0.3361714
15.2141, 0.3583589, 0.3794849, 0.3372733
15.2252, 0.3704592, 0.3756713, 0.3382971
15.23617, 0.3794502, 0.3764573, 0.3393454
15.24712, 0.374571, 0.3754339, 0.3404002
15.2583, 0.3720927, 0.3748993, 0.3415187
15.26936, 0.3804779, 0.3723146, 0.3426168
15.2824, 0.3762276, 0.369758, 0.3441278
15.29141, 0.377339, 0.3673977, 0.3451952
15.3024, 0.3782293, 0.3665681, 0.3465543
15.31375, 0.3776356, 0.3663704, 0.3479958
15.32478, 0.3604349, 0.3660481, 0.3493531
15.33652, 0.3642322, 0.3661709, 0.3509718
15.34723, 0.3603384, 0.3661255, 0.352505
15.35823, 0.3709589, 0.3671252, 0.354119
15.36932, 0.373704, 0.3682281, 0.355699
15.38037, 0.3545726, 0.3681878, 0.3574692
15.3912, 0.3593031, 0.3681465, 0.3592361
15.40282, 0.3637822, 0.3683882, 0.3612899
15.41382, 0.3625611, 0.3686242, 0.3632113
15.42525, 0.3671562, 0.3690949, 0.365308
15.43773, 0.3644421, 0.3693991, 0.3676138
15.4473, 0.3766319, 0.3697077, 0.3693846
15.45766, 0.3779411, 0.3696323, 0.3714074
15.46937, 0.3755693, 0.3696822, 0.3736
15.48038, 0.3697517, 0.3695651, 0.3758875
15.4914, 0.3694258, 0.3690125, 0.3781815
15.5029, 0.3669267, 0.3685475, 0.3805659
15.51368, 0.3810607, 0.3687336, 0.3828972
15.52477, 0.3877553, 0.3692099, 0.3853266
15.53614, 0.4077276, 0.3707145, 0.3878968
15.54711, 0.4032606, 0.3728558, 0.3904361
15.55836, 0.4277127, 0.3760298, 0.3930781
15.56918, 0.452085, 0.3806172, 0.3957087
15.58058, 0.4447488, 0.3843066, 0.3985056
15.59321, 0.4447438, 0.3878586, 0.4016612
15.60279, 0.4356197, 0.391911, 0.4041594
15.61367, 0.4338135, 0.3956365, 0.4069977
15.62469, 0.4334364, 0.3991192, 0.4097893
15.63629, 0.4338021, 0.4026813, 0.4129218
15.64708, 0.4318458, 0.4059157, 0.4158139
15.65828, 0.4316109, 0.4092742, 0.4189439
15.66951, 0.4305797, 0.4119716, 0.4221051
15.6804, 0.4293507, 0.4145421, 0.4251628
15.69161, 0.4554633, 0.4185368, 0.4284018
15.70259, 0.4155058, 0.4208245, 0.4316036
15.71359, 0.4435627, 0.4245313, 0.4348586
15.72502, 0.4834752, 0.4303587, 0.4382954
15.73586, 0.4572027, 0.4341659, 0.4416022
15.74884, 0.4511862, 0.4373374, 0.4455538
15.75804, 0.4614206, 0.4400221, 0.4481511
15.76916, 0.4489714, 0.4423077, 0.4516575
15.78044, 0.447351, 0.4432896, 0.4551835
15.79172, 0.447513, 0.443061, 0.4588295
15.80274, 0.4476119, 0.4432041, 0.462501
15.81346, 0.4470042, 0.4433171, 0.4660748
15.82457, 0.4488461, 0.4439785, 0.4697416
15.83564, 0.4498703, 0.4447813, 0.4735101
15.84702, 0.4592531, 0.4460722, 0.4775214
15.85801, 0.4698662, 0.4478754, 0.481301
15.86883, 0.472841, 0.4499251, 0.4851308
15.88037, 0.5132662, 0.4540079, 0.4892447
15.89133, 0.502515, 0.4576046, 0.4932191
15.90451, 0.4743156, 0.4598529, 0.4979382
15.91363, 0.5185513, 0.4630073, 0.5012847
15.92463, 0.5139104, 0.4679275, 0.5054229
15.93611, 0.5145835, 0.4714786, 0.5097373
15.94685, 0.4084128, 0.4677255, 0.5138259
15.95764, 0.5850336, 0.474117, 0.5179791
15.9691, 0.4863159, 0.4758735, 0.5224289
15.98033, 0.5193287, 0.4787689, 0.5268391
15.99136, 0.5251203, 0.4825763, 0.5312052
16.00264, 0.5285599, 0.4866367, 0.5357
16.01366, 0.5640523, 0.4924637, 0.5401536
16.02452, 0.5424206, 0.4972042, 0.5444432
16.03608, 0.5184948, 0.5007787, 0.5492189
16.04677, 0.5205677, 0.5043648, 0.5536252
16.05985, 0.5323095, 0.5084867, 0.5590822
16.06899, 0.5482715, 0.5129377, 0.5629632
16.07993, 0.5497588, 0.5169323, 0.5676197
16.0913, 0.5561712, 0.5210988, 0.5725369
16.10262, 0.5598099, 0.5234259, 0.5774739
16.11358, 0.5841085, 0.5275056, 0.5822842
16.1248, 0.582689, 0.5329243, 0.5872634
16.13564, 0.5890439, 0.536449, 0.5921373
16.14648, 0.5956732, 0.5405371, 0.5970407
16.15798, 0.6384935, 0.5467326, 0.6022905
16.16924, 0.6323344, 0.5579287, 0.607468
16.17985, 0.6337563, 0.5603648, 0.6123466
16.19136, 0.6279604, 0.5674471, 0.6177414
16.2026, 0.6353511, 0.5732482, 0.6230094
16.21539, 0.655336, 0.579759, 0.6291007
16.22459, 0.6637994, 0.586521, 0.6334024
16.23561, 0.6646436, 0.5915505, 0.6387199
16.24703, 0.7016802, 0.5995135, 0.6443123
16.2576, 0.724327, 0.6098051, 0.6494479
16.26895, 0.7149221, 0.6195228, 0.655047
16.27962, 0.6730675, 0.6265607, 0.6603536
16.29141, 0.6713071, 0.6327125, 0.6662669
16.30233, 0.6731012, 0.6388797, 0.671769
16.31302, 0.676732, 0.6449077, 0.6772051
16.32414, 0.6743, 0.6506322, 0.6829104
16.33533, 0.6544938, 0.6541514, 0.6887048
16.34655, 0.6703183, 0.6585329, 0.6944801
16.35799, 0.6648862, 0.662325, 0.7004334
16.37094, 0.6602753, 0.6655551, 0.7072257
16.38004, 0.641251, 0.665693, 0.7118884
16.39115, 0.6319989, 0.6656762, 0.7177897
16.40222, 0.6272855, 0.6653526, 0.7237248
16.41323, 0.6222697, 0.6650681, 0.729634
16.42414, 0.6198063, 0.6642908, 0.7353423
16.43512, 0.6270564, 0.6628768, 0.7412713
16.44673, 0.6579241, 0.6625831, 0.7475873
16.45746, 0.6767304, 0.6631874, 0.7534418
16.46908, 0.6699173, 0.6615993, 0.7598265
16.4798, 0.627839, 0.6567749, 0.7658176
16.49121, 0.6366175, 0.6528596, 0.7721527
16.50231, 0.6317132, 0.6507919, 0.7783677
16.51321, 0.6298941, 0.6487213, 0.784461
16.5261, 0.6359604, 0.6468642, 0.7916028
16.5354, 0.6450178, 0.6452785, 0.7968977
16.54616, 0.5832961, 0.6407283, 0.8029076
16.55756, 0.6269026, 0.6393487, 0.8095076
16.56877, 0.6368931, 0.6376774, 0.8159399
16.57971, 0.6248828, 0.6356772, 0.8223493
16.59079, 0.4978905, 0.627558, 0.8287725
16.60229, 0.6009532, 0.6255431, 0.8354533
16.61315, 0.8441394, 0.6361501, 0.8418287
16.62437, 0, 0.6047858, 0.8483548
16.77968, 0.8590431, 0.6166245, 0.9423288
16.79072, 1.032318, 0.6372501, 0.9492044
16.80203, 0.6841804, 0.6401063, 0.9562443
16.81346, 0.7822844, 0.6463243, 0.9634128
16.82441, 1.72152, 0.6985638, 0.9703203
16.83691, 1.030297, 0.7165828, 0.9782214
16.84635, 0.8393518, 0.7271584, 0.9841965
16.85711, 0.9073479, 0.7406949, 0.9909601
16.86893, 0.8501013, 0.7516144, 0.998479
16.87976, 1.186624, 0.7794509, 1.005397
16.89092, 1.014262, 0.798366, 1.012545
16.90211, 0.8516718, 0.8086987, 1.019613
16.9131, 0.863494, 0.8227086, 1.026686
16.92431, 0.9179929, 0.8372631, 1.033933
16.9354, 0.8609731, 0.8484672, 1.041137
16.94614, 0.8046367, 0.8574548, 1.047822
16.95783, 0.7961951, 0.8723701, 1.055356
16.96845, 0.7877471, 0.8817097, 1.062248
16.97992, 0.8376095, 0.8813832, 1.069966
16.9928, 0.8477813, 0.9237723, 1.078397
17.00198, 0.8457442, 0.9231074, 1.084241
17.01273, 0.7931842, 0.9111508, 1.091294
17.02392, 0.7718815, 0.9155357, 1.098583
17.03495, 0.775081, 0.9151756, 1.105906
17.04636, 0.7690412, 0.8675517, 1.113453
17.05771, 0.7764915, 0.8548614, 1.12099
17.06867, 0.7857304, 0.8521804, 1.128248
17.07989, 0.7915023, 0.846388, 1.135747
17.09064, 0.839043, 0.8458351, 1.142902
17.10194, 0.8242475, 0.8277162, 1.150335
17.11318, 0.8807831, 0.8210422, 1.157837
17.12408, 0.965818, 0.8267496, 1.1652
17.13549, 0.979925, 0.8325711, 1.172862
17.14863, 0.9065025, 0.8319966, 1.18167
17.1573, 0.9138857, 0.8346421, 1.187351
17.16807, 0.8863613, 0.8387284, 1.19459
17.17991, 0.9343595, 0.8456365, 1.202613
17.1905, 1.128765, 0.8626875, 1.209779
17.41232, 0.8871036, 0.8651622, 1.360746
17.42421, 0.7084285, 0.8581945, 1.368921
17.43498, 0.9234905, 0.8620818, 1.376331
17.44658, 0.9577176, 0.8703085, 1.384274
17.45958, 0.8338768, 0.8734083, 1.393265
17.46856, 0.7337407, 0.8713412, 1.399419
17.47913, 0.9487861, 0.8803285, 1.406626
17.49074, 0.8186049, 0.8824342, 1.414578
17.50187, 0.9299604, 0.8896457, 1.422211
17.5126, 0.8202299, 0.8910821, 1.42958
17.52362, 0.9586429, 0.8970621, 1.437148
17.53549, 0.947874, 0.9032434, 1.445287
17.54617, 0.9009197, 0.9042503, 1.452665
17.55686, 0.9028053, 0.9010996, 1.46008
17.56855, 0.9251457, 0.8983606, 1.468095
17.57929, 0.9158733, 0.8988292, 1.47548
17.59072, 0.9701114, 0.9016405, 1.483304
17.60183, 0.9259107, 0.903618, 1.490968
17.61455, 1.009643, 0.9073822, 1.499709
17.62473, 1.024393, 0.9021636, 1.506779
17.63492, 1.024393, 0.9090281, 1.513749
17.64614, 0.9820301, 0.9227082, 1.521416
17.65723, 0.9536693, 0.924217, 1.52903
17.66829, 0.9316658, 0.9229144, 1.536565
17.67945, 0.9907929, 0.9307602, 1.544124
17.69057, 0.9065174, 0.9393991, 1.551697
17.70178, 0.8777326, 0.9358464, 1.559309
17.71302, 1.373223, 0.9635773, 1.566949
17.72402, 0, 0.9170793, 1.574389
17.91383, 0.981591, 0.9251472, 1.701184
17.92702, 1.360622, 0.9452462, 1.709863
17.93594, 1.036184, 0.9496617, 1.715731
17.94662, 0.7731984, 0.9432757, 1.722757
17.95732, 0.6917228, 0.9327216, 1.729819
17.96925, 0.9155197, 0.9322403, 1.737648
17.98033, 0.9861791, 0.9357556, 1.744998
17.9907, 1.122093, 0.9433547, 1.751773
18.00605, 0.8819358, 0.9411559, 1.761795
18.01348, 1.177794, 0.9495634, 1.766636
18.02391, 0.9339242, 0.9450399, 1.773415
18.03489, 1.051611, 0.9464008, 1.780496
18.0462, 1.392836, 0.9669411, 1.787821
18.05695, 1.982678, 1.018391, 1.794693
18.06796, 1.973244, 1.07047, 1.801776
18.08125, 1.791541, 1.110508, 1.810312
18.09015, 1.717533, 1.151059, 1.815953
18.10095, 1.742224, 1.194283, 1.82282
18.11292, 1.672517, 1.209248, 1.83042
18.12369, 1.61326, 1.289911, 1.837369
18.13493, 1.541653, 1.317914, 1.84453
18.14567, 1.519071, 1.325836, 1.851324
18.15656, 1.517177, 1.349886, 1.858149
18.16846, 1.556552, 1.389054, 1.865627
18.17921, 1.612123, 1.435074, 1.872316
18.19026, 1.526829, 1.465639, 1.87925
18.20161, 1.585832, 1.495622, 1.886349
18.21212, 1.572852, 1.51816, 1.892859
18.22386, 1.577806, 1.552953, 1.900128
18.23682, 1.620757, 1.575102, 1.908188
18.24608, 1.610987, 1.608955, 1.913909
18.25649, 1.611579, 1.636953, 1.920302
18.26812, 1.557023, 1.645163, 1.927387
18.27925, 1.525982, 1.622328, 1.934182
18.28983, 1.460116, 1.596671, 1.940581
18.30147, 1.417508, 1.57797, 1.947696
18.31209, 1.409113, 1.562549, 1.9541
18.32331, 1.416911, 1.546283, 1.960802
18.33466, 1.504751, 1.537895, 1.96762
18.3457, 1.494308, 1.531947, 1.974207
18.35657, 1.401156, 1.524922, 1.980662
18.36828, 1.510697, 1.524504, 1.987611
18.37971, 1.49199, 1.523244, 1.99441
18.39133, 1.512835, 1.521058, 2.001236
18.40133, 1.73225, 1.527065, 2.007106
18.41222, 1.727863, 1.537116, 2.013468
18.42349, 1.760733, 1.545861, 2.020013
18.43428, 1.716492, 1.553043, 2.026246
18.44614, 1.719965, 1.560151, 2.033062
18.45687, 1.76913, 1.56757, 2.039039
18.46815, 1.721922, 1.573117, 2.045421
18.47878, 1.730341, 1.579055, 2.051351
18.48984, 1.778125, 1.59011, 2.05754
18.50144, 1.842757, 1.605949, 2.063864
18.51194, 1.93001, 1.629443, 2.069625
18.52324, 2.228967, 1.670016, 2.075891
18.53443, 2.029226, 1.701022, 2.081892
18.54726, 2.07011, 1.733682, 2.088863
18.55694, 2.062126, 1.761551, 2.094033
18.56877, 1.823961, 1.778033, 2.100369
18.57995, 1.806527, 1.798302, 2.106421
18.5906, 1.906784, 1.818106, 2.112058
18.60173, 1.760839, 1.831548, 2.117883
18.61335, 1.761802, 1.843997, 2.123943
18.6243, 1.806147, 1.847692, 2.129526
18.63481, 1.790547, 1.850826, 2.134952
18.64547, 1.663319, 1.845955, 2.140404
18.6571, 1.643126, 1.842287, 2.146279
18.66808, 1.625067, 1.837542, 2.151855
18.67961, 1.579196, 1.828045, 2.157678
18.69059, 1.656162, 1.824757, 2.163203
18.70441, 1.633072, 1.819894, 2.170188
18.71292, 1.744608, 1.818218, 2.174361
18.7236, 1.731933, 1.812677, 2.179611
18.73426, 1.728671, 1.80261, 2.184753
18.74523, 1.688032, 1.775563, 2.190109
18.75637, 1.655093, 1.756857, 2.195554
18.7674, 1.67676, 1.737189, 2.200835
18.7787, 1.519482, 1.710057, 2.20624
18.78966, 1.566291, 1.697173, 2.211447
18.80068, 1.506276, 1.682161, 2.216619
18.81241, 1.561315, 1.664887, 2.222116
18.82342, 1.605387, 1.657115, 2.227206
18.83409, 1.644657, 1.651258, 2.232181
18.84547, 1.722642, 1.647082, 2.237399
18.85876, 1.709292, 1.643019, 2.243417
18.86757, 1.825963, 1.651152, 2.247407
18.87884, 1.833139, 1.660652, 2.252437
18.89027, 1.771346, 1.667966, 2.257559
18.90063, 1.778917, 1.677952, 2.262078
18.9123, 1.727998, 1.681544, 2.267236
18.92298, 1.741393, 1.68696, 2.271825
18.93449, 1.747256, 1.687092, 2.276808
18.9456, 1.745569, 1.687774, 2.281586
18.95657, 1.728422, 1.687761, 2.286302
18.96745, 1.652862, 1.686003, 2.290893
18.97895, 1.66694, 1.686595, 2.295619
18.99004, 1.672418, 1.686378, 2.300208
19.00057, 1.672424, 1.694025, 2.304508
19.01365, 1.747662, 1.703094, 2.309796
19.02294, 1.68753, 1.712156, 2.31363
19.03422, 2.028456, 1.735513, 2.318037
19.04597, 1.926034, 1.751546, 2.322687
19.05612, 1.647376, 1.751682, 2.326585
19.06756, 1.949961, 1.763048, 2.331027
19.07874, 1.858842, 1.770525, 2.335377
19.08976, 1.794199, 1.768937, 2.339521
19.10066, 1.785134, 1.766537, 2.343601
19.11256, 1.772139, 1.766577, 2.347932
19.12317, 1.793495, 1.767306, 2.351768
19.13431, 1.798451, 1.770828, 2.355819
19.14518, 1.885223, 1.77802, 2.359695
19.15677, 1.900811, 1.785698, 2.363633
19.16937, 1.886656, 1.792752, 2.367973
19.17898, 1.864719, 1.799567, 2.371282
19.19007, 1.885429, 1.811195, 2.374989
19.2008, 3.672743, 1.911485, 2.37856
19.38936, 0.6209072, 1.85891, 2.434321
19.40074, 1.429898, 1.846784, 2.437151
19.41193, 2.137442, 1.866273, 2.43999
19.42306, 1.139078, 1.83885, 2.442726
19.43401, 1.429255, 1.80889, 2.445342
19.44519, 1.262126, 1.775695, 2.448004
19.45645, 1.14375, 1.750513, 2.450455
19.46781, 1.045974, 1.705314, 2.453012
19.48013, 0.992605, 1.662002, 2.455771
19.4899, 0.8596772, 1.615276, 2.457888
19.50064, 1.087095, 1.580374, 2.460231
19.51204, 1.620553, 1.572794, 2.462653
19.5232, 1.361839, 1.551212, 2.464975
19.53394, 1.112849, 1.516932, 2.467094
19.54527, 2.093939, 1.527367, 2.469336
19.5564, 2.069796, 1.535817, 2.471463
19.56766, 2.016764, 1.542322, 2.473522
19.57849, 1.458109, 1.521991, 2.475498
19.58996, 1.813352, 1.518387, 2.477504
19.60062, 2.106475, 1.440074, 2.479272
19.61195, 2.197353, 1.518896, 2.481127
19.62372, 2.309095, 1.562856, 2.482982
19.63914, 2.18966, 1.565467, 2.485398
19.64739, 2.454141, 1.63122, 2.486662
19.65685, 2.514964, 1.685506, 2.488083
19.66844, 2.496273, 1.747213, 2.489725
19.67961, 1.728163, 1.776434, 2.491299
19.69076, 3.677573, 1.908014, 2.49279
19.70178, 2.823705, 1.999569, 2.494243
19.71232, 2.047166, 2.058943, 2.495546
19.72347, 1.725571, 2.090867, 2.496884
19.73442, 1.774112, 2.098545, 2.498305
19.74549, 1.712331, 2.11607, 2.499593
19.75695, 1.815962, 2.151225, 2.500805
19.76805, 1.871026, 2.140079, 2.501879
19.77926, 2.136498, 2.143415, 2.502965
19.79091, 2.376997, 2.161427, 2.503935
19.80075, 2.336946, 2.205369, 2.504745
19.81145, 2.503308, 2.239866, 2.505581
19.82292, 2.374732, 2.253279, 2.506506
19.83361, 2.311139, 2.258968, 2.507204
19.84517, 2.468959, 2.266962, 2.50807
19.85623, 2.821384, 2.298548, 2.508799
19.8674, 3.107821, 2.331232, 2.509385
19.87828, 3.461735, 2.378571, 2.509977
19.88908, 3.419763, 2.424745, 2.510489
19.90068, 3.247267, 2.5007, 2.511
19.91195, 5.195024, 2.576573, 2.511494
19.92295, 1.231256, 2.49695, 2.511921
19.93349, 1.141825, 2.451684, 2.512277
