0.1659279, 1.361593, 1.361593, 2.533028
0.1771695, 1.711004, 1.536299, 2.532135
0.1880776, 1.55744, 1.543345, 2.531188
0.1992422, 3.322099, 1.988034, 2.530169
0.3213161, 0, 1.590427, 2.51526
0.3325164, 0, 1.325356, 2.513527
0.3436689, 0, 1.136019, 2.51171
0.3544858, 0, 0.994017, 2.509961
0.3765742, 2.918535, 1.207852, 2.506195
0.3880212, 2.519452, 1.339012, 2.504146
0.3993306, 1.801087, 1.381019, 2.502114
0.4101477, 1.910903, 1.425176, 2.500188
0.4212617, 2.277882, 1.490769, 2.498201
0.432464, 2.836688, 1.586906, 2.496027
0.4436433, 2.862386, 1.671938, 2.493701
0.4546823, 2.135594, 1.700916, 2.491498
0.4658352, 2.102403, 1.724533, 2.489185
0.4769282, 2.341491, 1.758808, 2.486933
0.4876847, 3.401839, 1.845284, 2.484479
0.4991092, 3.070147, 1.906527, 2.482014
0.5100498, 3.755298, 2.026212, 2.479769
0.5213645, 3.161964, 2.09876, 2.477154
0.5324263, 3.103287, 2.176053, 2.474599
0.5433584, 3.195853, 2.16974, 2.471956
0.5547348, 2.700615, 2.304771, 2.469269
0.5656817, 3.374578, 2.4735, 2.466656
0.5773303, 3.455725, 2.646286, 2.463777
0.5881513, 3.435933, 2.818083, 2.461145
0.5996906, 3.405241, 2.842418, 2.45824
0.6102157, 3.063786, 2.869635, 2.45538
0.6210538, 2.897871, 2.924474, 2.452544
0.6324632, 3.214867, 2.989672, 2.449513
0.6437014, 2.856243, 3.01859, 2.446486
0.6544395, 3.257334, 3.039623, 2.443542
0.6660384, 3.332551, 3.063131, 2.440484
0.6768746, 3.068316, 3.109767, 2.437392
0.6877759, 3.632477, 3.186271, 2.434302
0.6995187, 3.41067, 3.23973, 2.430839
0.7102317, 3.224023, 3.230839, 2.427418
0.7211986, 2.958747, 3.225269, 2.424159
0.7323649, 2.941901, 3.184599, 2.420927
0.7434135, 2.939754, 3.173489, 2.417667
0.7544734, 2.919103, 3.164279, 2.41423
0.7658579, 2.943854, 3.15168, 2.410447
0.7767619, 2.945938, 3.163946, 2.406976
0.7877097, 3.003261, 3.14538, 2.403384
0.7992648, 3.486668, 3.146927, 2.399594
0.8099473, 3.387549, 3.144508, 2.395947
0.8211139, 3.109483, 3.12972, 2.392158
0.8327298, 3.241919, 3.138627, 2.388198
0.8433887, 4.016499, 3.194558, 2.384511
0.8544975, 3.643093, 3.21597, 2.380635
0.8658884, 3.234146, 3.234864, 2.376757
0.8769713, 3.337505, 3.238873, 2.372802
0.887689, 3.177175, 3.231104, 2.368849
0.8994304, 3.045007, 3.229939, 2.364538
0.9102825, 3.031764, 3.199903, 2.360566
0.9210537, 3.085312, 3.183635, 2.35654
0.9323415, 3.09902, 3.177385, 2.352265
0.9432477, 3.193636, 3.189129, 2.348097
0.9543905, 3.154731, 3.199771, 2.343793
0.9655944, 3.181203, 3.211843, 2.33939
0.976756, 3.071194, 3.219448, 2.334964
0.9877113, 3.112264, 3.227869, 2.330603
0.9988307, 3.055207, 3.233332, 2.326096
1.01004, 3.112015, 3.23877, 2.321551
1.021213, 2.834845, 3.206179, 2.316967
1.032384, 2.557774, 3.16469, 2.312391
1.043173, 2.509683, 3.1347, 2.307956
1.054386, 2.613561, 3.103282, 2.303206
1.065688, 2.755086, 3.040212, 2.298347
1.076499, 2.696096, 2.992862, 2.293718
1.087682, 2.671805, 2.964745, 2.288784
1.099172, 2.713815, 2.933561, 2.283809
1.110121, 2.807247, 2.915064, 2.278816
1.12564, 2.621556, 2.893892, 2.271868
1.132193, 2.614857, 2.873046, 2.268888
1.143719, 2.614857, 2.849524, 2.263752
1.154331, 2.619695, 2.825557, 2.25888
1.165666, 2.724395, 2.802095, 2.253665
1.177054, 2.722636, 2.78049, 2.248373
1.187674, 3.035618, 2.773211, 2.243266
1.198892, 2.956873, 2.767495, 2.237956
1.209987, 2.870799, 2.755422, 2.232737
1.220834, 0, 2.602662, 2.227556
1.398583, 1.705722, 2.532347, 2.137588
1.409956, 2.019662, 2.491588, 2.131493
1.420961, 1.939783, 2.460689, 2.125446
1.432127, 2.296275, 2.450018, 2.119428
1.443161, 2.012862, 2.419983, 2.113376
1.454263, 2.190137, 2.391736, 2.10733
1.465187, 2.465693, 2.380216, 2.101305
1.476675, 2.514931, 2.372372, 2.094962
1.487591, 2.365783, 2.35497, 2.089185
1.49871, 2.496664, 2.339442, 2.083046
1.509999, 2.936198, 2.355174, 2.076632
1.521009, 3.063125, 2.377587, 2.070436
1.531794, 2.839578, 2.388823, 2.064349
1.543229, 2.673424, 2.39151, 2.058103
1.554134, 2.579053, 2.384243, 2.051907
1.565322, 2.492305, 2.372726, 2.0453
1.576246, 2.482027, 2.345047, 2.038963
1.587541, 2.5952, 2.326963, 2.032401
1.598633, 2.608271, 2.313836, 2.02593
1.609925, 2.410054, 2.434339, 2.019315
1.620711, 2.36869, 2.467487, 2.013057
1.631857, 2.368691, 2.484939, 2.006495
1.643132, 0, 2.38795, 1.999818
1.654019, 2.36062, 2.391167, 1.993389
1.665208, 2.40868, 2.410958, 1.986599
1.676339, 2.481143, 2.425508, 1.979978
1.687311, 2.026492, 2.403548, 1.973428
1.698528, 0, 2.277802, 1.966654
1.709715, 0, 2.159512, 1.9599
1.898195, 1.648132, 2.117086, 1.842512
1.909771, 1.7384, 2.057196, 1.83511
1.920645, 1.528366, 1.980458, 1.827906
1.931666, 1.400582, 1.908508, 1.820797
1.943036, 1.229175, 1.836295, 1.813456
1.95437, 1.765443, 1.795615, 1.806096
1.964967, 1.918322, 1.766916, 1.79902
1.976258, 1.558957, 1.720762, 1.791626
1.987216, 1.731584, 1.677581, 1.784296
1.99828, 1.628782, 1.628607, 1.777195
2.009605, 1.596394, 1.587924, 1.769734
2.020622, 1.6074, 1.549859, 1.762411
2.031774, 1.527448, 1.507797, 1.755037
2.042962, 1.805753, 1.598085, 1.747713
2.054023, 1.696878, 1.564898, 1.740366
2.06498, 1.646436, 1.526785, 1.732926
2.076281, 1.708217, 1.488139, 1.725375
2.08714, 1.619689, 1.467799, 1.718127
2.098499, 1.631842, 1.549391, 1.710617
2.109383, 1.646842, 1.631733, 1.703306
2.120485, 1.667571, 1.632705, 1.695932
2.131621, 1.664171, 1.628994, 1.688444
2.142865, 1.622053, 1.633678, 1.68082
2.153751, 1.657362, 1.646517, 1.673474
2.165206, 1.661354, 1.668126, 1.665847
2.17629, 1.694134, 1.66456, 1.65836
2.187744, 1.694689, 1.653379, 1.650594
2.198268, 1.731611, 1.662012, 1.643463
2.209405, 1.736675, 1.662266, 1.635866
2.221005, 3.548707, 1.758262, 1.627962
2.231482, 3.127763, 1.834831, 1.620845
2.242859, 3.655645, 1.937243, 1.612957
2.254122, 2.385851, 1.980163, 1.605268
2.265171, 2.559426, 2.017847, 1.597639
2.276273, 2.407778, 2.053392, 1.590054
2.287868, 2.351838, 2.088662, 1.582114
2.298529, 2.343755, 2.120439, 1.574742
2.309343, 2.365086, 2.157709, 1.567318
2.320469, 2.270408, 2.189637, 1.559774
2.331521, 2.255601, 2.220075, 1.552178
2.342862, 2.237294, 2.248561, 1.54446
2.35382, 2.280277, 2.279366, 1.536929
2.364831, 2.119798, 2.304254, 1.529389
2.375957, 2.101577, 2.326464, 1.521736
2.387033, 2.392059, 2.363, 1.513926
2.398612, 2.594031, 2.407995, 1.505808
2.409416, 2.432474, 2.444884, 1.498327
2.420529, 2.405972, 2.478602, 1.490525
2.431594, 2.433991, 2.513467, 1.482864
2.442778, 2.376646, 2.454864, 1.475349
2.453737, 2.267105, 2.411831, 1.467763
2.464704, 2.269564, 2.342528, 1.460054
2.475987, 2.258126, 2.336141, 1.452176
2.486959, 2.155712, 2.315956, 1.444505
2.498118, 2.082043, 2.299669, 1.436923
2.509346, 2.06814, 2.285484, 1.429182
2.520546, 2.026548, 2.269624, 1.421552
2.531375, 2.001934, 2.251466, 1.414089
2.542523, 1.905468, 2.233219, 1.406434
2.553635, 1.899269, 2.215402, 1.39878
2.565804, 1.900181, 2.198547, 1.390507
2.575871, 1.886248, 2.178845, 1.383577
2.586887, 1.905319, 2.168122, 1.376014
2.598122, 1.909662, 2.158526, 1.368313
2.609774, 1.864705, 2.132158, 1.360325
2.620243, 1.919383, 2.098425, 1.353103
2.631497, 1.894539, 2.071529, 1.345394
2.642351, 1.872933, 2.044877, 1.337899
2.65351, 1.92928, 2.019641, 1.330273
2.664784, 1.926466, 1.997132, 1.322572
2.675827, 2.008159, 1.984185, 1.315074
2.686917, 1.959403, 1.968677, 1.307517
2.698124, 1.984825, 1.955012, 1.29983
2.709107, 1.97527, 1.94599, 1.292334
2.720113, 1.97807, 1.940791, 1.284816
2.731447, 1.980042, 1.936386, 1.277116
2.74259, 1.984708, 1.934294, 1.269559
2.753845, 1.921513, 1.930273, 1.261915
2.764747, 1.970153, 1.933508, 1.254475
2.775885, 1.96754, 1.936921, 1.246725
2.786883, 1.432865, 1.913555, 1.239269
2.798103, 1.173643, 1.877925, 1.231758
2.809129, 0, 1.782659, 1.224322
2.953472, 1.035834, 1.738968, 1.127831
2.964597, 1.100959, 1.700781, 1.120306
2.975883, 0.9979141, 1.654707, 1.11289
2.98697, 1.166637, 1.618312, 1.105603
2.997806, 1.042429, 1.576787, 1.098569
3.009072, 1.193682, 1.540007, 1.091201
3.020017, 1.181637, 1.502766, 1.084021
3.031146, 1.259299, 1.465323, 1.076785
3.042896, 1.388753, 1.43679, 1.069284
3.053525, 1.253432, 1.400221, 1.062397
3.06456, 1.130385, 1.357976, 1.055389
3.075584, 1.133141, 1.31573, 1.048239
3.086867, 1.160131, 1.274734, 1.040998
3.097911, 1.176402, 1.234319, 1.03383
3.108886, 1.187673, 1.197627, 1.026806
3.119936, 1.230663, 1.160653, 1.019907
3.131265, 1.234879, 1.12402, 1.01271
3.142249, 1.22738, 1.113746, 1.00575
3.153267, 1.212654, 1.115696, 0.9988125
3.164615, 1.204337, 1.175913, 0.991695
3.175607, 1.183168, 1.18328, 0.9846652
3.186508, 1.180978, 1.187281, 0.9778427
3.197936, 1.166981, 1.195734, 0.9705409
3.208815, 1.163185, 1.195561, 0.9637458
3.219905, 1.135494, 1.200215, 0.956785
3.231059, 1.139329, 1.197497, 0.9498679
3.242351, 1.126116, 1.194721, 0.943039
3.253576, 1.103045, 1.186908, 0.9361495
3.264331, 1.089594, 1.17195, 0.9294462
3.275727, 1.083392, 1.163448, 0.9227054
3.286578, 1.110133, 1.162436, 0.9161071
3.297887, 1.107286, 1.161143, 0.909361
3.309158, 1.094228, 1.157848, 0.902572
3.320252, 1.104019, 1.154229, 0.8959587
3.33111, 1.073098, 1.1485, 0.8894645
3.342213, 1.066996, 1.140317, 0.882728
3.353349, 1.239048, 1.140525, 0.8761851
3.364321, 1.175859, 1.137949, 0.8697008
3.375545, 1.228966, 1.138765, 0.8631025
3.386624, 1.248307, 1.140963, 0.8565849
3.397982, 1.238702, 1.14374, 0.8497557
3.40859, 1.202504, 1.144816, 0.8435749
3.419918, 1.168076, 1.144871, 0.8369742
3.431142, 1.101085, 1.141766, 0.8305043
3.442175, 1.053693, 1.137676, 0.8242459
3.45426, 1.034383, 1.132429, 0.8174145
3.46431, 1.01207, 1.126726, 0.8116837
3.47582, 1.018036, 1.122476, 0.805147
3.486485, 1.012629, 1.118628, 0.7991391
3.497574, 1.022345, 1.115575, 0.7929019
3.509059, 1.006884, 1.110413, 0.786526
3.520171, 0.9753013, 1.103813, 0.780399
3.530943, 0.9789728, 1.098051, 0.774458
3.542127, 0.9760757, 1.091654, 0.7685049
3.553572, 0.9311432, 1.084556, 0.7622651
3.564287, 0.9316713, 1.07779, 0.7563919
3.575377, 0.942736, 1.062974, 0.7502523
3.586483, 0.9490946, 1.051636, 0.7442806
3.597694, 0.9357806, 1.036976, 0.7381487
3.608663, 0.9318167, 1.021152, 0.732297
3.619876, 0.9093379, 1.004684, 0.7265511
3.63079, 0.9051782, 0.9898174, 0.7208061
3.642096, 0.8924926, 0.9760383, 0.7147511
3.653467, 0.8624159, 0.9641048, 0.7088135
3.664205, 0.8561279, 0.9542265, 0.7032617
3.675521, 0.8651546, 0.945765, 0.6972877
3.686434, 0.7759784, 0.9339604, 0.6916955
3.697691, 0.7820016, 0.9221587, 0.6861067
3.708751, 0.6780704, 0.9054308, 0.6805284
3.864, 0.5656497, 0.882596, 0.6066287
3.875221, 0.5794695, 0.8612253, 0.6016673
3.886648, 0.6815539, 0.8465379, 0.5965604
3.897465, 0.6247836, 0.8288285, 0.5916094
3.908608, 0.6712249, 0.8135859, 0.5867075
3.919736, 0.651459, 0.7996017, 0.5820407
3.931059, 0.6258264, 0.7843095, 0.5771712
3.942357, 0.6215498, 0.7682502, 0.5725672
3.953318, 0.6231042, 0.7519506, 0.567896
3.964136, 0.6153705, 0.7359301, 0.5633902
3.975263, 0.6315777, 0.7209182, 0.5588218
3.986234, 0.6337258, 0.7071376, 0.5543355
3.997306, 0.6255229, 0.6931548, 0.5496912
4.008355, 0.6167701, 0.6793687, 0.5452357
4.019698, 0.621978, 0.6673468, 0.5407273
4.03064, 0.6278352, 0.6559321, 0.5363987
4.041667, 0.6335185, 0.6443503, 0.5321188
4.053488, 0.6277606, 0.6369395, 0.5274284
4.063814, 0.6305308, 0.6293659, 0.5234745
4.075383, 0.623855, 0.6266552, 0.519178
4.086232, 0.6060631, 0.6286758, 0.5151117
4.097591, 0.6213447, 0.6307696, 0.5109745
4.108288, 0.6131871, 0.6273512, 0.5070378
4.119709, 0.597739, 0.625999, 0.5028698
4.131001, 0.5959992, 0.6222377, 0.4988497
4.142176, 0.5787609, 0.6186028, 0.4948677
4.152884, 0, 0.5873114, 0.4910613
4.163965, 0, 0.556234, 0.4872276
4.319464, 0.4159403, 0.5458758, 0.4381173
4.330866, 0.4197656, 0.5360955, 0.4348717
4.341436, 0.42852, 0.5259427, 0.4319209
4.353221, 0.4580855, 0.5171606, 0.428706
4.363844, 0.469666, 0.5093678, 0.4259748
4.374962, 0.4761177, 0.5023352, 0.4230358
4.386019, 0.458261, 0.4941494, 0.42019
4.397326, 0.4570695, 0.4856111, 0.4172731
4.408475, 0.465036, 0.477187, 0.4144776
4.41938, 0.4600912, 0.4688035, 0.4117696
4.430994, 0.4656854, 0.4605613, 0.4089874
4.441678, 0.466468, 0.4526919, 0.4065224
4.452958, 0.4611267, 0.4454451, 0.4039063
4.463992, 0.4620034, 0.4374781, 0.4013295
4.474984, 0.4620211, 0.4299198, 0.3988682
4.486238, 0.4606891, 0.4230673, 0.3964105
4.496798, 0.4307601, 0.4148054, 0.394152
4.508426, 0.4089805, 0.4063163, 0.3916931
4.520106, 0.4152207, 0.4270774, 0.389264
4.530343, 0.3935894, 0.4467568, 0.3872342
4.541704, 0.4276622, 0.4473429, 0.3850585
4.552763, 0, 0.4263546, 0.3828483
4.564174, 0, 0.4049286, 0.3806439
4.608053, 0, 0.3820243, 0.3729066
4.619466, 0, 0.358541, 0.3710752
4.652399, 0, 0.3347351, 0.3660656
4.664078, 0.3731891, 0.3304815, 0.3642815
4.674934, 0.3363274, 0.3244444, 0.3627662
4.686096, 0.3365772, 0.3180215, 0.3612421
4.697315, 0.3385764, 0.3119458, 0.3597313
4.708541, 0.3471251, 0.3060178, 0.3583158
4.719487, 0.3429946, 0.2998441, 0.3569969
4.730425, 0.348538, 0.2942147, 0.3557021
4.741796, 0.3623756, 0.2892333, 0.3543789
4.753117, 0, 0.2661322, 0.3531366
4.763748, 0, 0.2430978, 0.3520952
4.896795, 0, 0.2215598, 0.3427503
4.908235, 0.3289857, 0.2175601, 0.3422987
4.919417, 0.3281049, 0.2132043, 0.3419415
4.930344, 0.3158736, 0.2093185, 0.3417099
4.941453, 0.3238391, 0.2041273, 0.3413756
4.953059, 0.3375769, 0.2210062, 0.3411533
4.963947, 0.3548723, 0.2387498, 0.340995
4.974765, 0.3743133, 0.2574654, 0.3406745
4.985991, 0.3507755, 0.2750042, 0.3405735
4.996965, 0.3689383, 0.2934511, 0.3405297
5.007953, 0.3587006, 0.2927267, 0.3405511
5.019622, 0.3723882, 0.2945297, 0.3405352
5.030052, 0.3651063, 0.2959562, 0.3407194
5.041486, 0.3630874, 0.2971817, 0.3409098
5.052472, 0.3601767, 0.2978343, 0.3411767
5.063479, 0.3409794, 0.2977335, 0.341612
5.074662, 0.3385061, 0.297232, 0.3418701
5.085807, 0.2889062, 0.2935585, 0.3422416
5.097236, 0, 0.2935585, 0.3427447
5.25232, 0.3025919, 0.3086881, 0.3542199
5.263703, 0.3295744, 0.3251668, 0.3554882
5.274593, 0.3276986, 0.3251024, 0.3567747
5.285782, 0.3499636, 0.3261954, 0.3581286
5.296875, 0.3337272, 0.3270881, 0.359444
5.308054, 0.3362865, 0.3277104, 0.3608499
5.319255, 0.3281484, 0.327239, 0.3624172
5.330257, 0.3327776, 0.3261343, 0.3640509
5.341227, 0.323981, 0.3236176, 0.3656992
5.352705, 0.3301848, 0.3225881, 0.3675188
5.363707, 0.3194563, 0.320114, 0.3692472
5.374464, 0.3191482, 0.3181364, 0.3710006
5.385959, 0.3250834, 0.3157711, 0.372907
5.3968, 0.3285127, 0.3139414, 0.3745999
5.407858, 0.3251606, 0.3120451, 0.3766419
5.418964, 0.3288932, 0.3104809, 0.3785632
5.429903, 0.3298618, 0.309925, 0.3806251
5.441926, 0.3315661, 0.309578, 0.3829345
5.453531, 0.3325033, 0.3117579, 0.3850394
5.463458, 0.3334686, 0.3284313, 0.3869904
5.474436, 0.3352201, 0.3300627, 0.389089
5.485593, 0.3352055, 0.3303443, 0.3913717
5.496752, 0.3358648, 0.3307526, 0.3936403
5.507972, 0.3363647, 0.3300726, 0.3960428
5.520273, 0.340019, 0.3303872, 0.3987654
5.530112, 0.339066, 0.3305262, 0.4009637
5.541138, 0.3380794, 0.3310227, 0.4035547
5.552403, 0.3444301, 0.3316054, 0.4061719
5.563264, 0.3508451, 0.3329486, 0.4087288
5.574424, 0.3563384, 0.3342562, 0.4114206
5.585655, 0.3600238, 0.3362846, 0.4141194
5.596776, 0.3728251, 0.3389685, 0.4169345
5.607704, 0.373159, 0.3413723, 0.419763
5.619026, 0.3743928, 0.3436663, 0.422751
5.629977, 0.3774253, 0.3462795, 0.4255433
5.641071, 0.3786269, 0.3487662, 0.4284424
5.652332, 0.3633099, 0.3504386, 0.4315171
5.66335, 0.3789444, 0.3528075, 0.4345152
5.674603, 0.3793168, 0.3551482, 0.4378197
5.685782, 0.3792262, 0.3574361, 0.441023
5.696707, 0.3813467, 0.3597424, 0.4441909
5.70778, 0.3806435, 0.3620143, 0.4474251
5.718933, 0.414606, 0.3659514, 0.4507563
5.730003, 0.4087413, 0.3695702, 0.4540997
5.741083, 0.4090603, 0.3730223, 0.4574571
5.752271, 0.4098135, 0.3765596, 0.4609773
5.763182, 0.4125159, 0.3802814, 0.4645566
5.774499, 0.417095, 0.3839147, 0.4681182
5.785657, 0.4155637, 0.3871506, 0.4717562
5.796652, 0.4135433, 0.3900109, 0.4753293
5.80801, 0.4131396, 0.3926666, 0.4791621
5.81883, 0.4203037, 0.3950406, 0.4826403
5.829947, 0.4282737, 0.3977963, 0.4864837
5.841033, 0.4291454, 0.400534, 0.4903083
5.852345, 0.4286079, 0.4030931, 0.4943829
5.863264, 0.429368, 0.4056302, 0.4982683
5.874312, 0.4314385, 0.4090366, 0.5019943
5.885553, 0.4321691, 0.4116978, 0.5060895
5.896633, 0.4354791, 0.414506, 0.510044
5.907715, 0.4406219, 0.4175757, 0.5141344
5.918742, 0.447769, 0.4208969, 0.5182326
5.92997, 0.4574856, 0.4247389, 0.5224908
5.941387, 0.4617645, 0.4270968, 0.5268835
5.952157, 0.4664307, 0.4299813, 0.5310212
5.962918, 0.4698588, 0.4330212, 0.5352292
5.974401, 0.4691793, 0.4359895, 0.5397051
5.985409, 0.4736515, 0.4390463, 0.5440962
5.996458, 0.5062187, 0.4435025, 0.5486077
6.007602, 0.4833343, 0.4468911, 0.5531221
6.018594, 0.5172866, 0.4520782, 0.557488
6.029776, 0.5226683, 0.4575546, 0.5621047
6.040987, 0.5351593, 0.4632974, 0.5666752
6.051984, 0.5228252, 0.468025, 0.5713396
6.062867, 0.4494386, 0.4690396, 0.5759755
6.07448, 0.5517075, 0.4751946, 0.5809999
6.085078, 0, 0.4537262, 0.5856203
6.262908, 0.4630735, 0.455308, 0.6680059
6.274352, 0.454059, 0.4564025, 0.6736816
6.28501, 0.5056487, 0.4599109, 0.6791008
6.296664, 0.5056005, 0.4631599, 0.684848
6.30738, 0.522215, 0.4668821, 0.6901799
6.318592, 0.5525911, 0.4716374, 0.6958688
6.329609, 0.5186796, 0.4744832, 0.7015284
6.340737, 0.5175768, 0.4770405, 0.7072895
6.351761, 0.5188244, 0.4794888, 0.7128663
6.362974, 0.5213761, 0.4820987, 0.7186982
6.378979, 0.5889714, 0.4878646, 0.7271475
6.385077, 0.6611598, 0.4956117, 0.7303165
6.396224, 0.6547908, 0.5041845, 0.7361646
6.407321, 0.667713, 0.5117058, 0.7420542
6.418386, 0.6705934, 0.5191021, 0.7479548
6.429539, 0.6882298, 0.5267556, 0.7539711
6.440782, 0.691937, 0.5352112, 0.7601367
6.452009, 0.6959785, 0.5475382, 0.7662792
6.462986, 0.680609, 0.5539833, 0.772301
6.474211, 0.6811564, 0.5880411, 0.7784743
6.485001, 0.6895741, 0.5993661, 0.7844998
6.496242, 0.6956521, 0.6114458, 0.7907537
6.50753, 0.697668, 0.6210467, 0.797055
6.518435, 0.6993317, 0.6307333, 0.8031906
6.52927, 0.7264912, 0.640947, 0.8093284
6.541028, 0.7370847, 0.6501717, 0.8158724
6.551831, 0.7457058, 0.661523, 0.8220333
6.562646, 0.7483696, 0.6730626, 0.8282523
6.574199, 0.7533029, 0.6847865, 0.8348794
6.585232, 0.7580352, 0.6966195, 0.8412761
6.596172, 0.7780102, 0.7060715, 0.8476332
6.607153, 0.7884627, 0.7124366, 0.8540385
6.618591, 0.808758, 0.720135, 0.8608309
6.629714, 0.8180679, 0.7276527, 0.8674282
6.64072, 0.8159568, 0.7349209, 0.8739554
6.651502, 0.8508491, 0.7430519, 0.8803791
6.663134, 0.8527783, 0.7510939, 0.8872148
6.674095, 0.8562158, 0.7591058, 0.8937168
6.684855, 0.8478587, 0.7674683, 0.900176
6.696611, 0.8531584, 0.7760684, 0.907269
6.707486, 0.8497446, 0.7840769, 0.9138668
6.718042, 0.8547068, 0.7920297, 0.9203506
6.729481, 0.8417659, 0.7992346, 0.9273832
6.740526, 0.8617954, 0.8073578, 0.9341273
6.752498, 0.8619575, 0.8141311, 0.941344
6.763165, 0.8625184, 0.8204027, 0.9478459
6.773835, 0.8679985, 0.8265173, 0.9545681
6.785243, 0.8680131, 0.8324995, 0.9617862
6.796265, 0.8809215, 0.8388804, 0.9687543
6.807273, 0.8825042, 0.8451039, 0.9757016
6.818682, 0.886493, 0.8505281, 0.9827761
6.830138, 0.8852582, 0.8553678, 0.9898692
6.840393, 0.8878265, 0.8593212, 0.9963484
6.851597, 0.8905685, 0.8629462, 1.003356
6.86303, 0.9090495, 0.8676009, 1.010716
6.873681, 0.9107227, 0.8705946, 1.017431
6.884986, 0.9180862, 0.8738601, 1.024752
6.896211, 0.9262758, 0.877363, 1.032063
6.906927, 0.9284436, 0.8813923, 1.038949
6.918303, 0.929082, 0.8851885, 1.046252
6.929387, 0.9647049, 0.8909365, 1.053299
6.940374, 0.9708216, 0.8967422, 1.060457
6.951663, 0.9953319, 0.9044206, 1.067786
6.962832, 1.019884, 0.912325, 1.075048
6.973953, 1.020689, 0.9202616, 1.08227
6.984827, 1.018092, 0.9280402, 1.089313
6.996045, 1.037625, 0.9365216, 1.096649
7.007275, 1.064047, 0.9463233, 1.104101
7.018414, 1.073981, 0.9559762, 1.111426
7.029522, 1.16197, 0.9699495, 1.118657
7.040396, 1.178607, 0.9845552, 1.125758
7.051745, 1.230131, 1.001799, 1.133355
7.062651, 1.184313, 1.016623, 1.140499
7.074072, 1.170458, 1.030618, 1.148018
7.08494, 1.19269, 1.0448, 1.155239
7.095849, 1.193283, 1.058928, 1.162531
7.107179, 1.193732, 1.07271, 1.170118
7.118284, 1.199104, 1.086351, 1.177716
7.129392, 1.184208, 1.09914, 1.185385
7.140818, 1.183541, 1.111862, 1.193014
7.152662, 1.191034, 1.123179, 1.200902
7.162815, 1.188114, 1.134044, 1.207736
7.173663, 1.163259, 1.14244, 1.215052
7.184982, 1.150621, 1.148977, 1.222697
7.19592, 1.170543, 1.156469, 1.230168
7.207109, 1.174755, 1.164303, 1.237675
7.218181, 1.164677, 1.170655, 1.245228
7.22943, 1.207834, 1.177845, 1.252864
7.240602, 1.263281, 1.18731, 1.260552
7.251834, 1.275411, 1.192982, 1.268171
7.262512, 1.33078, 1.20059, 1.275413
7.273715, 1.307724, 1.20447, 1.283053
7.28503, 1.331417, 1.211825, 1.29078
7.296074, 1.329965, 1.2198, 1.29841
7.306983, 1.344897, 1.227411, 1.30589
7.318418, 1.33123, 1.234308, 1.313692
7.32931, 1.396722, 1.244458, 1.321251
7.340117, 1.396259, 1.254315, 1.328732
7.351507, 1.437699, 1.26699, 1.336611
7.362324, 1.443855, 1.280006, 1.344119
7.373549, 1.497455, 1.295327, 1.351861
7.384939, 1.499644, 1.310903, 1.359761
7.39606, 1.507372, 1.328109, 1.367389
7.406925, 1.634328, 1.352294, 1.374866
7.418148, 1.635639, 1.375549, 1.382655
7.429341, 1.690834, 1.401353, 1.390215
7.44006, 1.67026, 1.426632, 1.397782
7.45147, 1.722903, 1.452386, 1.405693
7.462291, 1.709251, 1.474684, 1.41312
7.473927, 1.732367, 1.497532, 1.42112
7.484757, 1.748668, 1.518426, 1.428501
7.495626, 1.688418, 1.537461, 1.435989
7.507103, 1.669149, 1.554348, 1.444042
7.518119, 1.643743, 1.570036, 1.451774
7.529133, 1.671868, 1.586385, 1.459382
7.540333, 1.677376, 1.603692, 1.467148
7.551354, 1.63599, 1.615656, 1.474787
7.562496, 1.713341, 1.63151, 1.48244
7.573676, 1.71549, 1.645399, 1.490116
7.584828, 1.711881, 1.6588, 1.497937
7.595691, 1.732729, 1.670564, 1.505436
7.606827, 1.783249, 1.684744, 1.512933
7.61808, 1.839994, 1.701375, 1.520637
7.629169, 1.69627, 1.704472, 1.528394
7.640419, 1.704028, 1.707892, 1.536139
7.65123, 1.747465, 1.710723, 1.543625
7.662364, 1.773795, 1.7159, 1.551273
7.673704, 1.399263, 1.699718, 1.559145
7.684511, 1.357627, 1.682137, 1.566584
7.695784, 1.895364, 1.690286, 1.574322
7.70706, 1.862606, 1.695983, 1.581943
7.71796, 1.874221, 1.705273, 1.589551
7.728999, 2.020163, 1.722824, 1.597222
7.740252, 1.992841, 1.740279, 1.604903
7.751355, 2.076179, 1.760495, 1.612455
7.762076, 2.056695, 1.779461, 1.619799
7.773449, 2.067117, 1.801017, 1.627593
7.784926, 2.083969, 1.819548, 1.635292
7.795713, 1.76757, 1.822152, 1.642507
7.806927, 1.77217, 1.825167, 1.650133
7.818029, 1.769918, 1.827027, 1.657612
7.82908, 1.70043, 1.822886, 1.665216
7.84043, 1.707603, 1.816266, 1.67284
7.851304, 1.690078, 1.815956, 1.68019
7.862487, 1.656412, 1.813576, 1.687688
7.873464, 1.685026, 1.810454, 1.695063
7.884941, 1.696965, 1.806612, 1.702738
7.895712, 1.623304, 1.817814, 1.709958
7.906796, 1.627883, 1.831327, 1.717398
7.918071, 1.756219, 1.82437, 1.725026
7.929075, 1.76544, 1.819512, 1.732383
7.940066, 1.7715, 1.814376, 1.739635
7.951312, 1.80953, 1.803844, 1.74693
7.96266, 1.760786, 1.792241, 1.754515
7.973383, 1.800934, 1.778479, 1.761562
7.990183, 1.874963, 1.769392, 1.772483
7.995431, 1.895611, 1.760817, 1.775971
8.006664, 1.900838, 1.75166, 1.78317
8.017983, 1.867221, 1.756643, 1.79054
8.028788, 1.866122, 1.76134, 1.797759
8.040206, 1.86519, 1.766104, 1.805267
8.051012, 1.877079, 1.774937, 1.8123
8.06219, 1.997289, 1.789421, 1.819617
8.073978, 2.026677, 1.806251, 1.82731
8.08423, 2.030559, 1.824958, 1.833833
8.096035, 2.063246, 1.843869, 1.841331
8.106624, 1.873664, 1.852704, 1.848184
8.117938, 1.876239, 1.865351, 1.855496
8.128961, 1.801815, 1.874048, 1.862565
8.139924, 1.819322, 1.877203, 1.869521
8.151049, 1.918697, 1.884866, 1.876491
8.162414, 1.910796, 1.89183, 1.883688
8.173989, 1.908192, 1.896764, 1.891005
8.18448, 1.97972, 1.90771, 1.897642
8.195688, 2.065909, 1.920959, 1.904703
8.206732, 2.10266, 1.932344, 1.911604
8.217779, 2.190654, 1.947096, 1.918562
8.228858, 2.358087, 1.969959, 1.925464
8.239986, 2.238289, 1.988512, 1.932365
8.251118, 2.212078, 2.00581, 1.939246
8.262208, 3.015068, 2.063304, 1.94607
8.27333, 2.170947, 2.077997, 1.952874
8.284145, 2.022434, 2.079255, 1.959486
8.29533, 1.999126, 2.077877, 1.966277
8.306451, 1.971344, 2.074916, 1.973022
8.318105, 2.010126, 2.07226, 1.979861
8.328901, 1.871817, 2.072168, 1.986323
8.340099, 1.90464, 2.073588, 1.992618
8.351155, 1.835994, 2.075297, 1.999326
8.362289, 1.821518, 2.075407, 2.006091
8.373219, 1.859304, 2.072437, 2.012551
8.384448, 1.852691, 2.069532, 2.019227
8.395659, 1.802629, 2.064254, 2.025823
8.406366, 1.786332, 2.054584, 2.031933
8.417761, 1.776327, 2.040105, 2.038703
8.428996, 1.849186, 2.027431, 2.04522
8.439856, 1.868583, 2.011328, 2.051267
8.451201, 1.889251, 1.987886, 2.057648
8.462236, 1.929278, 1.972436, 2.063753
8.473335, 2.026115, 1.963138, 2.070031
8.484374, 2.059481, 1.915358, 2.076054
8.495526, 2.139517, 1.913787, 2.082311
8.506599, 2.251581, 1.925244, 2.088653
8.518308, 2.251493, 1.937862, 2.095164
8.528586, 2.442205, 1.961405, 2.100767
8.539819, 2.472821, 1.98454, 2.106882
8.55102, 2.54546, 2.018222, 2.112956
8.562042, 2.644696, 2.055225, 2.118776
8.573519, 2.516573, 2.089254, 2.124914
8.584223, 2.518078, 2.124082, 2.130661
8.595284, 2.446921, 2.153463, 2.13666
8.606613, 2.375505, 2.179603, 2.142833
8.617539, 2.427032, 2.210824, 2.148595
8.628527, 2.425476, 2.242781, 2.154341
8.639779, 2.476192, 2.277774, 2.160321
8.650882, 2.477693, 2.309199, 2.166101
8.662071, 2.27151, 2.329345, 2.171946
8.673353, 2.240856, 2.346926, 2.177737
8.684184, 2.24443, 2.362683, 2.183343
8.695497, 2.297989, 2.376277, 2.189016
8.706589, 2.287866, 2.387696, 2.194549
8.717516, 2.363673, 2.398904, 2.200038
8.728551, 2.608761, 2.416763, 2.205518
8.740187, 2.576738, 2.433025, 2.211054
8.750938, 2.767015, 2.449265, 2.216297
8.761857, 2.709297, 2.461089, 2.221425
8.773046, 2.494878, 2.45856, 2.226832
8.78461, 2.247141, 2.438682, 2.232388
8.795203, 3.075513, 2.466629, 2.237382
8.806388, 2.515727, 2.466512, 2.242722
8.817546, 2.679466, 2.478139, 2.248083
8.828753, 2.573514, 2.488039, 2.253285
8.839573, 2.346056, 2.483991, 2.258365
8.850969, 2.399221, 2.482678, 2.263595
8.862018, 2.750404, 2.496388, 2.268687
8.872935, 2.909863, 2.517997, 2.273579
8.884173, 2.696881, 2.539265, 2.278509
8.895126, 2.545008, 2.554473, 2.283411
8.906152, 2.456211, 2.565062, 2.28821
8.917489, 2.406345, 2.57048, 2.293336
8.928598, 2.509667, 2.58157, 2.29812
8.939668, 2.582996, 2.592536, 2.302795
8.950808, 2.554552, 2.589825, 2.307474
8.961834, 2.50382, 2.58618, 2.312006
8.973254, 2.508468, 2.573252, 2.316714
8.983747, 2.63775, 2.569675, 2.321033
8.995296, 2.59012, 2.574437, 2.325757
9.006102, 2.694322, 2.596796, 2.330117
9.017602, 2.72625, 2.579333, 2.334517
9.028419, 2.946405, 2.600867, 2.338771
9.039434, 2.997458, 2.616766, 2.343076
9.050653, 3.056995, 2.64094, 2.34747
9.061673, 2.86975, 2.667125, 2.351684
9.073596, 2.974175, 2.695873, 2.356229
9.08406, 2.95951, 2.706328, 2.360493
9.094896, 3.032848, 2.712477, 2.364533
9.106671, 3.030975, 2.729182, 2.368819
9.117365, 3.002608, 2.752062, 2.37277
9.128244, 3.064396, 2.782471, 2.376698
9.139622, 3.107838, 2.817546, 2.380838
9.150479, 3.105796, 2.847353, 2.384711
9.161681, 3.024727, 2.869439, 2.388843
9.173244, 2.960296, 2.889726, 2.392828
9.183659, 3.08996, 2.919034, 2.396505
9.195048, 3.124958, 2.949858, 2.400114
9.206359, 2.395157, 2.937728, 2.403806
9.217218, 2.808547, 2.94865, 2.407279
9.228279, 3.109151, 2.969391, 2.410857
9.239493, 3.194955, 2.992826, 2.414489
9.250868, 3.161423, 3.003577, 2.418084
9.261764, 3.142403, 3.010825, 2.421565
9.273019, 3.161288, 3.016039, 2.42502
9.283701, 3.107211, 3.027912, 2.428162
9.294907, 2.89572, 3.02399, 2.431598
9.306449, 2.856184, 3.018823, 2.435022
9.317682, 2.811742, 3.007768, 2.437962
9.328319, 2.716393, 2.992039, 2.440971
9.339342, 2.741506, 2.978983, 2.443948
9.350662, 2.73427, 2.962477, 2.447075
9.361796, 2.770818, 2.945626, 2.450334
9.372767, 2.767228, 2.928698, 2.453249
9.383677, 2.804764, 2.917699, 2.456146
9.394917, 3.214386, 2.930404, 2.458935
9.405978, 3.139408, 2.932876, 2.461687
9.417527, 3.298342, 2.941545, 2.464658
9.428146, 3.226885, 2.983132, 2.467232
9.440003, 3.262376, 3.005823, 2.470084
9.450463, 3.290496, 3.014891, 2.472543
9.46169, 3.597104, 3.034998, 2.475125
9.472738, 3.590977, 3.056476, 2.477587
9.483706, 3.597049, 3.079208, 2.480177
9.494932, 3.526782, 3.097482, 2.48272
9.506248, 3.605781, 3.122411, 2.485135
9.517202, 3.287202, 3.141985, 2.48745
9.528107, 3.182096, 3.158281, 2.489688
9.539349, 3.577826, 3.196585, 2.492027
9.550306, 3.611813, 3.241356, 2.494127
9.561492, 3.775249, 3.293043, 2.496178
9.573207, 3.717985, 3.342229, 2.498343
9.583831, 3.741589, 3.390768, 2.500262
9.594723, 3.809855, 3.442899, 2.502268
9.611328, 3.81716, 3.493519, 2.505102
9.617293, 3.734993, 3.519549, 2.506074
9.628205, 3.827455, 3.553951, 2.507835
9.640021, 3.863089, 3.582189, 2.509628
9.650531, 4.038431, 3.622766, 2.511211
9.661342, 4.354052, 3.67735, 2.512968
9.673063, 4.295923, 3.727621, 2.51463
9.683763, 4.213903, 3.758461, 2.516114
9.694831, 4.261489, 3.791986, 2.517681
9.706215, 4.461451, 3.835207, 2.51915
9.716735, 4.185075, 3.868121, 2.520615
9.72828, 4.723648, 3.924015, 2.522031
9.739522, 4.481206, 3.983715, 2.523274
9.750544, 4.816863, 4.065454, 2.524505
9.761651, 4.8009, 4.126607, 2.525849
9.772934, 4.453751, 4.168704, 2.526639
9.783802, 4.521218, 4.206002, 2.527669
9.794635, 4.596234, 4.249915, 2.528601
9.805843, 5.150288, 4.320349, 2.529566
9.817152, 5.388703, 4.399292, 2.530589
9.828931, 4.492015, 4.433034, 2.53148
9.840169, 4.635872, 4.478078, 2.53237
9.850204, 4.828016, 4.528106, 2.53305
9.86152, 4.924295, 4.581166, 2.533702
9.872564, 4.977058, 4.628098, 2.534199
9.883761, 5.013263, 4.661058, 2.534752
9.894733, 5.038362, 4.69818, 2.535291
9.905792, 4.990328, 4.737001, 2.535787
9.916906, 5.111992, 4.779527, 2.536236
9.928041, 4.885845, 4.800746, 2.536624
9.939177, 4.502172, 4.816602, 2.537065
9.95021, 4.080673, 4.784453, 2.537354
9.961381, 4.507348, 4.78576, 2.537584
9.972633, 4.389263, 4.76438, 2.537774
9.983618, 4.285592, 4.738614, 2.538028
9.994676, 4.174828, 4.724668, 2.537924
10.00581, 4.037529, 4.700484, 2.537941
10.01692, 4.064528, 4.673898, 2.537856
10.02812, 4.487167, 4.640742, 2.537767
10.03928, 4.683404, 4.605477, 2.537572
10.05025, 4.610762, 4.611415, 2.537365
10.06119, 4.107981, 4.585021, 2.537192
10.07244, 4.032412, 4.54524, 2.536834
10.08351, 4.106783, 4.504364, 2.536475
10.09453, 3.932743, 4.452149, 2.536077
10.10562, 3.793418, 4.391157, 2.535603
10.11684, 3.739177, 4.326198, 2.535178
10.12782, 3.735532, 4.263458, 2.534612
10.13929, 3.594038, 4.18756, 2.533922
10.1502, 3.64387, 4.125462, 2.533238
10.16155, 3.485723, 4.074639, 2.532368
10.17309, 3.61414, 4.051312, 2.531594
10.18331, 2.475317, 3.949711, 2.530831
10.19466, 2.990787, 3.879787, 2.530097
10.20598, 2.458511, 3.788433, 2.529151
10.2168, 2.55188, 3.707285, 2.528197
10.22771, 2.632827, 3.63705, 2.527133
10.23916, 2.747756, 3.571212, 2.526073
10.25003, 2.746094, 3.484158, 2.524942
10.2612, 2.569404, 3.378458, 2.523542
10.27262, 2.905259, 3.293183, 2.522208
10.28342, 3.094413, 3.242505, 2.5209
10.29445, 2.772683, 3.179518, 2.51988
10.30584, 4.38572, 3.193465, 2.518429
10.31716, 2.14514, 3.104085, 2.516623
10.32835, 1.535907, 2.99121, 2.515052
10.33883, 0, 2.80425, 2.513761
10.51657, 1.603742, 2.697661, 2.480903
10.52784, 1.752805, 2.605599, 2.478374
10.53909, 2.307743, 2.538793, 2.47585
10.55015, 1.582439, 2.443629, 2.473288
10.56109, 2.339722, 2.379908, 2.470755
10.57224, 2.240313, 2.368158, 2.468109
10.6385, 4.413176, 2.439277, 2.451057
10.65026, 2.591611, 2.445932, 2.447864
10.66111, 2.392011, 2.437938, 2.444762
10.67268, 2.447125, 2.428653, 2.441496
10.68319, 2.424177, 2.412474, 2.438481
10.69424, 2.49412, 2.399876, 2.435206
10.70552, 2.479318, 2.395371, 2.431881
10.7165, 2.384179, 2.369317, 2.428626
10.72768, 2.272024, 2.328198, 2.425244
10.73883, 2.223336, 2.30073, 2.421789
10.74987, 2.241352, 2.193512, 2.418314
10.76089, 2.142897, 2.1934, 2.414875
10.7726, 2.129617, 2.223086, 2.411071
10.78319, 2.117604, 2.328966, 2.407616
10.79429, 2.121912, 2.354874, 2.404125
10.80535, 1.928485, 2.363658, 2.400439
10.81668, 2.154852, 2.356014, 2.396435
10.8273, 2.209775, 2.387381, 2.392807
10.83877, 2.223888, 2.381589, 2.388794
10.84976, 2.207317, 2.379939, 2.384977
10.86098, 2.569001, 2.28773, 2.381014
10.87216, 2.667184, 2.291509, 2.376925
10.88309, 2.969115, 2.320364, 2.372968
10.89423, 2.994646, 2.34774, 2.368866
10.9051, 2.966974, 2.37488, 2.36484
10.91649, 2.969084, 2.398628, 2.360669
10.92751, 3.110643, 2.430194, 2.35651
10.93878, 3.233884, 2.47268, 2.352179
10.95016, 3.565966, 2.537377, 2.34791
10.96084, 2.98142, 2.575281, 2.343759
10.9836, 2.412656, 2.583846, 2.334823
10.99428, 0, 2.476701, 2.330675
11.18299, 0, 2.37022, 2.248631
11.19424, 2.281715, 2.378426, 2.243246
11.20506, 1.79168, 2.361914, 2.238135
11.21639, 1.90448, 2.360714, 2.232727
11.22751, 2.322038, 2.369073, 2.227353
11.2388, 2.29673, 2.373421, 2.22198
11.24987, 2.411467, 2.3828, 2.216679
11.2606, 2.514136, 2.398141, 2.211432
11.27176, 2.458831, 2.392633, 2.205863
11.28311, 2.688317, 2.393689, 2.200223
11.29429, 3.561268, 2.423297, 2.194594
11.30496, 3.006878, 2.423909, 2.189206
11.31665, 2.567193, 2.40392, 2.18365
11.32728, 2.213075, 2.366119, 2.178182
11.33838, 2.194302, 2.320302, 2.172638
11.35008, 2.424892, 2.279853, 2.16676
11.36105, 2.384732, 2.220791, 2.161094
11.3716, 2.382161, 2.190828, 2.15552
11.38316, 2.458478, 2.193119, 2.149459
11.39872, 3.897997, 2.388019, 2.14125
11.40505, 3.279596, 2.551999, 2.13788
11.41621, 3.279596, 2.601892, 2.131844
11.42745, 3.12028, 2.668323, 2.125813
11.43823, 3.177194, 2.731958, 2.12
11.44951, 3.284575, 2.780085, 2.113751
11.46054, 3.097068, 2.820102, 2.107715
11.47195, 3.036218, 2.85134, 2.101541
11.48272, 3.120359, 2.88165, 2.095575
11.4939, 2.068016, 2.86211, 2.089339
11.50495, 2.350106, 2.845199, 2.083154
11.51651, 2.174986, 2.775885, 2.076607
11.52727, 2.373159, 2.744199, 2.070562
11.53852, 2.521619, 2.74192, 2.064172
11.5495, 2.7054, 2.766537, 2.057976
11.56044, 2.49582, 2.781613, 2.0517
11.57207, 2.517051, 2.786221, 2.045054
11.5832, 2.56526, 2.795247, 2.038624
11.59384, 2.464783, 2.799378, 2.032442
11.60514, 2.501951, 2.801552, 2.025854
11.61651, 2.540227, 2.733664, 2.019086
11.62718, 2.559041, 2.697636, 2.012721
11.63841, 2.570168, 2.662164, 2.006046
11.65, 2.562261, 2.634263, 1.999215
11.66062, 2.605707, 2.605689, 1.992871
11.67184, 2.584747, 2.570697, 1.986027
11.68293, 2.554578, 2.543573, 1.979346
11.69409, 2.599364, 2.52173, 1.972702
11.70509, 2.581586, 2.494792, 1.966023
11.71621, 2.583213, 2.520551, 1.959176
11.72746, 2.591408, 2.532616, 1.952292
11.73837, 2.586586, 2.553196, 1.945584
11.74949, 2.531509, 2.561114, 1.938794
11.76061, 2.502581, 2.560162, 1.931906
11.77174, 2.496586, 2.549721, 1.925064
11.78261, 2.452429, 2.547552, 1.918273
11.79396, 2.451013, 2.54425, 1.911156
11.80503, 2.360403, 2.534007, 1.904239
11.81626, 2.33782, 2.527659, 1.897129
11.8272, 2.233502, 2.514236, 1.890287
11.83865, 2.207421, 2.497596, 1.883063
11.84952, 2.251836, 2.482235, 1.876119
11.86046, 2.187687, 2.463111, 1.869173
11.87164, 2.177312, 2.443864, 1.862012
11.88294, 2.243264, 2.425742, 1.854774
11.89397, 2.036777, 2.398344, 1.847571
11.90544, 2.037784, 2.372504, 1.840336
11.91616, 2.03478, 2.344275, 1.833404
11.92716, 2.025829, 2.316487, 1.826298
11.93825, 2.073688, 2.29101, 1.819122
11.94958, 2.072686, 2.265074, 1.811885
11.96053, 2.345187, 2.253005, 1.804767
11.97144, 2.937265, 2.273292, 1.797702
11.98342, 2.573208, 2.276824, 1.789885
11.9937, 2.479697, 2.275979, 1.78323
12.00479, 2.496417, 2.278179, 1.775958
12.0161, 2.510034, 2.28113, 1.76837
12.02715, 2.498097, 2.288014, 1.7611
12.03806, 2.499618, 2.296104, 1.753893
12.04939, 2.534725, 2.311166, 1.746435
12.06039, 2.485848, 2.325087, 1.739142
12.07163, 2.497809, 2.337386, 1.731717
12.08287, 2.460794, 2.351041, 1.724241
12.0935, 2.353138, 2.359832, 1.716832
12.10481, 2.396645, 2.367501, 1.709254
12.11604, 2.402227, 2.385774, 1.701783
12.12713, 2.399529, 2.403861, 1.694376
12.13814, 2.367874, 2.420516, 1.686972
12.14936, 2.380171, 2.438233, 1.679436
12.16042, 2.515911, 2.460344, 1.67197
12.17154, 2.543966, 2.483908, 1.664452
12.18276, 2.598102, 2.496554, 1.656862
12.19397, 2.611167, 2.480249, 1.649255
12.20471, 2.663069, 2.484742, 1.641947
12.21601, 2.735094, 2.497512, 1.634154
12.22709, 2.713792, 2.50838, 1.626612
12.23808, 2.75147, 2.520452, 1.619118
12.24908, 2.805116, 2.535803, 1.611619
12.2604, 2.732969, 2.547471, 1.603868
12.27152, 2.695577, 2.555513, 1.596229
12.28258, 2.707839, 2.566613, 1.588635
12.29368, 2.440631, 2.563754, 1.581136
12.30485, 2.172007, 2.549315, 1.573448
12.31607, 2.119867, 2.537651, 1.565599
12.32713, 2.690932, 2.552366, 1.557902
12.33793, 1.548482, 2.509678, 1.550439
12.34928, 1.597494, 2.469576, 1.542624
12.36032, 0, 2.351183, 1.535014
12.52698, 1.046487, 2.284499, 1.420214
12.5381, 1.039317, 2.210669, 1.4125
12.54941, 1.298066, 2.148374, 1.404699
12.5602, 1.35503, 2.08622, 1.397218
12.57153, 1.373747, 2.024349, 1.389461
12.58261, 1.296904, 1.956041, 1.381796
12.59345, 1.425532, 1.890563, 1.374307
12.60457, 1.442906, 1.827018, 1.366551
12.61596, 1.30244, 1.754567, 1.358688
12.62705, 1.316226, 1.680123, 1.351086
12.63782, 1.388966, 1.612923, 1.343651
12.64915, 1.320076, 1.544148, 1.335863
12.66018, 1.519559, 1.484734, 1.328261
12.67128, 1.6119, 1.443297, 1.320734
12.68235, 1.652586, 1.417326, 1.313146
12.69377, 1.760981, 1.399382, 1.305213
12.70462, 1.644545, 1.347062, 1.29777
12.71555, 1.634897, 1.351383, 1.290286
12.72677, 1.556915, 1.349354, 1.282486
12.73797, 1.551565, 1.426933, 1.274795
12.74958, 1.545681, 1.451892, 1.26686
12.76027, 1.454068, 1.47263, 1.259534
12.77134, 1.42101, 1.478777, 1.252084
12.78248, 1.405364, 1.481294, 1.244494
12.7933, 1.387642, 1.481989, 1.237153
12.80453, 1.380597, 1.486173, 1.229501
12.81625, 1.450978, 1.487445, 1.221575
12.82727, 1.410922, 1.485846, 1.214117
12.83863, 1.406588, 1.491054, 1.206452
12.84966, 1.414924, 1.495988, 1.198972
12.86073, 1.369554, 1.495018, 1.191508
12.87126, 1.365828, 1.497306, 1.184485
12.8825, 1.354871, 1.489071, 1.176939
12.89385, 1.356125, 1.476282, 1.169326
12.90447, 1.376602, 1.462483, 1.162286
12.91611, 1.416204, 1.445244, 1.154521
12.9269, 1.405424, 1.433288, 1.147386
12.93768, 1.401966, 1.421642, 1.140221
12.94915, 1.392048, 1.413398, 1.13268
12.96003, 1.374429, 1.404541, 1.125512
12.97117, 1.428806, 1.398698, 1.118181
12.98224, 1.226339, 1.387311, 1.110917
12.99345, 1.140822, 1.373302, 1.103542
13.00445, 1.156197, 1.360844, 1.096395
13.01608, 1.031756, 1.343049, 1.088801
13.0269, 0, 1.274019, 1.081634
13.19337, 0.8480968, 1.243875, 0.9757761
13.20472, 0.838201, 1.215239, 0.9685954
13.21544, 0.8409163, 1.186956, 0.961965
13.2265, 0.9678127, 1.1646, 0.955156
13.23773, 0.9517921, 1.143712, 0.9482601
13.24874, 0.8919425, 1.120018, 0.9414259
13.26007, 0.8295197, 1.09375, 0.934505
13.27108, 0.8857995, 1.070234, 0.9278778
13.28295, 0.9084736, 1.046828, 0.9206907
13.29338, 0.8646502, 1.01925, 0.9143658
13.30436, 0.8607089, 0.9920142, 0.9075289
13.3156, 0.8713034, 0.9654811, 0.9007635
13.32671, 1.03768, 0.9477627, 0.8941233
13.33772, 1.090787, 0.9335806, 0.8875583
13.3491, 1.091963, 0.9167384, 0.8809096
13.35985, 0.9995633, 0.9053996, 0.8745646
13.37113, 1.054781, 0.9010976, 0.8680224
13.38229, 1.046669, 0.8956212, 0.8615139
13.393, 1.064299, 0.8972484, 0.8552308
13.40428, 1.07645, 0.9510709, 0.8486948
13.41551, 1.099571, 0.9636446, 0.842188
13.42666, 1.091022, 0.9762856, 0.8358809
13.43765, 1.09442, 0.9889609, 0.829574
13.44893, 1.094648, 0.9953026, 0.8230875
13.45993, 1.073109, 1.001368, 0.8168253
13.47089, 1.076214, 1.010582, 0.8106195
13.48235, 1.064143, 1.022313, 0.8041469
13.49334, 1.050834, 1.030565, 0.7979726
13.50417, 1.061092, 1.038196, 0.7918488
13.51608, 1.04226, 1.047076, 0.785229
13.52641, 1.008867, 1.054484, 0.7795121
13.53753, 1.007447, 1.061291, 0.7733822
13.54881, 0.9980956, 1.059312, 0.7673236
13.5596, 1.025322, 1.056039, 0.7614331
13.5709, 1.042156, 1.053549, 0.7552817
13.58193, 1.042712, 1.055706, 0.7493095
13.59291, 0.9940571, 1.05267, 0.7432085
13.60398, 0.9794696, 1.04931, 0.7372966
13.61546, 0.9598041, 1.044085, 0.7312
13.62639, 0.9495904, 1.037742, 0.7254799
13.63743, 0.9426635, 1.029897, 0.7196818
13.64844, 0.9322488, 1.021958, 0.714023
13.65982, 0.9093297, 1.012704, 0.7081194
13.67078, 0.9203963, 1.003991, 0.7023661
13.68208, 0.8962978, 0.9951504, 0.6965353
13.69319, 0.8735756, 0.9850186, 0.6908303
13.70393, 0.8666756, 0.9751452, 0.6853972
13.71521, 1.231126, 0.9841598, 0.6797076
13.72625, 0.8582354, 0.974017, 0.6743883
13.7375, 0.7374923, 0.9587787, 0.6688163
13.74842, 0.8275163, 0.9497111, 0.6631346
13.75984, 0, 0.8993388, 0.6575201
13.77096, 0, 0.849434, 0.6520304
13.78187, 0, 0.7981679, 0.6466267
13.82652, 0, 0.7460601, 0.6255078
13.85958, 0, 0.6939245, 0.6101879
13.87081, 0, 0.6442217, 0.6051147
13.88208, 0, 0.5952482, 0.6000333
13.8931, 0, 0.547258, 0.5950833
13.90388, 0, 0.4997784, 0.5903277
13.91537, 0, 0.4526452, 0.5852988
13.92738, 0, 0.4060328, 0.5801204
13.93721, 0.507295, 0.385931, 0.5759026
13.94841, 0.5560225, 0.3677123, 0.5710768
13.95951, 0.574885, 0.3516417, 0.5663905
13.97046, 0.579367, 0.3369313, 0.5619008
13.98198, 0.6152033, 0.3243577, 0.5571456
13.99289, 0.5457027, 0.2900865, 0.5526462
14.00421, 0.5398303, 0.2741663, 0.547983
14.01558, 0.5408957, 0.2643364, 0.5434117
14.02603, 0.5652217, 0.2512217, 0.53925
14.0373, 0.5698642, 0.2797149, 0.5348269
14.04912, 0.5998585, 0.3097078, 0.5302452
14.05951, 0.5640466, 0.3379101, 0.5263421
14.07056, 0.5547228, 0.3656463, 0.52217
14.08208, 0.5699762, 0.3941451, 0.5178208
14.09291, 0.5655891, 0.4224246, 0.5138273
14.10384, 0.5505373, 0.4499514, 0.5095352
14.11502, 0.556322, 0.4777675, 0.505458
14.12653, 0.5694615, 0.5062406, 0.5013552
14.13692, 0.5602536, 0.5342533, 0.4976545
14.14843, 0.5620402, 0.5623553, 0.493526
14.15958, 0.5715578, 0.5655685, 0.4897278
14.17071, 0.5569532, 0.5656151, 0.4859243
14.18161, 0.5555662, 0.564649, 0.4821883
14.19306, 0.5518383, 0.5632726, 0.4782743
14.20356, 0.5519199, 0.5601085, 0.4748407
14.21508, 0.5495915, 0.5603029, 0.4710792
14.2262, 0.547092, 0.560666, 0.4673109
14.23722, 0.5479009, 0.5610163, 0.4637915
14.24824, 0.5410191, 0.5598062, 0.46036
14.2596, 0.542141, 0.55842, 0.4568939
14.27059, 0.54097, 0.5554756, 0.4534987
14.2817, 0.5371195, 0.5541292, 0.4501133
14.29275, 0.5245653, 0.5526214, 0.4466969
14.3037, 0.5247797, 0.5503615, 0.4434792
14.31509, 0.5170913, 0.5479367, 0.4401826
14.32598, 0.5095345, 0.5458866, 0.4372581
14.33754, 0.5089504, 0.5435179, 0.4340388
14.34811, 0.5098376, 0.5405368, 0.4311107
14.35978, 0.51544, 0.538296, 0.4279789
14.37059, 0.5180004, 0.5360941, 0.4251317
14.3816, 0.5212371, 0.533578, 0.422242
14.39293, 0.5145007, 0.5314554, 0.4193056
14.40353, 0.5109719, 0.5292257, 0.4164395
14.41501, 0.5066619, 0.5269669, 0.413509
14.42607, 0.4970123, 0.5242215, 0.4109589
14.43707, 0.4900812, 0.521246, 0.4083298
14.4482, 0.4909009, 0.5184364, 0.4055636
14.45938, 0.4802463, 0.5150536, 0.4030452
14.47025, 0.4763863, 0.511822, 0.4006723
14.48163, 0.4693468, 0.5081823, 0.3981417
14.49261, 0.4582071, 0.5040442, 0.3957098
14.50422, 0.3970227, 0.4970393, 0.3931571
14.5156, 0.4229214, 0.491957, 0.3908041
14.52598, 0, 0.4657181, 0.3885778
14.53703, 0, 0.4398635, 0.3863941
14.59218, 0, 0.4143867, 0.3759866
14.62561, 0, 0.3889392, 0.3704504
14.63698, 0, 0.3634474, 0.3686429
14.64796, 0, 0.3376754, 0.3668694
14.65937, 0, 0.3117753, 0.365152
14.67019, 0, 0.2857135, 0.3636037
14.68166, 0, 0.2599885, 0.3619009
14.6927, 0.3552516, 0.2522025, 0.3603987
14.70424, 0.3779173, 0.2457652, 0.3588127
14.71491, 0.3738344, 0.2396063, 0.3574423
14.72569, 0.3634043, 0.2332725, 0.356125
14.73702, 0.3506144, 0.2262582, 0.3547872
14.74809, 0.3618339, 0.2203375, 0.3535848
14.75934, 0.3671307, 0.2148747, 0.3524582
14.77041, 0.3588872, 0.2093517, 0.3513445
14.78125, 0.3562273, 0.2042528, 0.3502839
14.79254, 0.3615736, 0.2024803, 0.3492543
14.80403, 0.3663796, 0.1996532, 0.3482464
14.81461, 0.3679089, 0.2180487, 0.347358
14.82609, 0.3456572, 0.2353315, 0.3464447
14.83708, 0.3505248, 0.2528578, 0.3456768
14.85345, 0.3567227, 0.2706939, 0.3445761
14.85908, 0.3602296, 0.2887054, 0.3442199
14.8702, 0.3557041, 0.3064906, 0.3436449
14.88142, 0.3616065, 0.324571, 0.3431551
14.89274, 0.3536532, 0.3422536, 0.342625
14.90348, 0.3528053, 0.3598939, 0.3421311
14.91472, 0.3545377, 0.3598582, 0.3416911
14.92589, 0.3513088, 0.3585277, 0.3412874
14.93701, 0.3478391, 0.357228, 0.3409719
14.94828, 0.3478478, 0.3564501, 0.340755
14.95922, 0.3519742, 0.3565181, 0.3405131
14.97031, 0, 0.3384264, 0.3403765
14.98141, 0, 0.3200699, 0.3402891
15.13655, 0.3269041, 0.3184707, 0.344268
15.14787, 0.3269625, 0.3170075, 0.3448885
15.15896, 0.344111, 0.3161344, 0.3455545
15.17078, 0.3444305, 0.3150369, 0.3464631
15.1811, 0.3442163, 0.3138523, 0.3472683
15.19207, 0.3319935, 0.3131691, 0.3481392
15.2034, 0.3454272, 0.3129142, 0.3491901
15.21451, 0.3458264, 0.3123694, 0.3501927
15.22546, 0.3450585, 0.3116108, 0.3512256
15.23675, 0.3504575, 0.3113485, 0.3522902
15.2477, 0.3501365, 0.310775, 0.3534971
15.25897, 0.3470631, 0.3104455, 0.3547977
15.27028, 0.3470685, 0.3101586, 0.3560858
15.2811, 0.3453324, 0.3096984, 0.3572376
15.29217, 0.3490246, 0.3095842, 0.3585071
15.30366, 0.3497673, 0.3096806, 0.3600007
15.31448, 0.3507393, 0.3098251, 0.3614295
15.32562, 0.3507499, 0.3097639, 0.3630239
15.33674, 0.3528801, 0.3274079, 0.3646078
15.34799, 0.3551005, 0.3451629, 0.366262
15.35893, 0.3549374, 0.3465646, 0.3679765
15.37011, 0.3532589, 0.3478794, 0.3697642
15.38119, 0.3565065, 0.3484992, 0.3715297
15.39233, 0.3611354, 0.3493344, 0.3734626
15.40331, 0.3606681, 0.3501571, 0.3752846
15.41459, 0.3612051, 0.3516176, 0.3771726
15.42601, 0.3569312, 0.3521928, 0.3792434
15.43657, 0.3538527, 0.3525941, 0.3812954
15.44771, 0.3649287, 0.3535877, 0.3834175
15.45911, 0, 0.3360648, 0.3856878
15.47014, 0, 0.3185579, 0.3878993
15.64767, 0.3707218, 0.3197409, 0.4298179
15.65879, 0.3513199, 0.3199535, 0.432956
15.67, 0.3519112, 0.3202824, 0.4360719
15.68084, 0.3665278, 0.3211575, 0.4390331
15.69201, 0.3613586, 0.3217371, 0.4422528
15.70319, 0.371742, 0.3227872, 0.4454839
15.71418, 0.392953, 0.3248974, 0.4487308
15.72557, 0.4024228, 0.3273745, 0.4521441
15.73667, 0.3911464, 0.3291768, 0.4555349
15.74755, 0.3824456, 0.3305522, 0.4588574
15.7588, 0.3843712, 0.3321078, 0.4624507
15.77004, 0.3915428, 0.3338596, 0.4660938
15.78083, 0.3927233, 0.335439, 0.4695176
15.79223, 0.3955183, 0.3371815, 0.4732216
15.80323, 0.3974893, 0.3389958, 0.4769691
15.81413, 0.3967516, 0.3409868, 0.480547
15.82588, 0.3978564, 0.3431869, 0.4845023
15.83665, 0.3988975, 0.3448854, 0.4881561
15.8474, 0.3990835, 0.3648396, 0.4919823
15.8589, 0.3999999, 0.3848395, 0.4961253
15.86961, 0.4110448, 0.3868557, 0.4999815
15.88084, 0.4169086, 0.3901351, 0.5040171
15.89211, 0.4186011, 0.3934696, 0.508199
15.903, 0.4219784, 0.3962422, 0.5122494
15.91447, 0.4244078, 0.3993946, 0.5165598
15.92552, 0.4222605, 0.4019205, 0.52074
15.93663, 0.4358252, 0.4040641, 0.5250045
15.94771, 0.4347139, 0.4056787, 0.5292106
15.95866, 0.440239, 0.4081333, 0.5334461
15.96978, 0.4443398, 0.411228, 0.5378756
15.98085, 0.4448931, 0.4142541, 0.5422673
15.99169, 0.4493664, 0.4171453, 0.5467073
16.00312, 0.4567129, 0.4203448, 0.5513678
16.01402, 0.4580598, 0.4234719, 0.5557798
16.0253, 0.4579722, 0.4264961, 0.560455
16.03647, 0.4665814, 0.4299876, 0.5651918
16.04744, 0.4667687, 0.4334331, 0.5698229
16.05847, 0.4696212, 0.4369694, 0.5744537
16.07004, 0.4883496, 0.4414327, 0.5792999
16.08069, 0.4829414, 0.4455798, 0.5838938
16.09157, 0.4988951, 0.4499723, 0.5885983
16.10341, 0.503487, 0.4543012, 0.5937997
16.11407, 0.501237, 0.458433, 0.5985166
16.12491, 0.5038097, 0.4625246, 0.6033475
16.1364, 0.5022392, 0.4664162, 0.6084225
16.14768, 0.4991961, 0.4702629, 0.6134812
16.15878, 0.5076035, 0.4738519, 0.618521
16.16953, 0.5128456, 0.4777585, 0.6235175
16.18071, 0.5112761, 0.4813103, 0.6287163
16.19205, 0.5087072, 0.4845287, 0.6339613
16.20327, 0.5072079, 0.4876444, 0.6391118
16.21397, 0.5104005, 0.4906961, 0.6441938
16.22527, 0.515346, 0.4936278, 0.6496757
16.23629, 0.5181724, 0.4966334, 0.6551215
16.24745, 0.5239331, 0.4999314, 0.6605356
16.25874, 0.533015, 0.5032531, 0.6660507
16.2698, 0.541187, 0.5069741, 0.6714405
16.28056, 0.5447167, 0.5107288, 0.6767632
16.2919, 0.6215934, 0.517391, 0.6824223
16.30305, 0.6412303, 0.5253054, 0.6881958
16.31385, 0.655406, 0.533131, 0.6936688
16.32504, 0.6592348, 0.5409185, 0.6993744
16.33624, 0.6637027, 0.5490417, 0.7050866
16.34729, 0.6550394, 0.5566033, 0.7108108
16.35901, 0.6663106, 0.5648068, 0.7168937
16.36951, 0.6656487, 0.5731294, 0.7223238
16.3807, 0.6649776, 0.5809981, 0.7280746
16.39197, 0.6800587, 0.5893587, 0.7340865
16.40277, 0.6822262, 0.5979062, 0.7398776
16.41392, 0.6866737, 0.6068045, 0.7457885
16.42505, 0.6846495, 0.6156766, 0.7517664
16.43618, 0.6889922, 0.6246063, 0.7578532
16.44716, 0.7116814, 0.634423, 0.7638461
16.45845, 0.7310601, 0.6450674, 0.77
16.46952, 0.7371489, 0.6557282, 0.7760504
16.48063, 0.7366264, 0.6659088, 0.7821583
16.49194, 0.7439461, 0.6760467, 0.7884871
16.50298, 0.7366984, 0.6856458, 0.7947127
16.51364, 0.7404587, 0.691589, 0.8006358
16.52502, 0.75984, 0.6975195, 0.807016
16.53611, 0.8017062, 0.7048345, 0.813337
16.54729, 0.8013796, 0.7119417, 0.8196695
16.55855, 0.8048683, 0.719, 0.8260666
16.56952, 0.7974666, 0.7261213, 0.8324013
16.58077, 0.7961794, 0.7326148, 0.8389216
16.59146, 0.8101777, 0.7398413, 0.8449559
16.60281, 0.8348033, 0.7483326, 0.8516527
16.61384, 0.8363097, 0.7561451, 0.8580769
16.6292, 0.8357999, 0.7638239, 0.8670804
16.63628, 0.8445534, 0.7717178, 0.8713544
16.6471, 0.83376, 0.7791733, 0.8777223
16.65807, 0.836571, 0.7865523, 0.8843383
16.66948, 0.8495121, 0.7934439, 0.8912291
16.68063, 0.8398753, 0.7988847, 0.8977939
16.69151, 0.8303493, 0.8035447, 0.9041939
16.70289, 0.8437688, 0.8089019, 0.911059
16.7137, 0.8158768, 0.8124984, 0.9176096
16.72492, 1.007846, 0.8260558, 0.9244903
16.73617, 0.9136949, 0.8347176, 0.9313956
16.7469, 0.9047683, 0.8419639, 0.9379991
16.75833, 0.9068623, 0.8472217, 0.9449511
16.76945, 0.8995399, 0.8521298, 0.9518693
16.78058, 0.9102343, 0.857398, 0.9587986
16.79154, 0.902661, 0.8626577, 0.9656739
16.80266, 0.9408448, 0.869891, 0.9724625
16.81419, 0.9765921, 0.8782118, 0.9796446
16.82491, 1.01087, 0.8870152, 0.9863037
16.83639, 0.9979264, 0.895096, 0.9936202
16.84727, 1.001229, 0.9033674, 1.000476
16.85812, 1.002274, 0.9112535, 1.007239
16.86936, 1.003125, 0.9197218, 1.01452
16.88099, 1.001099, 0.9279482, 1.021926
16.89262, 1.014965, 0.9362208, 1.029386
16.90257, 1.036196, 0.9460368, 1.035708
16.91395, 1.026966, 0.9558676, 1.043022
16.92484, 1.032194, 0.9652889, 1.050022
16.93579, 1.04433, 0.9767116, 1.056996
16.94707, 1.053484, 0.9789934, 1.064255
16.9583, 1.069321, 0.9867747, 1.071642
16.96929, 1.062494, 0.994661, 1.078857
16.98073, 1.056191, 1.002127, 1.086236
16.9917, 1.138534, 1.014077, 1.093543
17.00262, 1.146328, 1.025882, 1.100809
17.01368, 1.150903, 1.038294, 1.108166
17.02488, 1.255509, 1.054027, 1.115554
17.03611, 1.239916, 1.067193, 1.122983
17.04704, 1.247276, 1.079014, 1.130166
17.05826, 1.249245, 1.09158, 1.137593
17.06917, 1.262451, 1.104641, 1.144836
17.08027, 1.270017, 1.118028, 1.152188
17.09145, 1.277215, 1.131732, 1.159703
17.10254, 1.245209, 1.143938, 1.166971
17.11385, 1.230456, 1.154712, 1.174544
17.1247, 1.213568, 1.163581, 1.18182
17.1358, 1.264102, 1.175438, 1.189217
17.14691, 1.264912, 1.187074, 1.196711
17.15826, 1.214265, 1.19557, 1.204496
17.16898, 1.227292, 1.204261, 1.2119
17.18042, 1.261721, 1.213881, 1.219648
17.19216, 1.354356, 1.228474, 1.227694
17.20239, 1.437853, 1.247557, 1.234688
17.21352, 1.373628, 1.259312, 1.242292
17.22482, 1.325012, 1.268246, 1.250006
17.2357, 1.302467, 1.275824, 1.257221
17.24704, 1.347876, 1.280442, 1.264938
17.25815, 1.324455, 1.284669, 1.272546
17.26921, 1.291304, 1.286871, 1.280133
17.28016, 1.293361, 1.289077, 1.287561
17.29161, 1.294193, 1.290664, 1.295439
17.30248, 1.341103, 1.294218, 1.302883
17.31372, 1.355766, 1.298146, 1.310733
17.32453, 1.374501, 1.30461, 1.318251
17.33562, 1.368104, 1.311493, 1.325585
17.3471, 1.35909, 1.318769, 1.333462
17.35823, 1.352023, 1.323165, 1.341152
17.36912, 1.346246, 1.327231, 1.348792
17.38018, 1.34538, 1.333787, 1.356396
17.39123, 1.34494, 1.33967, 1.364164
17.40233, 1.373041, 1.345236, 1.371815
17.41345, 1.354899, 1.345263, 1.379527
17.42444, 1.348213, 1.340781, 1.387092
17.43575, 1.332835, 1.338741, 1.394922
17.44728, 1.316457, 1.338313, 1.402837
17.45822, 1.320491, 1.339215, 1.410229
17.469, 1.310736, 1.337358, 1.417527
17.48037, 1.311243, 1.336697, 1.425391
17.49202, 1.346966, 1.33948, 1.433448
17.50244, 1.290283, 1.339326, 1.440622
17.51352, 1.241902, 1.336712, 1.4484
17.52476, 1.570449, 1.348179, 1.456184
17.53541, 1.529399, 1.356861, 1.463424
17.54691, 1.505183, 1.363395, 1.471299
17.55788, 1.436245, 1.366802, 1.478966
17.56903, 1.50927, 1.374311, 1.486736
17.58027, 1.527327, 1.383076, 1.494503
17.59097, 1.539374, 1.392732, 1.50177
17.60258, 1.551631, 1.403045, 1.509755
17.61346, 1.512338, 1.411415, 1.517198
17.62419, 1.475491, 1.416537, 1.524644
17.63565, 1.545975, 1.426091, 1.53256
17.64652, 1.561906, 1.436776, 1.539927
17.65787, 1.563148, 1.448291, 1.547563
17.66882, 1.606584, 1.462798, 1.554948
17.68042, 1.655199, 1.479533, 1.562939
17.69117, 1.649318, 1.496462, 1.570332
17.70214, 1.708508, 1.516325, 1.577792
17.71344, 1.685408, 1.533247, 1.585502
17.72424, 1.694553, 1.553461, 1.592846
17.73558, 1.717379, 1.577235, 1.600537
17.74654, 1.398585, 1.568642, 1.607981
17.75777, 1.563408, 1.570342, 1.615535
17.76863, 1.589296, 1.574548, 1.6229
17.78083, 1.585032, 1.581987, 1.631165
17.79088, 1.581663, 1.585607, 1.637936
17.80235, 1.630267, 1.590754, 1.645679
17.81351, 1.683966, 1.597983, 1.654041
17.82429, 1.743478, 1.607576, 1.66142
17.83557, 1.738295, 1.618874, 1.668995
17.84647, 1.736862, 1.631942, 1.676415
17.85807, 1.738364, 1.641562, 1.684235
17.86891, 1.785272, 1.65273, 1.69151
17.88004, 1.786899, 1.663918, 1.698989
17.8915, 1.790039, 1.67309, 1.706677
17.90237, 1.806777, 1.680669, 1.713926
17.91353, 1.806762, 1.688542, 1.721367
17.92427, 1.831724, 1.694702, 1.728542
17.9355, 1.86, 1.703432, 1.735761
17.94649, 1.883034, 1.712856, 1.74298
17.95777, 1.983022, 1.726138, 1.750678
17.96865, 1.970888, 1.754753, 1.757944
17.97992, 1.960728, 1.774619, 1.765381
17.99084, 1.957192, 1.793014, 1.77267
18.00209, 1.945332, 1.811029, 1.780113
18.01364, 1.962921, 1.830091, 1.787384
18.02414, 1.90581, 1.843869, 1.794275
18.0355, 1.892705, 1.854306, 1.8017
18.04652, 1.86193, 1.860228, 1.808853
18.05811, 1.892673, 1.867947, 1.816509
18.06886, 1.855244, 1.873866, 1.823352
18.07984, 1.835421, 1.878719, 1.830477
18.09081, 1.87295, 1.883103, 1.837419
18.10194, 1.832137, 1.885365, 1.844593
18.1133, 1.845152, 1.88812, 1.851912
18.12428, 1.837736, 1.889668, 1.858951
18.13528, 1.667539, 1.882707, 1.866093
18.14635, 1.624277, 1.872335, 1.873144
18.15774, 1.585311, 1.8586, 1.880164
18.16862, 1.671497, 1.848023, 1.887058
18.17984, 1.63948, 1.830846, 1.894135
18.19075, 1.695604, 1.817082, 1.901039
18.20195, 1.707912, 1.804441, 1.908061
18.21295, 1.722892, 1.792727, 1.914993
18.22432, 1.839219, 1.787421, 1.922031
18.23509, 1.824526, 1.780501, 1.928624
18.24662, 1.820499, 1.776236, 1.935628
18.25756, 1.876078, 1.775404, 1.94234
18.2688, 1.923647, 1.77849, 1.949339
18.27974, 1.919277, 1.77982, 1.956015
18.29559, 1.941941, 1.784155, 1.965633
18.30206, 1.915823, 1.788175, 1.969574
18.31317, 1.924814, 1.790768, 1.976308
18.32431, 1.92212, 1.795267, 1.983026
18.33529, 1.910717, 1.798545, 1.989575
18.34616, 1.952517, 1.804284, 1.995992
18.35776, 1.944335, 1.818124, 2.002863
18.36868, 2.024775, 1.838149, 2.009278
18.37953, 2.015078, 1.859638, 2.015655
18.39085, 2.040007, 1.878063, 2.022422
18.40185, 2.113385, 1.901759, 2.028827
18.41323, 2.144275, 1.924192, 2.035385
18.42406, 2.159993, 1.946796, 2.041623
18.43526, 2.299635, 1.975633, 2.048028
18.44675, 2.317763, 1.999561, 2.0546
18.45771, 2.481913, 2.03243, 2.06094
18.46852, 2.429499, 2.06288, 2.06715
18.47957, 2.395875, 2.08887, 2.073393
18.4908, 2.347064, 2.11004, 2.079829
18.50187, 2.510557, 2.139604, 2.085976
18.51304, 2.512148, 2.168115, 2.092219
18.52415, 2.482051, 2.196426, 2.098354
18.53516, 2.515199, 2.225946, 2.104411
18.54648, 2.533655, 2.256522, 2.110566
18.55738, 2.525958, 2.287284, 2.116554
18.56851, 2.498599, 2.314589, 2.122383
18.57981, 2.510638, 2.342904, 2.128487
18.5914, 2.457155, 2.364523, 2.134701
18.60198, 2.513968, 2.389467, 2.140327
18.61313, 2.617472, 2.41834, 2.146221
18.62412, 2.591639, 2.442253, 2.15201
18.63512, 2.672076, 2.468643, 2.157773
18.64635, 2.651585, 2.493223, 2.163604
18.65742, 2.598561, 2.508169, 2.169447
18.66843, 2.480604, 2.516311, 2.17512
18.6797, 2.35931, 2.510181, 2.180823
18.6907, 2.451259, 2.511269, 2.186461
18.70204, 2.374259, 2.510188, 2.192199
18.71307, 2.278828, 2.506776, 2.1976
18.72408, 2.335407, 2.498019, 2.203118
18.73519, 2.250187, 2.484921, 2.208637
18.74623, 2.163189, 2.468978, 2.214051
18.75742, 2.16777, 2.451606, 2.219511
18.7686, 2.232017, 2.436525, 2.225064
18.77972, 2.217745, 2.421114, 2.230422
18.79058, 2.217745, 2.407071, 2.235628
18.80185, 2.218969, 2.392488, 2.240965
18.81301, 2.223774, 2.380819, 2.246346
18.8244, 2.245538, 2.367397, 2.251624
18.83531, 2.272615, 2.350154, 2.256702
18.84601, 2.275108, 2.334328, 2.261831
18.85815, 2.337951, 2.317622, 2.267364
18.86828, 2.296553, 2.29987, 2.271803
18.87951, 2.363328, 2.288108, 2.276844
18.89112, 2.348533, 2.281505, 2.28202
18.90183, 2.348557, 2.280967, 2.286729
18.91308, 2.332644, 2.275036, 2.291607
18.92444, 2.474539, 2.28005, 2.296692
18.93497, 2.387781, 2.285498, 2.301257
18.94607, 2.516559, 2.294556, 2.306031
18.9573, 2.451296, 2.304611, 2.310791
18.96813, 2.405763, 2.31674, 2.315483
18.97941, 2.414097, 2.329056, 2.320198
18.99048, 2.443958, 2.339653, 2.324663
19.00173, 2.467336, 2.352132, 2.329162
19.01261, 2.560349, 2.369262, 2.333591
19.02401, 2.550913, 2.38586, 2.33816
19.03488, 2.584423, 2.403892, 2.342376
19.04601, 2.480953, 2.415663, 2.346715
19.05719, 2.563806, 2.430222, 2.351051
19.06835, 2.488635, 2.440899, 2.355394
19.07933, 2.619023, 2.454952, 2.359561
19.09029, 2.596094, 2.469929, 2.363645
19.10212, 2.620874, 2.482806, 2.368095
19.11269, 2.70452, 2.500606, 2.372036
19.12417, 2.674931, 2.516924, 2.376268
19.13494, 2.534379, 2.527011, 2.380065
19.14594, 2.576893, 2.532129, 2.383945
19.15765, 2.580085, 2.541744, 2.388046
19.16829, 2.662919, 2.549062, 2.391783
19.17952, 2.559465, 2.554471, 2.395634
19.19069, 2.576883, 2.563026, 2.3995
19.20139, 2.550236, 2.569833, 2.403102
19.21268, 2.487579, 2.572014, 2.406813
19.22396, 2.413615, 2.569329, 2.41054
19.2348, 2.347996, 2.558711, 2.414036
19.2458, 2.361379, 2.549234, 2.417459
19.2573, 2.403871, 2.540206, 2.421073
19.26816, 2.519115, 2.542114, 2.424368
19.27899, 2.519102, 2.539879, 2.427697
19.29052, 2.482675, 2.539581, 2.431213
19.30156, 2.450344, 2.531147, 2.434489
19.31268, 2.351766, 2.518931, 2.437828
19.32404, 2.334608, 2.504618, 2.440948
19.33502, 2.322829, 2.485533, 2.444049
19.3458, 2.485657, 2.476069, 2.446985
19.3572, 2.537231, 2.476212, 2.450097
19.36832, 2.469179, 2.470826, 2.452949
19.37931, 2.342292, 2.458937, 2.455859
19.39113, 2.348868, 2.443234, 2.459142
19.40152, 2.427373, 2.43663, 2.461851
19.4124, 2.543449, 2.434958, 2.464368
19.42375, 2.511167, 2.433005, 2.467278
19.43464, 2.616987, 2.439475, 2.469905
19.44588, 2.850227, 2.461305, 2.472734
19.45701, 2.877662, 2.487789, 2.475335
19.46786, 2.918107, 2.515625, 2.477881
19.47919, 3.013098, 2.546087, 2.480407
19.49045, 3.119419, 2.576102, 2.483017
19.50149, 3.098506, 2.605072, 2.48539
19.51263, 3.055331, 2.633705, 2.487626
19.52387, 2.978651, 2.66012, 2.489826
19.53459, 3.024127, 2.693738, 2.491993
19.54571, 2.987357, 2.726376, 2.494219
19.55703, 3.068926, 2.763681, 2.496428
19.56806, 3.210846, 2.79994, 2.49843
19.58076, 3.20598, 2.833378, 2.500791
19.59016, 3.128896, 2.866364, 2.502487
19.60149, 3.140493, 2.906273, 2.504475
19.61248, 3.053117, 2.941486, 2.506423
19.62343, 3.019872, 2.971111, 2.508231
19.63472, 2.926551, 2.990266, 2.510076
19.6456, 2.959728, 3.012694, 2.511673
19.6569, 2.930526, 3.028371, 2.513388
19.66795, 2.853607, 3.02854, 2.514978
19.67918, 2.948564, 3.032085, 2.516593
19.6901, 2.929996, 3.03268, 2.518348
19.70169, 2.820806, 3.023065, 2.519915
19.71246, 2.771933, 3.005691, 2.521369
19.72346, 2.759324, 2.988731, 2.522718
19.73462, 2.744663, 2.973198, 2.524073
19.74544, 2.726495, 2.96059, 2.524994
19.7571, 2.799829, 2.949375, 2.526248
19.76808, 2.731825, 2.936599, 2.527456
19.77896, 2.891371, 2.927721, 2.528535
19.79009, 2.820525, 2.908205, 2.529599
19.80136, 3.085882, 2.9022, 2.530593
19.81222, 2.990747, 2.895293, 2.531437
19.82364, 2.405224, 2.85853, 2.532362
19.83472, 3.534154, 2.882581, 2.533183
19.84543, 2.980165, 2.880596, 2.533997
19.8569, 3.20863, 2.8947, 2.534749
19.86789, 2.953582, 2.894392, 2.535437
19.8789, 3.103333, 2.903033, 2.536083
19.89087, 3.26131, 2.923418, 2.536686
19.90129, 3.246113, 2.938296, 2.537138
19.9121, 3.218683, 2.95273, 2.537372
19.92381, 3.19156, 2.971267, 2.537796
19.93469, 3.22323, 2.993832, 2.53817
19.94557, 3.080943, 3.009913, 2.538595
19.95689, 2.655267, 3.005444, 2.538742
19.97102, 1.679585, 2.953098, 2.539031
19.98188, 0, 2.813107, 2.539172
