14.98091, True, 0, 4.413939
15.13642, True, 0, 6.569969
15.25895, True, 0, 4.237274
15.26969, True, 0, 7.458704
15.2819, True, 0, 2.252676
15.37121, True, 0, 7.10334
15.38339, True, 0, 7.021652
15.39385, True, 0, 2.550622
15.40558, True, 0, 2.787269
15.45062, True, 0, 0
15.66028, True, 0, 2.863368
15.67237, True, 0, 2.096726
15.69409, True, 0, 4.345932
15.7047, True, 0, 6.842559
15.83653, True, 0, 1.437956
15.84802, True, 0, 1.75921
15.85872, True, 0, 2.281326
15.86979, True, 0, 1.702797
15.88101, True, 0, 1.520048
15.89245, True, 0, 1.518568
15.90482, True, 0, 1.623911
15.91626, True, 0, 1.678268
15.92801, True, 0, 1.666661
15.94036, True, 0, 1.752676
15.95072, True, 0, 1.876895
15.96205, True, 0, 1.85432
15.97319, True, 0, 1.769109
15.98315, True, 0, 1.713864
15.994, True, 0, 1.90956
16.00432, True, 0, 2.093444
16.01608, True, 0, 2.248898
16.02796, True, 0, 2.289114
16.04019, True, 0, 2.47015
16.05026, True, 0, 2.491326
16.06269, True, 0, 2.957167
16.07267, True, 0, 2.937158
16.08357, True, 0, 2.175575
16.09476, True, 0, 2.107025
16.10592, True, 0, 2.30672
16.11717, True, 0, 2.295619
16.12889, True, 0, 3.012203
16.14034, True, 0, 9.559632
16.15166, True, 0, 4.483554
16.30703, True, 0, 7.682602
16.31918, True, 0, 2.229248
16.32928, True, 0, 3.144023
16.3419, True, 0, 1.136748
16.3517, True, 0, 2.038076
16.36289, True, 0, 2.426094
16.37401, True, 0, 1.883159
16.38426, True, 0, 2.403286
16.39592, True, 0, 2.156646
16.4081, True, 0, 2.246829
16.42059, True, 0, 2.471988
16.43247, True, 0, 2.453617
16.44403, True, 0, 2.339076
16.4561, True, 0, 2.33706
16.46749, True, 0, 2.327604
16.47633, True, 0, 2.325718
16.48699, True, 0, 2.281968
16.49893, True, 0, 2.293883
16.5101, True, 0, 2.537549
16.52266, True, 0, 2.5477
16.53361, True, 0, 2.724094
16.54438, True, 0, 2.870181
16.5562, True, 0, 2.015756
16.57433, True, 0, 2.246532
16.58826, True, 0, 1.686577
16.60073, True, 0, 1.903041
16.61156, True, 0, 1.833686
16.62032, True, 0, 1.713098
16.63103, True, 0, 1.805245
16.6418, True, 0, 1.90517
16.65198, True, 0, 1.793572
16.66383, True, 0, 1.817839
16.67594, True, 0, 2.484808
16.69945, True, 0, 0.9747158
16.72052, True, 0, 1.400165
16.74178, True, 0, 2.143853
16.75161, True, 0, 2.005189
16.76277, True, 0, 2.664014
16.77325, True, 0, 4.035599
16.78327, True, 0, 2.757107
16.79368, True, 0, 2.895191
16.806, True, 0, 4.025904
16.81752, True, 0, 3.703848
16.82809, True, 0, 2.449527
16.83867, True, 0, 3.31207
16.84955, True, 0, 3.24
16.86123, True, 1, 3.613251
16.8717, True, 1, 4.182399
16.8834, True, 1, 4.87318
16.89489, True, 1, 4.467914
16.9059, True, 1, 3.440634
16.91665, True, 1, 3.267302
16.92722, True, 1, 3.067507
16.93858, True, 1, 3.039253
16.94926, True, 1, 3.106215
16.96016, True, 1, 3.094095
16.97185, True, 1, 2.783414
16.98266, True, 1, 2.683782
16.99455, True, 1, 2.647737
17.00855, True, 1, 3.593952
17.02116, True, 1, 9.792
17.03326, True, 1, 7.96259
17.04391, True, 1, 9.547675
17.05552, True, 1, 8.771856
17.06606, True, 1, 9.082149
17.07811, True, 1, 5.039661
17.09058, True, 1, 5.866467
17.10127, True, 1, 4.574964
17.11167, True, 1, 4.831798
17.12337, True, 1, 8.302233
17.1354, True, 1, 2.959954
17.31334, True, 1, 4.796336
17.32542, True, 1, 2.446731
17.33566, True, 1, 1.824131
17.34645, True, 1, 2.370544
17.35872, True, 1, 1.971869
17.37982, True, 1, 8.569894
17.50194, True, 1, 4.891889
17.51516, True, 1, 4.507175
17.52529, True, 1, 5.189455
17.53534, True, 1, 3.767411
17.54664, True, 1, 3.436686
17.55883, True, 1, 1.489993
17.58091, True, 1, 2.307803
17.59205, True, 1, 2.154583
17.60343, True, 1, 1.435349
17.61616, True, 1, 2.245068
17.62618, True, 1, 0
17.63781, True, 1, 1.564595
17.64872, True, 1, 1.302963
17.65985, True, 1, 1.308513
17.67174, True, 1, 1.264738
17.68337, True, 1, 1.316394
17.69476, True, 1, 1.380192
17.70703, True, 1, 1.336611
17.7187, True, 1, 1.253014
17.7307, True, 1, 1.241892
17.74239, True, 1, 1.251368
17.75469, True, 1, 1.256483
17.76684, True, 1, 1.315594
17.77771, True, 1, 1.307301
17.78959, True, 1, 1.262344
17.80089, True, 1, 1.232339
17.81192, True, 1, 1.262197
17.82322, True, 1, 1.130765
17.83514, True, 1, 1.307135
17.84655, True, 1, 1.311233
17.85831, True, 1, 1.325913
17.87017, True, 1, 1.334196
17.88198, True, 1, 1.084166
17.89293, True, 1, 1.086367
17.90421, True, 1, 1.101836
17.91442, True, 1, 1.129501
17.92522, True, 1, 1.123828
17.93901, True, 1, 1.088965
17.94906, True, 1, 1.129094
17.9591, True, 1, 1.072208
17.97072, True, 1, 1.064027
17.98233, True, 1, 1.067506
17.99266, True, 1, 0.9180857
18.00489, True, 1, 0.9012703
18.01646, True, 1, 0.9131747
18.02873, True, 1, 0.9181676
18.03852, True, 1, 0.940704
18.05098, True, 1, 1.038539
18.0626, True, 1, 1.041359
18.07437, True, 1, 1.061824
18.08903, True, 1, 1.066447
18.09977, True, 1, 1.07893
18.1115, True, 1, 1.120157
18.12188, True, 1, 1.046922
18.1335, True, 1, 1.053114
18.14303, True, 1, 1.050755
18.15339, True, 1, 1.226349
18.16311, True, 1, 1.222105
18.17325, True, 1, 1.070691
18.18388, True, 1, 0.8447352
18.19496, True, 1, 1.399264
18.20732, True, 1, 1.192454
18.21892, True, 1, 1.571584
18.23147, True, 1, 2.131008
18.24244, True, 1, 2.586596
18.25344, True, 1, 1.71185
18.26482, True, 1, 1.740984
18.2758, True, 1, 2.048997
18.28871, True, 1, 1.960557
18.29955, True, 1, 1.988433
18.30919, True, 1, 2.054058
18.35057, True, 1, 2.804802
18.36414, True, 1, 2.874846
18.37584, True, 1, 3.017433
18.3863, True, 1, 2.792608
18.39644, True, 1, 3.106118
18.40889, True, 1, 5.396282
18.4189, True, 1, 5.960264
18.43001, True, 1, 8.053038
18.44112, True, 1, 7.533986
18.4513, True, 1, 7.222759
18.46132, True, 1, 6.541647
18.47259, True, 1, 6.681213
18.63464, True, 1, 4.28049
18.64606, True, 1, 5.216957
18.65703, True, 1, 2.92601
18.66827, True, 1, 2.040533
18.6796, True, 1, 1.889101
18.69188, True, 1, 1.632951
18.70401, True, 1, 1.692077
18.71692, True, 1, 1.798774
18.7287, True, 1, 2.014733
18.74104, True, 1, 1.965054
18.75327, True, 1, 1.87109
18.76261, True, 1, 1.865341
18.7742, True, 1, 1.817382
18.78468, True, 1, 1.750372
18.79553, True, 1, 2.666152
18.80734, True, 1, 3.382367
18.81892, True, 1, 3.124155
18.8341, True, 1, 1.662
18.84541, True, 1, 2.569921
18.85728, True, 1, 6.052413
18.86787, True, 1, 2.963766
18.87907, True, 1, 4.036434
18.89036, True, 1, 2.804893
18.90129, True, 1, 5.102457
18.91224, True, 1, 1.374844
18.9231, True, 1, 4.73184
18.94577, True, 1, 4.67836
18.95697, True, 1, 3.233456
18.97919, True, 1, 4.173539
18.98997, True, 1, 0
19.00132, True, 1, 0
19.12433, True, 1, 0
19.13644, True, 1, 0
19.15003, True, 1, 0
19.15982, True, 1, 0
19.17115, True, 1, 0
19.18246, True, 1, 1.536006
19.19397, True, 1, 0.9737419
19.20457, True, 1, 2.456442
19.2163, True, 1, 1.938416
19.25794, True, 1, 2.47795
19.26795, True, 1, 2.764776
19.2791, True, 1, 3.976238
19.29028, True, 1, 4.07445
19.30266, True, 1, 3.590696
19.31493, True, 1, 3.74363
19.3252, True, 1, 4.21897
19.33862, True, 1, 4.65782
19.35031, True, 1, 9.74327
19.36143, True, 1, 6.043862
19.3724, True, 1, 8.031846
19.59297, True, 1, 4.265903
19.60429, True, 1, 2.214288
19.62659, True, 1, 1.812747
19.63827, True, 1, 1.495595
19.64948, True, 1, 1.740903
19.65964, True, 1, 1.700806
19.67206, True, 1, 1.816164
19.68268, True, 1, 1.497876
19.69374, True, 1, 1.601551
19.70563, True, 1, 1.372805
19.71642, True, 1, 1.416951
19.72876, True, 1, 1.678304
19.74035, True, 1, 1.365919
19.75149, True, 1, 1.911674
19.7613, True, 1, 2.061319
19.77182, True, 1, 1.375942
19.78401, True, 1, 1.516182
19.7991, True, 1, 1.580283
19.80947, True, 1, 2.021027
19.8206, True, 1, 1.838687
19.83239, True, 1, 1.861832
19.84467, True, 1, 1.512683
19.85627, True, 1, 1.503103
19.86749, True, 1, 1.506599
19.8761, True, 1, 1.516114
19.88864, True, 1, 1.50964
19.89978, True, 1, 1.488514
19.91126, True, 1, 0.8216376
19.92397, True, 1, 2.67341
19.97875, True, 1, 4.46636
19.98993, True, 1, 4.748971
20.00089, True, 1, 8.860256
20.01173, True, 1, 9.26014
20.0237, True, 1, 7.814226
20.0348, True, 1, 9.998755
20.06725, True, 1, 5.887893
20.07857, True, 1, 7.031046
20.09011, True, 1, 7.550525
20.12308, True, 1, 9.135308
20.16721, True, 1, 9.813332
20.17863, True, 1, 8.44527
20.18946, True, 1, 8.029159
20.21159, True, 1, 9.97301
20.23374, True, 1, 6.227326
20.52734, True, 1, 1.663847
20.5387, True, 1, 1.423336
20.55001, True, 1, 6.103804
20.56137, True, 1, 4.658714
20.57228, True, 1, 5.326033
20.58368, True, 1, 5.378433
20.59573, True, 1, 7.907995
20.6071, True, 1, 4.80825
20.61802, True, 1, 4.396429
20.63259, True, 1, 4.997109
20.64431, True, 1, 5.163357
20.65688, True, 1, 4.999686
20.66817, True, 1, 4.427252
20.67958, True, 1, 4.330885
20.69059, True, 1, 3.920836
20.70036, True, 1, 4.726883
20.71156, True, 1, 4.097389
20.72282, True, 1, 4.141608
20.73387, True, 1, 3.9319
20.74477, True, 1, 3.767364
20.756, True, 1, 3.42975
20.76755, True, 1, 3.383534
20.78048, True, 1, 4.075715
20.79065, True, 1, 3.399094
20.80061, True, 1, 3.953749
20.81266, True, 1, 3.873663
20.82271, True, 1, 6.049582
20.83388, True, 1, 3.693635
20.84499, True, 1, 3.871286
20.85601, True, 1, 3.565361
20.86691, True, 1, 4.040612
20.87817, True, 1, 4.015706
20.88918, True, 1, 3.68885
20.90091, True, 1, 3.773792
20.91379, True, 1, 1.017705
20.97868, True, 1, 8.018815
21.43846, True, 1, 6.823352
21.48273, True, 1, 7.840546
21.4938, True, 1, 6.453718
21.50565, True, 1, 4.827769
21.51627, True, 1, 7.303473
21.52885, True, 1, 5.979456
21.54056, True, 1, 4.7588
21.5527, True, 1, 7.35106
21.56329, True, 1, 5.859354
21.57406, True, 1, 7.602444
21.5848, True, 1, 3.783418
21.59659, True, 1, 3.856602
21.60808, True, 1, 8.226228
21.62055, True, 1, 8.210022
21.63255, True, 1, 8.4767
21.64463, True, 1, 4.249127
21.65688, True, 1, 4.501386
21.66734, True, 1, 4.075993
21.67802, True, 1, 4.161155
21.68918, True, 1, 4.465275
21.70131, True, 1, 4.191981
21.72299, True, 1, 3.001668
21.73326, True, 1, 1.542842
21.74453, True, 1, 2.233391
21.75635, True, 1, 2.353271
21.76775, True, 1, 1.802807
21.77956, True, 1, 1.720342
21.79059, True, 1, 1.519018
21.80255, True, 1, 1.455914
21.81573, True, 1, 1.459895
21.82765, True, 1, 1.505248
21.83969, True, 1, 1.542234
21.8506, True, 1, 1.538704
21.8619, True, 2, 1.61861
21.87491, True, 2, 1.912683
21.8878, True, 2, 1.899931
21.89866, True, 2, 1.861331
21.91009, True, 2, 2.121099
21.92095, True, 2, 2.043375
21.93204, True, 2, 2.078061
21.94251, True, 2, 2.006022
21.95435, True, 2, 2.12989
21.96483, True, 2, 2.097635
21.97553, True, 2, 2.294419
21.98707, True, 2, 2.688495
21.99773, True, 2, 2.411027
22.00809, True, 2, 2.568628
22.01779, True, 2, 2.480778
22.02841, True, 2, 2.658123
22.04033, True, 2, 2.657745
22.05077, True, 2, 2.652597
22.0629, True, 2, 2.660215
22.07474, True, 2, 2.325999
22.08514, True, 2, 2.181484
22.0979, True, 2, 2.153298
22.10869, True, 2, 2.066255
22.11911, True, 2, 1.959506
22.12941, True, 2, 1.966161
22.14071, True, 2, 1.046563
22.15235, True, 2, 1.028532
22.17222, True, 2, 5.360303
22.18351, True, 2, 3.456577
22.19477, True, 2, 2.810943
22.2065, True, 2, 4.763081
22.21664, True, 2, 4.315016
22.22835, True, 2, 2.754583
22.24224, True, 2, 6.02017
22.25433, True, 2, 8.892803
22.39052, True, 2, 8.440022
22.40149, True, 2, 6.385629
22.41445, True, 2, 5.52084
22.42538, True, 2, 6.569196
22.4371, True, 2, 5.827718
22.44822, True, 2, 6.731713
22.46041, True, 2, 2.932085
22.47263, True, 2, 2.833434
22.48343, True, 2, 2.495603
22.49417, True, 2, 2.691794
22.50496, True, 2, 2.495652
22.51602, True, 2, 2.603124
22.52818, True, 2, 2.615634
22.54025, True, 2, 2.606001
22.5524, True, 2, 2.248751
22.5621, True, 2, 2.339677
22.57404, True, 2, 1.86957
22.58421, True, 2, 1.871095
22.59466, True, 2, 1.614668
22.60507, True, 2, 1.575168
22.61532, True, 2, 1.483986
22.62555, True, 2, 1.477256
22.63611, True, 2, 1.317231
22.64868, True, 2, 1.297769
22.65956, True, 2, 1.344235
22.67027, True, 2, 1.348045
22.68181, True, 2, 1.365602
22.6954, True, 2, 1.330367
22.70726, True, 2, 1.311113
22.71736, True, 2, 1.364864
22.72851, True, 2, 1.43511
22.73901, True, 2, 1.471445
22.74933, True, 2, 1.429635
22.75811, True, 2, 1.542629
22.76758, True, 2, 1.648823
22.77839, True, 2, 1.644415
22.78901, True, 2, 1.653976
22.79924, True, 2, 1.430207
22.81166, True, 2, 1.261502
22.82164, True, 2, 1.417271
22.83294, True, 2, 1.358917
22.84449, True, 2, 1.348825
22.85659, True, 2, 1.349346
22.86718, True, 2, 1.232215
22.87981, True, 2, 1.233564
22.89082, True, 2, 1.143449
22.9024, True, 2, 1.221396
22.91405, True, 2, 1.236476
22.92513, True, 2, 1.21054
22.93567, True, 2, 1.217854
22.94708, True, 2, 1.077726
22.95749, True, 2, 0.859815
22.9689, True, 2, 0.8614234
22.98056, True, 2, 0.8617302
22.9928, True, 2, 0.872124
23.00527, True, 2, 1.100157
23.01562, True, 2, 1.225636
23.02758, True, 2, 1.240394
23.03785, True, 2, 1.246971
23.04883, True, 2, 1.290122
23.06023, True, 2, 1.334238
23.07139, True, 2, 1.476401
23.08228, True, 2, 1.381516
23.09081, True, 2, 1.373777
23.10057, True, 2, 1.362855
23.11381, True, 2, 1.391586
23.12472, True, 2, 1.006036
23.13487, True, 2, 2.157766
23.14591, True, 2, 1.523739
23.15693, True, 2, 1.409383
23.16747, True, 2, 2.534281
23.17955, True, 2, 1.716752
23.19386, True, 2, 2.220306
23.20574, True, 2, 1.604007
23.21615, True, 2, 5.822375
23.22754, True, 2, 4.472274
23.23822, True, 2, 2.240841
23.24955, True, 2, 4.262928
23.25933, True, 2, 5.055084
23.27179, True, 2, 5.644777
23.40073, True, 2, 9.755834
23.41282, True, 2, 8.094872
23.42445, True, 2, 9.309435
23.4468, True, 2, 8.89367
23.54526, True, 2, 3.962042
23.5902, True, 2, 5.169093
23.62612, True, 2, 6.768192
23.63698, True, 2, 6.979926
23.64858, True, 2, 8.844856
23.65923, True, 2, 6.135413
23.67187, True, 2, 6.610733
23.68277, True, 2, 6.097258
23.69334, True, 2, 5.339282
23.7064, True, 2, 5.503933
23.71828, True, 2, 5.850836
23.72962, True, 2, 5.354527
23.73963, True, 2, 4.972591
23.75003, True, 2, 5.041397
23.76163, True, 2, 4.883344
23.77306, True, 2, 5.185133
23.78312, True, 2, 4.583838
23.79425, True, 2, 4.649784
23.80596, True, 2, 7.931004
24.04469, True, 2, 2.659596
24.10012, True, 2, 8.338373
24.21158, True, 2, 7.009018
24.22283, True, 2, 6.300979
24.23436, True, 2, 7.970014
24.24561, True, 2, 7.954044
24.25675, True, 2, 8.670711
24.26867, True, 2, 8.823367
24.27934, True, 2, 8.338743
24.29063, True, 2, 7.906706
24.30262, True, 2, 5.568604
24.3132, True, 2, 5.269339
24.3245, True, 2, 4.374712
24.33645, True, 2, 4.314666
24.34754, True, 2, 4.272805
24.35865, True, 2, 2.896336
24.36975, True, 2, 2.774675
24.39281, True, 2, 1.259505
24.40512, True, 2, 2.502839
24.41537, True, 2, 1.198582
24.42768, True, 2, 3.44395
24.43682, True, 2, 2.632485
24.44975, True, 2, 1.927006
24.4602, True, 2, 1.819478
24.47265, True, 2, 1.864445
24.48339, True, 2, 1.899503
24.49589, True, 2, 1.894397
24.50764, True, 2, 1.934624
24.51929, True, 2, 2.026585
24.5318, True, 2, 1.946827
24.54408, True, 2, 1.881304
24.55635, True, 2, 1.637411
24.56866, True, 2, 1.736724
24.58021, True, 2, 2.026645
24.59004, True, 2, 2.012645
24.60025, True, 2, 2.421866
24.61384, True, 2, 2.697999
24.62576, True, 2, 3.434174
24.6361, True, 2, 3.934123
24.64735, True, 2, 3.287134
24.65882, True, 2, 3.777081
24.66997, True, 2, 4.42776
24.68071, True, 2, 4.889933
24.74304, True, 2, 8.004309
24.75415, True, 2, 8.746524
24.77797, True, 2, 7.980869
24.78765, True, 2, 8.211872
24.79859, True, 2, 3.756334
24.81081, True, 2, 3.778523
24.82138, True, 2, 3.316157
24.83276, True, 2, 4.320136
24.84334, True, 2, 4.573787
24.85531, True, 2, 3.366107
24.86571, True, 2, 2.893305
24.8775, True, 2, 3.9794
24.88948, True, 2, 2.492103
24.90107, True, 2, 6.169391
24.91288, True, 2, 3.499181
24.92448, True, 2, 3.670669
24.9367, True, 2, 5.358546
24.94774, True, 2, 5.524353
24.95839, True, 2, 3.836488
24.97001, True, 2, 3.473419
24.98194, True, 2, 3.445144
24.99183, True, 2, 3.349809
25.00255, True, 2, 3.623916
25.01405, True, 2, 4.800894
25.02457, True, 2, 4.846043
25.03642, True, 2, 6.702178
25.04869, True, 2, 6.808303
25.06125, True, 2, 6.527354
25.07417, True, 2, 6.785538
25.08527, True, 2, 5.542328
25.09809, True, 2, 2.511395
25.10785, True, 2, 2.224228
25.23147, True, 2, 9.111686
25.24305, True, 2, 6.861865
25.25499, True, 2, 6.95999
25.26537, True, 2, 5.047986
25.27616, True, 2, 6.029597
25.28808, True, 2, 5.179153
25.29842, True, 2, 3.767604
25.31051, True, 2, 3.425135
25.32135, True, 2, 3.463061
25.33158, True, 2, 2.952093
25.34436, True, 2, 2.621492
25.35519, True, 2, 2.542923
25.3661, True, 2, 2.451043
25.37903, True, 2, 3.425784
25.39081, True, 2, 2.72227
25.4025, True, 2, 2.625456
25.4125, True, 2, 2.420727
25.42312, True, 2, 2.278608
25.43546, True, 2, 2.068532
25.44757, True, 2, 6.341392
25.46831, True, 2, 3.319492
25.48063, True, 2, 4.273992
25.49132, True, 2, 5.309995
25.5023, True, 2, 5.793293
25.51339, True, 2, 5.884542
25.52419, True, 2, 6.199682
25.53769, True, 2, 6.402009
25.54852, True, 2, 5.946965
25.5607, True, 2, 5.810077
25.5728, True, 2, 5.715623
25.58383, True, 2, 5.507925
25.59405, True, 2, 5.44662
25.60682, True, 2, 5.270256
25.61613, True, 2, 5.658606
25.62794, True, 2, 4.872846
25.65085, True, 2, 2.93285
25.96458, True, 2, 6.333419
25.97574, True, 2, 2.330295
25.98722, True, 2, 4.287399
26.00893, True, 2, 6.654539
26.1276, True, 2, 3.654947
26.34288, True, 2, 3.254798
26.35326, True, 2, 4.906932
26.36464, True, 2, 1.036727
26.37658, True, 2, 1.848478
26.38851, True, 2, 1.545339
26.39836, True, 2, 2.119698
26.40907, True, 2, 7.150088
26.43103, True, 2, 3.387817
26.4423, True, 2, 8.098893
26.45329, True, 2, 6.727739
26.46433, True, 2, 9.270329
26.48754, True, 2, 8.868383
26.49812, True, 2, 8.252984
26.50904, True, 2, 6.076006
26.52113, True, 2, 7.549407
26.53225, True, 2, 9.166531
26.54224, True, 2, 7.997902
26.5643, True, 2, 9.190205
26.57598, True, 2, 1.944679
26.58715, True, 2, 2.787306
26.60103, True, 2, 1.53212
26.61135, True, 2, 2.526184
26.62295, True, 2, 1.818208
26.63365, True, 2, 1.464007
26.64568, True, 2, 1.242351
26.6579, True, 2, 2.161439
26.67066, True, 2, 1.739572
26.68124, True, 2, 2.026719
26.69327, True, 2, 2.232466
26.70332, True, 2, 1.969355
26.71398, True, 2, 1.754532
26.72519, True, 2, 2.155869
26.73589, True, 2, 2.297979
26.74752, True, 2, 2.16498
26.75629, True, 2, 2.391259
26.76732, True, 2, 2.413323
26.77983, True, 2, 2.352101
26.7903, True, 2, 2.271266
26.80124, True, 2, 2.076321
26.81357, True, 2, 2.164672
26.82452, True, 2, 2.064395
26.83607, True, 2, 2.203473
26.84853, True, 2, 1.982489
26.85845, True, 2, 1.949986
26.86789, True, 3, 1.941562
26.87896, True, 3, 1.951523
26.89031, True, 3, 2.200545
26.90037, True, 3, 1.696793
26.91243, True, 3, 4.492433
26.92248, True, 3, 6.036075
26.93256, True, 3, 3.433504
26.94405, True, 3, 5.362359
26.95479, True, 3, 2.801415
26.97789, True, 3, 5.448131
26.98897, True, 3, 8.168256
26.99971, True, 3, 6.143213
27.01383, True, 3, 8.199176
27.02408, True, 3, 7.11519
27.03359, True, 3, 5.199675
27.04551, True, 3, 6.828714
27.0557, True, 3, 6.292556
27.06663, True, 3, 5.209417
27.07779, True, 3, 4.97515
27.0895, True, 3, 3.966129
27.10238, True, 3, 5.874518
27.11474, True, 3, 6.085559
27.12713, True, 3, 6.936046
27.13721, True, 3, 6.497099
27.14854, True, 3, 5.283741
27.16104, True, 3, 5.024724
27.17203, True, 3, 5.202932
27.18276, True, 3, 6.997105
27.19453, True, 3, 6.401691
27.26922, True, 3, 2.78772
27.28091, True, 3, 2.909784
27.29087, True, 3, 2.716973
27.3024, True, 3, 2.815185
27.31438, True, 3, 2.560116
27.32475, True, 3, 4.087232
27.33587, True, 3, 3.204888
27.34907, True, 3, 4.094494
27.35941, True, 3, 1.749577
27.37031, True, 3, 2.326075
27.4666, True, 3, 7.419436
27.49709, True, 3, 6.720391
27.50863, True, 3, 5.223327
27.53145, True, 3, 3.90713
27.54322, True, 3, 6.002335
27.55414, True, 3, 9.191168
27.5642, True, 3, 2.891939
27.57511, True, 3, 1.947729
27.58617, True, 3, 3.115311
27.59715, True, 3, 5.980484
27.65287, True, 3, 3.829908
27.66425, True, 3, 2.342882
27.67504, True, 3, 3.071694
27.68612, True, 3, 2.829553
27.69784, True, 3, 2.961587
27.70879, True, 3, 2.695346
27.72083, True, 3, 2.889586
27.73324, True, 3, 3.040659
27.74496, True, 3, 2.922789
27.75532, True, 3, 3.06214
27.76593, True, 3, 3.104977
27.77803, True, 3, 3.114048
27.78796, True, 3, 3.302328
27.7992, True, 3, 2.238003
27.81026, True, 3, 2.196873
27.82276, True, 3, 2.567723
27.83288, True, 3, 2.703627
27.84429, True, 3, 2.024074
27.85556, True, 3, 2.020376
27.86714, True, 3, 2.110652
27.87833, True, 3, 1.966904
27.88948, True, 3, 1.737596
27.90068, True, 3, 1.809558
27.91461, True, 3, 1.819335
27.92513, True, 3, 1.820061
27.93627, True, 3, 1.585633
27.94724, True, 3, 1.587969
27.95831, True, 3, 1.633309
27.96966, True, 3, 1.648563
27.98224, True, 3, 1.538661
27.9948, True, 3, 1.521674
28.00673, True, 3, 1.440303
28.01767, True, 3, 1.415392
28.02749, True, 3, 1.15121
28.03892, True, 3, 1.357097
28.04829, True, 3, 1.344242
28.05899, True, 3, 1.337586
28.07014, True, 3, 1.340358
28.08087, True, 3, 1.338764
28.09104, True, 3, 1.057393
28.10152, True, 3, 1.049304
28.1126, True, 3, 1.049379
28.12293, True, 3, 1.018366
28.13368, True, 3, 1.019165
28.14298, True, 3, 1.010932
28.15379, True, 3, 1.00759
28.16442, True, 3, 0.9885132
28.17655, True, 3, 0.9592707
28.18686, True, 3, 0.9850289
28.19903, True, 3, 1.032943
28.2098, True, 3, 1.11643
28.22083, True, 3, 1.081036
28.23269, True, 3, 1.259537
28.24486, True, 3, 1.202519
28.25587, True, 3, 1.194851
28.26566, True, 3, 1.178781
28.28246, True, 3, 1.122733
28.29337, True, 3, 1.144858
28.30487, True, 3, 1.056758
28.31561, True, 3, 1.038574
28.32941, True, 3, 1.070233
28.34062, True, 3, 1.124453
28.35149, True, 3, 1.122056
28.36326, True, 3, 1.122318
28.37449, True, 3, 1.099358
28.38597, True, 3, 1.097019
28.39673, True, 3, 1.132844
28.411, True, 3, 1.146181
28.42226, True, 3, 1.149992
28.43216, True, 3, 1.173128
28.4449, True, 3, 1.149368
28.45592, True, 3, 1.148677
28.46725, True, 3, 1.46831
28.47727, True, 3, 2.189799
28.4878, True, 3, 2.101146
28.49743, True, 3, 2.238969
28.50964, True, 3, 1.830066
28.52236, True, 3, 2.501453
28.53425, True, 3, 2.305104
28.54684, True, 3, 2.184587
28.56012, True, 3, 2.401528
28.57142, True, 3, 2.505768
28.58152, True, 3, 9.378026
28.59305, True, 3, 1.805468
28.61525, True, 3, 2.184563
28.62711, True, 3, 2.337904
28.63807, True, 3, 2.254196
28.64937, True, 3, 4.127532
28.66025, True, 3, 4.928215
28.67089, True, 3, 4.401413
28.68427, True, 3, 5.038617
28.69588, True, 3, 6.80416
28.7067, True, 3, 5.637413
28.71846, True, 3, 5.807887
28.72936, True, 3, 8.819944
28.768, True, 3, 4.152063
28.77995, True, 3, 4.870286
28.79103, True, 3, 2.905942
28.80233, True, 3, 3.38352
28.81383, True, 3, 3.186571
28.82458, True, 3, 5.350242
28.84467, True, 3, 4.605212
29.07547, True, 3, 4.949236
29.08676, True, 3, 2.317676
29.0975, True, 3, 6.051225
29.10826, True, 3, 3.971704
29.11943, True, 3, 3.885562
29.12994, True, 3, 4.519908
29.14089, True, 3, 7.939419
29.16355, True, 3, 5.595873
29.18526, True, 3, 5.751993
29.19637, True, 3, 6.981839
29.20801, True, 3, 3.935313
29.23005, True, 3, 3.153251
29.24145, True, 3, 4.863562
29.25309, True, 3, 3.979682
29.2672, True, 3, 4.127984
29.27849, True, 3, 5.534292
29.28934, True, 3, 5.652495
29.30053, True, 3, 4.923254
29.31167, True, 3, 6.18607
29.3226, True, 3, 5.074705
29.33344, True, 3, 9.903
29.59809, True, 3, 4.691977
29.61952, True, 3, 3.118073
29.64205, True, 3, 9.408987
29.65333, True, 3, 4.811446
29.66452, True, 3, 6.574528
29.68643, True, 3, 4.687322
29.81992, True, 3, 8.570333
29.8328, True, 3, 7.633718
29.84417, True, 3, 4.873181
29.85496, True, 3, 5.047424
29.86579, True, 3, 3.916542
29.87881, True, 3, 3.134846
29.88902, True, 3, 3.111421
29.89958, True, 3, 3.216402
29.90973, True, 3, 1.655159
29.92105, True, 3, 4.399424
29.93245, True, 3, 1.996938
29.94416, True, 3, 1.777195
29.95578, True, 3, 1.674526
29.96777, True, 3, 1.797733
29.97889, True, 3, 1.699997
29.99002, True, 3, 1.725254
30.00267, True, 3, 1.830459
30.01448, True, 3, 1.835248
30.02385, True, 3, 1.847512
30.03414, True, 3, 1.870031
30.04787, True, 3, 2.125197
30.0612, True, 3, 2.188448
30.07251, True, 3, 2.664473
30.08095, True, 3, 2.66725
30.09215, True, 3, 2.808055
30.1019, True, 3, 2.918087
30.11414, True, 3, 4.560098
30.1261, True, 3, 4.148196
30.13888, True, 3, 4.028571
30.15049, True, 3, 3.884987
30.16161, True, 3, 3.746592
30.17252, True, 3, 5.590999
30.1846, True, 3, 5.658199
30.19592, True, 3, 5.503006
30.20659, True, 3, 4.66771
30.21716, True, 3, 4.948339
30.23018, True, 3, 5.179641
30.24251, True, 3, 5.657573
30.25624, True, 3, 6.193895
30.26762, True, 3, 5.894693
30.27915, True, 3, 5.13462
30.28975, True, 3, 7.771526
30.33184, True, 3, 7.722816
30.34357, True, 3, 6.211352
30.36666, True, 3, 9.970615
30.37785, True, 3, 1.482412
30.44162, True, 3, 6.614902
30.4526, True, 3, 5.339952
30.46381, True, 3, 4.916382
30.47613, True, 3, 4.477833
30.48677, True, 3, 4.176398
30.49773, True, 3, 4.100274
30.50901, True, 3, 3.840772
30.51996, True, 3, 3.990398
30.53082, True, 3, 3.65848
30.54234, True, 3, 3.492004
30.55464, True, 3, 3.312245
30.56594, True, 3, 3.237076
30.57683, True, 3, 3.234684
30.58801, True, 3, 3.12035
30.59837, True, 3, 3.109316
30.61053, True, 3, 3.12709
30.62229, True, 3, 9.968491
30.67379, True, 3, 9.856199
30.76524, True, 3, 8.635991
30.88801, True, 3, 5.548127
30.90066, True, 3, 6.047848
30.91265, True, 3, 6.183717
30.92364, True, 3, 6.192381
30.93421, True, 3, 6.711325
30.94539, True, 3, 6.128536
30.95493, True, 3, 6.680362
30.96572, True, 3, 7.512797
30.97786, True, 3, 7.452311
30.99963, True, 3, 2.115538
31.00998, True, 3, 2.016462
31.02067, True, 3, 3.877196
31.03238, True, 3, 3.843607
31.04415, True, 3, 4.264892
31.0558, True, 3, 4.098253
31.069, True, 3, 4.88039
31.08043, True, 3, 4.422235
31.09037, True, 3, 4.343911
31.10003, True, 3, 4.309614
31.11178, True, 3, 4.509479
31.12228, True, 3, 4.79208
31.13378, True, 3, 4.824642
31.14407, True, 3, 4.919747
31.15626, True, 3, 5.991378
31.16759, True, 3, 6.597807
31.17986, True, 3, 8.29712
31.1899, True, 3, 9.306705
31.21254, True, 3, 6.225436
31.22313, True, 3, 6.000184
31.23538, True, 3, 5.756968
31.24788, True, 3, 5.935104
31.25983, True, 3, 6.382316
31.26968, True, 3, 7.465534
31.28034, True, 3, 7.618264
31.29244, True, 3, 8.285404
31.305, True, 3, 8.347656
31.31538, True, 3, 9.339139
31.32823, True, 3, 8.727325
31.33953, True, 3, 2.993082
31.35099, True, 3, 2.525043
31.3625, True, 3, 4.544779
31.38416, True, 3, 4.246274
31.42883, True, 3, 9.302672
31.44006, True, 3, 4.179754
31.45163, True, 3, 4.357462
31.46226, True, 3, 4.369765
31.47311, True, 3, 3.544336
31.4845, True, 3, 3.660122
31.49559, True, 3, 3.787984
31.50702, True, 3, 3.825741
31.51972, True, 3, 3.469853
31.53061, True, 3, 3.676389
31.54101, True, 3, 3.573608
31.55384, True, 3, 3.342198
31.5659, True, 3, 3.254873
31.57683, True, 3, 3.052953
31.58845, True, 3, 2.907779
31.60049, True, 3, 3.430032
31.61226, True, 3, 2.883067
31.6228, True, 3, 2.732825
31.63334, True, 3, 2.724109
31.64456, True, 3, 2.692705
31.65882, True, 3, 3.968293
31.66965, True, 3, 1.271268
31.84006, True, 3, 9.102017
31.8521, True, 3, 9.273151
31.8634, True, 3, 8.338986
31.87466, True, 4, 9.834318
31.88685, True, 4, 8.15495
31.89777, True, 4, 6.040651
31.90892, True, 4, 5.941342
31.92074, True, 4, 6.107576
31.93116, True, 4, 5.68636
31.94373, True, 4, 7.101523
31.95532, True, 4, 8.503106
31.96829, True, 4, 8.684674
31.98009, True, 4, 7.117509
31.99088, True, 4, 6.607348
32.00159, True, 4, 6.451936
32.01268, True, 4, 6.836125
32.02246, True, 4, 8.11062
32.03373, True, 4, 6.495828
32.04568, True, 4, 6.167778
32.05722, True, 4, 5.396429
32.06832, True, 4, 5.198841
32.07995, True, 4, 5.08983
32.0912, True, 4, 4.930483
32.10346, True, 4, 5.480358
32.11323, True, 4, 5.601563
32.1257, True, 4, 6.549583
32.14038, True, 4, 6.241287
32.1526, True, 4, 7.357595
32.16363, True, 4, 6.698243
32.17365, True, 4, 4.434928
32.19595, True, 4, 5.988116
32.20615, True, 4, 2.878815
32.22824, True, 4, 4.58068
32.24016, True, 4, 6.339602
32.25119, True, 4, 7.160298
32.26236, True, 4, 5.544092
32.27302, True, 4, 3.277838
32.28397, True, 4, 2.968823
32.29516, True, 4, 3.535037
32.30601, True, 4, 2.523171
32.31714, True, 4, 2.561453
32.32835, True, 4, 2.940352
32.34019, True, 4, 2.843835
32.35227, True, 4, 3.03829
32.36453, True, 4, 1.358851
32.37574, True, 4, 1.398908
32.38712, True, 4, 1.819216
32.39838, True, 4, 1.674631
32.40809, True, 4, 1.328322
32.41876, True, 4, 1.849825
32.43046, True, 4, 2.469824
32.4422, True, 4, 2.014233
32.45366, True, 4, 1.540045
32.46446, True, 4, 1.320886
32.47636, True, 4, 1.253148
32.48838, True, 4, 1.240314
32.50087, True, 4, 1.445807
32.51268, True, 4, 1.418748
32.52343, True, 4, 1.463537
32.53487, True, 4, 1.388113
32.54555, True, 4, 1.262385
32.55587, True, 4, 1.275455
32.5688, True, 4, 1.516911
32.58093, True, 4, 1.469194
32.59267, True, 4, 1.608009
32.60434, True, 4, 1.893991
32.61499, True, 4, 2.525222
32.63789, True, 4, 3.791194
32.64745, True, 4, 1.751766
32.65996, True, 4, 2.554424
32.67077, True, 4, 2.509446
32.68245, True, 4, 2.069933
32.69361, True, 4, 1.925935
32.70453, True, 4, 1.825858
32.71513, True, 4, 1.935229
32.72643, True, 4, 1.837119
32.73698, True, 4, 1.64219
32.74755, True, 4, 1.779618
32.75803, True, 4, 1.559929
32.76736, True, 4, 1.425287
32.77907, True, 4, 1.451897
32.78966, True, 4, 1.273094
32.80045, True, 4, 1.175209
32.8126, True, 4, 1.250933
32.8235, True, 4, 1.539065
32.83512, True, 4, 1.55174
32.84534, True, 4, 1.809898
32.85534, True, 4, 1.808755
32.86882, True, 4, 1.761782
32.87973, True, 4, 1.715381
32.88924, True, 4, 1.614893
32.8998, True, 4, 1.62426
32.91156, True, 4, 1.628063
32.92232, True, 4, 1.656901
32.9329, True, 4, 1.626936
32.94468, True, 4, 1.555192
32.95547, True, 4, 1.59995
32.96495, True, 4, 1.641868
32.97629, True, 4, 1.627409
32.98763, True, 4, 1.657225
33.00241, True, 4, 1.238587
33.01321, True, 4, 1.229134
33.02472, True, 4, 1.200525
33.03669, True, 4, 1.193066
33.04965, True, 4, 1.217865
33.06124, True, 4, 1.171418
33.07252, True, 4, 1.253183
33.08334, True, 4, 1.279106
33.09472, True, 4, 1.17298
33.106, True, 4, 1.243515
33.11799, True, 4, 1.173228
33.13026, True, 4, 1.239143
33.14263, True, 4, 1.047086
33.15401, True, 4, 1.024498
33.166, True, 4, 1.031776
33.17538, True, 4, 1.080807
33.18608, True, 4, 1.143744
33.19643, True, 4, 1.128133
33.20802, True, 4, 1.121557
33.22033, True, 4, 1.287452
33.23081, True, 4, 1.263237
33.24259, True, 4, 1.391139
33.2548, True, 4, 1.386194
33.26651, True, 4, 1.368471
33.2777, True, 4, 1.321831
33.28858, True, 4, 1.404199
33.30025, True, 4, 1.395912
33.31229, True, 4, 1.353497
33.32317, True, 4, 1.299931
33.33504, True, 4, 1.194769
33.34664, True, 4, 1.249354
33.35632, True, 4, 1.2553
33.37005, True, 4, 1.250442
33.38373, True, 4, 1.284796
33.3952, True, 4, 1.297041
33.40745, True, 4, 1.145859
33.41949, True, 4, 4.615836
33.43097, True, 4, 1.637132
33.44467, True, 4, 4.241299
33.46545, True, 4, 4.535292
33.47662, True, 4, 1.450796
33.48812, True, 4, 3.51904
33.49966, True, 4, 2.943769
33.50999, True, 4, 4.125591
33.52203, True, 4, 3.802953
33.53339, True, 4, 3.916299
33.54436, True, 4, 3.653441
33.55438, True, 4, 2.70942
33.56493, True, 4, 3.243988
33.57547, True, 4, 3.873817
33.58744, True, 4, 3.355301
33.59734, True, 4, 2.797501
33.60866, True, 4, 2.799616
33.61953, True, 4, 2.837335
33.62929, True, 4, 2.93642
33.63917, True, 4, 3.418079
33.65166, True, 4, 4.187841
33.66325, True, 4, 4.017453
33.67329, True, 4, 3.970295
33.68454, True, 4, 4.133797
33.69612, True, 4, 3.893268
33.70866, True, 4, 5.14232
33.71994, True, 4, 4.747298
33.73056, True, 4, 9.162533
33.74184, True, 4, 7.570927
33.75375, True, 4, 6.807251
33.76458, True, 4, 4.678533
33.7763, True, 4, 3.288532
33.78732, True, 4, 4.146208
33.79702, True, 4, 1.874119
33.80848, True, 4, 2.198164
33.81795, True, 4, 2.751868
33.82992, True, 4, 2.400326
33.84011, True, 4, 2.281092
33.85273, True, 4, 2.16935
33.8663, True, 4, 1.950258
33.87667, True, 4, 1.838374
33.88756, True, 4, 1.906585
33.91944, True, 4, 0
34.14183, True, 4, 6.36757
34.2197, True, 4, 4.163785
34.67495, True, 4, 0
34.91966, True, 4, 2.417904
34.96452, True, 4, 0
35.54266, True, 4, 1.581257
35.55376, True, 4, 2.717783
35.56482, True, 4, 3.579349
35.57862, True, 4, 2.242254
35.58974, True, 4, 1.857713
35.59962, True, 4, 2.210095
35.61051, True, 4, 2.428993
35.62283, True, 4, 1.869639
35.63308, True, 4, 2.248961
35.64488, True, 4, 2.329081
35.65491, True, 4, 2.367713
35.66642, True, 4, 2.295933
35.67828, True, 4, 2.322587
35.6889, True, 4, 3.225148
35.70552, True, 4, 3.670156
35.72134, True, 4, 3.411188
35.73269, True, 4, 4.094321
35.74305, True, 4, 4.243496
35.75401, True, 4, 4.789187
35.76481, True, 4, 5.147405
35.77671, True, 4, 5.779861
35.78854, True, 4, 6.735708
35.79939, True, 4, 7.105689
35.81158, True, 4, 9.490212
35.82265, True, 4, 9.778165
35.85498, True, 4, 9.898082
35.86679, True, 4, 3.393549
35.87794, True, 4, 3.718665
35.88871, True, 4, 2.317359
35.89936, True, 4, 2.88777
35.9097, True, 4, 5.968073
35.92134, True, 4, 3.504407
35.93773, True, 4, 5.655014
35.95072, True, 4, 8.521377
35.96233, True, 4, 5.439392
35.97429, True, 4, 4.343461
35.98468, True, 4, 3.924046
35.9952, True, 4, 3.927841
36.00566, True, 4, 3.87502
36.01726, True, 4, 4.559791
36.02835, True, 4, 4.480869
36.03922, True, 4, 4.065477
36.04987, True, 4, 3.772867
36.06096, True, 4, 3.935675
36.07129, True, 4, 3.906826
36.082, True, 4, 3.924473
36.09348, True, 4, 3.540679
36.10433, True, 4, 3.3924
36.11554, True, 4, 3.516895
36.12842, True, 4, 3.425901
36.13932, True, 4, 3.240937
36.15336, True, 4, 1.76266
36.16561, True, 4, 3.781492
36.17719, True, 4, 1.507997
36.18705, True, 4, 1.253255
36.19706, True, 4, 1.37522
36.20998, True, 4, 1.631423
36.22125, True, 4, 1.73107
36.23248, True, 4, 1.571723
36.24313, True, 4, 1.692919
36.25383, True, 4, 1.829362
36.26485, True, 4, 1.979225
36.27668, True, 4, 1.873799
36.28777, True, 4, 1.775995
36.2993, True, 4, 1.810986
36.3124, True, 4, 2.717124
36.32427, True, 4, 2.697219
36.3343, True, 4, 2.575262
36.3454, True, 4, 2.760992
36.35616, True, 4, 2.776871
36.36696, True, 4, 2.819531
36.37991, True, 4, 2.757388
36.39215, True, 4, 2.552685
36.40575, True, 4, 2.731579
36.41595, True, 4, 2.49414
36.42838, True, 4, 4.110005
36.46105, True, 4, 9.74619
36.47258, True, 4, 4.696256
36.48324, True, 4, 5.998535
36.49492, True, 4, 7.078544
36.50557, True, 4, 8.250952
36.51699, True, 4, 8.538972
36.52847, True, 4, 8.924013
36.53785, True, 4, 7.523078
36.54858, True, 4, 9.689265
36.57099, True, 4, 9.905487
36.67161, True, 4, 9.150156
36.68215, True, 4, 9.353113
36.71526, True, 4, 3.024559
36.74845, True, 4, 1.900136
36.75968, True, 4, 2.128464
36.77075, True, 4, 2.225672
36.78223, True, 4, 2.177913
36.79495, True, 4, 2.271534
36.80538, True, 4, 2.152581
36.81667, True, 4, 2.090158
36.82747, True, 4, 2.172999
36.83896, True, 4, 2.196903
36.85062, True, 4, 2.190439
36.86168, True, 4, 2.601695
36.87233, True, 4, 2.428065
36.88431, True, 5, 2.493814
36.89495, True, 5, 2.485379
36.90595, True, 5, 2.56597
36.91856, True, 5, 2.613671
36.92913, True, 5, 3.001531
36.94017, True, 5, 8.581286
36.95231, True, 5, 3.122882
36.96279, True, 5, 4.681036
36.97508, True, 5, 3.627491
36.98628, True, 5, 2.348963
36.99757, True, 5, 3.41186
37.01988, True, 5, 4.407514
37.0316, True, 5, 2.960028
37.04516, True, 5, 3.112673
37.05538, True, 5, 2.738052
37.06692, True, 5, 2.847549
37.07684, True, 5, 2.603628
37.08764, True, 5, 2.942617
37.09941, True, 5, 3.970812
37.11239, True, 5, 3.840815
37.12474, True, 5, 3.054033
37.1356, True, 5, 2.762656
37.14563, True, 5, 2.700243
37.1589, True, 5, 2.634892
37.17036, True, 5, 2.503441
37.18242, True, 5, 2.474604
37.19479, True, 5, 2.317843
37.20531, True, 5, 2.264998
37.2179, True, 5, 2.252586
37.23021, True, 5, 2.347754
37.24244, True, 5, 2.280439
37.25434, True, 5, 2.324928
37.2673, True, 5, 2.300914
37.27915, True, 5, 2.210794
37.29201, True, 5, 2.004823
37.30322, True, 5, 1.999081
37.31206, True, 5, 2.08608
37.32261, True, 5, 2.154909
37.3335, True, 5, 3.96549
37.34434, True, 5, 2.598477
37.35525, True, 5, 2.297365
37.36502, True, 5, 2.927719
37.37608, True, 5, 0.972158
37.38775, True, 5, 1.087928
37.39858, True, 5, 1.072443
37.40987, True, 5, 1.047288
37.42017, True, 5, 1.016708
37.42951, True, 5, 1.066759
37.44054, True, 5, 1.04249
37.45171, True, 5, 1.029032
37.46497, True, 5, 1.040617
37.47683, True, 5, 1.02546
37.49176, True, 5, 1.022146
37.50261, True, 5, 1.038962
37.51471, True, 5, 1.038574
37.52654, True, 5, 1.038364
37.5379, True, 5, 0.9741387
37.54829, True, 5, 1.015559
37.56048, True, 5, 1.011648
37.5724, True, 5, 1.023307
37.58469, True, 5, 0.9566355
37.59518, True, 5, 0.9570777
37.60699, True, 5, 0.9529294
37.61895, True, 5, 0.9928932
37.62956, True, 5, 1.012803
37.63939, True, 5, 1.026843
37.6523, True, 5, 0.9868102
37.66316, True, 5, 0.9877419
37.67505, True, 5, 0.957823
37.68665, True, 5, 0.9257173
37.69695, True, 5, 0.9117633
37.70792, True, 5, 0.8977144
37.71994, True, 5, 0.8981773
37.73231, True, 5, 0.9031905
37.74248, True, 5, 0.8554811
37.75331, True, 5, 0.8536768
37.76329, True, 5, 0.8264576
37.77451, True, 5, 0.8264224
37.78507, True, 5, 0.8272622
37.79551, True, 5, 0.8227232
37.80733, True, 5, 0.8167482
37.81691, True, 5, 0.8103186
37.82879, True, 5, 0.8205573
37.83984, True, 5, 0.8133827
37.85013, True, 5, 0.8178477
37.86113, True, 5, 0.8154314
37.87265, True, 5, 0.8193331
37.88728, True, 5, 0.817858
37.89844, True, 5, 0.8193437
37.90939, True, 5, 0.8398237
37.91964, True, 5, 0.8486878
37.92957, True, 5, 0.8546134
37.94012, True, 5, 0.9108015
37.95236, True, 5, 0.8670843
37.96368, True, 5, 1.647859
37.97445, True, 5, 1.494249
37.98644, True, 5, 1.534842
37.99735, True, 5, 1.435513
38.00935, True, 5, 1.501738
38.01956, True, 5, 1.203464
38.03056, True, 5, 0.9970105
38.04226, True, 5, 0.9654332
38.05303, True, 5, 0.9799705
38.0643, True, 5, 1.023887
38.07587, True, 5, 1.081217
38.08721, True, 5, 2.301168
38.09743, True, 5, 4.499575
38.11888, True, 5, 3.644067
38.12931, True, 5, 2.079057
38.14123, True, 5, 2.986677
38.15318, True, 5, 3.801652
38.1637, True, 5, 4.247804
38.17646, True, 5, 4.071172
38.18731, True, 5, 3.820504
38.19787, True, 5, 3.768404
38.21049, True, 5, 6.630052
38.4955, True, 5, 2.126994
38.50555, True, 5, 2.320541
38.51587, True, 5, 2.833107
38.75127, True, 5, 8.497464
38.77315, True, 5, 7.084523
38.78476, True, 5, 7.30817
39.29171, True, 5, 3.470242
39.30381, True, 5, 2.237966
39.31528, True, 5, 3.44361
39.32607, True, 5, 2.822625
39.33677, True, 5, 2.905906
39.34865, True, 5, 3.854447
39.35933, True, 5, 5.749877
39.56111, True, 5, 5.487102
39.57273, True, 5, 9.218896
39.58498, True, 5, 6.094142
39.59695, True, 5, 7.246362
39.60629, True, 5, 6.15598
39.61837, True, 5, 7.082294
39.62953, True, 5, 5.636121
39.64092, True, 5, 5.092809
39.65349, True, 5, 4.629923
39.66533, True, 5, 4.552774
39.6764, True, 5, 4.533977
39.68584, True, 5, 5.083405
39.69682, True, 5, 5.498984
39.70767, True, 5, 4.987533
39.7187, True, 5, 4.510664
39.74277, True, 5, 3.372361
39.75399, True, 5, 5.795184
39.79682, True, 5, 9.977047
40.05517, True, 5, 1.547577
40.06501, True, 5, 0.8536293
40.07685, True, 5, 1.804454
40.08787, True, 5, 2.85904
40.09966, True, 5, 2.940782
40.11213, True, 5, 3.294481
40.12393, True, 5, 2.850059
40.13527, True, 5, 2.903956
40.14472, True, 5, 2.83869
40.15565, True, 5, 2.727954
40.16838, True, 5, 2.692173
40.17982, True, 5, 2.62147
40.19117, True, 5, 2.512663
40.20316, True, 5, 2.532735
40.21573, True, 5, 2.780193
40.22775, True, 5, 6.035495
40.26934, True, 5, 5.407952
40.2914, True, 5, 9.136632
40.30236, True, 5, 7.317918
40.31387, True, 5, 6.028811
40.32566, True, 5, 4.651234
40.33657, True, 5, 4.288225
40.34844, True, 5, 4.963044
40.35923, True, 5, 4.22227
40.37116, True, 5, 3.53026
40.38414, True, 5, 3.523525
40.39534, True, 5, 3.424991
40.40803, True, 5, 3.37268
40.42034, True, 5, 4.257687
40.43258, True, 5, 5.910585
40.44444, True, 5, 4.341424
40.45413, True, 5, 4.406477
40.46523, True, 5, 4.362012
40.47631, True, 5, 4.285506
40.48792, True, 5, 4.294752
40.50246, True, 5, 4.401481
40.5133, True, 5, 4.285732
40.52306, True, 5, 4.547261
40.53387, True, 5, 7.019506
40.5547, True, 5, 4.890464
40.6356, True, 5, 2.922784
40.65768, True, 5, 8.514259
40.95777, True, 5, 9.958498
40.96943, True, 5, 9.87219
41.0028, True, 5, 9.763144
41.01446, True, 5, 8.648041
41.03997, True, 5, 9.229358
41.79549, True, 5, 9.218612
41.80684, True, 5, 8.745254
41.81807, True, 5, 5.161777
41.86204, True, 5, 8.496307
41.8732, True, 5, 7.794382
43.55137, False, 0, 9.743766
43.60146, False, 0, 9.643373
43.6136, False, 0, 7.88854
43.62422, False, 0, 8.321032
43.63671, False, 0, 4.762835
43.66813, False, 0, 4.90546
43.67929, False, 0, 6.009789
43.69315, False, 0, 7.320067
43.70459, False, 0, 7.751933
43.71625, False, 0, 7.321849
43.72788, False, 0, 5.851799
43.74038, False, 0, 5.775905
43.75283, False, 0, 5.65669
43.76393, False, 0, 5.597798
43.777, False, 0, 4.267963
43.78793, False, 0, 4.981581
43.79927, False, 0, 7.683343
43.8107, False, 0, 7.904576
43.82216, False, 0, 7.701551
43.83305, False, 0, 9.549755
43.86382, False, 0, 6.816997
44.31258, False, 0, 8.623649
44.32411, False, 0, 8.993508
44.33581, False, 0, 5.428161
44.34978, False, 0, 8.563942
44.36067, False, 0, 8.542134
44.37174, False, 0, 9.112307
44.38205, False, 0, 9.110312
44.40443, False, 0, 0
44.60504, False, 0, 3.577196
44.63835, False, 0, 4.513327
44.6825, False, 0, 4.856829
44.69421, False, 0, 6.65998
44.70607, False, 0, 6.053856
44.72746, False, 0, 7.362619
44.74979, False, 0, 8.51963
44.76229, False, 0, 9.818527
44.77261, False, 0, 9.740252
44.86066, False, 0, 2.696626
44.87197, False, 0, 1.725387
44.88323, False, 0, 3.819546
44.89427, False, 0, 6.723818
44.90757, False, 0, 4.239957
44.91954, False, 0, 4.849513
44.93269, False, 0, 3.964641
44.94317, False, 0, 4.13415
44.95301, False, 0, 4.955879
44.9639, False, 0, 5.73455
44.97512, False, 0, 4.692885
44.98563, False, 0, 4.135672
44.99799, False, 0, 4.465965
45.01049, False, 0, 5.186131
45.02065, False, 0, 5.423206
45.03139, False, 0, 4.319757
45.04409, False, 0, 5.60048
45.05676, False, 0, 5.96089
45.0671, False, 0, 5.622465
45.0784, False, 0, 4.975006
45.08967, False, 0, 5.173742
45.10054, False, 0, 7.49758
45.11131, False, 0, 3.014695
45.13388, False, 0, 3.13243
45.14483, False, 0, 6.360645
45.16689, False, 0, 6.799234
45.17818, False, 0, 6.706993
45.18977, False, 0, 4.687315
45.20208, False, 0, 4.272303
45.21205, False, 0, 5.763374
45.2239, False, 0, 6.010719
45.23418, False, 0, 6.507328
45.24617, False, 0, 7.706347
45.26838, False, 0, 9.312436
45.31141, False, 0, 1.041658
45.3238, False, 0, 1.767353
45.35803, False, 0, 5.936769
45.37137, False, 0, 3.136474
45.38243, False, 0, 3.111897
45.39395, False, 0, 3.113031
45.40574, False, 0, 2.929438
45.41736, False, 0, 3.437519
45.4288, False, 0, 4.367211
45.44046, False, 0, 4.725053
45.45235, False, 0, 4.140728
45.46458, False, 0, 4.342349
45.47554, False, 0, 4.269197
45.48771, False, 0, 3.708378
45.49916, False, 0, 3.779873
45.51095, False, 0, 4.958123
45.52277, False, 0, 4.441151
45.53377, False, 0, 4.530756
45.54456, False, 1, 4.257345
45.55569, False, 1, 4.711249
45.56726, False, 1, 4.595702
45.57907, False, 1, 4.600529
45.58983, False, 1, 4.464821
45.6012, False, 1, 4.397402
45.65554, False, 1, 9.533057
46.04614, False, 1, 7.398962
46.05781, False, 1, 3.711456
46.06905, False, 1, 3.976416
46.08195, False, 1, 4.341761
46.09237, False, 1, 4.447345
46.10387, False, 1, 4.860757
46.11494, False, 1, 3.176369
46.12825, False, 1, 2.166783
46.14016, False, 1, 3.382139
46.15243, False, 1, 3.277596
46.16549, False, 1, 3.140823
46.17701, False, 1, 2.415655
46.18936, False, 1, 2.12141
46.19943, False, 1, 2.125538
46.21091, False, 1, 1.479515
46.22369, False, 1, 1.436988
46.23471, False, 1, 1.262168
46.246, False, 1, 1.135549
46.25595, False, 1, 1.006638
46.26642, False, 1, 0.9814119
46.2778, False, 1, 0.9389836
46.28946, False, 1, 0.9151438
46.3008, False, 1, 0.9061089
46.31102, False, 1, 0.9062749
46.32226, False, 1, 0.8739936
46.33392, False, 1, 0.8571219
46.34544, False, 1, 0.859138
46.35691, False, 1, 0.906204
46.3688, False, 1, 0.9024289
46.38124, False, 1, 0.8602136
46.39367, False, 1, 0.8141428
46.40893, False, 1, 0.7864664
46.42379, False, 1, 0.7903782
46.43526, False, 1, 0.7869826
46.44754, False, 1, 0.8029422
46.45879, False, 1, 0.8318881
46.47119, False, 1, 0.820272
46.48301, False, 1, 0.8285087
46.49364, False, 1, 0.8378619
46.50501, False, 1, 0.840578
46.51544, False, 1, 0.8617011
46.52711, False, 1, 0.8568667
46.5397, False, 1, 0.8340356
46.55024, False, 1, 0.8389672
46.55994, False, 1, 0.8308049
46.56976, False, 1, 0.7989634
46.58088, False, 1, 0.7967958
46.59224, False, 1, 0.7864853
46.60633, False, 1, 0.8286766
46.61732, False, 1, 0.8265024
46.62724, False, 1, 0.8335079
46.63682, False, 1, 0.8328333
46.64859, False, 1, 0.8304268
46.66014, False, 1, 0.8413859
46.67259, False, 1, 0.852455
46.68395, False, 1, 0.8739294
46.69505, False, 1, 0.7048941
46.70678, False, 1, 0.9431818
46.71751, False, 1, 0.6103952
46.72892, False, 1, 0.7134013
46.74045, False, 1, 0.56527
46.75229, False, 1, 0.5404996
46.76406, False, 1, 0.5193186
46.77602, False, 1, 0.5410211
46.78708, False, 1, 0.6917485
46.79819, False, 1, 0.6287875
46.81006, False, 1, 0.6969611
46.82027, False, 1, 0.7262595
46.8328, False, 1, 0.6623061
46.84761, False, 1, 0.5975084
46.86262, False, 1, 0.6872553
46.87682, False, 1, 0.81925
46.88927, False, 1, 0.9922691
46.90187, False, 1, 1.565087
46.91322, False, 1, 3.466852
46.92323, False, 1, 2.408959
46.93431, False, 1, 2.832283
46.94529, False, 1, 2.90555
46.95686, False, 1, 3.124754
46.96702, False, 1, 2.670569
46.97746, False, 1, 2.578918
46.98888, False, 1, 2.885006
47.00011, False, 1, 2.52084
47.01152, False, 1, 2.582492
47.02369, False, 1, 2.618649
47.03453, False, 1, 2.397444
47.0459, False, 1, 2.130766
47.05817, False, 1, 2.111794
47.06855, False, 1, 2.198388
47.07836, False, 1, 2.098318
47.08972, False, 1, 2.337892
47.10126, False, 1, 2.345882
47.11217, False, 1, 2.75172
47.12365, False, 1, 2.711012
47.13589, False, 1, 2.789883
47.14667, False, 1, 2.694335
47.15733, False, 1, 2.573994
47.1685, False, 1, 2.973876
47.17823, False, 1, 3.399233
47.19041, False, 1, 5.975103
47.20087, False, 1, 2.034638
48.04868, False, 1, 0
48.05991, False, 1, 0
48.07087, False, 1, 2.250402
48.08203, False, 1, 2.463848
48.09257, False, 1, 4.851379
48.11527, False, 1, 8.044201
48.12625, False, 1, 6.943871
48.24842, False, 1, 9.24311
48.45007, False, 1, 6.124205
48.48167, False, 1, 5.809939
48.50378, False, 1, 4.680864
48.55914, False, 1, 0
48.7366, False, 1, 4.796553
48.74777, False, 1, 5.467188
48.75869, False, 1, 4.504521
48.76984, False, 1, 6.048604
48.78114, False, 1, 3.005595
48.79218, False, 1, 6.614262
48.80354, False, 1, 6.517465
48.81462, False, 1, 6.825128
48.82618, False, 1, 5.479978
48.8383, False, 1, 3.919766
48.84959, False, 1, 3.471866
48.8592, False, 1, 2.609447
48.87004, False, 1, 2.857249
48.88212, False, 1, 3.09711
48.8925, False, 1, 2.91454
48.90309, False, 1, 3.167084
48.91508, False, 1, 3.87245
48.92551, False, 1, 3.414649
48.93675, False, 1, 3.873378
48.94828, False, 1, 3.822375
48.95999, False, 1, 2.951126
48.97107, False, 1, 4.387558
48.98379, False, 1, 2.982966
48.99476, False, 1, 2.565258
49.00908, False, 1, 0.9488868
49.02027, False, 1, 1.282587
49.03153, False, 1, 2.097082
49.04108, False, 1, 2.998822
49.05118, False, 1, 3.340874
49.06239, False, 1, 3.426886
49.07405, False, 1, 3.720983
49.08553, False, 1, 3.896903
49.09844, False, 1, 3.977026
49.10957, False, 1, 3.99454
49.1226, False, 1, 3.491466
49.13463, False, 1, 3.834239
49.1483, False, 1, 3.807436
49.15901, False, 1, 3.748729
49.16927, False, 1, 2.501255
49.18227, False, 1, 2.633805
49.19342, False, 1, 2.454947
49.2039, False, 1, 2.451408
49.21436, False, 1, 2.596652
49.22632, False, 1, 2.340986
49.23609, False, 1, 2.489141
49.24899, False, 1, 2.45808
49.25922, False, 1, 2.519526
49.26857, False, 1, 2.408816
49.27803, False, 1, 2.774234
49.28905, False, 1, 2.911228
49.30056, False, 1, 2.352505
49.31205, False, 1, 2.349807
49.32446, False, 1, 2.858315
49.33688, False, 1, 2.879052
49.34753, False, 1, 3.393474
49.35883, False, 1, 3.357788
49.36908, False, 1, 4.719169
49.38222, False, 1, 4.518448
49.39305, False, 1, 2.771482
49.40369, False, 1, 2.478926
49.41507, False, 1, 3.338631
49.4412, False, 1, 5.611847
49.45135, False, 1, 7.450588
49.46095, False, 1, 5.543551
49.47237, False, 1, 7.339778
49.4846, False, 1, 7.396986
49.49821, False, 1, 6.549984
49.50967, False, 1, 8.428525
49.52151, False, 1, 6.689051
49.53276, False, 1, 7.421004
49.58697, False, 1, 9.640455
49.59795, False, 1, 9.493397
49.6095, False, 1, 5.914953
49.62038, False, 1, 5.693502
49.63177, False, 1, 5.257817
49.64263, False, 1, 5.007085
49.65389, False, 1, 4.091722
49.66501, False, 1, 4.308751
49.69958, False, 1, 4.506839
49.73143, False, 1, 6.150942
49.74239, False, 1, 9.79771
49.76466, False, 1, 9.924785
49.77573, False, 1, 6.426091
49.78831, False, 1, 3.882067
49.80119, False, 1, 4.208776
49.81378, False, 1, 6.035392
49.87884, False, 1, 9.578191
49.95606, False, 1, 7.459477
50.00943, False, 1, 5.918735
50.02063, False, 1, 4.166756
50.03263, False, 1, 1.394821
50.04277, False, 1, 5.715311
50.05404, False, 1, 6.370747
50.06522, False, 1, 5.196533
50.07612, False, 1, 4.848633
50.08732, False, 1, 9.434999
50.09957, False, 1, 8.437999
50.11022, False, 1, 7.41575
50.12223, False, 1, 7.176867
50.13372, False, 1, 6.694759
50.14465, False, 1, 5.498545
50.15604, False, 1, 5.307531
50.16735, False, 1, 5.211813
50.17871, False, 1, 4.734325
50.19036, False, 1, 4.400626
50.20116, False, 1, 4.07781
50.21183, False, 1, 3.992777
50.22328, False, 1, 3.949905
50.23416, False, 1, 3.819806
50.24585, False, 1, 3.700424
50.25774, False, 1, 3.631104
50.26869, False, 1, 6.177747
50.28049, False, 1, 4.485234
50.29156, False, 1, 4.457934
50.30236, False, 1, 5.242998
50.31435, False, 1, 5.535744
50.32599, False, 1, 7.027466
50.33736, False, 1, 6.789635
50.38194, False, 1, 6.357094
50.39239, False, 1, 7.489138
50.40466, False, 1, 8.630464
50.86787, False, 2, 9.435465
50.87972, False, 2, 8.016812
50.89127, False, 2, 6.314752
50.90312, False, 2, 5.423141
50.91356, False, 2, 4.639337
50.95835, False, 2, 9.331099
51.01365, False, 2, 7.307381
51.02575, False, 2, 6.92854
51.0372, False, 2, 6.952895
51.04765, False, 2, 6.300602
51.05814, False, 2, 5.124703
51.06953, False, 2, 6.405586
51.08049, False, 2, 6.128374
51.0925, False, 2, 4.429033
51.10286, False, 2, 4.607532
51.11419, False, 2, 6.124232
51.12542, False, 2, 5.8925
51.13746, False, 2, 6.359177
51.14814, False, 2, 4.796026
51.15829, False, 2, 5.648607
51.18032, False, 2, 5.997035
51.21718, False, 2, 5.036792
51.22829, False, 2, 3.830121
51.24988, False, 2, 7.758799
51.25977, False, 2, 3.730143
51.27153, False, 2, 3.399819
51.28217, False, 2, 5.989651
51.29216, False, 2, 5.740035
51.30489, False, 2, 8.30805
51.32654, False, 2, 5.368258
51.33812, False, 2, 2.891651
51.35125, False, 2, 2.085761
51.36389, False, 2, 3.822567
51.37589, False, 2, 2.718241
51.3885, False, 2, 4.045016
51.40073, False, 2, 4.208845
51.41253, False, 2, 3.356463
51.42727, False, 2, 3.179757
51.43769, False, 2, 4.483402
51.44981, False, 2, 5.157306
51.45951, False, 2, 3.395469
51.46927, False, 2, 2.014035
51.48159, False, 2, 2.896276
51.4921, False, 2, 2.007964
51.5025, False, 2, 1.612715
51.51455, False, 2, 1.241883
51.52526, False, 2, 2.040047
51.53647, False, 2, 1.98517
51.54691, False, 2, 1.651915
51.55747, False, 2, 1.936226
51.56859, False, 2, 1.525318
51.57921, False, 2, 1.506881
51.59221, False, 2, 1.372398
51.60313, False, 2, 1.269173
51.61383, False, 2, 1.271706
51.62541, False, 2, 1.31317
51.63752, False, 2, 1.324915
51.64846, False, 2, 1.34892
51.65942, False, 2, 1.316899
51.67031, False, 2, 1.309659
51.68158, False, 2, 1.200549
51.69456, False, 2, 1.293337
51.70692, False, 2, 1.321248
51.71816, False, 2, 1.320521
51.73048, False, 2, 1.303613
51.74059, False, 2, 1.272285
51.75172, False, 2, 1.121347
51.76474, False, 2, 1.187115
51.77591, False, 2, 1.183136
51.78718, False, 2, 1.169623
51.79794, False, 2, 1.140008
51.80945, False, 2, 1.232437
51.82, False, 2, 1.118105
51.83202, False, 2, 1.156412
51.84219, False, 2, 1.217051
51.85519, False, 2, 1.246423
51.86802, False, 2, 1.320372
51.87985, False, 2, 1.3208
51.89053, False, 2, 1.289976
51.90068, False, 2, 0.8461769
51.92113, False, 2, 1.150454
51.93349, False, 2, 0.9220691
51.94476, False, 2, 0.814339
51.95559, False, 2, 1.017363
51.96774, False, 2, 0.7042815
51.98022, False, 2, 0.7379166
51.99212, False, 2, 0.7378834
52.00478, False, 2, 0.70462
52.01663, False, 2, 0.7092402
52.02699, False, 2, 0.7312936
52.03825, False, 2, 0.7433525
52.05048, False, 2, 0.7426344
52.06017, False, 2, 0.7520539
52.07071, False, 2, 0.737007
52.08157, False, 2, 0.7374285
52.09195, False, 2, 0.7468033
52.10387, False, 2, 0.7385873
52.11432, False, 2, 0.737956
52.12586, False, 2, 1.275562
52.13723, False, 2, 1.394467
52.14826, False, 2, 1.959788
52.15944, False, 2, 2.74423
52.17164, False, 2, 2.797939
52.18208, False, 2, 2.498646
52.19216, False, 2, 2.936409
52.20228, False, 2, 2.996268
52.21408, False, 2, 3.573822
52.22572, False, 2, 6.187801
52.23732, False, 2, 1.393567
52.24929, False, 2, 4.656563
52.25951, False, 2, 2.284773
52.28285, False, 2, 8.529411
52.5411, False, 2, 8.752124
52.56432, False, 2, 9.172508
52.58755, False, 2, 9.675921
52.59882, False, 2, 6.275687
52.61039, False, 2, 8.847532
52.62204, False, 2, 8.768976
52.63313, False, 2, 8.81125
52.64325, False, 2, 6.792312
52.65517, False, 2, 5.539035
52.93707, False, 2, 5.35692
52.94795, False, 2, 5.659763
52.9873, False, 2, 9.986882
53.66736, False, 2, 0
53.68965, False, 2, 6.287097
53.9656, False, 2, 4.593965
54.16596, False, 2, 2.261961
54.17751, False, 2, 3.740986
54.18885, False, 2, 3.524284
54.22298, False, 2, 8.994386
54.23386, False, 2, 8.520696
54.24844, False, 2, 9.76993
54.25931, False, 2, 7.344124
54.26945, False, 2, 8.234834
54.28031, False, 2, 9.037083
54.29135, False, 2, 8.238494
54.30264, False, 2, 6.61593
54.31468, False, 2, 9.396328
54.3255, False, 2, 6.464586
54.3354, False, 2, 4.406071
54.34551, False, 2, 4.883274
54.35628, False, 2, 5.044965
54.36628, False, 2, 3.637868
54.37703, False, 2, 3.970685
54.38807, False, 2, 4.12544
54.39914, False, 2, 3.903316
54.4108, False, 2, 3.108601
54.42206, False, 2, 3.067457
54.43274, False, 2, 3.406597
54.44362, False, 2, 4.384637
54.45588, False, 2, 5.673683
54.46724, False, 2, 7.171578
54.47817, False, 2, 9.866468
54.49963, False, 2, 9.644439
54.51044, False, 2, 9.542513
54.52147, False, 2, 8.088538
54.53309, False, 2, 4.107246
54.54434, False, 2, 4.000923
54.556, False, 2, 5.984177
54.5706, False, 2, 6.013165
54.58247, False, 2, 5.850859
54.59216, False, 2, 5.577196
54.60273, False, 2, 5.328652
54.61337, False, 2, 5.29847
54.62412, False, 2, 3.673405
54.63425, False, 2, 3.721601
54.64526, False, 2, 3.953105
54.6563, False, 2, 5.382018
54.67762, False, 2, 3.353898
55.23372, False, 2, 4.348771
55.25694, False, 2, 6.662267
55.28963, False, 2, 6.646023
55.30058, False, 2, 7.328295
55.31183, False, 2, 7.626501
55.37823, False, 2, 8.487366
55.38943, False, 2, 9.192753
55.41161, False, 2, 9.906856
55.42261, False, 2, 9.521894
55.4343, False, 2, 9.125739
55.44582, False, 2, 6.640773
55.45764, False, 2, 5.535145
55.46872, False, 2, 5.357783
55.47967, False, 2, 6.38165
55.48951, False, 2, 6.055788
55.50109, False, 2, 8.250979
55.5141, False, 2, 2.304502
56.2444, False, 3, 9.852679
56.25547, False, 3, 2.565651
56.26693, False, 3, 3.072422
56.27773, False, 3, 1.377713
56.28885, False, 3, 1.481713
56.30004, False, 3, 1.477058
56.31713, False, 3, 1.594983
56.32915, False, 3, 1.613971
56.34246, False, 3, 1.616755
56.35346, False, 3, 1.577121
56.36446, False, 3, 1.600383
56.37518, False, 3, 1.57777
56.38637, False, 3, 1.602804
56.39711, False, 3, 1.60825
56.40768, False, 3, 1.425292
56.41838, False, 3, 1.650837
56.42939, False, 3, 2.164245
56.44062, False, 3, 0.7575924
56.45242, False, 3, 1.771446
56.46463, False, 3, 1.512661
56.47562, False, 3, 1.425692
56.48715, False, 3, 1.241271
56.498, False, 3, 1.349397
56.50924, False, 3, 1.32764
56.52003, False, 3, 1.425735
56.53196, False, 3, 1.435896
56.54227, False, 3, 1.272578
56.55373, False, 3, 1.328266
56.56434, False, 3, 1.314218
56.57505, False, 3, 1.117305
56.58535, False, 3, 1.116832
56.59675, False, 3, 1.305796
56.60853, False, 3, 1.254627
56.62026, False, 3, 1.295003
56.63243, False, 3, 1.308412
56.64345, False, 3, 1.335288
56.65654, False, 3, 1.295021
56.66732, False, 3, 1.401428
56.677, False, 3, 1.415937
56.68852, False, 3, 1.430758
56.69879, False, 3, 1.168045
56.70939, False, 3, 0.98816
56.71994, False, 3, 1.423731
56.73076, False, 3, 1.30721
56.7427, False, 3, 1.169182
56.75682, False, 3, 1.141295
56.76761, False, 3, 1.083056
56.77796, False, 3, 1.141376
56.79233, False, 3, 1.161329
56.80214, False, 3, 1.119381
56.81305, False, 3, 1.098648
56.82361, False, 3, 1.118184
56.83471, False, 3, 1.107454
56.84508, False, 3, 1.101939
56.8574, False, 3, 1.096761
56.86868, False, 3, 1.123019
56.88025, False, 3, 1.136753
56.89211, False, 3, 1.232759
56.90214, False, 3, 1.171843
56.91291, False, 3, 1.153598
56.92336, False, 3, 1.076157
56.93505, False, 3, 1.086887
56.94859, False, 3, 1.080973
56.95927, False, 3, 1.108721
56.97217, False, 3, 1.116012
56.98365, False, 3, 0.9687315
56.99518, False, 3, 1.405895
57.00768, False, 3, 0.9769561
57.01915, False, 3, 1.143714
57.03105, False, 3, 0.9613979
57.04193, False, 3, 1.215429
57.05466, False, 3, 1.380883
57.06643, False, 3, 1.475456
57.07797, False, 3, 1.522009
57.08957, False, 3, 1.540402
57.10098, False, 3, 1.570573
57.11273, False, 3, 2.92367
57.12395, False, 3, 2.507801
57.17411, False, 3, 6.165819
57.64995, False, 3, 0
59.66497, False, 3, 0
59.67741, False, 3, 0
59.68753, False, 3, 0
60.09426, False, 3, 6.724594
60.10554, False, 3, 5.646785
60.11688, False, 3, 5.038767
60.12841, False, 3, 5.285974
60.13945, False, 3, 6.000537
60.15066, False, 3, 7.225626
60.16219, False, 3, 6.43392
60.29762, False, 3, 6.335124
60.3124, False, 3, 7.587693
60.32301, False, 3, 7.537092
60.33348, False, 3, 9.435654
60.4422, False, 3, 7.181616
60.45399, False, 3, 8.17146
60.731, False, 4, 5.052095
60.85348, False, 4, 7.848115
61.37538, False, 4, 7.569909
61.42405, False, 4, 5.433504
61.43569, False, 4, 3.030562
61.44705, False, 4, 2.573811
61.45765, False, 4, 2.530377
61.46844, False, 4, 2.555165
61.47985, False, 4, 2.117296
61.49356, False, 4, 1.770285
61.50499, False, 4, 1.937103
61.51582, False, 4, 1.92961
61.5289, False, 4, 1.89517
61.54033, False, 4, 1.781609
61.55221, False, 4, 1.771752
61.56355, False, 4, 1.790628
61.57525, False, 4, 1.689061
61.58645, False, 4, 1.505439
61.59662, False, 4, 1.485352
61.60722, False, 4, 1.338101
61.61803, False, 4, 0.9886182
61.63049, False, 4, 0.6949685
61.64222, False, 4, 0.8429949
61.6523, False, 4, 0.7478706
61.66316, False, 4, 0.7945701
61.67384, False, 4, 0.7937852
61.68674, False, 4, 0.7952181
61.69826, False, 4, 0.7926255
61.71065, False, 4, 0.7902488
61.72332, False, 4, 0.7455174
61.73672, False, 4, 0.7580588
61.74868, False, 4, 0.7584578
61.76068, False, 4, 0.7644344
61.77111, False, 4, 0.7643064
61.78319, False, 4, 0.9138713
61.79563, False, 4, 0.9135245
61.80674, False, 4, 0.9505639
61.81639, False, 4, 0.9646686
61.82821, False, 4, 1.214833
61.83958, False, 4, 1.223058
61.85018, False, 4, 1.25987
61.86246, False, 4, 1.327385
61.87311, False, 4, 1.337518
61.88395, False, 4, 1.368898
61.89404, False, 4, 1.369037
61.90479, False, 4, 1.417559
61.91585, False, 4, 1.222558
61.92981, False, 4, 1.480875
61.93953, False, 4, 1.496114
61.95104, False, 4, 1.267694
61.96222, False, 4, 1.247108
61.97345, False, 4, 1.235219
61.98462, False, 4, 1.246713
61.99613, False, 4, 1.278562
62.00649, False, 4, 1.17467
62.01673, False, 4, 1.175709
62.02803, False, 4, 1.16238
62.03846, False, 4, 1.15799
62.05024, False, 4, 0.959877
62.06076, False, 4, 1.004732
62.07232, False, 4, 1.287293
62.08301, False, 4, 3.889686
62.09571, False, 4, 2.744043
62.13975, False, 4, 3.070015
62.32888, False, 4, 5.780764
62.71938, False, 4, 5.083483
62.73227, False, 4, 4.862996
62.74638, False, 4, 5.991729
62.76849, False, 4, 9.425595
62.77863, False, 4, 4.584259
62.78944, False, 4, 6.28602
62.8026, False, 4, 6.669755
62.81596, False, 4, 7.297091
62.82692, False, 4, 7.896644
62.83711, False, 4, 7.741607
62.84851, False, 4, 6.206805
62.85867, False, 4, 5.848909
62.86986, False, 4, 5.557473
62.88086, False, 4, 5.741504
62.92544, False, 4, 0
62.93618, False, 4, 0
62.94767, False, 4, 0
62.9587, False, 4, 0
63.43005, False, 4, 8.542133
63.44125, False, 4, 4.243478
63.45227, False, 4, 3.119022
63.46505, False, 4, 1.996454
63.47678, False, 4, 1.408596
63.4887, False, 4, 0.9290625
63.49965, False, 4, 1.733114
63.51041, False, 4, 1.401009
63.52239, False, 4, 1.14598
63.53363, False, 4, 0.9089082
63.54509, False, 4, 0.8856347
63.55572, False, 4, 0.9359087
63.56615, False, 4, 0.966757
63.57951, False, 4, 0.9606358
63.59006, False, 4, 1.004346
63.60153, False, 4, 1.022677
63.61298, False, 4, 1.033885
63.62452, False, 4, 0.9953201
63.6361, False, 4, 0.985341
63.64725, False, 4, 1.016281
63.65863, False, 4, 1.098712
63.67015, False, 4, 1.105613
63.68064, False, 4, 1.134692
63.69195, False, 4, 1.046794
63.70342, False, 4, 1.055881
63.71435, False, 4, 1.038949
63.72489, False, 4, 1.063853
63.73604, False, 4, 1.047723
63.74911, False, 4, 1.045989
63.76012, False, 4, 1.048947
63.77028, False, 4, 1.049257
63.78231, False, 4, 1.02694
63.79421, False, 4, 1.022911
63.80692, False, 4, 1.051738
63.81725, False, 4, 1.047844
63.82732, False, 4, 1.008166
63.83828, False, 4, 0.9912935
63.84792, False, 4, 0.9487356
63.85835, False, 4, 0.9618496
63.86919, False, 4, 0.9747759
63.8802, False, 4, 0.986929
63.89199, False, 4, 0.9907152
63.90289, False, 4, 0.9918305
63.91369, False, 4, 0.9749456
63.925, False, 4, 0.943774
63.93737, False, 4, 0.9612787
63.9488, False, 4, 1.036734
63.96423, False, 4, 1.050584
63.9762, False, 4, 1.062597
63.98863, False, 4, 1.038922
63.9998, False, 4, 1.395271
64.01473, False, 4, 2.088637
64.02487, False, 4, 1.533608
64.03702, False, 4, 2.566928
64.04735, False, 4, 1.891907
64.05797, False, 4, 1.837187
64.06973, False, 4, 1.951131
64.08235, False, 4, 3.145943
64.09487, False, 4, 2.730313
64.10592, False, 4, 2.500264
64.11895, False, 4, 3.351128
64.13117, False, 4, 3.748719
64.14116, False, 4, 3.422489
64.15228, False, 4, 3.340738
64.16346, False, 4, 3.353153
64.17358, False, 4, 3.510479
64.18531, False, 4, 3.622221
64.19712, False, 4, 3.67802
64.20965, False, 4, 3.554687
64.2209, False, 4, 3.369203
64.23235, False, 4, 3.144872
64.2435, False, 4, 3.357896
64.25401, False, 4, 3.73421
64.26443, False, 4, 3.518365
64.27386, False, 4, 3.885195
64.28469, False, 4, 3.531202
64.29575, False, 4, 3.618855
64.30643, False, 4, 3.382747
64.31859, False, 4, 3.588161
64.33044, False, 4, 4.123743
64.34126, False, 4, 4.097198
64.35217, False, 4, 4.482922
64.3633, False, 4, 7.694048
64.56975, False, 4, 6.519348
64.58215, False, 4, 2.151932
64.59423, False, 4, 4.20298
64.60568, False, 4, 3.912481
64.61619, False, 4, 3.953164
64.62646, False, 4, 3.657346
64.63705, False, 4, 3.191778
64.64854, False, 4, 3.840369
64.65911, False, 4, 2.679422
64.67033, False, 4, 2.754488
64.71509, False, 4, 3.259706
64.90586, False, 4, 7.596379
64.95026, False, 4, 7.928621
64.96201, False, 4, 3.331959
64.9725, False, 4, 6.043154
65.1515, False, 4, 2.491813
65.17402, False, 4, 0
65.18588, False, 4, 4.880343
65.19717, False, 4, 6.035825
65.20753, False, 4, 2.629637
65.22012, False, 4, 3.381872
65.23209, False, 4, 3.068039
65.24485, False, 4, 4.540219
65.27619, False, 4, 7.306417
65.28698, False, 4, 5.931417
65.29779, False, 4, 5.664461
65.30977, False, 4, 6.776705
65.31941, False, 4, 8.490145
65.33245, False, 4, 5.241958
65.34383, False, 4, 5.361739
65.35522, False, 4, 6.61998
65.36665, False, 4, 5.213467
65.3785, False, 4, 4.157495
65.38918, False, 4, 4.264631
65.40002, False, 4, 2.863263
65.41245, False, 4, 2.922508
65.423, False, 4, 4.571648
65.43492, False, 4, 5.801044
65.44651, False, 4, 5.699902
65.49091, False, 4, 7.759947
65.50318, False, 4, 7.728752
65.5137, False, 4, 6.042607
65.52487, False, 4, 1.473207
65.5352, False, 4, 6.833147
66.15152, False, 5, 9.847799
66.16402, False, 5, 7.153842
66.174, False, 5, 2.841283
66.18893, False, 5, 2.409991
66.20155, False, 5, 1.583311
66.2121, False, 5, 2.103176
66.22281, False, 5, 1.747361
66.23405, False, 5, 1.803786
66.24545, False, 5, 1.854474
66.25658, False, 5, 1.536734
66.26838, False, 5, 1.493677
66.28041, False, 5, 1.40149
66.29102, False, 5, 1.253251
66.30479, False, 5, 1.251175
66.31516, False, 5, 1.241103
66.32687, False, 5, 1.230162
66.3378, False, 5, 1.232442
66.34895, False, 5, 1.096026
66.35928, False, 5, 2.011072
66.36977, False, 5, 2.18867
66.38146, False, 5, 0.8991875
66.39362, False, 5, 0.964368
66.40538, False, 5, 1.277038
66.41729, False, 5, 0.903461
66.42844, False, 5, 0.9177666
66.43956, False, 5, 0.8969093
66.45126, False, 5, 0.8729253
66.46349, False, 5, 0.8824077
66.47418, False, 5, 0.8806155
66.48508, False, 5, 0.8759061
66.49847, False, 5, 0.953449
66.51383, False, 5, 0.9589866
66.52509, False, 5, 0.9459066
66.53773, False, 5, 0.947176
66.54887, False, 5, 1.237082
66.56031, False, 5, 1.118491
66.57264, False, 5, 1.166037
66.58356, False, 5, 1.413093
66.5937, False, 5, 1.64766
66.60613, False, 5, 2.162896
66.61839, False, 5, 2.134751
66.6335, False, 5, 1.909698
66.64529, False, 5, 1.929964
66.65667, False, 5, 2.062861
66.66824, False, 5, 2.1946
66.68093, False, 5, 2.016502
66.69206, False, 5, 2.228016
66.70322, False, 5, 2.196007
66.71449, False, 5, 2.105171
66.72667, False, 5, 2.30798
66.73804, False, 5, 2.38468
66.75013, False, 5, 3.085216
66.76185, False, 5, 2.160667
66.77373, False, 5, 2.220627
66.78506, False, 5, 2.179283
66.79514, False, 5, 2.084624
66.8066, False, 5, 0.9926828
66.81752, False, 5, 1.151326
66.82849, False, 5, 1.885011
67.81685, False, 5, 4.829068
67.82822, False, 5, 1.987623
67.84367, False, 5, 3.661459
67.85426, False, 5, 3.846004
67.8661, False, 5, 4.160877
67.87869, False, 5, 3.902079
67.88946, False, 5, 3.636047
67.90118, False, 5, 3.831995
67.91261, False, 5, 3.781376
67.924, False, 5, 3.866549
67.9354, False, 5, 4.043414
67.9472, False, 5, 3.467906
67.9601, False, 5, 3.588892
67.97194, False, 5, 4.483555
67.98198, False, 5, 5.061646
67.99521, False, 5, 5.407576
68.00734, False, 5, 5.252955
68.01745, False, 5, 4.988984
68.0269, False, 5, 5.054125
68.03834, False, 5, 5.048625
68.04996, False, 5, 5.054754
68.06216, False, 5, 5.856448
68.07205, False, 5, 6.638097
68.08364, False, 5, 6.898147
68.09515, False, 5, 7.821355
68.10602, False, 5, 7.487595
68.7346, False, 5, 0
68.74564, False, 5, 0
68.75756, False, 5, 2.60813
69.1827, False, 5, 2.770636
69.19497, False, 5, 2.634626
69.20566, False, 5, 2.284735
69.21846, False, 5, 2.380508
69.23012, False, 5, 2.6512
69.24429, False, 5, 2.778173
69.25424, False, 5, 2.798388
69.26529, False, 5, 2.996412
69.2783, False, 5, 2.859252
69.28918, False, 5, 2.772888
69.30241, False, 5, 2.411222
69.31336, False, 5, 2.233803
69.32577, False, 5, 2.156647
69.33707, False, 5, 2.665014
69.34859, False, 5, 2.172875
69.3581, False, 5, 1.952907
69.36941, False, 5, 2.823362
69.38031, False, 5, 2.725875
69.39246, False, 5, 2.555722
69.40437, False, 5, 2.667451
69.41451, False, 5, 2.99691
69.42647, False, 5, 3.372507
69.43732, False, 5, 3.032758
69.4486, False, 5, 4.447659
69.46011, False, 5, 4.438596
69.47124, False, 5, 5.639655
69.48627, False, 5, 9.159686
69.51888, False, 5, 7.157224
69.53447, False, 5, 5.227931
69.54673, False, 5, 4.595872
69.55632, False, 5, 2.661696
69.56808, False, 5, 5.374217
69.58041, False, 5, 1.569946
69.59385, False, 5, 2.1333
69.60551, False, 5, 2.627675
69.61516, False, 5, 5.904433
69.62663, False, 5, 3.839668
69.63648, False, 5, 4.389247
69.64719, False, 5, 4.576387
69.65818, False, 5, 4.115241
69.67034, False, 5, 4.156075
69.67984, False, 5, 4.366354
69.68915, False, 5, 5.50091
69.70214, False, 5, 4.71022
69.71367, False, 5, 6.80536
69.7232, False, 5, 7.370166
69.73314, False, 5, 7.256598
69.74598, False, 5, 7.943363
69.75731, False, 5, 9.030886
69.88863, False, 5, 7.24455
70.1151, False, 5, 7.872632
70.12638, False, 5, 7.360403
70.13806, False, 5, 6.805763
70.14933, False, 5, 6.49529
70.16112, False, 5, 5.119707
70.17368, False, 5, 5.060912
70.18573, False, 5, 4.872363
70.19638, False, 5, 4.544928
70.20786, False, 5, 4.268813
70.21891, False, 5, 4.371193
70.23109, False, 5, 6.51201
70.24345, False, 5, 7.284379
70.25489, False, 5, 7.483668
70.26665, False, 5, 6.979535
70.27728, False, 5, 7.617598
70.28842, False, 5, 6.28923
70.29994, False, 5, 6.613289
70.31235, False, 5, 6.682144
70.32296, False, 5, 7.334052
70.33461, False, 5, 7.634725
70.34651, False, 5, 6.486791
70.3573, False, 5, 6.311
70.3691, False, 5, 5.928356
70.38049, False, 5, 6.210639
