0.0111482, 3.149044, 3.149044, 2.537697
0.0217711, 3.868989, 3.509016, 2.537617
0.0328844, 4.243752, 3.753928, 2.537467
0.0437809, 4.799324, 4.015277, 2.537294
0.0549988, 5.101667, 4.232555, 2.536998
0.0660495, 4.778997, 4.323629, 2.536718
0.0772371, 4.420078, 4.337407, 2.536478
0.0883701, 4.126186, 4.311005, 2.536109
0.0998048, 4.079168, 4.285245, 2.535684
0.1113636, 3.900511, 4.246772, 2.535094
0.1217046, 3.903944, 4.215606, 2.534811
0.1328115, 4.178686, 4.212529, 2.53422
0.1437876, 3.542969, 4.161024, 2.533602
0.1551379, 3.617328, 4.122189, 2.532897
0.1661451, 3.599071, 4.087314, 2.53219
0.1799017, 3.48896, 4.049917, 2.531193
0.1884591, 3.47767, 4.016255, 2.530549
0.1993879, 3.538155, 3.989694, 2.529599
0.2105959, 3.280173, 3.952351, 2.528625
0.2216394, 3.378779, 3.923672, 2.527579
0.2328174, 3.368149, 3.934628, 2.526562
0.2438713, 3.28026, 3.905191, 2.525495
0.2548621, 3.158681, 3.850938, 2.524325
0.265953, 3.457757, 3.78386, 2.523016
0.277119, 3.42751, 3.700152, 2.521737
0.2882741, 4.221821, 3.672293, 2.520393
0.2994843, 5.168343, 3.709706, 2.51902
0.3103176, 4.84738, 3.745766, 2.517654
0.3215788, 5.049009, 3.794258, 2.516139
0.3326464, 6.026897, 3.900577, 2.514566
0.3437218, 5.617175, 3.986238, 2.512881
0.3548965, 5.792248, 4.066916, 2.51127
0.3661378, 4.860385, 4.132787, 2.509657
0.377058, 4.833379, 4.19359, 2.507935
0.3881168, 4.689581, 4.248116, 2.506155
0.3993198, 4.285954, 4.287965, 2.504226
0.4104443, 3.713437, 4.299754, 2.502291
0.4217693, 3.713477, 4.30852, 2.500257
0.4326821, 1.432364, 4.216129, 2.498266
0.4437267, 1.406531, 4.117517, 2.496145
0.4549102, 1.394921, 4.018856, 2.494009
0.4659792, 1.381814, 3.923934, 2.491841
0.4770283, 1.879557, 3.859977, 2.489662
0.4883089, 1.503916, 3.762285, 2.487311
0.4993292, 2.47667, 3.714743, 2.48498
0.5103321, 1.766417, 3.591972, 2.482651
0.5214365, 2.02148, 3.434629, 2.480183
0.5434943, 1.580841, 3.271302, 2.475226
0.5658238, 0.6567027, 3.051687, 2.469948
0.6101661, 3.458376, 2.92326, 2.458854
0.6324615, 4.125004, 2.848652, 2.453012
0.7101229, 0.9809411, 2.608086, 2.431532
0.7212537, 1.833572, 2.456746, 2.428283
0.7324907, 0.9152743, 2.260841, 2.424927
0.7436239, 1.4526, 2.098991, 2.421615
0.7548029, 1.504363, 1.959912, 2.41817
0.7657356, 1.296312, 1.839056, 2.414771
0.7769408, 1.264295, 1.716596, 2.41126
0.7880634, 1.34561, 1.712259, 2.407776
0.7991033, 1.435359, 1.7137, 2.404218
0.8102182, 1.706423, 1.729275, 2.40051
0.8213621, 1.693471, 1.744858, 2.396749
0.8324519, 1.753458, 1.738553, 2.393081
0.8436258, 1.843368, 1.755526, 2.389267
0.8547004, 1.864571, 1.724921, 2.385531
0.86599, 1.703496, 1.721774, 2.381534
0.8769251, 1.574629, 1.699432, 2.377628
0.8880885, 1.663657, 1.703573, 2.373679
0.8993168, 1.651956, 1.753335, 2.369607
0.9101893, 1.404603, 1.650647, 2.365556
0.921463, 1.378334, 1.513313, 2.361341
0.9324139, 1.407447, 1.534638, 2.357195
0.943449, 1.26714, 1.506317, 2.352982
0.9545758, 1.337492, 1.527428, 2.348693
0.9657323, 1.343465, 1.521971, 2.344416
0.9767664, 1.381912, 1.515848, 2.340077
0.9879513, 1.343911, 1.518228, 2.33573
0.9991226, 1.376673, 1.523847, 2.331304
1.010078, 1.367609, 1.524947, 2.32704
1.021242, 3.313384, 1.618848, 2.322415
1.032668, 1.29861, 1.598458, 2.317729
1.043423, 2.174613, 1.622515, 2.313154
1.054703, 2.348949, 1.65229, 2.308387
1.065667, 2.678546, 1.694049, 2.303671
1.076706, 2.596575, 1.730649, 2.298872
1.088028, 2.668845, 1.778916, 2.293935
1.098927, 3.168551, 1.858612, 2.28936
1.110041, 3.65924, 1.958392, 2.284461
1.12129, 4.184518, 2.08502, 2.279498
1.132273, 5.570913, 2.293335, 2.274641
1.143401, 7.584637, 2.60365, 2.269602
1.154528, 6.646049, 2.86558, 2.264548
1.165555, 7.882717, 3.196359, 2.259508
1.176725, 7.420815, 3.500525, 2.254396
1.209861, 9.872852, 3.926994, 2.238878
1.221103, 5.548507, 4.135324, 2.233477
1.232397, 5.168845, 4.326571, 2.228016
1.243347, 4.037121, 4.459593, 2.222697
1.254479, 1.62125, 4.472275, 2.217294
1.265528, 1.627393, 4.387976, 2.211943
1.276622, 1.552271, 4.400659, 2.206414
1.287751, 1.437394, 4.363798, 2.200774
1.298999, 1.435928, 4.318147, 2.195116
1.309994, 1.286313, 4.248535, 2.189606
1.324588, 1.298472, 4.18363, 2.182223
1.335473, 1.207456, 4.11056, 2.176586
1.345833, 1.181869, 4.011227, 2.171238
1.354365, 1.167917, 3.88666, 2.16677
1.365508, 1.251527, 3.740011, 2.160984
1.37649, 1.245223, 3.523726, 2.155213
1.387837, 1.197886, 3.204388, 2.149144
1.398909, 1.200611, 2.932117, 2.143178
1.409945, 1.177968, 2.596879, 2.137271
1.421294, 1.140479, 2.282862, 2.131208
1.432162, 1.119427, 1.845191, 2.125275
1.443472, 1.112307, 1.623381, 2.119149
1.454356, 1.114924, 1.420685, 2.113292
1.465652, 1.099616, 1.27381, 2.10713
1.476659, 1.107582, 1.248127, 2.101055
1.487657, 1.112298, 1.222372, 2.094834
1.498742, 1.110749, 1.200296, 2.088647
1.509866, 1.133498, 1.185101, 2.082384
1.521051, 1.141212, 1.170365, 2.076142
1.53224, 1.131293, 1.162614, 2.069713
1.543348, 1.050689, 1.150225, 2.063363
1.554306, 1.060861, 1.142895, 2.05706
1.565438, 1.052283, 1.136416, 2.050588
1.57669, 1.089125, 1.132476, 2.044073
1.587658, 1.091524, 1.124476, 2.037744
1.598863, 1.105503, 1.11749, 2.031211
1.609853, 1.11105, 1.113148, 2.024653
1.621085, 1.124376, 1.109336, 2.018043
1.632123, 1.129262, 1.106901, 2.011708
1.643187, 1.14224, 1.106989, 2.005146
1.65429, 1.166011, 1.109318, 1.998433
1.665374, 1.167771, 1.112092, 1.991592
1.676493, 1.161218, 1.114406, 1.984867
1.68773, 1.160981, 1.117475, 1.97803
1.698926, 1.152966, 1.119744, 1.9712
1.709694, 1.144558, 1.121357, 1.964557
1.721039, 1.163929, 1.124016, 1.957595
1.732095, 1.162271, 1.125455, 1.950818
1.743071, 1.122383, 1.124513, 1.943974
1.754363, 1.085457, 1.122221, 1.936913
1.765431, 1.08382, 1.123878, 1.930074
1.77639, 1.063079, 1.123989, 1.923218
1.787476, 1.065737, 1.124662, 1.916334
1.798652, 1.069628, 1.123687, 1.909347
1.809732, 1.121903, 1.125206, 1.90244
1.820879, 1.184426, 1.129152, 1.895513
1.832109, 1.103394, 1.128769, 1.888484
1.843118, 1.112965, 1.128198, 1.88151
1.854286, 1.102342, 1.126852, 1.874503
1.86543, 1.11886, 1.125683, 1.867462
1.876432, 1.163308, 1.125548, 1.860471
1.88754, 1.225943, 1.128457, 1.853289
1.898773, 1.215612, 1.131176, 1.846119
1.909652, 1.204851, 1.13337, 1.839139
1.920837, 1.197338, 1.135589, 1.831955
1.932027, 1.159951, 1.136358, 1.824736
1.943103, 1.142406, 1.135282, 1.81759
1.954116, 1.134508, 1.133894, 1.810455
1.965239, 1.139619, 1.134756, 1.803245
1.976284, 1.155825, 1.138274, 1.796044
1.987545, 1.129146, 1.14054, 1.788629
1.998785, 1.132195, 1.143996, 1.78127
2.009741, 1.222916, 1.151855, 1.774078
2.020752, 1.210818, 1.158915, 1.766875
2.032378, 1.239865, 1.164813, 1.759248
2.043075, 1.066255, 1.158904, 1.752186
2.054115, 1.061672, 1.156818, 1.744899
2.065227, 1.132681, 1.157804, 1.737562
2.076403, 1.168655, 1.16112, 1.730156
2.087611, 1.203615, 1.165357, 1.722584
2.098739, 1.221229, 1.168254, 1.715163
2.109614, 1.266193, 1.170266, 1.707864
2.120732, 1.296222, 1.174297, 1.70048
2.131918, 1.306619, 1.179385, 1.693043
2.14303, 1.314078, 1.185222, 1.685621
2.154072, 1.982526, 1.226351, 1.678229
2.165311, 1.242439, 1.231352, 1.670619
2.176226, 2.143303, 1.281792, 1.66329
2.187288, 1.63425, 1.306523, 1.655828
2.198667, 1.406923, 1.319078, 1.648158
2.209587, 4.439616, 1.484602, 1.640812
2.220767, 0, 1.427992, 1.63331
2.231879, 0, 1.366846, 1.625723
2.242928, 0, 1.306305, 1.618264
2.254109, 0, 1.244312, 1.610626
2.26523, 0, 1.190999, 1.603019
2.276151, 0, 1.137916, 1.595581
2.287329, 0, 1.081282, 1.587983
2.298539, 0.7344617, 1.059572, 1.58034
2.309653, 0, 0.9993912, 1.572723
2.331717, 1.037914, 0.9902254, 1.557595
2.353893, 3.426684, 1.09825, 1.542378
2.365088, 1.003676, 1.083623, 1.534588
2.376104, 1.985862, 1.117585, 1.527005
2.387264, 0.7261517, 1.088189, 1.519366
2.398467, 0.964765, 1.0373, 1.511659
2.409367, 0.8639771, 1.018377, 1.504082
2.420852, 1.688544, 0.9956394, 1.496125
2.43173, 1.289267, 0.9783903, 1.488576
2.442767, 1.282933, 0.9721909, 1.480967
2.454038, 1.216294, 0.8110248, 1.47319
2.465321, 1.174591, 0.8697543, 1.465374
2.476198, 1.170313, 0.92827, 1.457849
2.487299, 1.157659, 0.9861528, 1.450113
2.498627, 1.130859, 1.042696, 1.442281
2.509483, 1.133022, 1.099347, 1.434852
2.520551, 1.188287, 1.158761, 1.427274
2.531848, 1.280393, 1.222781, 1.419509
2.542865, 1.286958, 1.250406, 1.411887
2.553835, 1.276485, 1.31423, 1.404279
2.56505, 1.269155, 1.325792, 1.396514
2.576026, 1.226028, 1.215759, 1.388952
2.587092, 1.244392, 1.227795, 1.381365
2.598332, 1.220866, 1.189545, 1.373639
2.609437, 1.215879, 1.214032, 1.365943
2.620565, 1.260184, 1.228803, 1.358263
2.631916, 1.235201, 1.247364, 1.350497
2.642772, 1.280207, 1.226947, 1.343003
2.653713, 1.307366, 1.227852, 1.335488
2.665122, 1.309482, 1.229179, 1.327667
2.675963, 1.288377, 1.232784, 1.320245
2.686969, 1.300836, 1.239096, 1.312722
2.698356, 1.312559, 1.246208, 1.304953
2.709349, 1.299728, 1.253312, 1.297449
2.720427, 1.298302, 1.261684, 1.289844
2.731625, 1.328369, 1.271451, 1.282225
2.742653, 1.257157, 1.274894, 1.274673
2.7539, 1.27329, 1.274539, 1.267025
2.764829, 1.254919, 1.272937, 1.259598
2.776027, 1.222239, 1.270225, 1.252004
2.787014, 1.244514, 1.268993, 1.244524
2.798328, 1.28776, 1.272079, 1.236859
2.809276, 1.282229, 1.273971, 1.229425
2.820442, 1.277317, 1.276794, 1.221886
2.83168, 1.283221, 1.280161, 1.214361
2.842746, 1.305031, 1.282403, 1.206944
2.85383, 1.290427, 1.285165, 1.199507
2.86494, 1.301313, 1.28622, 1.192085
2.875907, 1.306697, 1.286187, 1.184764
2.887008, 1.298592, 1.285642, 1.177375
2.898481, 1.331959, 1.287821, 1.169745
2.909299, 1.251101, 1.285334, 1.162526
2.920504, 1.180594, 1.278736, 1.155084
2.93159, 1.15317, 1.271408, 1.147656
2.9425, 1.195149, 1.266251, 1.140509
2.953596, 1.182637, 1.258964, 1.133172
2.96482, 1.184677, 1.25534, 1.125779
2.97586, 1.18687, 1.251019, 1.118535
2.986959, 1.119305, 1.244238, 1.111263
2.998085, 1.138049, 1.240029, 1.103978
3.009108, 1.176546, 1.23663, 1.096748
3.020421, 1.127979, 1.228641, 1.08939
3.031459, 1.096964, 1.219378, 1.082247
3.042452, 1.111528, 1.211089, 1.075029
3.053589, 1.10029, 1.201942, 1.067817
3.064755, 1.043458, 1.188863, 1.060532
3.076012, 1.053444, 1.177014, 1.053276
3.087128, 1.047526, 1.164325, 1.04614
3.098144, 1.069124, 1.152446, 1.039074
3.109305, 1.044988, 1.139766, 1.03196
3.120299, 1.051829, 1.125759, 1.024947
3.1315, 1.015445, 1.113977, 1.017848
3.142589, 1.009843, 1.105439, 1.010918
3.1537, 1.045329, 1.100047, 1.00391
3.16482, 1.020648, 1.091322, 0.9968708
3.175845, 0.9961172, 1.081996, 0.9899728
3.186901, 1.00657, 1.073091, 0.9830609
3.198193, 1.009977, 1.064246, 0.976014
3.209267, 1.027168, 1.059639, 0.9690405
3.220356, 0.9906322, 1.052269, 0.9621598
3.231566, 0.9717016, 1.042026, 0.9551862
3.242459, 1.089137, 1.040084, 0.9483973
3.253587, 1.085668, 1.039519, 0.9415564
3.264797, 1.072947, 1.03759, 0.9346271
3.275714, 1.065399, 1.035846, 0.9279577
3.286859, 1.053457, 1.036346, 0.921205
3.29809, 0.9108475, 1.029216, 0.9143878
3.309295, 0.8412923, 1.018904, 0.9075189
3.323245, 0.8353599, 1.007216, 0.8992203
3.331434, 0.754146, 0.9926739, 0.8943222
3.342215, 0.7555746, 0.9778612, 0.887898
3.353576, 0.7579325, 0.9649855, 0.8811458
3.364725, 0.7479693, 0.9518918, 0.8744801
3.37564, 0.7704232, 0.9381466, 0.868048
3.386851, 0.7704363, 0.925636, 0.861445
3.397824, 0.7668919, 0.9141747, 0.8550194
3.408819, 0.7729723, 0.9024948, 0.8486027
3.420193, 0.7496156, 0.8894767, 0.8419391
3.431447, 0.7640044, 0.8763185, 0.8354341
3.442354, 0.7649104, 0.8650323, 0.8291119
3.453341, 0.741461, 0.8535203, 0.822812
3.464664, 0.7380697, 0.8359669, 0.8163204
3.475472, 0.7398394, 0.8186755, 0.8101817
3.486725, 0.7517161, 0.802614, 0.8037547
3.498047, 0.7382463, 0.7862564, 0.7973896
3.509006, 0.7591725, 0.7715422, 0.7912523
3.519972, 0.7557579, 0.7637877, 0.7851026
3.531597, 0.7594308, 0.7596946, 0.7786476
3.54261, 0.7689748, 0.7563754, 0.7725383
3.55339, 0.7639037, 0.7568633, 0.7666234
3.564322, 0.7640321, 0.7572862, 0.7606914
3.575701, 1.440357, 0.7914075, 0.7545161
3.586805, 1.475725, 0.8277953, 0.7484474
3.597901, 1.498938, 0.864221, 0.7424926
3.608899, 1.468405, 0.8991194, 0.7365676
3.620103, 1.377337, 0.9296416, 0.7306063
3.631493, 1.33663, 0.9578245, 0.7245918
3.642206, 1.299722, 0.9853299, 0.7190295
3.653256, 1.306289, 1.012444, 0.7132859
3.664614, 1.306253, 1.039511, 0.7073668
3.675678, 1.275519, 1.066214, 0.7016809
3.686505, 1.253628, 1.091992, 0.696117
3.698058, 1.301614, 1.120081, 0.69021
3.708909, 1.354195, 1.150205, 0.6847696
3.719836, 1.335887, 1.180087, 0.6792895
3.731229, 1.357808, 1.210019, 0.6736223
3.742332, 0, 1.172231, 0.6681576
3.753458, 1.363242, 1.202421, 0.662701
3.764436, 1.304464, 1.229196, 0.6572086
3.775476, 1.295134, 1.255757, 0.6518618
3.786499, 1.255292, 1.28032, 0.6465833
3.797899, 1.238467, 1.270226, 0.6411722
3.808952, 1.248993, 1.258889, 0.6359186
3.819956, 1.183436, 1.243114, 0.6307788
3.831148, 1.17917, 1.228652, 0.6255499
3.842133, 1.148228, 1.217197, 0.6204582
3.853448, 1.158756, 1.208303, 0.6152724
3.864502, 1.185134, 1.202574, 0.6102564
3.875555, 1.123572, 1.193438, 0.6052683
3.886559, 1.13948, 1.185099, 0.6003376
3.89775, 1.118643, 1.177255, 0.5952924
3.909008, 1.155636, 1.172356, 0.5904092
3.920242, 1.06088, 1.160319, 0.5854964
3.931102, 1.151924, 1.150205, 0.5808042
3.942076, 1.085995, 1.137711, 0.5760116
3.953212, 1.054746, 1.122558, 0.5712984
3.964423, 1.041843, 1.17465, 0.5666974
3.975491, 0.9778063, 1.155378, 0.5621037
3.986675, 0.9736632, 1.138838, 0.557618
3.997674, 0.9672835, 1.122446, 0.5531375
4.009001, 0.9854974, 1.108956, 0.5485663
4.020055, 0.9829253, 1.096179, 0.5441386
4.031149, 0.964274, 1.081943, 0.5397863
4.042257, 0.9678847, 1.071165, 0.5353755
4.053145, 0.9323623, 1.058825, 0.5311508
4.064385, 0.9282061, 1.047824, 0.5267957
4.075463, 0.8847362, 1.034123, 0.5225891
4.086693, 0.8702548, 1.018379, 0.5184071
4.097633, 0.8569596, 1.005048, 0.5143405
4.108876, 0.8519532, 0.9906719, 0.5101835
4.119899, 0.8168034, 0.9755799, 0.5061775
4.131089, 0.814356, 0.9585159, 0.5021537
4.142279, 0.7083007, 0.940887, 0.4982408
4.153069, 0.6835409, 0.9174678, 0.4944586
4.164381, 0.6779737, 0.8970667, 0.4905519
4.175358, 0.6252015, 0.8755895, 0.4867852
4.186326, 0.6002661, 0.8535106, 0.4831349
4.197663, 0.5960732, 0.8344239, 0.4793457
4.208715, 0.57204, 0.8143428, 0.4756891
4.21986, 0.5646501, 0.7942111, 0.4720584
4.231096, 0.5649925, 0.7731858, 0.4684497
4.24186, 0.5565697, 0.7518681, 0.4650336
4.253308, 0.5562403, 0.7314664, 0.4614529
4.264014, 0.5538589, 0.710765, 0.4579223
4.275344, 0.557937, 0.6920437, 0.4544675
4.286354, 0.5526618, 0.6732665, 0.4510956
4.297457, 0.5465074, 0.656355, 0.4478364
4.308608, 0.498111, 0.6377479, 0.4445171
4.319869, 0.5112083, 0.6204603, 0.4412389
4.330746, 0.5021746, 0.6029714, 0.4381549
4.341921, 0.4641894, 0.5853407, 0.4350753
4.353089, 0.4662174, 0.5679337, 0.4320033
4.364264, 0.4700861, 0.556023, 0.4290299
4.375082, 0.4695633, 0.5453241, 0.4261537
4.386487, 0.4694936, 0.5349001, 0.4231912
4.39724, 0.469882, 0.5271342, 0.4204004
4.408799, 0.4595995, 0.5201008, 0.417464
4.419603, 0.4544844, 0.5130213, 0.4147888
4.43082, 0.4631641, 0.5075776, 0.412053
4.441833, 0.4457675, 0.5016335, 0.4093353
4.45341, 0.5100145, 0.4988845, 0.4066
4.464073, 0.5080274, 0.4964574, 0.4042299
4.475059, 0.505172, 0.493904, 0.4017631
4.486227, 0.499517, 0.4911869, 0.3992874
4.497482, 0.489646, 0.4877723, 0.3969125
4.508285, 0.4726751, 0.483773, 0.3945958
4.519607, 0.4716715, 0.4800312, 0.392247
4.530655, 0.4671518, 0.4784833, 0.3900015
4.541944, 0.4596413, 0.4759049, 0.3877866
4.552939, 0.4590714, 0.4737497, 0.3856488
4.564173, 0.4516778, 0.4731241, 0.3834496
4.575225, 0.4471328, 0.4721699, 0.3814167
4.586322, 0.4509914, 0.4712152, 0.3794482
4.597429, 0.4497186, 0.4702229, 0.3776116
4.608511, 0.4522474, 0.4693606, 0.3757238
4.61936, 0.4530849, 0.4685208, 0.3738523
4.630769, 0.4543898, 0.4682603, 0.372005
4.641669, 0.4464043, 0.4678563, 0.3702119
4.652937, 0.4486803, 0.4671321, 0.3684768
4.663785, 0.4511352, 0.4674005, 0.3668593
4.675199, 0.4547319, 0.4646364, 0.3651786
4.686101, 0.4794559, 0.4632078, 0.3636547
4.697412, 0.4836462, 0.4621316, 0.3621853
4.708222, 0.4864506, 0.4614782, 0.3607671
4.719617, 0.4898604, 0.461489, 0.3593525
4.730519, 0.5259416, 0.4641523, 0.3580543
4.741885, 0.580728, 0.4696051, 0.3567165
4.752945, 0.5868188, 0.4755885, 0.3554935
4.764078, 0.5620097, 0.4807069, 0.3543668
4.775081, 0.5148089, 0.4834937, 0.3532431
4.786139, 0.4992735, 0.4858735, 0.3521542
4.797353, 0.513247, 0.4891792, 0.3511753
4.808375, 0.5162555, 0.4924424, 0.3502342
4.819659, 0.5137603, 0.4956445, 0.3493081
4.830413, 0.5153305, 0.4987986, 0.3484803
4.841781, 0.5084034, 0.5015646, 0.3476931
4.85287, 0.5009124, 0.5038907, 0.3469353
4.863982, 0.4953938, 0.5063401, 0.3461751
4.875043, 0.4808814, 0.5079502, 0.3454869
4.886016, 0.4801426, 0.5094006, 0.3449955
4.897321, 0.4667092, 0.5099995, 0.3444967
4.908357, 0.5176922, 0.5119113, 0.344015
4.919455, 0.52062, 0.51376, 0.3435673
4.930506, 0.5136616, 0.5151206, 0.3431799
4.941906, 0.513756, 0.5163153, 0.3429285
4.95278, 0.5106734, 0.5155519, 0.3426695
4.963879, 0.505903, 0.5118107, 0.3424374
4.975062, 0.511971, 0.5080683, 0.3422801
4.986069, 0.5148912, 0.5057124, 0.3421483
4.997348, 0.5116072, 0.5055523, 0.3420717
5.008374, 0.4996665, 0.505572, 0.3420769
5.019402, 0.4874392, 0.5042815, 0.3421993
5.030532, 0.4850376, 0.5027207, 0.342304
5.041812, 0.480166, 0.5010409, 0.3425722
5.052628, 0.4810502, 0.4993269, 0.342772
5.063864, 0.4844465, 0.4981291, 0.3430549
5.07521, 0.4838684, 0.4972769, 0.3433827
5.086139, 0.4827857, 0.4966465, 0.3438002
5.096998, 0.4743732, 0.496321, 0.3441451
5.108565, 0.472608, 0.4959443, 0.3446552
5.119372, 0.4694912, 0.4960833, 0.3452115
5.130324, 0.4662588, 0.4935117, 0.3457963
5.141649, 0.4656429, 0.4907628, 0.3465672
5.152787, 0.468905, 0.488525, 0.3472888
5.163691, 0.4687863, 0.4862765, 0.3481005
5.174878, 0.4633313, 0.4839094, 0.3489039
5.186123, 0.4587071, 0.4815496, 0.349687
5.197201, 0.4596634, 0.4789342, 0.3506249
5.208159, 0.4643639, 0.4764078, 0.3515928
5.219353, 0.4677919, 0.474217, 0.3526599
5.230467, 0.464491, 0.4724583, 0.3537665
5.241509, 0.4711094, 0.4716418, 0.3548651
5.252625, 0.4719397, 0.4709869, 0.3560344
5.263828, 0.467495, 0.4703533, 0.3573716
5.274967, 0.4621077, 0.4694062, 0.3587608
5.285905, 0.4602965, 0.4681987, 0.3599507
5.297065, 0.4707346, 0.467542, 0.3613982
5.308323, 0.4735404, 0.4670797, 0.362878
5.321766, 0.47031, 0.4668766, 0.3647059
5.33049, 0.4700027, 0.4667464, 0.365935
5.341379, 0.4723296, 0.4668883, 0.3675523
5.352671, 0.4705701, 0.4671038, 0.3692412
5.36372, 0.4693736, 0.4672903, 0.3709187
5.374811, 0.476203, 0.4676552, 0.372629
5.385715, 0.476292, 0.4680305, 0.3744531
5.397032, 0.465991, 0.4681635, 0.3763499
5.408472, 0.4724889, 0.4688526, 0.378334
5.419121, 0.4649025, 0.4691145, 0.3803182
5.430332, 0.4671544, 0.4692541, 0.3823791
5.441462, 0.4768139, 0.4697052, 0.3845247
5.452571, 0.4708647, 0.4700239, 0.386682
5.463576, 0.5003884, 0.4714878, 0.3889122
5.474769, 0.4937417, 0.4725779, 0.3911591
5.485733, 0.4987864, 0.4741425, 0.3933827
5.496949, 0.4938427, 0.4757292, 0.3956905
5.508152, 0.4865461, 0.4770417, 0.398115
5.519209, 0.478978, 0.4774539, 0.400526
5.53026, 0.4791318, 0.4777335, 0.4030105
5.54127, 0.4823795, 0.478337, 0.405483
5.552509, 0.4804872, 0.4788612, 0.408125
5.563715, 0.4699165, 0.4787405, 0.4108637
5.574787, 0.4556057, 0.4779923, 0.4135778
5.585965, 0.4764391, 0.4783456, 0.4163012
5.596769, 0.4909933, 0.4790851, 0.419045
5.608388, 0.5070967, 0.4806253, 0.4220331
5.619028, 0.5395404, 0.4843028, 0.42472
5.630178, 0.5414196, 0.4877494, 0.4277086
5.641197, 0.5380529, 0.4914069, 0.4307932
5.652494, 0.4817943, 0.4921389, 0.4339057
5.663348, 0.4915279, 0.4928745, 0.436969
5.674747, 0.4912594, 0.4938943, 0.4401801
5.68574, 0.4851939, 0.4931346, 0.4433674
5.696964, 0.4742253, 0.4921587, 0.4466495
5.707916, 0.4763426, 0.4910365, 0.4499168
5.719779, 0.4841405, 0.4905514, 0.4533933
5.730265, 0.4810634, 0.4902772, 0.4566037
5.741348, 0.4816093, 0.4904088, 0.4601107
5.752481, 0.4896819, 0.4909363, 0.4636155
5.763526, 0.5180024, 0.4927174, 0.4671093
5.774635, 0.5179798, 0.4945921, 0.4706451
5.785612, 0.5261672, 0.4974046, 0.4742312
5.796855, 0.4955169, 0.4994002, 0.4778944
5.807862, 0.5204204, 0.5015992, 0.4815769
5.819129, 0.5312605, 0.5036126, 0.4853932
5.830012, 0.5423115, 0.5053734, 0.4891264
5.841421, 0.5398135, 0.5053869, 0.4931107
5.852244, 0.5381345, 0.5052227, 0.4969221
5.863568, 0.5574865, 0.5061944, 0.5009286
5.874551, 0.5811499, 0.5111622, 0.5048838
5.885546, 0.5810692, 0.5156392, 0.5088601
5.896751, 0.5836302, 0.5202578, 0.5130524
5.907664, 0.5939261, 0.5256944, 0.5171082
5.919232, 0.6080751, 0.5323869, 0.5214974
5.929934, 0.6777676, 0.5424582, 0.5255726
5.941301, 0.6818438, 0.5523434, 0.5300177
5.952218, 0.6897683, 0.5627786, 0.5342432
5.963553, 0.7294718, 0.5751717, 0.5387362
5.974428, 0.7362798, 0.5875016, 0.5430853
5.985629, 0.7049222, 0.5968476, 0.5476097
5.996585, 0.7043031, 0.6061637, 0.5520234
6.007748, 0.7830864, 0.6190097, 0.55659
6.018856, 0.8005678, 0.6342623, 0.5610885
6.030243, 0.787792, 0.6476309, 0.5658262
6.041575, 0.7982579, 0.6609808, 0.570606
6.052193, 0.6817484, 0.6679526, 0.5750579
6.063323, 0.6663587, 0.6742799, 0.5799068
6.074391, 0.7198337, 0.6833648, 0.5847783
6.085587, 0.7117798, 0.6910795, 0.5895816
6.096562, 0.4731213, 0.6856781, 0.5943269
6.107783, 0.4730425, 0.6802768, 0.5992793
6.118821, 0.4937816, 0.6757842, 0.6041949
6.129966, 0.5497776, 0.6735768, 0.609191
6.141142, 0.5948385, 0.672915, 0.614151
6.152415, 0.6312324, 0.6705882, 0.6193342
6.163218, 0.9991968, 0.6864558, 0.6241883
6.185557, 0.6132573, 0.6826304, 0.6345627
6.207572, 0.1689044, 0.6546019, 0.6448935
6.219115, 1.068738, 0.6712249, 0.6503924
6.229807, 0.9890464, 0.6854311, 0.6554737
6.240993, 0, 0.650216, 0.6608992
6.251979, 1.015188, 0.661821, 0.6662478
6.274316, 3.383744, 0.7909799, 0.6772857
6.285564, 0.4075945, 0.77197, 0.6829159
6.296503, 0.3275101, 0.7484326, 0.6883309
6.307564, 0.3221776, 0.7304541, 0.6938838
6.318899, 0.6844949, 0.7313609, 0.6997346
6.329767, 1.14969, 0.7528537, 0.7052217
6.341375, 0.8046041, 0.7574949, 0.7111822
6.352, 0.618677, 0.7647727, 0.7166234
6.363248, 0.5654174, 0.7693914, 0.7224031
6.374461, 0.5129395, 0.7703493, 0.7282984
6.38546, 0.4960946, 0.7676651, 0.7341016
6.396395, 0.5080969, 0.7633281, 0.739863
6.407754, 0.5046766, 0.7570003, 0.7458994
6.418731, 0.5905157, 0.7365662, 0.7517207
6.429925, 0.578122, 0.7348095, 0.7577179
6.440912, 0.5848487, 0.7556067, 0.7637304
6.452261, 0.5886651, 0.731603, 0.7699354
6.463366, 0.5911353, 0.7117075, 0.7760087
6.47422, 0.5951542, 0.7414652, 0.781974
6.485535, 0.5939748, 0.7204045, 0.7882019
6.496419, 0.6024193, 0.5813383, 0.7942248
6.507571, 0.6043368, 0.5911754, 0.8004423
6.518634, 0.6106238, 0.6053311, 0.8065771
6.529915, 0.6191695, 0.6201806, 0.8129333
6.540962, 0.6196339, 0.6169375, 0.8192629
6.552294, 0.9450924, 0.6067077, 0.8257073
6.563134, 0.9607901, 0.6145169, 0.8318774
6.574339, 0.9275287, 0.6299595, 0.8383515
6.585259, 0.9431033, 0.6488438, 0.8446269
6.596726, 0.9627114, 0.6713324, 0.8513258
6.6076, 0.9305878, 0.693057, 0.8576701
6.618616, 0.9084162, 0.713073, 0.8641669
6.629897, 0.9568539, 0.7356818, 0.8707743
6.640843, 0.915359, 0.751924, 0.8771955
6.652009, 0.9697015, 0.7715029, 0.8837983
6.663116, 0.9184808, 0.7881845, 0.8904163
6.673973, 0.9205952, 0.8047811, 0.8969302
6.685325, 0.9139754, 0.820923, 0.9037359
6.696494, 0.9933372, 0.8408322, 0.9104283
6.707481, 0.9816166, 0.8602144, 0.9170803
6.718647, 1.041786, 0.8821827, 0.9238208
6.729731, 1.036419, 0.9037868, 0.9305794
6.740955, 1.019349, 0.9242229, 0.9375333
6.751959, 1.003877, 0.9434583, 0.9443251
6.762922, 1.02172, 0.9635626, 0.9510751
6.774566, 1.021959, 0.9674059, 0.9583091
6.78508, 1.013646, 0.9700486, 0.964848
6.796537, 1.003635, 0.9738539, 0.9720786
6.80747, 0.6721127, 0.9603044, 0.9789317
6.818591, 0.6670635, 0.945522, 0.9858875
6.829622, 0.658259, 0.9319056, 0.992793
6.84085, 0.657946, 0.919382, 0.9998221
6.851911, 0.6683217, 0.9049554, 1.006803
6.86322, 0.7303222, 0.8957035, 1.013973
6.873974, 0.7586642, 0.8851517, 1.020819
6.885365, 0.7711622, 0.8777858, 1.028164
6.896305, 0.7725066, 0.8703814, 1.035101
6.907295, 0.8749034, 0.8684278, 1.042162
6.918609, 0.8339095, 0.8604563, 1.049472
6.929445, 0.8408228, 0.8534166, 1.056458
6.940719, 0.8395892, 0.8433068, 1.063656
6.951952, 0.8259678, 0.8327843, 1.070851
6.963217, 0.8371812, 0.8236759, 1.078154
6.973932, 0.8265033, 0.8148073, 1.085133
6.985218, 0.823079, 0.8048752, 1.09247
6.996326, 0.8237632, 0.7949654, 1.099826
7.007191, 0.8362008, 0.7860931, 1.106943
7.018589, 0.8738896, 0.7796057, 1.114426
7.029413, 0.8539622, 0.7886983, 1.121593
7.041005, 0.8412437, 0.7974072, 1.129224
7.051777, 0.838124, 0.8064005, 1.136323
7.06298, 0.8401122, 0.8155088, 1.143733
7.07399, 0.8302078, 0.8236032, 1.15102
7.085433, 0.8190482, 0.8280395, 1.15864
7.09629, 0.8175632, 0.8309844, 1.165981
7.10737, 0.8062332, 0.8327379, 1.173374
7.118589, 0.8178803, 0.8350066, 1.180916
7.129586, 0.8401019, 0.8332666, 1.188261
7.140737, 1.618222, 0.8724821, 1.195706
7.151657, 0.7389934, 0.8673906, 1.203048
7.162982, 0.6871914, 0.8597707, 1.210585
7.174031, 1.03581, 0.8702628, 1.21807
7.185034, 1.51138, 0.9039728, 1.225537
7.196233, 0.4686198, 0.8860787, 1.233144
7.207307, 0.7639314, 0.8831213, 1.240656
7.274027, 0, 0.8419331, 1.286208
7.285155, 0, 0.8001231, 1.29377
7.296194, 0, 0.7564286, 1.301354
7.307516, 0, 0.7137305, 1.309124
7.318412, 0.1661586, 0.6799763, 1.316583
7.329427, 0.1786333, 0.6470017, 1.324162
7.340717, 0.6446302, 0.6372277, 1.331912
7.351816, 0.9400443, 0.6427194, 1.339528
7.36288, 0.9187711, 0.6477056, 1.347124
7.376344, 1.023713, 0.6580131, 1.356465
7.38504, 0.4383447, 0.6396187, 1.362485
7.395967, 1.950994, 0.6962744, 1.37002
7.407228, 0.4403476, 0.6762866, 1.377836
7.418474, 1.197205, 0.6552358, 1.385686
7.429595, 0.9481021, 0.6656912, 1.39341
7.440596, 0.9320165, 0.6779324, 1.401031
7.451739, 0.9289514, 0.6725895, 1.40879
7.462822, 0.9525253, 0.6446468, 1.416401
7.473805, 0.9607967, 0.6692556, 1.423995
7.48505, 0.9704898, 0.6795835, 1.431815
7.495982, 0.8968219, 0.7244246, 1.439463
7.507172, 1.518204, 0.8003348, 1.447231
7.518415, 0.9764341, 0.8491566, 1.454996
7.529166, 0.9885333, 0.8985832, 1.462423
7.540716, 0.9391242, 0.9372315, 1.470453
7.551702, 0.9352947, 0.9750646, 1.47805
7.562721, 0.9585203, 0.9907592, 1.485663
7.573788, 1.003667, 0.9939404, 1.49315
7.584846, 1.026822, 0.9993428, 1.500785
7.596078, 1.055008, 1.000908, 1.508531
7.607082, 1.055475, 1.031764, 1.516122
7.618735, 1.058649, 0.9871467, 1.524087
7.62931, 1.075968, 1.018928, 1.531399
7.640301, 1.096924, 1.013914, 1.539016
7.6518, 1.144208, 1.023719, 1.54695
7.662662, 1.167813, 1.035509, 1.554427
7.673665, 1.182751, 1.048199, 1.562095
7.684996, 1.184383, 1.059792, 1.569893
7.695992, 1.174274, 1.070466, 1.57739
7.707271, 1.172979, 1.08059, 1.585114
7.718473, 1.233889, 1.097443, 1.592814
7.729343, 1.259513, 1.084509, 1.600312
7.740496, 1.294448, 1.10041, 1.607941
7.751484, 1.273405, 1.114653, 1.615464
7.762659, 1.350735, 1.135234, 1.623065
7.773747, 1.288448, 1.152891, 1.630632
7.784894, 1.31575, 1.170753, 1.638217
7.795938, 1.300348, 1.185587, 1.645771
7.80692, 1.303238, 1.199408, 1.653213
7.818141, 1.359603, 1.214637, 1.660763
7.829149, 1.448193, 1.234273, 1.668228
7.840362, 1.370622, 1.249872, 1.675836
7.851502, 1.343726, 1.26326, 1.683296
7.86258, 1.334301, 1.275129, 1.690742
7.873673, 1.343619, 1.285099, 1.698168
7.884779, 1.305212, 1.291969, 1.705564
7.896182, 1.254451, 1.295554, 1.713232
7.907129, 1.139612, 1.293315, 1.720533
7.918118, 1.129898, 1.291097, 1.727919
7.928844, 1.223401, 1.293618, 1.735064
7.940331, 1.289518, 1.296399, 1.742701
7.95138, 1.203888, 1.293618, 1.750026
7.962508, 1.203552, 1.289073, 1.757426
7.973577, 1.274757, 1.289141, 1.764718
7.984822, 1.342732, 1.288741, 1.772126
7.995739, 1.33658, 1.291147, 1.779181
8.006746, 1.315171, 1.291118, 1.786407
8.018188, 1.386625, 1.295432, 1.793866
8.028818, 1.511182, 1.305829, 1.800812
8.040421, 1.521271, 1.313913, 1.808438
8.051327, 1.46313, 1.31466, 1.815505
8.062561, 1.505224, 1.32139, 1.822783
8.073695, 1.280625, 1.318235, 1.829984
8.084621, 1.278916, 1.315465, 1.837023
8.095582, 1.120573, 1.304313, 1.8441
8.106938, 1.185426, 1.298324, 1.851325
8.118105, 1.250224, 1.298113, 1.858501
8.129169, 1.286803, 1.305472, 1.86567
8.140405, 1.3445, 1.316202, 1.872871
8.151666, 1.344141, 1.322239, 1.880015
8.162403, 1.378767, 1.326701, 1.886839
8.173422, 1.293216, 1.331168, 1.893917
8.18461, 1.357854, 1.338883, 1.900853
8.195863, 1.354612, 1.342876, 1.907956
8.206762, 1.333153, 1.342397, 1.914828
8.217997, 1.345115, 1.342823, 1.921863
8.228833, 1.338088, 1.343969, 1.928535
8.240183, 1.337312, 1.341504, 1.935585
8.25126, 1.29816, 1.330853, 1.942489
8.262444, 1.305218, 1.32005, 1.949404
8.273498, 1.309853, 1.312386, 1.956228
8.284405, 1.271068, 1.300678, 1.962898
8.29579, 1.31624, 1.302459, 1.969763
8.306668, 1.261643, 1.301595, 1.976333
8.317849, 1.115102, 1.301322, 1.983088
8.329059, 1.11148, 1.297624, 1.989788
8.34027, 1.107554, 1.290491, 1.996514
8.351371, 1.10017, 1.281159, 2.003137
8.362306, 1.092097, 1.268539, 2.009625
8.373461, 1.099481, 1.256306, 2.016195
8.3843, 1.090831, 1.241909, 2.022515
8.395514, 1.10774, 1.232636, 2.02916
8.406639, 1.122695, 1.220878, 2.035702
8.417845, 1.128409, 1.209568, 2.04221
8.428744, 1.158233, 1.200822, 2.0486
8.440133, 1.21216, 1.194174, 2.055214
8.450987, 1.257769, 1.190158, 2.061452
8.462334, 1.22765, 1.184675, 2.06794
8.473499, 1.284588, 1.183996, 2.074145
8.484304, 1.325022, 1.184986, 2.080192
8.495627, 1.326968, 1.185842, 2.086545
8.506498, 1.324906, 1.188534, 2.092687
8.517809, 1.339318, 1.189688, 2.099025
8.528715, 1.351398, 1.194175, 2.105175
8.540138, 1.340211, 1.205431, 2.111443
8.551114, 1.428107, 1.221262, 2.117416
8.562248, 1.408769, 1.236323, 2.123476
8.573408, 1.451329, 1.253881, 2.129604
8.584505, 1.487187, 1.273636, 2.135617
8.595574, 1.501649, 1.293744, 2.141531
8.606494, 1.59902, 1.319153, 2.147371
8.617806, 1.597221, 1.343627, 2.153361
8.628959, 1.609391, 1.367962, 2.159176
8.640015, 1.6178, 1.392432, 2.164954
8.651132, 1.618331, 1.415437, 2.170742
8.662294, 1.62139, 1.435898, 2.176525
8.673912, 1.661595, 1.456089, 2.182436
8.68436, 1.57075, 1.473244, 2.187791
8.695376, 1.552302, 1.48663, 2.193332
8.706651, 1.391373, 1.489948, 2.199053
8.717616, 1.375409, 1.49237, 2.204535
8.729053, 1.445192, 1.498384, 2.210267
8.740159, 1.259106, 1.494373, 2.215767
8.751079, 1.242265, 1.488917, 2.2212
8.762209, 1.220273, 1.48292, 2.226577
8.773186, 1.247125, 1.473871, 2.231877
8.784345, 1.249548, 1.46591, 2.237189
8.795293, 1.255891, 1.456138, 2.242421
8.806631, 1.235268, 1.443542, 2.247804
8.81765, 1.251661, 1.431042, 2.253053
8.828629, 1.270499, 1.414616, 2.25815
8.839861, 1.302209, 1.399866, 2.263344
8.850784, 1.29235, 1.384014, 2.268357
8.862285, 1.259827, 1.366115, 2.273618
8.873284, 1.357537, 1.353075, 2.278585
8.884512, 1.735726, 1.358792, 2.28361
8.895282, 1.477911, 1.349608, 2.288397
8.906559, 1.384482, 1.340295, 2.293401
8.917382, 1.388358, 1.332098, 2.298185
8.928885, 1.39484, 1.332271, 2.303242
8.939848, 1.48532, 1.337766, 2.307974
8.950814, 1.630471, 1.34703, 2.312667
8.96228, 1.613318, 1.364741, 2.317515
8.973064, 1.56858, 1.381057, 2.322078
8.984365, 1.636355, 1.401861, 2.32674
8.995192, 1.677022, 1.423355, 2.331172
9.006609, 1.607039, 1.44123, 2.335822
9.017423, 1.64462, 1.460666, 2.340215
9.028815, 1.643402, 1.481073, 2.344805
9.04004, 1.552848, 1.496132, 2.349258
9.050778, 1.656003, 1.515408, 2.353452
9.062075, 1.602603, 1.530427, 2.357846
9.072953, 1.654776, 1.548549, 2.361961
9.084245, 1.558581, 1.563486, 2.366214
9.095277, 1.540602, 1.57264, 2.370311
9.106566, 1.576731, 1.56469, 2.374509
9.117647, 1.578342, 1.569712, 2.378615
9.128866, 1.244813, 1.562728, 2.382612
9.140044, 1.28339, 1.55748, 2.3866
9.150704, 1.272179, 1.551347, 2.390325
9.161733, 1.263844, 1.540273, 2.394272
9.173191, 1.280967, 1.522798, 2.398238
9.183924, 1.282122, 1.506238, 2.401896
9.195049, 1.254046, 1.490511, 2.405679
9.206171, 1.303669, 1.473877, 2.409442
9.21734, 1.318547, 1.455953, 2.413086
9.22859, 1.313232, 1.441263, 2.416776
9.239338, 1.321143, 1.425089, 2.420215
9.250515, 1.302847, 1.408061, 2.423692
9.262135, 1.31935, 1.396386, 2.427235
9.273021, 1.307733, 1.378973, 2.430578
9.283674, 1.332993, 1.365492, 2.433897
9.295121, 1.302639, 1.347885, 2.437317
9.306509, 1.309187, 1.335416, 2.440675
9.317562, 1.258491, 1.32131, 2.443852
9.328441, 1.236317, 1.30429, 2.446959
9.339647, 1.234336, 1.287089, 2.450114
9.35076, 1.290305, 1.289364, 2.453151
9.361837, 1.261811, 1.288285, 2.456188
9.372917, 1.278822, 1.288617, 2.459155
9.384088, 1.27573, 1.289211, 2.462042
9.395056, 1.300847, 1.290205, 2.46488
9.406421, 1.283544, 1.290277, 2.467796
9.420025, 1.322256, 1.293687, 2.471213
9.428516, 1.351541, 1.296081, 2.473292
9.439537, 1.355624, 1.297935, 2.475941
9.450961, 1.367936, 1.30067, 2.4787
9.461788, 1.367562, 1.302991, 2.481202
9.473026, 1.391792, 1.307438, 2.48372
9.484078, 1.435834, 1.313262, 2.486169
9.494995, 1.422539, 1.319002, 2.488543
9.506482, 1.374698, 1.321088, 2.490927
9.517177, 1.471755, 1.329543, 2.493135
9.528479, 1.494427, 1.338805, 2.495406
9.539474, 1.481123, 1.349937, 2.49758
9.550735, 1.401024, 1.358172, 2.49973
9.56176, 1.432278, 1.368069, 2.501806
9.572803, 1.426847, 1.374897, 2.503886
9.584156, 1.43852, 1.383732, 2.505931
9.594822, 1.414629, 1.390522, 2.507802
9.606342, 1.391817, 1.396327, 2.509767
9.617089, 1.337572, 1.398163, 2.511551
9.628439, 1.324052, 1.400188, 2.513267
9.639345, 1.269812, 1.397566, 2.514971
9.65072, 1.234872, 1.391733, 2.516769
9.661809, 1.222131, 1.385058, 2.518449
9.672712, 1.222841, 1.377803, 2.520006
9.683926, 1.205428, 1.369697, 2.521762
9.695106, 1.201486, 1.360181, 2.523261
9.706382, 1.194588, 1.348119, 2.52473
9.717295, 1.177534, 1.335869, 2.526112
9.728479, 1.176179, 1.325943, 2.527413
9.739591, 1.183407, 1.311526, 2.528776
9.750539, 1.154264, 1.294517, 2.530021
9.761826, 1.244996, 1.282711, 2.531175
9.772745, 1.136509, 1.269485, 2.532325
9.784162, 1.133321, 1.254538, 2.533391
9.795024, 1.134476, 1.239919, 2.534427
9.806022, 1.158276, 1.225907, 2.535383
9.817247, 1.151045, 1.212728, 2.536308
9.828143, 1.140008, 1.200137, 2.53716
9.839616, 1.129393, 1.189728, 2.537996
9.850731, 1.09977, 1.178514, 2.538697
9.861737, 1.100714, 1.170059, 2.539524
9.872651, 1.08972, 1.162802, 2.540123
9.88381, 1.077116, 1.155551, 2.5408
9.894858, 1.07812, 1.148315, 2.541375
9.906112, 1.064012, 1.141244, 2.541796
9.91699, 1.137012, 1.13802, 2.542276
9.928452, 1.068997, 1.131741, 2.54267
9.9397, 1.106953, 1.128212, 2.543052
9.950611, 1.173353, 1.12807, 2.543119
9.961747, 1.17201, 1.127501, 2.543403
9.972566, 1.17838, 1.128706, 2.543539
9.98385, 1.173137, 1.125113, 2.543601
9.994993, 1.169866, 1.126781, 2.543659
10.00602, 1.152539, 1.127742, 2.543613
10.01736, 1.154146, 1.128726, 2.543545
10.0281, 1.102723, 1.125948, 2.543424
10.0394, 1.145722, 1.125682, 2.543303
10.05037, 1.510356, 1.144199, 2.543065
10.06159, 1.322532, 1.153856, 2.542671
10.07265, 1.552936, 1.176515, 2.542335
10.08393, 1.614469, 1.202202, 2.541978
10.09472, 2.465137, 1.270973, 2.54151
10.10616, 3.90339, 1.412287, 2.541015
10.11689, 3.939081, 1.555335, 2.540475
10.12842, 3.97106, 1.700688, 2.539822
10.13933, 5.208546, 1.904264, 2.539162
10.15027, 3.542727, 2.027951, 2.538458
10.16131, 3.459076, 2.145557, 2.537676
10.17281, 3.465086, 2.260144, 2.536842
10.18372, 3.036565, 2.353371, 2.535984
10.195, 2.695783, 2.429242, 2.535057
10.20591, 2.681961, 2.504683, 2.533986
10.21711, 1.508917, 2.521635, 2.532911
10.22792, 1.497588, 2.538888, 2.531875
10.23934, 1.519325, 2.557147, 2.530682
10.25039, 1.557543, 2.579888, 2.529483
10.26149, 1.554687, 2.600336, 2.528227
10.27243, 1.55524, 2.602581, 2.526974
10.28397, 1.559528, 2.61443, 2.525629
10.29462, 2.947849, 2.684176, 2.524241
10.30609, 2.962047, 2.751555, 2.522707
10.31704, 2.997059, 2.778151, 2.521226
10.32797, 2.96341, 2.731152, 2.519742
10.3393, 2.871161, 2.677756, 2.518196
10.35041, 1.399459, 2.549176, 2.516559
10.36158, 1.611676, 2.369333, 2.514856
10.37245, 3.794759, 2.381934, 2.513179
10.3838, 1.316488, 2.274805, 2.511455
10.39464, 0, 2.10155, 2.509627
10.40586, 0, 1.949722, 2.507754
10.65001, 2.352431, 1.932555, 2.45331
10.66126, 2.58523, 1.927718, 2.450142
10.67232, 1.349216, 1.919733, 2.447
10.6836, 1.244913, 1.907099, 2.443775
10.69477, 1.234871, 1.892877, 2.440472
10.70564, 2.713011, 1.95065, 2.437231
10.71694, 2.062448, 1.976038, 2.433884
10.72788, 1.613537, 1.978953, 2.430562
10.73926, 1.338466, 1.9679, 2.427004
10.7502, 1.374084, 1.889211, 2.423566
10.76131, 1.349579, 1.808588, 2.420018
10.77219, 1.331728, 1.725321, 2.41652
10.78341, 1.22621, 1.638461, 2.412883
10.79446, 1.207079, 1.555257, 2.409211
10.80594, 1.184218, 1.544495, 2.405351
10.81692, 1.146086, 1.521216, 2.401613
10.82782, 1.145575, 1.388757, 2.397865
10.83926, 1.13713, 1.379789, 2.393863
10.84993, 1.094627, 1.43452, 2.390104
10.86132, 1.094888, 1.489265, 2.38592
10.87221, 1.097494, 1.426518, 2.381975
10.88339, 1.096997, 1.352106, 2.377807
10.8945, 1.073814, 1.338336, 2.373672
10.90549, 1.154429, 1.333812, 2.369569
10.91675, 1.147642, 1.32945, 2.36528
10.9277, 1.111854, 1.249393, 2.361074
10.93902, 1.109367, 1.201739, 2.356895
10.95005, 1.147689, 1.178446, 2.352609
10.96119, 1.227964, 1.172921, 2.348241
10.97214, 1.130122, 1.160723, 2.343824
10.9834, 1.171746, 1.151831, 2.339332
10.99454, 1.134272, 1.141958, 2.33489
11.00552, 1.138325, 1.137564, 2.330443
11.01673, 1.537365, 1.154078, 2.325815
11.02789, 1.219524, 1.155844, 2.321174
11.0391, 3.855461, 1.291313, 2.316378
11.06119, 0.3804347, 1.253056, 2.307062
11.0725, 0, 1.196199, 2.302253
11.08336, 0, 1.141468, 2.297459
11.09435, 0, 1.086723, 2.292693
11.10568, 0.3709456, 1.050396, 2.28767
11.11658, 0, 0.995546, 2.282884
11.12783, 0, 0.9418553, 2.277849
11.13918, 0, 0.8841339, 2.272547
11.14976, 0, 0.8267518, 2.267738
11.16137, 0, 0.7711591, 2.262405
11.17198, 0, 0.7156907, 2.257492
11.18329, 0, 0.6583062, 2.25215
11.19425, 0.2647892, 0.6101475, 2.247009
11.20556, 0, 0.5536414, 2.241641
11.21662, 0.5813401, 0.5241211, 2.236496
11.22743, 0, 0.4674075, 2.231299
11.23917, 0, 0.4104912, 2.225595
11.24975, 0.1247563, 0.3398608, 2.220487
11.29408, 1.29141, 0.3434551, 2.198491
11.3056, 1.198406, 0.2106024, 2.192693
11.31674, 1.162022, 0.2496818, 2.187049
11.32755, 1.013218, 0.3003427, 2.18154
11.33893, 2.181851, 0.4094353, 2.175618
11.34961, 1.666471, 0.4927588, 2.170118
11.36113, 1.594203, 0.5539216, 2.164205
11.37222, 1.587395, 0.6332914, 2.158405
11.38319, 1.898245, 0.7282037, 2.152516
11.39407, 2.066594, 0.8315334, 2.14674
11.40562, 1.874932, 0.92528, 2.140582
11.41658, 1.970018, 1.023781, 2.134668
11.42742, 2.082361, 1.127899, 2.128828
11.43884, 2.055841, 1.230691, 2.122759
11.44957, 2.223228, 1.328613, 2.116889
11.46105, 2.169507, 1.437088, 2.110627
11.47232, 2.097729, 1.512908, 2.104398
11.4832, 2.106986, 1.618257, 2.098404
11.4944, 2.060125, 1.721263, 2.092129
11.50546, 2.084129, 1.819232, 2.085923
11.51648, 1.946086, 1.851966, 2.079764
11.52743, 1.961718, 1.890131, 2.073624
11.53949, 2.056128, 1.934836, 2.066734
11.54988, 1.73419, 1.970885, 2.060777
11.56077, 1.698668, 1.946726, 2.054598
11.57223, 1.692869, 1.948046, 2.048035
11.58329, 1.511211, 1.943896, 2.041588
11.59424, 1.457083, 1.937381, 2.035208
11.60524, 1.380963, 1.911516, 2.02881
11.61647, 1.404697, 1.878422, 2.022236
11.62765, 1.432292, 1.85629, 2.015687
11.63887, 1.380595, 1.826819, 2.009126
11.64956, 1.256369, 1.785519, 2.002812
11.66087, 1.229068, 1.74418, 1.996062
11.67191, 1.223841, 1.694211, 1.989398
11.68332, 1.191778, 1.645325, 1.982512
11.69387, 1.226729, 1.601775, 1.976147
11.70558, 1.260561, 1.559454, 1.969058
11.71618, 1.434441, 1.52817, 1.962644
11.72723, 1.406601, 1.494293, 1.955914
11.73878, 1.26994, 1.460486, 1.948832
11.74972, 2.614371, 1.493119, 1.942113
11.7608, 2.664967, 1.523561, 1.935179
11.77175, 2.705391, 1.572121, 1.928418
11.78313, 2.996322, 1.637003, 1.92141
11.79393, 3.070418, 1.705881, 1.914703
11.80527, 3.079588, 1.7843, 1.907636
11.8161, 3.206971, 1.871794, 1.900825
11.82721, 2.747673, 1.94013, 1.893814
11.83841, 3.543003, 2.047045, 1.886818
11.84968, 2.839491, 2.117404, 1.879699
11.86071, 2.828176, 2.189784, 1.87273
11.87185, 2.730452, 2.263488, 1.865685
11.88291, 2.728487, 2.338459, 1.858677
11.89394, 2.742664, 2.4144, 1.851614
11.90505, 2.415802, 2.475601, 1.844509
11.91648, 2.383052, 2.533417, 1.837201
11.92735, 2.346195, 2.587699, 1.830202
11.93864, 2.422351, 2.637095, 1.822956
11.94945, 2.450131, 2.689271, 1.81587
11.96075, 2.483646, 2.749957, 1.808547
11.97174, 2.43675, 2.741076, 1.80142
11.98279, 2.311226, 2.723388, 1.794232
11.99389, 2.363892, 2.706314, 1.786971
12.00502, 2.350874, 2.674041, 1.77968
12.01612, 2.422863, 2.641663, 1.772412
12.02717, 2.145045, 2.594936, 1.765141
12.03828, 2.363466, 2.552761, 1.757711
12.04931, 2.480728, 2.539413, 1.750445
12.06066, 2.390032, 2.481765, 1.742907
12.07171, 2.436406, 2.461611, 1.735605
12.08283, 2.385576, 2.439481, 1.728272
12.09388, 2.327016, 2.419309, 1.720912
12.10593, 1.970013, 2.381385, 1.712865
12.11616, 1.985479, 2.343526, 1.705996
12.12706, 2.00341, 2.322906, 1.698696
12.13837, 1.942838, 2.300895, 1.691053
12.14935, 2.320711, 2.299621, 1.68366
12.16068, 2.002979, 2.278653, 1.676131
12.1716, 2.011637, 2.256728, 1.668762
12.18271, 2.000867, 2.232589, 1.661206
12.19381, 1.994405, 2.210471, 1.653731
12.2051, 2.012702, 2.195545, 1.646086
12.21618, 2.086032, 2.181652, 1.638459
12.22709, 2.047725, 2.166495, 1.63104
12.23829, 1.963872, 2.143545, 1.623475
12.24951, 2.067436, 2.139665, 1.615807
12.26068, 2.204985, 2.131741, 1.608169
12.27164, 2.075506, 2.11148, 1.600686
12.28281, 2.031871, 2.093572, 1.59303
12.29388, 1.851395, 2.064321, 1.585382
12.30483, 1.947982, 2.042442, 1.577879
12.31623, 2.082999, 2.030241, 1.57012
12.32712, 2.125791, 2.03803, 1.562653
12.3383, 2.003284, 2.03892, 1.554919
12.34922, 2.134038, 2.045452, 1.547409
12.3607, 1.973146, 2.046967, 1.539467
12.37144, 1.96935, 2.029399, 1.532049
12.38277, 1.880103, 2.023255, 1.524219
12.39378, 1.856693, 2.015508, 1.516604
12.405, 1.985592, 2.014744, 1.508875
12.41625, 2.097854, 2.019917, 1.501129
12.4269, 1.818341, 2.010199, 1.493772
12.43846, 1.816245, 1.996709, 1.485878
12.44957, 0.8944371, 1.939045, 1.478152
12.46068, 1.01612, 1.891657, 1.470368
12.47142, 1.283468, 1.852459, 1.462961
12.48263, 0.4519761, 1.764808, 1.455199
12.49376, 1.219514, 1.722009, 1.447443
12.50491, 1.338865, 1.687358, 1.43971
12.51589, 2.905407, 1.740059, 1.432198
12.56032, 0.213033, 1.653311, 1.401489
12.5716, 0, 1.549162, 1.393695
12.58261, 0, 1.442872, 1.386086
12.59358, 0.08737048, 1.347076, 1.37856
12.60488, 0.1033588, 1.245542, 1.370745
12.61573, 0, 1.146885, 1.363335
12.6271, 0.1402315, 1.055429, 1.355494
12.63804, 1.159099, 1.019379, 1.347937
12.6518, 0.5332772, 0.9532081, 1.338466
12.67139, 3.047581, 1.006308, 1.324952
12.6827, 0.759362, 0.9393829, 1.317163
12.69368, 0.7222233, 0.884577, 1.30971
12.70461, 0.6890331, 0.8282164, 1.302218
12.71604, 0.8193028, 0.8244597, 1.294394
12.72677, 0.6685994, 0.8070836, 1.287053
12.73817, 0.8870722, 0.7872638, 1.27926
12.74919, 0.8854734, 0.8089386, 1.271741
12.76033, 0.9030222, 0.793114, 1.264087
12.77135, 0.8548984, 0.7689157, 1.256685
12.78254, 0.876663, 0.6674784, 1.24909
12.79364, 0.900675, 0.7018605, 1.241511
12.80455, 0.9129383, 0.7475075, 1.23412
12.81585, 0.8976412, 0.7923895, 1.226442
12.82697, 0.9103171, 0.8335369, 1.21892
12.8381, 0.9076612, 0.873752, 1.211443
12.84918, 0.8617528, 0.9168397, 1.203923
12.86032, 0.8603735, 0.9528467, 1.196398
12.87136, 0.8544042, 0.9376119, 1.188964
12.88249, 0.873022, 0.9545992, 1.18152
12.89347, 0.8740684, 0.8459236, 1.174192
12.90473, 0.8793334, 0.8519222, 1.166693
12.91596, 0.8711345, 0.8593677, 1.159214
12.92667, 0.8706552, 0.8684489, 1.152134
12.93803, 0.8866425, 0.8718158, 1.144646
12.94928, 0.9230045, 0.884536, 1.13724
12.9601, 0.9705734, 0.8887111, 1.130169
12.97119, 0.9792512, 0.8934, 1.122859
12.98243, 1.014938, 0.8989958, 1.115505
12.99358, 1.035859, 0.9080437, 1.108227
13.00469, 1.053612, 0.9168912, 1.101014
13.01558, 1.049277, 0.9243214, 1.093948
13.02694, 1.024633, 0.9299061, 1.086599
13.03791, 0.9986371, 0.9349558, 1.079519
13.04935, 1.361175, 0.9574987, 1.072142
13.06003, 1.118856, 0.9680585, 1.065212
13.07153, 1.086159, 0.9792787, 1.057904
13.08253, 1.232851, 0.9979027, 1.050876
13.09333, 1.324606, 1.021413, 1.044018
13.1046, 1.336395, 1.044581, 1.036838
13.11555, 1.303559, 1.066056, 1.029925
13.12691, 1.323226, 1.088251, 1.022756
13.13802, 1.363317, 1.11286, 1.015813
13.14887, 1.327399, 1.135697, 1.009111
13.16006, 1.342018, 1.158466, 1.002148
13.17113, 1.333923, 1.179012, 0.9953935
13.18244, 1.349136, 1.19794, 0.9884059
13.19339, 1.320464, 1.215001, 0.9816484
13.20445, 1.30924, 1.229716, 0.9748627
13.21564, 1.359426, 1.245894, 0.9679335
13.22681, 1.248964, 1.255662, 0.9611079
13.23797, 1.219507, 1.264173, 0.9544249
13.24923, 1.230099, 1.274446, 0.9476076
13.2601, 1.250603, 1.287045, 0.9410452
13.27119, 1.236318, 1.280802, 0.934405
13.28223, 1.204869, 1.285102, 0.9277942
13.29346, 1.149467, 1.288268, 0.9210332
13.30458, 1.146585, 1.283955, 0.9144354
13.31537, 1.11527, 1.273488, 0.9081195
13.32665, 1.067614, 1.260049, 0.9014708
13.33797, 0.7795657, 1.233849, 0.8948455
13.34912, 0.7531774, 1.205347, 0.8883313
13.36, 0.7137719, 1.172869, 0.8819894
13.37086, 0.713435, 1.142171, 0.8756868
13.38227, 0.7080351, 1.110472, 0.8690907
13.39348, 0.7143441, 1.079493, 0.8626312
13.40456, 0.7127492, 1.047674, 0.8563044
13.41553, 0.7085738, 1.017079, 0.8500365
13.4266, 0.7115074, 0.9871925, 0.8437588
13.43781, 0.7263412, 0.9555382, 0.8373732
13.44876, 0.7230411, 0.929242, 0.8312547
13.46004, 0.7136596, 0.9039496, 0.8249295
13.47113, 0.7236069, 0.878625, 0.8187476
13.48227, 0.7396089, 0.8530753, 0.8125573
13.49313, 0.752704, 0.8288947, 0.8066527
13.50442, 0.767804, 0.8070415, 0.8004581
13.51544, 0.7807139, 0.7886038, 0.7943094
13.52658, 0.7720981, 0.7698795, 0.788222
13.53793, 0.7900982, 0.7536209, 0.7820998
13.54888, 0.7823814, 0.7393593, 0.7762627
13.55993, 0.7692479, 0.7388433, 0.7703312
13.57101, 0.7597057, 0.7391697, 0.7642869
13.58234, 0.7340881, 0.7401856, 0.7582696
13.59331, 0.7376099, 0.7413943, 0.7524578
13.60417, 0.716901, 0.7418376, 0.746765
13.61537, 0.7038278, 0.7413117, 0.7409291
13.62663, 0.7025636, 0.7408024, 0.7350922
13.63785, 0.6404549, 0.7373965, 0.7293454
13.64912, 0.6202367, 0.732833, 0.7235371
13.65996, 0.6200578, 0.7275188, 0.7180251
13.671, 0.6029673, 0.7215151, 0.7124724
13.68206, 0.5843399, 0.7150491, 0.7069071
13.69302, 0.5648244, 0.70711, 0.7014152
13.70424, 0.5542484, 0.697842, 0.6958315
13.7153, 0.5603178, 0.6882227, 0.690412
13.72661, 0.5617567, 0.6779203, 0.684862
13.73763, 0.5721544, 0.6674923, 0.6795546
13.74873, 0.6773964, 0.6627573, 0.6741748
13.7598, 0.6684736, 0.6566761, 0.6688833
13.771, 0.6672979, 0.6509219, 0.6636269
13.78212, 0.6479318, 0.6448561, 0.6584288
13.79302, 0.6370853, 0.6387251, 0.6533724
13.80449, 0.6785991, 0.6359507, 0.6481229
13.81552, 0.7352117, 0.6358308, 0.6430959
13.82633, 0.6947368, 0.6347225, 0.638234
13.83771, 0.6907632, 0.6340693, 0.6329634
13.84882, 0.6580809, 0.6318452, 0.6280407
13.85979, 0.6546599, 0.6325554, 0.6232658
13.87116, 0.631603, 0.6331238, 0.6184701
13.88212, 0.6102597, 0.6326339, 0.6137758
13.893, 0.6004771, 0.6325094, 0.6091877
13.9043, 0.6153449, 0.6340596, 0.6044402
13.91526, 0.5914558, 0.6353912, 0.599776
13.92647, 0.5904161, 0.6371995, 0.595158
13.93766, 0.5873243, 0.6385499, 0.5905946
13.94861, 0.5866692, 0.6397954, 0.5863135
13.95988, 0.5871106, 0.6405433, 0.5818048
13.97072, 0.5291678, 0.6331319, 0.5774513
13.98197, 0.532499, 0.6263331, 0.5730258
13.99285, 0.5347061, 0.6197035, 0.5688125
14.00421, 0.5275813, 0.613686, 0.5644619
14.01504, 0.5254802, 0.6081058, 0.5603526
14.02641, 0.5233328, 0.6003424, 0.5560784
14.0374, 0.5311146, 0.5901376, 0.5520871
14.04873, 0.4959625, 0.5801989, 0.5479867
14.05969, 0.5565862, 0.57349, 0.5440302
14.07093, 0.5558623, 0.568379, 0.5400903
14.08196, 0.4957463, 0.5604334, 0.5361982
14.09288, 0.4858114, 0.5531438, 0.5323584
14.10412, 0.543034, 0.5497825, 0.5284789
14.11514, 0.6313887, 0.5513281, 0.524698
14.12646, 0.8218423, 0.5616529, 0.5208227
14.22625, 1.217613, 0.5929608, 0.490179
14.23745, 0.556141, 0.591247, 0.4870822
14.24875, 0.2749927, 0.5756305, 0.4839962
14.25963, 0.4217316, 0.5673836, 0.4810716
14.27107, 0.4472569, 0.5603909, 0.4779916
14.28201, 0.9216591, 0.5800155, 0.4751509
14.29278, 0.5794634, 0.5823637, 0.4723861
14.30405, 0.4262759, 0.5769422, 0.4695651
14.31496, 0.4400856, 0.5725674, 0.4668893
14.32627, 0.4246985, 0.5675284, 0.464157
14.33727, 0.4428287, 0.5635031, 0.4615695
14.34827, 0.4486646, 0.5593807, 0.4590268
14.35967, 0.4559562, 0.5573804, 0.4564231
14.37055, 0.4550331, 0.5523027, 0.4539992
14.38175, 0.4192006, 0.5454696, 0.4515303
14.39274, 0.4139097, 0.5413778, 0.4492059
14.40429, 0.4034515, 0.5372599, 0.4467841
14.41516, 0.4096726, 0.5305918, 0.4446079
14.42614, 0.4072936, 0.5193871, 0.4424325
14.43735, 0.3931447, 0.4979522, 0.4401863
14.44831, 0.3910429, 0.4566236, 0.4381258
14.45972, 0.3878178, 0.4482075, 0.4360456
14.47086, 0.3872711, 0.4538214, 0.4340322
14.48176, 0.3904423, 0.4522569, 0.4321658
14.49269, 0.3892551, 0.4493568, 0.4303905
14.50394, 0.3886744, 0.4227076, 0.4286652
14.51531, 0.3875268, 0.4131107, 0.4269816
14.52605, 0.3962276, 0.4116083, 0.425225
14.53725, 0.4006064, 0.4096344, 0.4236091
14.54838, 0.3995437, 0.4083766, 0.4220377
14.55922, 0.4006815, 0.4062692, 0.4206048
14.57053, 0.4041411, 0.404043, 0.4192045
14.58162, 0.4736856, 0.4049295, 0.4178622
14.59275, 0.480954, 0.4062255, 0.4165952
14.60363, 0.4852303, 0.409527, 0.4154051
14.61508, 0.4615937, 0.4119112, 0.4141533
14.62593, 0.4602853, 0.4147529, 0.4131769
14.6373, 0.4614293, 0.4173407, 0.4120366
14.64834, 0.4605597, 0.420004, 0.4109741
14.65944, 0.457745, 0.423234, 0.4100192
14.67055, 0.4610638, 0.4267351, 0.4090858
14.68154, 0.6270856, 0.4386985, 0.4082186
14.69266, 0.6277083, 0.4507204, 0.4075784
14.70385, 0.6271567, 0.4625561, 0.4067878
14.71484, 0.6240104, 0.4742938, 0.4060022
14.72614, 0.6215107, 0.4859356, 0.4052216
14.73724, 0.6291243, 0.4980155, 0.4045154
14.74845, 0.5944611, 0.5079272, 0.4036845
14.75919, 0.5942402, 0.5176089, 0.4030495
14.77043, 0.5930649, 0.527285, 0.4023998
14.7846, 0.5884691, 0.5366744, 0.4014856
14.79269, 0.5869681, 0.5458157, 0.4011235
14.80378, 0.5878242, 0.5515226, 0.4005011
14.81489, 0.5644162, 0.5556957, 0.3998899
14.82599, 0.5673751, 0.5598029, 0.3992968
14.83726, 0.5747084, 0.5654587, 0.3987017
14.84826, 0.5809755, 0.5714932, 0.3981214
14.85947, 0.5821656, 0.57753, 0.397537
14.8704, 0.5825516, 0.5836296, 0.396973
14.88147, 0.5848588, 0.5899853, 0.3964015
14.89254, 0.7083584, 0.6023501, 0.3958164
14.90373, 0.7303283, 0.6075122, 0.3953079
14.91462, 0.7043058, 0.6113421, 0.3947524
14.92598, 0.7267407, 0.6163213, 0.394281
14.93679, 0.7220939, 0.6212255, 0.3938038
14.94813, 0.7197628, 0.6261381, 0.3933525
14.95917, 0.7177567, 0.6305697, 0.3929525
14.97048, 0.7133994, 0.6365166, 0.3926325
14.98143, 0.6984997, 0.6417295, 0.3923225
14.99238, 0.695489, 0.6468507, 0.3920526
15.00376, 0.6845778, 0.6516562, 0.391818
15.01479, 0.6764987, 0.6561326, 0.3917142
15.02597, 0.6795263, 0.6607178, 0.3915367
15.03714, 0.6820789, 0.6666009, 0.3913584
15.04804, 0.6599479, 0.6712295, 0.3911805
15.05938, 0.5054781, 0.6677681, 0.3911313
15.07032, 0.498779, 0.6636583, 0.3910531
15.08137, 0.4864454, 0.6588722, 0.391087
15.09244, 0.4801414, 0.6537517, 0.391169
15.10374, 0.4782971, 0.6484236, 0.3912988
15.11454, 0.4585509, 0.6359332, 0.3914353
15.12589, 0.4601267, 0.6224231, 0.3916697
15.13687, 0.4622798, 0.6103218, 0.3919396
15.14804, 0.4684632, 0.5974079, 0.3921962
15.15909, 0.4598788, 0.5842972, 0.3925563
15.17045, 0.4643712, 0.5715276, 0.3929665
15.18111, 0.4610733, 0.5586934, 0.393378
15.19266, 0.460708, 0.5460588, 0.3938839
15.20369, 0.4654399, 0.5344058, 0.3944427
15.21463, 0.4710624, 0.5231845, 0.3949998
15.22596, 0.4713009, 0.5125207, 0.3956268
15.23662, 0.4704202, 0.5022168, 0.3962987
15.24802, 0.3364534, 0.4850631, 0.3972532
15.25916, 0.3473007, 0.4683242, 0.398114
15.27011, 0.5316127, 0.4619074, 0.3989735
15.28182, 0.5286784, 0.4630674, 0.4000129
15.29252, 0.4660794, 0.4614324, 0.4008585
15.30338, 0.4204969, 0.458135, 0.4019285
15.31461, 0.4806616, 0.458161, 0.4030786
15.32583, 0.4691519, 0.4577037, 0.4043697
15.33697, 0.4800819, 0.4587802, 0.4056509
15.34798, 0.4923062, 0.4603891, 0.4069489
15.35912, 0.4868446, 0.4616174, 0.4083645
15.37025, 0.4830289, 0.4623457, 0.409983
15.38133, 0.4852461, 0.463614, 0.4115433
15.39227, 0.4833291, 0.4645619, 0.4132901
15.40491, 0.4803395, 0.4655252, 0.4151348
15.41446, 0.4671804, 0.4658489, 0.416698
15.42564, 0.4889309, 0.4670234, 0.4186407
15.43687, 0.4887042, 0.4679055, 0.4206412
15.4476, 0.4787001, 0.4682754, 0.422578
15.45924, 0.4838683, 0.4689478, 0.4247805
15.47023, 0.584025, 0.4813264, 0.4268906
15.48106, 0.5983967, 0.4938812, 0.4290676
15.49248, 0.4010854, 0.4873548, 0.4315173
15.50325, 0.3859424, 0.4802181, 0.4337026
15.51476, 0.5477665, 0.4843024, 0.4361591
15.54771, 0.07767053, 0.4671611, 0.4436208
15.55924, 0.1514345, 0.4506997, 0.4463868
15.57013, 0, 0.4272422, 0.4491277
15.58111, 1.787095, 0.4925929, 0.4518742
15.59239, 1.832252, 0.5595902, 0.4547451
15.61436, 0.6532085, 0.5679083, 0.4604655
15.62575, 0.4249242, 0.5650031, 0.4635376
15.63651, 0.3890961, 0.5601956, 0.4664822
15.64786, 0.4782669, 0.5599425, 0.4696789
15.65898, 0.8902565, 0.5804384, 0.4728255
15.67013, 5.678305, 0.8409947, 0.4759481
15.68112, 1.9482, 0.9139581, 0.4791558
15.70317, 0.9000103, 0.9345234, 0.4856499
15.71438, 0.4299336, 0.932085, 0.4889857
15.7256, 0.5742401, 0.9366037, 0.4924811
15.73706, 0.5089217, 0.9328486, 0.4960549
15.74762, 0.5047044, 0.9281639, 0.4994345
15.75902, 0.4460513, 0.9304122, 0.5030718
15.76984, 0.444932, 0.9333616, 0.5066477
15.78112, 0.4133757, 0.9266421, 0.5103531
15.79207, 0.404772, 0.9429972, 0.5139146
15.80344, 0.3827895, 0.9545649, 0.5177177
15.81438, 0.4430964, 0.9767197, 0.5213696
15.82558, 0.4077824, 0.9077541, 0.52537
15.8367, 0.4123448, 0.8367586, 0.5292358
15.84766, 0.4390253, 0.8260495, 0.5329311
15.8591, 0.5785692, 0.8337318, 0.5369904
15.86986, 0.4075905, 0.8346565, 0.5407855
15.88112, 0.4057376, 0.83103, 0.5448505
15.89214, 0.4098697, 0.8070107, 0.5489194
15.90334, 0.4089973, 0.5435452, 0.553021
15.91441, 0.4441418, 0.4683423, 0.5571847
15.92559, 0.4415524, 0.4454194, 0.5614339
15.93672, 0.4442147, 0.4461335, 0.5656763
15.94786, 0.6205076, 0.4484468, 0.5700316
15.95878, 0.6442085, 0.4552112, 0.5742888
15.97003, 0.6483482, 0.4623934, 0.5786437
15.98095, 0.6267568, 0.4714286, 0.582989
15.99207, 0.6287796, 0.480621, 0.5874684
16.00304, 0.6373364, 0.4918191, 0.5918619
16.01439, 0.6354053, 0.5033507, 0.5964691
16.02562, 0.6477907, 0.5166008, 0.6011354
16.03662, 0.6449553, 0.5266938, 0.6056927
16.04767, 0.6505322, 0.5388312, 0.6103005
16.05873, 0.5693952, 0.5466837, 0.6148845
16.06994, 0.5681366, 0.5531393, 0.6196225
16.08085, 0.5472356, 0.5515726, 0.6243496
16.09236, 0.5447464, 0.5584304, 0.6293341
16.10328, 0.5486414, 0.5655755, 0.6340888
16.11411, 0.5538153, 0.5727728, 0.6388973
16.1258, 0.5047795, 0.5775619, 0.644073
16.13663, 0.5367635, 0.582193, 0.6489222
16.14743, 0.5787663, 0.5890537, 0.6537194
16.15892, 0.5784897, 0.5957674, 0.6588583
16.16975, 0.5805955, 0.5937718, 0.6638716
16.18092, 0.5872754, 0.5909251, 0.66899
16.19207, 0.584847, 0.5877501, 0.6740829
16.20318, 0.579041, 0.5853642, 0.6792682
16.2141, 0.6185092, 0.5848507, 0.6844103
16.22545, 0.6440856, 0.5851882, 0.6897248
16.23649, 0.6395162, 0.5853937, 0.6949838
16.24745, 0.6442413, 0.5852162, 0.7002904
16.25919, 0.6213211, 0.5840345, 0.7059718
16.26958, 0.6050199, 0.5817589, 0.7109868
16.28087, 0.6086434, 0.5837213, 0.7165663
16.2924, 0.5192994, 0.5812795, 0.7222782
16.30304, 0.5195586, 0.5798956, 0.7275541
16.31406, 0.4710982, 0.5762132, 0.733162
16.32565, 0.444645, 0.5710134, 0.7390168
16.33637, 0.4677604, 0.5667107, 0.7444393
16.34731, 0.6807707, 0.5755102, 0.7499911
16.35898, 0.5278052, 0.5750623, 0.75588
16.36966, 0.5509862, 0.5736734, 0.7613099
16.3807, 0.6829504, 0.5788964, 0.7671033
16.392, 0.826507, 0.5911919, 0.7729617
16.4033, 5.460258, 0.8348411, 0.7788249
16.41421, 0.6491916, 0.8380583, 0.7845904
16.42531, 0.8736292, 0.8527877, 0.7904194
16.43628, 0, 0.8218622, 0.7962971
16.4477, 0, 0.789658, 0.8025125
16.45859, 0, 0.7576821, 0.8085231
16.46977, 0, 0.7254701, 0.8146176
16.48084, 0, 0.694404, 0.8206594
16.49193, 0, 0.664153, 0.8268855
16.50307, 0, 0.6337209, 0.8331136
16.52513, 0, 0.6077559, 0.8454117
16.54726, 0, 0.5817779, 0.8577805
16.55858, 0, 0.5582231, 0.8642156
16.56951, 0, 0.5359908, 0.8703935
16.58089, 0.3061479, 0.5279102, 0.8770137
16.59168, 0.2724729, 0.5074953, 0.8832502
16.60305, 0.3074228, 0.4964762, 0.8897399
16.61402, 0.976283, 0.517741, 0.896114
16.62502, 0.6264753, 0.5149173, 0.9025069
16.6472, 0.8461968, 0.5159018, 0.9156342
16.65861, 0.478882, 0.266833, 0.9222993
16.66969, 0.6256652, 0.2656567, 0.9289167
16.68088, 1.257332, 0.2848418, 0.9356402
16.69189, 1.378393, 0.3537615, 0.9422803
16.70296, 0.7163988, 0.3895814, 0.9489775
16.71402, 0.6427845, 0.4217207, 0.9555917
16.72496, 0.7593291, 0.4596871, 0.9621008
16.73633, 0.7246249, 0.4959183, 0.9689971
16.74717, 0.7362348, 0.53273, 0.9754853
16.75873, 0.7388908, 0.5696746, 0.9825115
16.76959, 0.7165049, 0.6054999, 0.9890975
16.78065, 0.7495121, 0.6429754, 0.9959576
16.79182, 0.7660623, 0.6812785, 1.002826
16.80297, 0.7256934, 0.7175632, 1.009747
16.81407, 0.7640299, 0.7404573, 1.016636
16.82509, 0.8594602, 0.7698066, 1.023324
16.83629, 0.7221211, 0.7905415, 1.030294
16.84738, 1.359104, 0.8096827, 1.037199
16.85844, 0, 0.7783589, 1.044139
16.86959, 6.009041, 1.036501, 1.051134
16.88076, 0, 1.012557, 1.058202
16.89174, 0, 0.9812738, 1.065179
16.90308, 0, 0.9184071, 1.072404
16.91405, 0, 0.8494875, 1.079374
16.9248, 0, 0.8136676, 1.08626
16.95819, 0, 0.7815284, 1.107871
16.96943, 0, 0.7435619, 1.115118
16.98068, 0, 0.7073307, 1.122395
16.99166, 0, 0.670519, 1.129509
17.0027, 0, 0.6335744, 1.136789
17.01388, 0.536196, 0.624559, 1.144091
17.02497, 0, 0.5870834, 1.15134
17.03601, 0, 0.5487803, 1.158615
17.04703, 0.1062613, 0.5178086, 1.165894
17.05836, 0.1454746, 0.4868809, 1.173298
17.06961, 0.2723273, 0.4575242, 1.180599
17.08034, 0, 0.4214182, 1.187654
17.09155, 0.492907, 0.3781083, 1.195104
17.1028, 4.474326, 0.6018246, 1.202628
17.11366, 1.799165, 0.3913308, 1.209802
17.12493, 3.559595, 0.5693105, 1.217208
17.14701, 1.886654, 0.6636432, 1.231997
17.15823, 1.128006, 0.7200435, 1.239477
17.16946, 0.8903041, 0.7645588, 1.246949
17.18037, 1.35236, 0.8321768, 1.254399
17.1915, 1.064404, 0.885397, 1.261924
17.20278, 1.247591, 0.9477765, 1.26951
17.21376, 1.239847, 1.009769, 1.276884
17.22473, 1.109346, 1.065236, 1.284278
17.23608, 1.194546, 1.124964, 1.29195
17.24723, 1.145595, 1.155433, 1.299585
17.25825, 1.127719, 1.211819, 1.307019
17.26906, 1.097987, 1.266719, 1.314456
17.28045, 1.09647, 1.316229, 1.322163
17.29148, 1.070356, 1.362473, 1.329655
17.3027, 1.018303, 1.399772, 1.337223
17.31377, 0.9699299, 1.448269, 1.344756
17.32482, 0.9543852, 1.471342, 1.352214
17.33601, 0.9579011, 1.295521, 1.359849
17.347, 0.9555378, 1.25334, 1.367304
17.35832, 0.9556579, 1.123143, 1.375046
17.36917, 0.9372783, 1.075674, 1.382468
17.38039, 0.9311979, 1.065834, 1.390106
17.39144, 0.9334238, 1.06799, 1.397657
17.40284, 0.9380662, 1.047275, 1.405424
17.41364, 0.9373916, 1.040924, 1.412834
17.42474, 0.9595962, 1.026525, 1.420458
17.43587, 0.9674382, 1.012904, 1.428093
17.44676, 0.9872655, 1.0068, 1.435566
17.45819, 0.9826078, 0.9962032, 1.443393
17.46921, 0.9954769, 0.9886974, 1.450934
17.4804, 0.9637898, 0.9805009, 1.458629
17.49112, 0.9266019, 0.9719316, 1.466074
17.50256, 0.9870766, 0.9664618, 1.473922
17.51379, 1.015013, 0.9636947, 1.481628
17.52475, 0.9247714, 0.9590181, 1.489096
17.5364, 0.9523406, 0.9581386, 1.497074
17.54692, 0.9805933, 0.959449, 1.504339
17.55797, 0.9843045, 0.9607692, 1.511928
17.56923, 0.9889552, 0.96244, 1.519655
17.58018, 1.005571, 0.9649357, 1.527201
17.59137, 1.01967, 0.9690553, 1.534956
17.60254, 1.014003, 0.9731954, 1.542704
17.61359, 1.01213, 0.9771308, 1.550321
17.62471, 1.00895, 0.9806749, 1.557894
17.63593, 0.9909611, 0.9833534, 1.565684
17.64675, 1.047893, 0.9877683, 1.573203
17.65813, 1.132023, 0.9959975, 1.581029
17.66906, 1.199044, 1.006586, 1.588544
17.68034, 1.21295, 1.018104, 1.596287
17.69176, 1.077669, 1.022213, 1.604093
17.70245, 1.059856, 1.027017, 1.611484
17.71341, 1.059576, 1.033665, 1.619056
17.72462, 1.047888, 1.036706, 1.626667
17.73575, 1.057095, 1.03881, 1.634324
17.74708, 1.057854, 1.045464, 1.642069
17.75813, 1.057861, 1.05074, 1.649682
17.7689, 1.04607, 1.054014, 1.657041
17.78032, 1.037578, 1.056678, 1.664802
17.79125, 1.040956, 1.059278, 1.672252
17.80239, 1.041858, 1.061092, 1.67977
17.81347, 0.9792677, 1.059072, 1.687258
17.82484, 0.9883777, 1.057791, 1.694909
17.83551, 1.032286, 1.058798, 1.702114
17.84695, 0.9803103, 1.057366, 1.709873
17.85794, 0.9824089, 1.056939, 1.717321
17.86892, 0.9739576, 1.053242, 1.724639
17.88029, 1.087749, 1.051028, 1.732256
17.89123, 1.317607, 1.056957, 1.739656
17.90233, 1.217534, 1.057186, 1.747167
17.91342, 1.177902, 1.062197, 1.754615
17.92467, 1.185437, 1.068476, 1.762106
17.93575, 1.218259, 1.076411, 1.769539
17.94668, 0.859759, 1.067004, 1.776852
17.95797, 1.530423, 1.09067, 1.784249
17.96877, 1.285169, 1.102036, 1.791432
17.9801, 0.5437287, 1.076329, 1.798971
18.0387, 0, 1.024026, 1.837423
18.04668, 0, 0.972147, 1.842631
18.05773, 0, 0.9200991, 1.849806
18.06897, 0, 0.8680063, 1.857112
18.07995, 0.115454, 0.8248156, 1.864164
18.09117, 0.1883247, 0.784813, 1.871346
18.10239, 0.1877201, 0.7425847, 1.878562
18.11326, 0.2571115, 0.7064248, 1.885523
18.12448, 0.1781317, 0.6662109, 1.892708
18.1577, 3.136385, 0.7743323, 1.913847
18.16895, 2.173855, 0.8286376, 1.920946
18.19094, 2.608979, 0.8932063, 1.934677
18.20233, 1.15228, 0.8899437, 1.941736
18.21337, 1.938452, 0.9279712, 1.948517
18.22444, 1.705872, 0.953993, 1.955349
18.23552, 1.130155, 0.9495877, 1.962194
18.24669, 1.88924, 1.001062, 1.969057
18.25778, 1.311586, 0.9901201, 1.975824
18.2688, 1.084997, 0.9801115, 1.98259
18.28019, 1.325979, 1.019224, 1.989511
18.29118, 1.172593, 1.077854, 1.996124
18.30216, 1.061007, 1.130904, 2.002858
18.31321, 1.061714, 1.18399, 2.00946
18.32457, 1.067232, 1.237351, 2.016268
18.33549, 1.080298, 1.285594, 2.0228
18.34642, 1.093641, 1.330859, 2.029331
18.35775, 1.12062, 1.377505, 2.036027
18.36875, 1.11517, 1.420408, 2.042479
18.37997, 1.100974, 1.46655, 2.049148
18.39081, 1.127766, 1.366119, 2.055489
18.40219, 1.122156, 1.313534, 2.062075
18.41308, 1.117598, 1.238965, 2.068361
18.42444, 1.109969, 1.236849, 2.074902
18.43543, 1.12949, 1.196401, 2.081173
18.44651, 1.116114, 1.166913, 2.087483
18.45759, 1.10488, 1.165649, 2.093739
18.46879, 1.134022, 1.127888, 2.100128
18.47996, 1.110501, 1.117834, 2.106498
18.49078, 1.111761, 1.119172, 2.11259
18.50223, 1.115317, 1.108639, 2.119012
18.51304, 1.136497, 1.106835, 2.12507
18.52425, 1.150469, 1.111308, 2.131226
18.53554, 1.146803, 1.115562, 2.137533
18.54692, 2.048106, 1.164606, 2.143849
18.55754, 2.011468, 1.211164, 2.149635
18.56859, 2.054973, 1.259231, 2.155715
18.57975, 2.080443, 1.307222, 2.161738
18.59093, 2.017417, 1.352335, 2.167773
18.60199, 1.978274, 1.3962, 2.173707
18.6131, 1.999772, 1.4398, 2.17967
18.6243, 1.957919, 1.481588, 2.185583
18.63546, 1.990709, 1.525244, 2.191457
18.6463, 1.984687, 1.56898, 2.197114
18.65749, 1.889136, 1.606962, 2.202887
18.66858, 1.939999, 1.648156, 2.208604
18.68006, 1.934771, 1.689651, 2.214464
18.69089, 1.924861, 1.729193, 2.220021
18.70194, 1.894262, 1.768381, 2.225586
18.71296, 1.988847, 1.812235, 2.231083
18.72423, 2.031296, 1.858034, 2.236704
18.73534, 2.091812, 1.9058, 2.242295
18.74623, 2.290777, 1.962815, 2.247631
18.75754, 2.207745, 2.015862, 2.253183
18.76864, 2.382181, 2.032566, 2.258539
18.77988, 2.618643, 2.062925, 2.263855
18.79071, 2.654337, 2.092893, 2.269027
18.80201, 2.592743, 2.118508, 2.274434
18.81323, 2.70012, 2.152643, 2.279703
18.82412, 2.70424, 2.188941, 2.284862
18.83522, 2.715482, 2.224726, 2.290013
18.84635, 2.876297, 2.270645, 2.295078
18.85742, 2.787075, 2.310464, 2.300115
18.86853, 2.733177, 2.347888, 2.305121
18.87991, 2.510688, 2.378966, 2.310271
18.89078, 2.645032, 2.414217, 2.315109
18.90192, 2.491475, 2.442052, 2.320028
18.91306, 2.180441, 2.454832, 2.324913
18.92405, 2.209278, 2.470582, 2.329656
18.93527, 2.194045, 2.480842, 2.334485
18.94625, 2.499217, 2.504239, 2.339182
18.95761, 2.229143, 2.511105, 2.343963
18.9688, 2.201762, 2.506654, 2.348633
18.97961, 2.020582, 2.497296, 2.353127
19.06848, 9.632684, 2.859821, 2.388673
19.07972, 8.907809, 3.174279, 2.39287
19.09068, 6.527142, 3.367919, 2.396992
19.10174, 8.326324, 3.654599, 2.40112
19.11298, 7.325911, 3.885888, 2.405177
19.12399, 7.154086, 4.10838, 2.409177
19.1351, 7.073423, 4.326278, 2.413168
19.14611, 5.780756, 4.4715, 2.41708
19.15741, 5.773367, 4.620815, 2.421065
19.16901, 5.893564, 4.778834, 2.425075
19.17949, 6.360474, 4.971323, 2.428624
19.19041, 6.286467, 5.153395, 2.432275
19.20166, 6.314259, 5.344534, 2.436034
19.2129, 9.650759, 5.71805, 2.439666
19.3349, 3.024327, 5.758802, 2.476985
19.3462, 2.706674, 5.784434, 2.480117
19.35724, 2.739517, 5.796449, 2.483128
19.36824, 2.806721, 5.825328, 2.486195
19.37946, 2.738113, 5.852146, 2.489132
19.39065, 2.420429, 5.872138, 2.492098
19.40182, 2.575194, 5.519264, 2.494873
19.41257, 2.87096, 5.217422, 2.497607
19.42386, 2.468858, 5.014507, 2.500465
19.43498, 2.745018, 4.735442, 2.50318
19.44604, 2.734647, 4.505879, 2.505841
19.45709, 2.824131, 4.289381, 2.508427
19.46832, 2.877886, 4.079604, 2.510986
19.47944, 3.351104, 3.958122, 2.513555
19.49043, 2.964025, 3.817654, 2.515984
19.50185, 3.349053, 3.690429, 2.518392
19.51297, 3.330119, 3.538911, 2.520775
19.52382, 0, 3.224588, 2.522986
19.53488, 3.303885, 3.074069, 2.525219
19.54589, 3.293148, 2.756189, 2.527409
19.5573, 3.230423, 2.766493, 2.529592
19.56829, 3.244855, 2.793402, 2.531594
19.57959, 3.368679, 2.824861, 2.533646
19.5904, 3.401301, 2.85459, 2.535579
19.60142, 3.318333, 2.883601, 2.537469
19.613, 3.324004, 2.928779, 2.539341
19.62364, 3.235018, 2.961771, 2.541057
19.63493, 3.316185, 2.984032, 2.542835
19.64614, 3.354011, 3.02829, 2.544511
19.6572, 3.252049, 3.053641, 2.546284
19.66819, 3.226486, 3.078233, 2.547903
19.67954, 3.338249, 3.103939, 2.549483
19.69037, 3.409717, 3.13053, 2.550914
19.70142, 3.355646, 3.130758, 2.552326
19.71298, 3.316165, 3.148365, 2.553779
19.72373, 3.343487, 3.148086, 2.555169
19.73491, 3.33562, 3.148361, 2.556485
19.74592, 3.668859, 3.331804, 2.557729
19.75701, 3.750657, 3.354142, 2.558966
19.76812, 3.759811, 3.377476, 2.560128
19.7794, 3.883563, 3.410133, 2.561144
19.79026, 4.005, 3.44814, 2.562152
19.81254, 3.659778, 3.462695, 2.56415
19.82362, 1.48101, 3.36668, 2.564993
19.8348, 1.638479, 3.282687, 2.565863
19.84613, 1.848893, 3.208932, 2.566597
19.85708, 2.194516, 3.156907, 2.567346
19.86831, 2.012993, 3.091747, 2.568052
19.87935, 1.938039, 3.020948, 2.56866
19.89043, 1.890481, 2.95287, 2.5692
19.90139, 1.944874, 2.888789, 2.569739
19.91248, 1.922224, 2.817988, 2.570158
19.92352, 1.800325, 2.737518, 2.5705
19.93462, 1.748842, 2.657178, 2.570987
19.94602, 1.862013, 2.58447, 2.571285
19.95691, 1.872062, 2.510899, 2.571468
19.96803, 1.865468, 2.437391, 2.57167
19.97927, 1.823566, 2.345127, 2.571786
19.99027, 1.771553, 2.246171, 2.571905
20.00144, 1.777951, 2.147079, 2.571913
