0.0112069, 1.788802, 1.788802, 2.499002
0.0215618, 1.791991, 1.790397, 2.499018
0.0327642, 1.800802, 1.793865, 2.498948
0.0437736, 1.781693, 1.790822, 2.498814
0.0548118, 1.770013, 1.78666, 2.498761
0.065862, 2.110692, 1.840665, 2.498603
0.0771025, 2.025998, 1.867142, 2.498224
0.0883244, 1.949518, 1.877439, 2.498003
0.099264, 1.954226, 1.885971, 2.497655
0.1103402, 1.89183, 1.886557, 2.497231
0.1214617, 1.889294, 1.886805, 2.496718
0.1332298, 1.943289, 1.891512, 2.496137
0.1446546, 1.923521, 1.893975, 2.495497
0.1547906, 4.032527, 2.046728, 2.49454
0.1659107, 4.101606, 2.18372, 2.49384
0.1770179, 4.060864, 2.301042, 2.493035
0.1882026, 4.077382, 2.405532, 2.492178
0.199295, 4.190853, 2.504717, 2.491297
0.2107099, 4.546095, 2.612158, 2.49047
0.221529, 4.682073, 2.715653, 2.489537
0.2327263, 4.608189, 2.856623, 2.488514
0.243901, 3.04866, 2.919456, 2.487394
0.2548025, 2.843707, 2.971601, 2.485888
0.2659079, 2.969459, 3.03099, 2.484655
0.2769574, 2.748778, 3.079928, 2.483362
0.2882695, 3.094415, 3.129114, 2.481978
0.2993246, 3.415721, 3.198601, 2.480582
0.31039, 3.652993, 3.283775, 2.479327
0.3215088, 4.56332, 3.41423, 2.477746
0.3325267, 4.631143, 3.551195, 2.47628
0.343662, 5.266546, 3.720058, 2.474685
0.3548986, 7.215443, 3.983665, 2.472913
0.5213444, 8.898069, 4.332393, 2.442238
0.5810957, 9.354433, 4.598488, 2.428697
0.5880234, 8.412181, 4.814017, 2.426899
0.5991623, 7.74339, 4.998143, 2.424191
0.6323905, 9.954468, 5.291997, 2.415928
0.6435142, 6.79461, 5.422185, 2.413081
0.6546232, 5.058029, 5.447782, 2.410095
0.6657215, 4.900319, 5.458694, 2.407094
0.6768168, 4.820618, 5.469316, 2.404067
0.6878305, 5.141969, 5.573981, 2.401055
0.6990436, 5.495596, 5.706575, 2.397908
0.7102605, 4.495276, 5.782866, 2.396062
0.7213811, 4.383504, 5.864603, 2.392899
0.7323365, 1.61854, 5.790809, 2.389759
0.7435018, 1.644899, 5.702268, 2.386499
0.7547462, 1.601305, 5.599683, 2.382255
0.765721, 1.63186, 5.453111, 2.378873
0.7768473, 1.667678, 5.304937, 2.375142
0.7880168, 1.824937, 5.132857, 2.371663
0.7989868, 1.815852, 4.862877, 2.36814
0.8101614, 1.860892, 4.511018, 2.364401
0.8212402, 1.849741, 4.135783, 2.360762
0.8323746, 1.858321, 3.808091, 2.357019
0.8434639, 1.896555, 3.515749, 2.353271
0.8545128, 1.897342, 3.112892, 2.349453
0.8657649, 1.916267, 2.868975, 2.345511
0.8767663, 1.890138, 2.71058, 2.341641
0.8878755, 1.958986, 2.563514, 2.337648
0.8989751, 1.945775, 2.419772, 2.333657
0.9100617, 1.901642, 2.257755, 2.329528
0.9212419, 1.9235, 2.07915, 2.32535
0.9325051, 2.402649, 1.974519, 2.32108
0.9434589, 2.244102, 1.867549, 2.316856
0.9544869, 2.232869, 1.898265, 2.312498
0.9656529, 2.242824, 1.928162, 2.308078
0.9766333, 2.184421, 1.957318, 2.303768
0.9878074, 2.121345, 1.981792, 2.299307
0.9989141, 2.129133, 2.004864, 2.294801
1.00997, 2.002298, 2.013732, 2.29022
1.021156, 1.933922, 2.019636, 2.285548
1.032332, 1.911911, 2.022187, 2.280808
1.043328, 1.855485, 2.022474, 2.276021
1.05449, 1.85548, 2.022332, 2.271186
1.065494, 1.89919, 2.022464, 2.266357
1.076555, 1.906308, 2.022912, 2.261297
1.087731, 1.952236, 2.02471, 2.256542
1.098935, 1.946406, 2.027524, 2.251509
1.109935, 2.064991, 2.032824, 2.246728
1.121051, 2.115649, 2.041318, 2.241625
1.132336, 1.894581, 2.040965, 2.236432
1.143378, 1.93851, 2.041715, 2.231288
1.154409, 1.972547, 2.02021, 2.226271
1.165472, 2.10554, 2.013282, 2.221063
1.176612, 1.987166, 2.000997, 2.215833
1.187793, 1.973987, 1.987555, 2.210526
1.198888, 2.020334, 1.979351, 2.205212
1.209828, 2.025503, 1.974558, 2.199893
1.221065, 2.003289, 1.968266, 2.194404
1.232094, 1.954027, 1.965853, 2.189123
1.243272, 2.001632, 1.969238, 2.183594
1.254412, 1.737662, 1.960526, 2.178112
1.265457, 1.63772, 1.949638, 2.172618
1.276567, 1.683858, 1.941056, 2.166884
1.28762, 1.668424, 1.929518, 2.161429
1.298765, 1.701725, 1.919289, 2.155788
1.309968, 2.176427, 1.930498, 2.150205
1.321035, 2.410363, 1.953696, 2.14454
1.332189, 2.753723, 1.988133, 2.138807
1.343164, 2.051445, 1.984923, 2.133111
1.354254, 2.116066, 1.995997, 2.127697
1.365527, 2.205135, 2.009328, 2.121818
1.376416, 2.130559, 2.017229, 2.116919
1.387583, 2.367051, 2.030304, 2.11109
1.398635, 2.264747, 2.044183, 2.105305
1.409865, 2.154578, 2.053213, 2.099018
1.420964, 2.335618, 2.068977, 2.093113
1.432045, 2.36159, 2.085782, 2.087467
1.443169, 2.318196, 2.101527, 2.081525
1.454302, 2.242258, 2.115938, 2.075309
1.465378, 2.270106, 2.129362, 2.069331
1.47647, 2.294614, 2.15721, 2.06327
1.487674, 2.293346, 2.189991, 2.05719
1.498623, 2.251121, 2.218354, 2.051211
1.509884, 2.217682, 2.245817, 2.044855
1.520844, 2.149122, 2.268187, 2.038805
1.532038, 2.128736, 2.265802, 2.032555
1.543099, 2.050696, 2.247819, 2.026395
1.554304, 1.40103, 2.180185, 2.020085
1.56532, 1.417053, 2.148465, 2.013911
1.576323, 1.39714, 2.112519, 2.007708
1.587472, 1.400517, 2.072288, 2.001719
1.598639, 0, 1.96576, 1.995368
1.609745, 1.39893, 1.917354, 1.989042
1.620795, 1.407264, 1.87448, 1.982707
1.632071, 1.439103, 1.838706, 1.976213
1.643177, 1.507436, 1.797297, 1.969826
1.654163, 1.505604, 1.754497, 1.962518
1.665323, 1.501579, 1.713667, 1.95598
1.676373, 1.52216, 1.677662, 1.949471
1.687456, 1.449194, 1.636616, 1.942922
1.698704, 1.45646, 1.594708, 1.936272
1.709688, 1.40758, 1.55042, 1.929706
1.72074, 1.407532, 1.50824, 1.92311
1.731975, 1.431277, 1.46892, 1.915501
1.743033, 1.437413, 1.433335, 1.908783
1.754178, 1.445157, 1.399156, 1.901726
1.765299, 1.455686, 1.369405, 1.894905
1.77628, 1.450867, 1.371897, 1.888182
1.787502, 1.481512, 1.37512, 1.881119
1.798632, 1.484309, 1.379478, 1.874233
1.809803, 1.49709, 1.384307, 1.867242
1.820902, 1.557036, 1.462159, 1.860298
1.831928, 1.492991, 1.466862, 1.853477
1.84293, 1.507051, 1.471851, 1.846568
1.854028, 1.495668, 1.47468, 1.839374
1.865333, 1.49678, 1.474147, 1.832202
1.876243, 1.495055, 1.473619, 1.825266
1.887421, 1.484462, 1.472764, 1.818164
1.898516, 1.506891, 1.472, 1.811077
1.90961, 1.486732, 1.473877, 1.803257
1.920709, 1.466677, 1.474388, 1.796108
1.931832, 0, 1.404009, 1.789146
1.942901, 1.456977, 1.406481, 1.781965
1.954095, 1.473398, 1.408587, 1.774707
1.965281, 1.44425, 1.408929, 1.767431
1.97628, 1.436548, 1.408499, 1.760258
1.987275, 1.40379, 1.405904, 1.753037
1.998485, 1.398387, 1.40328, 1.745709
2.009656, 1.39298, 1.398854, 1.73874
2.020715, 1.503486, 1.399812, 1.731468
2.031742, 1.437942, 1.396855, 1.725323
2.042768, 1.465972, 1.392302, 1.718061
2.053941, 1.424667, 1.388886, 1.710496
2.065127, 1.495599, 1.388313, 1.702275
2.076181, 1.53114, 1.390087, 1.694908
2.087304, 1.501912, 1.390343, 1.687426
2.098568, 1.483627, 1.389772, 1.67988
2.109605, 1.470065, 1.389052, 1.67248
2.120659, 1.468504, 1.387132, 1.665024
2.136735, 1.437263, 1.384659, 1.65422
2.142667, 1.417297, 1.38219, 1.650173
2.153835, 1.410833, 1.452732, 1.642516
2.165026, 1.406371, 1.450201, 1.63544
2.176107, 1.433182, 1.44819, 1.627924
2.187293, 1.328547, 1.442405, 1.620305
2.198477, 1.34328, 1.437742, 1.612703
2.209375, 1.342854, 1.434695, 1.60521
2.220637, 1.330304, 1.431291, 1.59753
2.231803, 1.341976, 1.428741, 1.59003
2.242681, 1.337918, 1.420462, 1.582598
2.253889, 1.341206, 1.415625, 1.574931
2.265108, 1.347581, 1.409706, 1.56724
2.275922, 1.313445, 1.404145, 1.559832
2.287162, 1.330488, 1.395889, 1.552166
2.298288, 1.328711, 1.385768, 1.544527
2.309406, 1.334012, 1.377373, 1.537122
2.320546, 1.324985, 1.369441, 1.529463
2.331696, 1.359822, 1.363929, 1.521815
2.342691, 1.334734, 1.35724, 1.514256
2.353891, 1.301135, 1.350434, 1.506565
2.365076, 1.294673, 1.344302, 1.498727
2.375999, 1.284058, 1.337964, 1.491162
2.38715, 1.279386, 1.331614, 1.483407
2.398253, 1.258289, 1.32287, 1.475748
2.409357, 1.241402, 1.318513, 1.468055
2.420493, 1.249949, 1.313846, 1.460372
2.431608, 1.237831, 1.308595, 1.452672
2.442773, 1.240146, 1.304087, 1.44497
2.453887, 1.22217, 1.298097, 1.437435
2.465027, 1.242858, 1.293344, 1.42964
2.475952, 1.223286, 1.287448, 1.422116
2.487084, 1.218219, 1.280979, 1.413867
2.498276, 1.234499, 1.277032, 1.406124
2.509284, 1.218892, 1.271452, 1.398539
2.520423, 1.241745, 1.267104, 1.390806
2.53165, 1.263119, 1.263559, 1.383082
2.542641, 1.272445, 1.260932, 1.375526
2.553716, 1.257135, 1.255798, 1.367877
2.565109, 1.214354, 1.249779, 1.359991
2.575954, 1.223356, 1.24589, 1.35251
2.587008, 1.219185, 1.242116, 1.34497
2.598136, 1.221428, 1.238984, 1.337294
2.609243, 1.218772, 1.235953, 1.330221
2.620342, 1.237074, 1.234893, 1.322579
2.631456, 1.237875, 1.234716, 1.314826
2.642657, 1.215106, 1.232974, 1.307124
2.653774, 1.18108, 1.230137, 1.299491
2.664836, 1.167789, 1.226519, 1.291928
2.675806, 1.167467, 1.223784, 1.284434
2.686959, 1.170335, 1.220158, 1.276678
2.698148, 1.150657, 1.216526, 1.269026
2.709268, 1.153046, 1.213267, 1.261266
2.720343, 1.131051, 1.208095, 1.253708
2.731469, 1.109823, 1.202641, 1.246153
2.742545, 1.131045, 1.197107, 1.238618
2.753691, 1.125959, 1.190249, 1.23117
2.764774, 1.127256, 1.182989, 1.223642
2.775784, 1.153214, 1.177793, 1.216202
2.786972, 1.142895, 1.17422, 1.208628
2.798009, 1.140903, 1.170097, 1.201174
2.809199, 1.140255, 1.166151, 1.193655
2.820378, 1.09606, 1.159883, 1.186076
2.831419, 1.087307, 1.153309, 1.178676
2.842493, 1.061918, 1.144552, 1.171403
2.853544, 1.067593, 1.136037, 1.164
2.864692, 1.069034, 1.128734, 1.15655
2.87581, 1.05643, 1.122501, 1.149135
2.887032, 1.011716, 1.114698, 1.141692
2.898166, 1.007821, 1.106715, 1.134298
2.909134, 0.9950045, 1.097949, 1.126999
2.920335, 0.9981008, 1.090321, 1.11957
2.931396, 0.9889059, 1.082114, 1.112325
2.942373, 1.005537, 1.075838, 1.105068
2.953581, 0.9834402, 1.069519, 1.097679
2.964792, 1.009075, 1.063421, 1.090327
2.975701, 0.9797693, 1.056111, 1.08318
2.98676, 0.9496642, 1.047232, 1.076363
2.998238, 0.970251, 1.038084, 1.068897
3.009089, 0.9877651, 1.030327, 1.061842
3.020202, 0.9702103, 1.021793, 1.054615
3.031331, 0.9442797, 1.011994, 1.047423
3.042528, 0.92605, 1.003493, 1.040082
3.053493, 0.9186065, 0.9950582, 1.033006
3.06461, 0.9229089, 0.9881078, 1.025849
3.075632, 0.9235455, 0.9809054, 1.018794
3.086835, 0.9150432, 0.9732059, 1.012347
3.097922, 0.9349447, 0.9671315, 1.005322
3.108988, 0.9398587, 0.9635386, 0.9983281
3.120315, 0.9402999, 0.9601626, 0.9912026
3.131253, 0.9414008, 0.9574825, 0.9843499
3.142376, 0.9409249, 0.9546237, 0.9770335
3.154042, 0.9426625, 0.9523115, 0.9697291
3.164499, 0.9631895, 0.9501942, 0.9629654
3.175638, 0.9648392, 0.9492642, 0.9560271
3.186986, 0.9492119, 0.9462709, 0.948941
3.198047, 0.9496378, 0.9447644, 0.9420834
3.209999, 0.9498383, 0.9447731, 0.9346876
3.220068, 0.933916, 0.9429563, 0.9280533
3.231162, 0.9239449, 0.9397653, 0.9211138
3.242683, 0.9234712, 0.9374284, 0.913976
3.253486, 0.9107008, 0.9357494, 0.9073561
3.264476, 0.894592, 0.9341766, 0.9005215
3.275646, 0.8909354, 0.932793, 0.8937099
3.28676, 0.8817775, 0.9307364, 0.8868947
3.297887, 0, 0.8845592, 0.8801417
3.308896, 0.8667289, 0.8821435, 0.8734798
3.320121, 0.864687, 0.8786306, 0.866652
3.331091, 0.8273962, 0.8730075, 0.8600734
3.342219, 0.8265199, 0.8673185, 0.8534828
3.353406, 0.8263593, 0.8615664, 0.8468273
3.364534, 0.8165435, 0.8553473, 0.840299
3.37563, 0.8138178, 0.848905, 0.8337663
3.386689, 0.8167106, 0.841581, 0.8273889
3.397712, 0.80502, 0.83359, 0.820935
3.40892, 0.7932258, 0.8257908, 0.8143714
3.420016, 0.7992195, 0.8182698, 0.8079461
3.430967, 0.7903033, 0.8102931, 0.801633
3.442187, 0.7920732, 0.8032009, 0.7952086
3.453339, 0.7847572, 0.7962416, 0.7888607
3.464375, 0.7778794, 0.788962, 0.7825832
3.475734, 0.7449819, 0.780676, 0.7761913
3.48661, 0.7452449, 0.7732086, 0.7699941
3.4977, 0.7464005, 0.7659819, 0.7638077
3.508985, 0.7407401, 0.75893, 0.7574957
3.51989, 0.7252991, 0.7951949, 0.7504339
3.531033, 0.7275947, 0.7882382, 0.7442676
3.54226, 0.729782, 0.7814929, 0.7381108
3.55328, 0.7262871, 0.7764375, 0.7320634
3.564374, 0.7280999, 0.7715164, 0.7259927
3.575516, 0.7222165, 0.7663094, 0.7199189
3.586692, 0.7238212, 0.7616733, 0.7139374
3.597697, 0.7020946, 0.7560871, 0.708025
3.608901, 0.7009987, 0.7503015, 0.7034087
3.619956, 0.6850628, 0.7443036, 0.697521
3.630968, 0.6809448, 0.7386895, 0.6917987
3.642138, 0.6755794, 0.7325075, 0.6859142
3.65323, 0.6761546, 0.7268001, 0.6802089
3.664371, 0.6723713, 0.7208149, 0.6745304
3.675483, 0.6657238, 0.7148632, 0.6688917
3.686603, 0.6778494, 0.7098618, 0.6630774
3.702064, 0.6709006, 0.7061577, 0.6553107
3.708773, 0.6619496, 0.7019929, 0.6519851
3.719866, 0.6625199, 0.6977988, 0.6464816
3.730863, 0.657301, 0.6936269, 0.6410592
3.742069, 0.6494316, 0.6898335, 0.6355803
3.753141, 0.662282, 0.6865679, 0.6301928
3.764228, 0.6725602, 0.6837068, 0.6248766
3.775329, 0.6637787, 0.6805813, 0.6195567
3.786501, 0.6643567, 0.6773942, 0.6142104
3.797632, 0.6797156, 0.6752692, 0.6089333
3.808742, 0.6926405, 0.6737101, 0.6037546
3.81991, 0.6883824, 0.6730245, 0.5985624
3.830818, 0.6870115, 0.6723251, 0.5935194
3.842086, 0.6809516, 0.6721196, 0.588286
3.853144, 0.6649429, 0.6713195, 0.583212
3.864306, 0.6527215, 0.6701766, 0.5781186
3.87531, 0.6471072, 0.6687243, 0.5731658
3.886408, 0.6411111, 0.6671613, 0.568221
3.897593, 0.6440979, 0.6660801, 0.5632755
3.908659, 0.6480052, 0.6645879, 0.5584249
3.919758, 0.6379045, 0.662938, 0.5537009
3.930857, 0.6378888, 0.661735, 0.548919
3.941978, 0.6401893, 0.6606185, 0.5441103
3.95319, 0.6422758, 0.6598672, 0.539355
3.964288, 0.6500368, 0.6598975, 0.5345991
3.97543, 0.656541, 0.6596105, 0.5299683
3.986397, 0.6661878, 0.6592919, 0.5250801
3.997408, 0.6614656, 0.6591762, 0.5206352
4.00865, 0.6447277, 0.6581947, 0.5160628
4.019777, 0.6297786, 0.6556979, 0.5115891
4.030764, 0.6266051, 0.6523961, 0.5072022
4.041902, 0.6195514, 0.6489546, 0.5032344
4.053112, 0.5979429, 0.6445012, 0.4988704
4.064092, 0.599464, 0.6404268, 0.4945776
4.075293, 0.5893086, 0.6366451, 0.4901992
4.086397, 0.580202, 0.6330191, 0.4859886
4.097421, 0.5872932, 0.6300285, 0.4816908
4.108629, 0.5970827, 0.627827, 0.4775222
4.119703, 0.577166, 0.6244804, 0.4733507
4.130949, 0.5692179, 0.620541, 0.4692522
4.141928, 0.5691032, 0.617101, 0.4652826
4.153002, 0.7072272, 0.6205679, 0.4612092
4.164041, 0.7030631, 0.6237116, 0.4572976
4.175212, 0.6624758, 0.6247216, 0.4533911
4.18626, 0.6334093, 0.6238903, 0.4495734
4.197365, 0.6241951, 0.622273, 0.4458368
4.208506, 0.503515, 0.6141393, 0.4421252
4.219635, 0.4696586, 0.604549, 0.4385465
4.230657, 0.5046407, 0.5975446, 0.4349747
4.241774, 0.5130855, 0.59171, 0.4314062
4.253016, 0.4443148, 0.5825955, 0.4278547
4.264017, 0.4715717, 0.5751964, 0.4243286
4.275192, 0.4468635, 0.5676425, 0.4209571
4.286279, 0.5021719, 0.5627778, 0.4176057
4.297396, 0.5087323, 0.558749, 0.414305
4.308544, 0.4819837, 0.5538381, 0.4110799
4.319717, 0.4747697, 0.5482119, 0.4078564
4.330588, 0.4743414, 0.5420748, 0.404766
4.341774, 0.4749347, 0.5369632, 0.4015253
4.352891, 0.4712239, 0.5320635, 0.3998958
4.363935, 0.4687218, 0.5270444, 0.3962873
4.375149, 0.469548, 0.5151604, 0.3933738
4.386122, 0.469844, 0.5034995, 0.3898903
4.397206, 0.4674207, 0.4937468, 0.3870133
4.408483, 0.464791, 0.4853159, 0.3840186
4.419995, 0.4561965, 0.4769159, 0.3815022
4.430521, 0.451513, 0.4743158, 0.3789634
4.441864, 0.449391, 0.4733025, 0.3760649
4.453053, 0.4509211, 0.4706165, 0.3734742
4.463973, 0.4514032, 0.4675324, 0.370672
4.47517, 0.4511671, 0.467875, 0.3681481
4.486284, 0.4394594, 0.4662694, 0.3655452
4.497259, 0.4340422, 0.4656283, 0.3631571
4.508492, 0.4273039, 0.461885, 0.3607524
4.519503, 0.4222646, 0.4575616, 0.3584533
4.530572, 0.4217929, 0.454552, 0.3561987
4.541632, 0.4186274, 0.4517449, 0.3539979
4.552739, 0.4013393, 0.4480948, 0.3518298
4.563851, 0.3971435, 0.4442053, 0.3496908
4.575131, 0.3943633, 0.4403623, 0.3475782
4.586095, 0.3881951, 0.436336, 0.3455482
4.597227, 0.3866432, 0.4321907, 0.3435823
4.608404, 0.3838156, 0.4278893, 0.3416399
4.619495, 0.3782947, 0.423433, 0.3397814
4.630549, 0.371167, 0.4187518, 0.3379717
4.641655, 0.3684385, 0.4143639, 0.3362058
4.652783, 0.3603712, 0.4098068, 0.3345238
4.663822, 0.3577607, 0.4052253, 0.3330149
4.675155, 0.3588381, 0.4006211, 0.3313867
4.686163, 0.3491196, 0.3955069, 0.3314614
4.697169, 0.3729987, 0.3915985, 0.3303877
4.708259, 0.3898822, 0.3891197, 0.3290339
4.719348, 0.3645095, 0.385643, 0.3268307
4.730334, 0.3568078, 0.3821182, 0.3255234
4.741841, 0.3733732, 0.3796737, 0.3241702
4.752754, 0.371964, 0.3771822, 0.3229735
4.76375, 0.3671318, 0.3746074, 0.3214926
4.775012, 0.3633729, 0.3727091, 0.3203365
4.786077, 0.3621275, 0.3709583, 0.318901
4.796998, 0.3674041, 0.3696103, 0.3178174
4.808274, 0.366937, 0.3685474, 0.3166893
4.819301, 0.3677483, 0.3676026, 0.3157832
4.830405, 0.3691219, 0.366868, 0.3148326
4.841552, 0.3644442, 0.3661755, 0.3142839
4.852684, 0.3621107, 0.3657226, 0.3134671
4.86374, 0.3623452, 0.365418, 0.3127287
4.874873, 0.3614146, 0.3654701, 0.3120072
4.885968, 0.3567062, 0.3654174, 0.3114986
4.89704, 0.3546588, 0.3652084, 0.3115164
4.908248, 0.3517891, 0.3653419, 0.3110086
4.919297, 0.3477783, 0.3640809, 0.3105832
4.930386, 0.3468746, 0.3619305, 0.3101705
4.941505, 0.3475912, 0.3610846, 0.309942
4.952714, 0.3443236, 0.3604604, 0.3096493
4.963735, 0.3435419, 0.3589688, 0.3093946
4.974951, 0.3439873, 0.35757, 0.3099261
4.985921, 0.341347, 0.3562808, 0.3098498
4.997033, 0.3395324, 0.3550888, 0.3099347
5.008123, 0.3400842, 0.3539866, 0.309958
5.019349, 0.3358398, 0.3524084, 0.3100352
5.030365, 0.332351, 0.3506791, 0.3101755
5.041486, 0.332754, 0.3489294, 0.3105191
5.052618, 0.3285599, 0.3469013, 0.310763
5.063625, 0.3282112, 0.3450896, 0.3110346
5.074869, 0.3278538, 0.3433768, 0.3113636
5.085885, 0.3258512, 0.3415521, 0.3113371
5.096938, 0.3257065, 0.3397667, 0.3121867
5.108098, 0.3248357, 0.3381732, 0.3126983
5.119229, 0.3280956, 0.336845, 0.3129939
5.130229, 0.3256232, 0.3355367, 0.3135977
5.141438, 0.325985, 0.334447, 0.314275
5.152776, 0.325236, 0.3333651, 0.3150036
5.1637, 0.3209237, 0.3320317, 0.3156801
5.174726, 0.3220959, 0.3309203, 0.3163658
5.185837, 0.3222201, 0.3298542, 0.317363
5.196968, 0.3223388, 0.3287718, 0.3182625
5.208046, 0.3228795, 0.3278484, 0.3192364
5.219223, 0.3270833, 0.327226, 0.3200689
5.230166, 0.3249031, 0.3264669, 0.3211173
5.24142, 0.3254851, 0.3259492, 0.3222571
5.252505, 0.3252769, 0.3255955, 0.3234366
5.263642, 0.328653, 0.3253904, 0.3246621
5.279655, 0.3306248, 0.3254937, 0.3265305
5.285825, 0.3328404, 0.3257251, 0.3272699
5.296805, 0.3299558, 0.3258303, 0.3284887
5.30803, 0.3333169, 0.3262035, 0.3299196
5.319021, 0.3409045, 0.3269635, 0.3313493
5.330141, 0.3408181, 0.3277625, 0.3328708
5.341218, 0.3424908, 0.3284823, 0.334486
5.352396, 0.3485048, 0.3296264, 0.3361182
5.363517, 0.3488406, 0.3307692, 0.3378145
5.374673, 0.350543, 0.3320345, 0.3395487
5.385697, 0.3506689, 0.3335218, 0.3413366
5.39678, 0.3517705, 0.3350055, 0.3436109
5.407931, 0.360789, 0.3369339, 0.3455308
5.419097, 0.3584804, 0.338741, 0.3473048
5.430119, 0.3609156, 0.3406428, 0.3492766
5.441268, 0.3581976, 0.3421986, 0.3513533
5.452343, 0.3618394, 0.3440454, 0.3534472
5.463415, 0.3630684, 0.3459246, 0.3556357
5.474674, 0.3649337, 0.3479074, 0.3577396
5.48568, 0.3688797, 0.3499187, 0.3599233
5.496738, 0.368981, 0.3518365, 0.3620777
5.508057, 0.3957031, 0.3549797, 0.3644715
5.51904, 0.3699191, 0.3569779, 0.3672721
5.530101, 0.3665862, 0.3586413, 0.3697419
5.541165, 0.3698788, 0.36009, 0.3722032
5.552257, 0.3696611, 0.3615322, 0.374783
5.563429, 0.371806, 0.3629979, 0.3774577
5.574563, 0.3771179, 0.3644286, 0.3806777
5.58568, 0.4249591, 0.3682345, 0.383498
5.596603, 0.4248767, 0.3719512, 0.3861034
5.607856, 0.4256353, 0.3756995, 0.3890194
5.619139, 0.4276233, 0.3794921, 0.3917765
5.630027, 0.4276454, 0.382835, 0.3946716
5.641184, 0.4274173, 0.3862818, 0.3976918
5.652246, 0.4257547, 0.3895238, 0.4007361
5.663375, 0.4261324, 0.3929205, 0.4034985
5.674461, 0.4288491, 0.396271, 0.4066253
5.685669, 0.4288688, 0.399561, 0.409348
5.696672, 0.4311529, 0.402872, 0.4125049
5.707815, 0.4288779, 0.4058719, 0.4157456
5.719252, 0.443176, 0.4095817, 0.4191345
5.729973, 0.4420634, 0.4118997, 0.4222381
5.741073, 0.4402136, 0.4154144, 0.4256126
5.752472, 0.4381461, 0.4189923, 0.4291275
5.763165, 0.4523195, 0.4231144, 0.4324732
5.774516, 0.4459495, 0.4269288, 0.4360866
5.785581, 0.4428523, 0.430481, 0.4396276
5.796784, 0.4454811, 0.4338992, 0.4436932
5.807744, 0.4448121, 0.4348918, 0.4473315
5.818928, 0.4616016, 0.4367281, 0.4510117
5.829971, 0.4702121, 0.4389569, 0.4545369
5.841093, 0.467217, 0.4409366, 0.4583536
5.852135, 0.4769391, 0.4434012, 0.4621952
5.863235, 0.4801466, 0.4460377, 0.4661111
5.874421, 0.4794503, 0.4487225, 0.4700757
5.885575, 0.4817212, 0.4515019, 0.474102
5.896581, 0.4838776, 0.4542533, 0.4781485
5.907711, 0.4990265, 0.4577611, 0.4822508
5.918885, 0.4988415, 0.4611456, 0.4865798
5.929983, 0.5005142, 0.4647273, 0.4907832
5.941146, 0.5030694, 0.467722, 0.4950312
5.952138, 0.5070288, 0.4709703, 0.4991567
5.963195, 0.5019786, 0.4740586, 0.5034925
5.974493, 0.5007601, 0.4771893, 0.5078555
5.985443, 0.50181, 0.4796638, 0.5122333
5.996573, 0.5089653, 0.4828146, 0.5168377
6.007723, 0.505933, 0.4859687, 0.5213765
6.018924, 0.5136331, 0.4893762, 0.5260292
6.029853, 0.5160426, 0.4929378, 0.5305897
6.040988, 0.5996928, 0.4998423, 0.5352075
6.052115, 0.5803949, 0.5053515, 0.5398472
6.063171, 0.5897117, 0.5114762, 0.5445578
6.074316, 0.601689, 0.5177137, 0.5493611
6.085502, 0.5999364, 0.5237032, 0.5541965
6.096467, 0.5916982, 0.5293156, 0.559032
6.107643, 0.590546, 0.5347568, 0.5639482
6.118933, 0.5837089, 0.5397484, 0.5689517
6.129829, 0.5815136, 0.5438727, 0.5736996
6.140977, 0.5790672, 0.547884, 0.5787625
6.15231, 0.5987487, 0.5527958, 0.5839126
6.163079, 0.6043457, 0.5578596, 0.5892549
6.174334, 0.5979252, 0.5624045, 0.5944873
6.185449, 0.610447, 0.5678278, 0.599674
6.196458, 0.6112744, 0.5733536, 0.604753
6.207631, 0.6167257, 0.5790994, 0.6100522
6.21877, 0.5442054, 0.5808614, 0.6154228
6.229737, 0.5412735, 0.5826284, 0.6195875
6.24088, 0.554572, 0.5846754, 0.6248503
6.252093, 0.5570986, 0.5867282, 0.6317932
6.263031, 0.563625, 0.5849248, 0.637194
6.274597, 0.5652249, 0.5841663, 0.64295
6.285318, 0.5700445, 0.5831829, 0.6482939
6.296445, 0.5723869, 0.5817178, 0.6536683
6.307724, 0.5725736, 0.5803496, 0.6593746
6.318683, 0.5896449, 0.580247, 0.6648897
6.32972, 0.5912923, 0.5802844, 0.6705461
6.340821, 0.6036158, 0.5812797, 0.6762313
6.352099, 0.6415896, 0.5842835, 0.6820584
6.363051, 0.6399723, 0.5873288, 0.687734
6.374157, 0.7470492, 0.5947438, 0.6935613
6.385404, 0.7387713, 0.6014651, 0.6995102
6.396327, 0.7427477, 0.6087062, 0.7052703
6.407581, 0.7460414, 0.6154859, 0.711284
6.418785, 0.7894624, 0.6243953, 0.7173271
6.429791, 0.7982538, 0.6334717, 0.7232761
6.440795, 0.8077043, 0.6466466, 0.7290661
6.451965, 0.8309847, 0.6611322, 0.7352425
6.463071, 0.8356614, 0.6751867, 0.7413638
6.47419, 0.8561442, 0.6901389, 0.7475047
6.485274, 0.8643565, 0.7051755, 0.7536427
6.496245, 0.8902323, 0.7214259, 0.7597851
6.507461, 0.9213882, 0.738993, 0.7660736
6.51856, 0.9166978, 0.7562086, 0.7723768
6.529651, 0.9009195, 0.7726259, 0.7787058
6.540731, 0.9386922, 0.7900783, 0.785039
6.551947, 0.9098734, 0.8060074, 0.7914605
6.562841, 0.903551, 0.8210041, 0.7976758
6.574068, 0.8952326, 0.8336862, 0.8041545
6.585298, 0.9138563, 0.8473805, 0.8106711
6.596359, 0.9007035, 0.8550631, 0.8173682
6.607472, 0.8835098, 0.8623001, 0.8238952
6.618553, 0.9084094, 0.8705832, 0.8302732
6.62957, 0.8996375, 0.8782629, 0.8367913
6.640733, 0.8894101, 0.8832603, 0.8436357
6.652127, 1.018668, 0.8942809, 0.8504524
6.662816, 1.027695, 0.9052804, 0.8566536
6.673991, 1.046374, 0.9160498, 0.8633816
6.685083, 1.073143, 0.927924, 0.8699721
6.696341, 1.061314, 0.9381825, 0.8768229
6.707361, 1.05565, 0.9477471, 0.8835281
6.718488, 0.9970006, 0.9530854, 0.8904058
6.729586, 0.996774, 0.9568547, 0.8972242
6.740661, 1.004977, 0.9612686, 0.9040833
6.751858, 1.06211, 0.9693281, 0.9110177
6.762961, 1.088604, 0.9768237, 0.9178922
6.774049, 1.089511, 0.9858055, 0.9246469
6.785295, 1.102558, 0.9957559, 0.9316754
6.79626, 1.122041, 1.007096, 0.9385439
6.807344, 1.129757, 1.017891, 0.9455245
6.818615, 1.132909, 1.029502, 0.9526068
6.829476, 1.161973, 1.043425, 0.9597485
6.840597, 1.159927, 1.056001, 0.9667607
6.855008, 1.170226, 1.06953, 0.9758241
6.867687, 1.178281, 1.083974, 0.9838667
6.873868, 1.238907, 1.094986, 0.9877526
6.885022, 1.260695, 1.106636, 0.9948494
6.896042, 1.260256, 1.11733, 1.001963
6.907315, 1.257461, 1.126546, 1.009227
6.918414, 1.263534, 1.136657, 1.016311
6.929558, 1.255071, 1.146628, 1.024293
6.940622, 1.291432, 1.161349, 1.0315
6.951675, 1.299109, 1.176466, 1.038702
6.962807, 1.709376, 1.211686, 1.045905
6.973962, 1.387871, 1.227974, 1.052767
6.985, 1.36208, 1.241648, 1.059895
6.996093, 1.369954, 1.25567, 1.067002
7.007198, 1.364248, 1.268755, 1.074266
7.018262, 1.036763, 1.264491, 1.081514
7.029374, 1.193253, 1.267665, 1.088635
7.040713, 1.166262, 1.269333, 1.096101
7.051739, 1.180474, 1.270258, 1.103352
7.062721, 1.207783, 1.272651, 1.110607
7.073837, 1.170083, 1.272644, 1.117934
7.08518, 1.205006, 1.27398, 1.12543
7.096002, 1.223438, 1.273206, 1.132643
7.107273, 1.232228, 1.271783, 1.140115
7.118219, 1.224285, 1.269984, 1.148914
7.129352, 1.204603, 1.267342, 1.156405
7.140669, 1.209739, 1.264652, 1.163695
7.151829, 1.228555, 1.263326, 1.171203
7.162665, 1.22104, 1.259806, 1.178443
7.173863, 1.213186, 1.25551, 1.185429
7.184875, 1.215232, 1.230803, 1.192805
7.19592, 1.228884, 1.222854, 1.199825
7.20718, 1.249089, 1.217204, 1.207366
7.218169, 1.301776, 1.213795, 1.214652
7.229478, 1.313015, 1.211233, 1.222246
7.240461, 1.305247, 1.224658, 1.229591
7.251467, 1.332887, 1.23164, 1.236997
7.262673, 1.332522, 1.239952, 1.244648
7.273849, 1.33885, 1.247871, 1.252213
7.285198, 1.236976, 1.249331, 1.25989
7.296137, 1.231268, 1.25239, 1.267571
7.307122, 1.230537, 1.253667, 1.275049
7.318211, 1.208155, 1.252903, 1.282616
7.329285, 1.219416, 1.252262, 1.290152
7.340364, 1.222071, 1.252151, 1.297721
7.351459, 1.227237, 1.253283, 1.305296
7.362669, 1.27226, 1.256409, 1.312954
7.373772, 1.261747, 1.258069, 1.320808
7.384953, 1.273575, 1.260696, 1.328465
7.395957, 1.218569, 1.260965, 1.33585
7.40706, 1.214758, 1.260941, 1.34347
7.418102, 1.211019, 1.260048, 1.351062
7.429319, 1.212501, 1.258219, 1.358758
7.440463, 1.226719, 1.254466, 1.366409
7.451505, 1.205353, 1.249083, 1.374008
7.46262, 1.205642, 1.244102, 1.381694
7.47404, 1.210805, 1.237998, 1.38964
7.484939, 1.244749, 1.23361, 1.397176
7.495817, 1.239278, 1.228631, 1.404622
7.507175, 1.248661, 1.229215, 1.412467
7.51793, 1.256503, 1.230477, 1.419937
7.529166, 1.295871, 1.233743, 1.427522
7.540301, 1.05174, 1.225923, 1.435176
7.551517, 1.029283, 1.216416, 1.443012
7.562576, 1.028731, 1.206749, 1.45067
7.573681, 1.026372, 1.196706, 1.458348
7.58477, 1.034173, 1.184801, 1.465997
7.595812, 1.038037, 1.173616, 1.4737
7.60695, 1.032087, 1.161541, 1.480609
7.618122, 1.037703, 1.152498, 1.488259
7.629224, 1.034684, 1.143494, 1.496276
7.640226, 1.036031, 1.134745, 1.503816
7.651496, 1.074114, 1.127826, 1.511556
7.662471, 1.074552, 1.120217, 1.519039
7.6738, 1.392241, 1.129562, 1.527179
7.684716, 1.432351, 1.140897, 1.534666
7.695905, 1.572136, 1.158964, 1.542355
7.706975, 1.52823, 1.173138, 1.550015
7.717912, 1.626395, 1.192494, 1.557517
7.729101, 1.550465, 1.207584, 1.565095
7.740204, 1.539593, 1.221738, 1.572659
7.751365, 1.541474, 1.234019, 1.580292
7.762415, 1.580604, 1.260462, 1.587817
7.773998, 1.630454, 1.29052, 1.596011
7.784618, 1.637752, 1.320971, 1.603086
7.795678, 1.629167, 1.351111, 1.610597
7.806859, 1.637862, 1.381295, 1.618207
7.817984, 1.625841, 1.410686, 1.625744
7.82893, 1.624515, 1.440307, 1.633102
7.840163, 1.557154, 1.46628, 1.640676
7.851257, 1.562099, 1.492651, 1.648133
7.862468, 1.553601, 1.518529, 1.655666
7.873631, 1.601507, 1.544899, 1.663141
7.884552, 1.570622, 1.569702, 1.670794
7.89564, 1.584322, 1.579306, 1.678219
7.906816, 0, 1.507689, 1.685252
7.917954, 1.593955, 1.50878, 1.692659
7.928916, 0, 1.432368, 1.699954
7.940052, 1.578761, 1.429986, 1.707329
7.951185, 1.621078, 1.433517, 1.71471
7.962289, 1.689745, 1.441025, 1.722013
7.973919, 1.69252, 1.448577, 1.7295
7.984869, 1.846803, 1.461887, 1.736515
7.995661, 1.843706, 1.47255, 1.7436
8.006732, 1.824506, 1.481887, 1.750856
8.017937, 1.88092, 1.494475, 1.758173
8.029006, 1.872169, 1.50619, 1.765453
8.040026, 1.915044, 1.52065, 1.772584
8.051167, 1.926952, 1.535772, 1.779781
8.062301, 1.93442, 1.554636, 1.786979
8.073403, 1.922439, 1.572652, 1.794141
8.08455, 1.828463, 1.586396, 1.802703
8.095635, 1.831178, 1.597879, 1.809965
8.106745, 1.830437, 1.61087, 1.817044
8.117804, 1.777704, 1.620539, 1.824246
8.12886, 1.782372, 1.709658, 1.830852
8.140059, 1.751893, 1.717554, 1.838037
8.151093, 1.762675, 1.805688, 1.845096
8.16221, 1.73979, 1.81374, 1.852215
8.173429, 1.733776, 1.819374, 1.859017
8.184376, 1.686413, 1.819208, 1.865689
8.195624, 1.683157, 1.81874, 1.872788
8.206625, 1.350483, 1.793924, 1.879345
8.217639, 1.323916, 1.767934, 1.886218
8.228854, 1.353734, 1.744396, 1.893195
8.239949, 1.348249, 1.717762, 1.900057
8.251032, 1.377837, 1.693046, 1.906765
8.262152, 1.376479, 1.666117, 1.913544
8.273293, 1.40213, 1.639876, 1.920367
8.284937, 1.40314, 1.613312, 1.927457
8.295596, 1.446296, 1.589505, 1.933927
8.306625, 1.436414, 1.569903, 1.940602
8.317554, 1.43637, 1.550162, 1.94718
8.32886, 1.445148, 1.530898, 1.953967
8.340007, 1.448784, 1.514452, 1.960608
8.350894, 1.473013, 1.498984, 1.96691
8.362224, 1.465466, 1.484663, 1.97359
8.373147, 1.426887, 1.467873, 1.980023
8.384327, 1.376012, 1.449684, 1.986579
8.395372, 1.37351, 1.431671, 1.993036
8.406493, 1.37213, 1.415957, 2.000235
8.417579, 1.474203, 1.405509, 2.006722
8.428808, 1.850442, 1.430507, 2.013191
8.43976, 1.663766, 1.4475, 2.019547
8.455875, 1.715757, 1.465601, 2.028661
8.462064, 1.6502, 1.480698, 2.031694
8.473134, 1.6502, 1.494317, 2.037964
8.484355, 1.498886, 1.500437, 2.044158
8.495425, 1.499969, 1.505329, 2.050385
8.506449, 1.528131, 1.511579, 2.056555
8.517555, 1.510832, 1.514805, 2.06273
8.528783, 1.509135, 1.518441, 2.068995
8.539838, 1.5443, 1.523838, 2.075081
8.550943, 1.540058, 1.528584, 2.081162
8.56197, 1.532963, 1.532792, 2.087344
8.573963, 1.548456, 1.536565, 2.093848
8.584236, 1.556921, 1.541137, 2.100113
8.595376, 1.552124, 1.547399, 2.106136
8.606702, 1.563642, 1.556781, 2.111971
8.617545, 1.537755, 1.564993, 2.117756
8.628689, 1.524291, 1.572601, 2.123415
8.639891, 1.533472, 1.575565, 2.129308
8.650829, 1.570121, 1.561548, 2.134927
8.662073, 1.581927, 1.557456, 2.140747
8.673109, 1.602192, 1.551778, 2.146432
8.684092, 1.679682, 1.553252, 2.151627
8.695258, 1.680318, 1.554758, 2.157249
8.706396, 1.669378, 1.563283, 2.162842
8.717519, 1.969699, 1.586769, 2.1684
8.728622, 1.928984, 1.606812, 2.173893
8.739831, 1.961699, 1.629355, 2.179404
8.750797, 1.986025, 1.6532, 2.184748
8.761909, 1.972442, 1.674607, 2.190241
8.773079, 2.127531, 1.70398, 2.195614
8.784081, 2.057839, 1.730224, 2.20095
8.795359, 1.997463, 1.752674, 2.206335
8.80644, 1.988319, 1.774244, 2.211451
8.817445, 1.945974, 1.793937, 2.216595
8.828551, 1.884745, 1.809992, 2.221676
8.839684, 1.931155, 1.829662, 2.226808
8.850818, 1.908152, 1.848855, 2.232044
8.862177, 1.905347, 1.867449, 2.237597
8.873112, 2.016444, 1.889765, 2.242543
8.884243, 2.068288, 1.914083, 2.247539
8.895184, 2.150073, 1.941477, 2.252422
8.906351, 2.180807, 1.966533, 2.256958
8.917429, 1.771991, 1.971117, 2.261783
8.928529, 1.759655, 1.975631, 2.266376
8.939618, 1.727992, 1.963545, 2.27112
8.950781, 1.677066, 1.95095, 2.275744
8.96184, 1.647393, 1.935234, 2.28029
8.972978, 1.643455, 1.918106, 2.284917
8.983973, 1.630768, 1.901022, 2.289465
8.995258, 1.631452, 1.876218, 2.294042
9.006264, 1.628791, 1.854766, 2.298517
9.017385, 1.624065, 1.836096, 2.302958
9.028681, 1.6709, 1.820225, 2.307468
9.039505, 1.736048, 1.809729, 2.311695
9.050637, 1.775923, 1.804288, 2.31602
9.061771, 1.775235, 1.796492, 2.320166
9.072853, 1.743434, 1.788256, 2.324355
9.084049, 1.520596, 1.769018, 2.32854
9.095168, 1.44322, 1.740357, 2.332633
9.106277, 1.367984, 1.705342, 2.338228
9.117213, 1.329532, 1.664315, 2.342315
9.128639, 1.268582, 1.618703, 2.345729
9.139534, 1.495674, 1.604888, 2.349623
9.150641, 1.536705, 1.59374, 2.353364
9.161787, 1.5542, 1.58505, 2.357565
9.172898, 1.50628, 1.576511, 2.36142
9.183897, 1.490565, 1.56867, 2.365667
9.195098, 1.518532, 1.562423, 2.369545
9.206148, 1.54155, 1.557963, 2.372139
9.217187, 1.547492, 1.553765, 2.375752
9.228721, 1.566985, 1.550674, 2.379337
9.239473, 1.591963, 1.549069, 2.382227
9.250565, 1.570655, 1.544057, 2.385769
9.261837, 1.565104, 1.53551, 2.389548
9.272833, 1.590792, 1.526253, 2.392877
9.283838, 1.582458, 1.516614, 2.396157
9.294947, 1.581915, 1.508538, 2.399435
9.306211, 1.583834, 1.5117, 2.402574
9.317293, 1.599003, 1.519489, 2.405733
9.328408, 1.617035, 1.531942, 2.408864
9.339414, 1.614452, 1.546188, 2.412002
9.35056, 1.677601, 1.566639, 2.415065
9.361646, 1.670596, 1.575385, 2.417944
9.372806, 1.667042, 1.581902, 2.420922
9.383866, 1.65, 1.586692, 2.423753
9.39498, 1.647287, 1.593742, 2.426624
9.406042, 1.619444, 1.600186, 2.429385
9.417158, 1.63146, 1.605832, 2.43216
9.428248, 1.609193, 1.609214, 2.435985
9.439384, 1.600898, 1.611884, 2.438116
9.450471, 1.588905, 1.61298, 2.440652
9.461596, 1.583197, 1.612542, 2.443248
9.47282, 1.576337, 1.612826, 2.445791
9.483773, 1.577349, 1.613438, 2.448173
9.49499, 1.607868, 1.614292, 2.450611
9.506021, 1.612262, 1.615782, 2.45287
9.517043, 1.594275, 1.6164, 2.455171
9.528262, 1.606415, 1.617529, 2.457459
9.539432, 1.605812, 1.61787, 2.459674
9.550418, 1.595033, 1.616769, 2.461709
9.561577, 1.633388, 1.617716, 2.463906
9.572845, 1.663979, 1.617035, 2.465986
9.583749, 1.6716, 1.617085, 2.467963
9.594777, 1.670212, 1.617244, 2.469923
9.605936, 1.674584, 1.618473, 2.471842
9.617045, 1.619513, 1.617085, 2.47367
9.628192, 1.61625, 1.616925, 2.475764
9.639396, 1.617533, 1.616229, 2.478568
9.650373, 1.634683, 1.617503, 2.480279
9.661563, 1.642053, 1.619561, 2.4818
9.672752, 1.635385, 1.621885, 2.483499
9.683748, 1.637482, 1.624599, 2.484656
9.69485, 1.640201, 1.627792, 2.486169
9.705914, 1.64695, 1.631272, 2.487505
9.71699, 1.643615, 1.63306, 2.488934
9.728252, 1.650403, 1.634966, 2.490211
9.739403, 1.649044, 1.637705, 2.49137
9.750387, 1.65864, 1.640316, 2.492588
9.761407, 1.658639, 1.642957, 2.494316
9.77271, 1.662082, 1.64631, 2.495522
9.783757, 1.662095, 1.647745, 2.496644
9.794948, 1.700905, 1.649591, 2.497706
9.805891, 1.725104, 1.652267, 2.498897
9.816986, 1.70207, 1.653859, 2.499687
9.828079, 1.701915, 1.655226, 2.50044
9.839256, 1.732923, 1.660897, 2.501119
9.850307, 1.691191, 1.664644, 2.501887
9.861471, 1.782432, 1.672889, 2.502343
9.872627, 1.761983, 1.679254, 2.502963
9.883701, 1.794415, 1.686872, 2.503545
9.894739, 1.745841, 1.692395, 2.504037
9.90577, 1.766019, 1.698822, 2.50445
9.916974, 1.75525, 1.704574, 2.505369
9.928021, 1.732329, 1.708843, 2.505754
9.939238, 1.838335, 1.718579, 2.505822
9.950211, 1.84182, 1.72815, 2.506082
9.961377, 1.825159, 1.736956, 2.506285
9.972654, 1.800591, 1.744053, 2.506441
9.98355, 1.772781, 1.749761, 2.506275
9.994727, 1.748132, 1.754063, 2.506284
10.00573, 1.83372, 1.762644, 2.506598
10.01682, 1.781724, 1.766685, 2.506542
10.02799, 2.592371, 1.810049, 2.506423
10.03925, 2.465681, 1.848229, 2.506093
10.05454, 1.716875, 1.848977, 2.505769
10.06135, 1.727188, 1.848691, 2.505138
10.07238, 1.551918, 1.841727, 2.504775
10.08358, 1.676816, 1.836446, 2.504252
10.09469, 1.799438, 1.838319, 2.503795
10.10579, 1.826518, 1.839924, 2.503085
10.11683, 1.806884, 1.842976, 2.502515
10.12798, 1.814322, 1.845392, 2.501795
10.13913, 1.78155, 1.846707, 2.501579
10.15027, 1.719147, 1.846048, 2.500843
10.16126, 1.729459, 1.840604, 2.500132
10.17239, 1.706723, 1.833849, 2.499299
10.18348, 1.657237, 1.825453, 2.498131
10.19467, 1.653112, 1.818079, 2.497161
10.20574, 1.637696, 1.811324, 2.496055
10.2168, 1.623292, 1.805082, 2.494881
10.22796, 1.603296, 1.793561, 2.493723
10.23897, 1.581109, 1.78353, 2.492612
10.25009, 1.586047, 1.733214, 2.491379
10.26133, 1.57417, 1.688638, 2.490299
10.27236, 1.522552, 1.678922, 2.488992
10.28343, 1.581024, 1.671614, 2.487601
10.29465, 1.559983, 1.672017, 2.486137
10.30585, 1.671991, 1.671776, 2.484698
10.31679, 1.703679, 1.666988, 2.483494
10.32789, 1.727093, 1.662017, 2.48194
10.339, 1.722651, 1.657805, 2.480287
10.35011, 1.691523, 1.651665, 2.478611
10.36125, 1.651842, 1.64518, 2.477146
10.37249, 1.651735, 1.641809, 2.475349
10.38333, 1.695056, 1.640089, 2.473546
10.39457, 1.676556, 1.638581, 2.471664
10.40561, 1.704315, 1.640935, 2.469763
10.41669, 1.704894, 1.643524, 2.46781
10.42785, 1.635984, 1.643438, 2.465796
10.43897, 1.678319, 1.646189, 2.463711
10.45002, 1.645908, 1.64832, 2.461602
10.4611, 1.667779, 1.652654, 2.459426
10.47231, 1.685334, 1.657618, 2.457186
10.48344, 1.727884, 1.665304, 2.454905
10.49454, 1.714106, 1.674881, 2.452576
10.50579, 1.756603, 1.68366, 2.450186
10.51668, 1.826726, 1.696997, 2.447804
10.5278, 1.839163, 1.705356, 2.44534
10.53898, 1.873383, 1.713841, 2.442839
10.54999, 1.865539, 1.720764, 2.440291
10.56105, 1.841463, 1.726704, 2.437652
10.57235, 1.841749, 1.734215, 2.434942
10.58331, 1.895425, 1.746394, 2.432331
10.59444, 1.824949, 1.755055, 2.429551
10.60557, 1.820038, 1.761304, 2.427636
10.61666, 1.889407, 1.771947, 2.42441
10.62777, 1.807946, 1.777128, 2.421508
10.63888, 1.808079, 1.782287, 2.418179
10.64999, 1.742142, 1.787595, 2.415169
10.66113, 1.802694, 1.793814, 2.411773
10.67232, 1.740786, 1.798558, 2.408593
10.68321, 1.705875, 1.800463, 2.405326
10.69448, 1.691544, 1.800773, 2.402017
10.7055, 1.762037, 1.802481, 2.399711
10.71651, 1.794081, 1.80648, 2.39578
10.72775, 1.800664, 1.808683, 2.392411
10.73882, 1.760469, 1.80537, 2.38908
10.74993, 1.788778, 1.802851, 2.385644
10.76107, 1.906731, 1.804518, 2.381968
10.77222, 1.846516, 1.803567, 2.3784
10.78315, 1.894088, 1.806198, 2.375294
10.79456, 1.892304, 1.808726, 2.371604
10.8055, 1.89048, 1.808479, 2.367649
10.81664, 2.046344, 1.819548, 2.363636
10.82765, 1.934396, 1.825266, 2.359894
10.83886, 1.919785, 1.826785, 2.355999
10.84988, 1.83741, 1.828258, 2.352155
10.86095, 1.818345, 1.828772, 2.347767
10.87216, 1.815767, 1.832453, 2.343731
10.88316, 1.763971, 1.830517, 2.33983
10.89449, 1.755511, 1.831253, 2.335658
10.90545, 1.74705, 1.833312, 2.331488
10.91662, 1.741094, 1.835789, 2.327666
10.92762, 1.757924, 1.835583, 2.323512
10.9388, 1.740403, 1.832899, 2.318993
10.94975, 1.73147, 1.82944, 2.314725
10.96099, 1.767291, 1.829781, 2.310196
10.97214, 1.726979, 1.826691, 2.305758
10.98303, 1.736813, 1.818195, 2.301361
10.99428, 1.75283, 1.813511, 2.296809
11.00543, 1.72795, 1.805204, 2.292864
11.01635, 1.747498, 1.797964, 2.288192
11.0276, 1.737669, 1.790323, 2.283542
11.03869, 4.108145, 1.893413, 2.278932
11.04977, 2.423576, 1.917872, 2.274253
11.06094, 2.514546, 1.94761, 2.269434
11.07207, 2.427267, 1.977103, 2.264661
11.08298, 2.434985, 2.007936, 2.25997
11.09424, 2.515312, 2.042913, 2.255049
11.10528, 1.8907, 2.049249, 2.250144
11.11633, 1.526971, 2.037822, 2.245199
11.12761, 1.540566, 2.027498, 2.240137
11.13867, 1.579775, 2.019432, 2.235133
11.14969, 1.627383, 2.012905, 2.230121
11.16084, 1.602672, 2.006019, 2.225031
11.17199, 1.622246, 2.000557, 2.219865
11.18303, 1.624993, 1.993443, 2.2151
11.19417, 1.624245, 1.988306, 2.209922
11.20522, 1.649202, 1.983925, 2.204652
11.21636, 1.629773, 1.977772, 2.199193
11.22754, 1.639832, 1.973366, 2.193842
11.2386, 1.635213, 1.967752, 2.188502
11.24964, 1.637885, 1.962763, 2.183116
11.26087, 1.690366, 1.841874, 2.177605
11.27184, 1.76469, 1.80893, 2.172201
11.28304, 1.719879, 1.769196, 2.166363
11.29415, 1.676766, 1.731671, 2.16079
11.30519, 1.72138, 1.695991, 2.155213
11.31629, 1.700815, 1.655266, 2.149577
11.32759, 1.702177, 1.645839, 2.143803
11.33855, 1.703145, 1.654648, 2.138335
11.34962, 1.706751, 1.662958, 2.132599
11.36073, 1.725189, 1.670228, 2.126578
11.3719, 1.720638, 1.674891, 2.120653
11.38298, 1.710365, 1.680276, 2.114578
11.39403, 1.711981, 1.684762, 2.108668
11.40516, 1.707654, 1.688895, 2.102698
11.4162, 1.742423, 1.694804, 2.096729
11.42733, 1.756241, 1.700156, 2.090695
11.43861, 1.75639, 1.706487, 2.085229
11.44953, 1.744061, 1.711699, 2.079311
11.46071, 1.669091, 1.713393, 2.073135
11.47191, 1.671065, 1.715052, 2.066989
11.48277, 1.669732, 1.71402, 2.061106
11.49406, 1.641024, 1.707837, 2.05474
11.5051, 1.655237, 1.704604, 2.048541
11.51621, 1.628653, 1.702199, 2.043
11.52737, 1.616871, 1.696973, 2.036766
11.53841, 1.600638, 1.691965, 2.029809
11.54952, 1.556961, 1.684704, 2.023493
11.56063, 1.543255, 1.67671, 2.017207
11.57174, 1.571143, 1.669929, 2.010818
11.58278, 2.138636, 1.690602, 2.004349
11.59405, 2.085288, 1.708834, 1.997703
11.60504, 2.104677, 1.72855, 1.991271
11.61614, 2.066502, 1.746276, 1.985641
11.62731, 2.077207, 1.764753, 1.979141
11.63839, 2.063435, 1.780804, 1.971929
11.64957, 2.001898, 1.793087, 1.965279
11.66453, 1.990192, 1.804777, 1.956164
11.67173, 1.4731, 1.791229, 1.951824
11.6827, 1.4731, 1.781429, 1.945071
11.69391, 1.447057, 1.770229, 1.938255
11.705, 1.433435, 1.758414, 1.931533
11.71622, 1.428645, 1.747795, 1.924645
11.72726, 1.378627, 1.733965, 1.917912
11.73843, 1.353279, 1.720196, 1.91088
11.74948, 1.344133, 1.706559, 1.904074
11.76056, 1.342276, 1.693641, 1.897195
11.77176, 1.841318, 1.707859, 1.890223
11.78279, 1.677782, 1.714585, 1.883786
11.79409, 1.732989, 1.722677, 1.876685
11.80501, 1.838552, 1.707673, 1.869855
11.81609, 1.763608, 1.691589, 1.862915
11.82715, 1.777494, 1.67523, 1.855965
11.83824, 1.736011, 1.658705, 1.848798
11.84935, 1.757354, 1.642713, 1.841765
11.86048, 1.739134, 1.626498, 1.834655
11.87158, 1.763502, 1.614578, 1.827583
11.88264, 1.766547, 1.603396, 1.820505
11.89388, 1.735246, 1.616503, 1.813525
11.90498, 1.662348, 1.625965, 1.806421
11.91602, 1.667185, 1.636972, 1.799896
11.92718, 1.681133, 1.649357, 1.792733
11.93817, 1.68805, 1.662327, 1.785454
11.94942, 1.698217, 1.678306, 1.77817
11.96043, 1.706731, 1.695979, 1.770856
11.97155, 1.711789, 1.714362, 1.763593
11.98261, 1.681446, 1.73132, 1.756422
11.9939, 1.677196, 1.723114, 1.748727
12.00483, 1.675781, 1.723014, 1.741529
12.01597, 1.675694, 1.720149, 1.734095
12.02717, 1.718294, 1.714136, 1.726679
12.03822, 1.714703, 1.711691, 1.719351
12.04927, 1.700202, 1.707827, 1.71201
12.06051, 1.711751, 1.706614, 1.704567
12.07147, 1.694406, 1.703466, 1.697254
12.08269, 1.662207, 1.69962, 1.689769
12.09385, 1.653279, 1.694108, 1.682792
12.10478, 1.647222, 1.688142, 1.675507
12.11593, 1.712845, 1.687022, 1.667788
12.12702, 1.720314, 1.68992, 1.660341
12.13817, 1.704192, 1.691771, 1.652721
12.14935, 1.636772, 1.689553, 1.64518
12.16039, 1.643477, 1.687324, 1.637937
12.17144, 1.591258, 1.681976, 1.630456
12.18247, 1.583035, 1.675792, 1.62307
12.19364, 1.638755, 1.67214, 1.615409
12.20472, 1.664732, 1.671304, 1.607914
12.21594, 1.604043, 1.667646, 1.600303
12.22696, 1.629371, 1.665326, 1.592818
12.23806, 1.558932, 1.659488, 1.58532
12.24916, 1.557342, 1.65144, 1.577737
12.26029, 1.538215, 1.642616, 1.570077
12.27138, 1.532949, 1.634253, 1.562488
12.28252, 1.582866, 1.627809, 1.554934
12.29364, 1.546215, 1.620399, 1.547331
12.30464, 1.405387, 1.607558, 1.539807
12.31578, 1.405327, 1.595161, 1.532237
12.32691, 1.38552, 1.582076, 1.524618
12.33806, 1.707748, 1.581821, 1.517023
12.34905, 1.745855, 1.583098, 1.50948
12.36025, 1.746659, 1.585221, 1.501783
12.37144, 1.718211, 1.589293, 1.494101
12.38241, 1.667339, 1.590486, 1.486565
12.39355, 1.608385, 1.591343, 1.478861
12.40466, 1.554817, 1.589932, 1.471215
12.41576, 1.557929, 1.585891, 1.463609
12.42686, 1.567177, 1.581013, 1.45598
12.43784, 1.543633, 1.577992, 1.448871
12.44914, 1.541859, 1.573617, 1.441118
12.46027, 1.57513, 1.574427, 1.433339
12.47133, 1.572604, 1.57519, 1.425743
12.48236, 1.575734, 1.577066, 1.418211
12.49367, 1.583353, 1.579586, 1.410384
12.50452, 1.56915, 1.5789, 1.402927
12.51572, 1.568543, 1.580016, 1.395252
12.52692, 2.244946, 1.621994, 1.387557
12.53793, 1.309125, 1.617184, 1.379816
12.54904, 1.308428, 1.61333, 1.372152
12.56015, 1.275887, 1.591737, 1.364594
12.57123, 1.287341, 1.568811, 1.357901
12.58238, 1.292439, 1.5461, 1.350288
12.59351, 1.289135, 1.524646, 1.342578
12.60456, 1.30913, 1.506736, 1.335009
12.61564, 1.315123, 1.492073, 1.327074
12.62672, 1.307364, 1.4797, 1.31948
12.63798, 1.316901, 1.467649, 1.311449
12.64898, 1.321725, 1.455376, 1.303897
12.66009, 1.330198, 1.444704, 1.296005
12.67121, 1.382409, 1.436732, 1.288357
12.68242, 1.367672, 1.426359, 1.280653
12.69345, 1.356098, 1.415534, 1.273253
12.70451, 1.348112, 1.404153, 1.26566
12.71564, 1.364817, 1.393226, 1.257772
12.72721, 1.366648, 1.383101, 1.249841
12.73787, 1.367181, 1.373032, 1.242342
12.74894, 1.300974, 1.325834, 1.234751
12.76009, 1.313867, 1.326071, 1.227054
12.77111, 1.301528, 1.325726, 1.219626
12.78233, 1.300249, 1.326944, 1.211945
12.7935, 1.247142, 1.324934, 1.20432
12.80469, 1.251078, 1.322866, 1.196679
12.81558, 1.226358, 1.319727, 1.189202
12.82669, 1.23711, 1.316126, 1.181628
12.83795, 1.24443, 1.312592, 1.174021
12.84888, 1.213225, 1.307885, 1.166641
12.86001, 1.189628, 1.301521, 1.159084
12.87111, 1.166861, 1.293778, 1.151598
12.88228, 1.176098, 1.286073, 1.144029
12.89333, 1.164366, 1.275171, 1.13668
12.90439, 1.165316, 1.265053, 1.129225
12.91557, 1.291141, 1.261805, 1.122041
12.92661, 1.256537, 1.257226, 1.114652
12.93772, 1.246155, 1.251293, 1.106934
12.94869, 1.242213, 1.245071, 1.099596
12.95993, 1.236058, 1.238515, 1.092111
12.97103, 1.216754, 1.234304, 1.084736
12.98223, 1.213384, 1.22928, 1.077318
12.99354, 1.124966, 1.220452, 1.069838
13.00433, 1.110994, 1.210989, 1.062716
13.01543, 1.111944, 1.204229, 1.056482
13.0266, 1.119506, 1.197651, 1.049205
13.03767, 1.152301, 1.193948, 1.042112
13.0488, 1.160731, 1.190129, 1.035005
13.05987, 1.162081, 1.186011, 1.027873
13.07097, 1.127581, 1.181729, 1.020768
13.08212, 1.117006, 1.178098, 1.01362
13.0932, 1.111032, 1.175307, 1.006391
13.10427, 1.118843, 1.172444, 0.9993311
13.11543, 1.118774, 1.170164, 0.9913027
13.12678, 1.084611, 1.166129, 0.9840304
13.13771, 1.082504, 1.155697, 0.977076
13.14889, 1.060631, 1.145902, 0.9699163
13.15983, 1.057417, 1.136465, 0.9629784
13.17101, 1.071998, 1.127954, 0.9558781
13.18217, 1.066881, 1.119496, 0.9488425
13.19331, 1.056332, 1.111475, 0.9417531
13.20426, 1.058712, 1.103741, 0.9348881
13.21547, 1.060172, 1.100501, 0.9297842
13.2266, 0.888171, 1.08936, 0.923003
13.2377, 0.9538344, 1.081455, 0.915354
13.24869, 0.9484742, 1.072903, 0.9086431
13.25989, 0.974055, 1.063991, 0.901841
13.27089, 1.013774, 1.056643, 0.8952023
13.28654, 0.9936298, 1.04822, 0.8857299
13.29319, 1.031969, 1.04344, 0.8816972
13.30438, 0.9976262, 1.037471, 0.8749835
13.31532, 1.004218, 1.03213, 0.8683081
13.32645, 1.021552, 1.027265, 0.8616906
13.33751, 1.011598, 1.021907, 0.8539973
13.34866, 1.021343, 1.018743, 0.847326
13.35978, 1.002897, 1.014763, 0.840723
13.37082, 1.000638, 1.011763, 0.8341903
13.38204, 1.000926, 1.008939, 0.8275959
13.3931, 0.9844697, 1.004562, 0.821114
13.40415, 0.9957623, 1.001006, 0.8146767
13.41531, 0.9847993, 0.9974297, 0.8082114
13.4264, 0.9516547, 0.9920768, 0.8018016
13.43743, 0.9206542, 0.9851009, 0.7954797
13.44852, 0.9136776, 0.9863763, 0.7890503
13.4598, 0.9025612, 0.9838126, 0.782632
13.47087, 0.9067935, 0.9817286, 0.7763652
13.48195, 0.9137544, 0.9787135, 0.7701097
13.49294, 0.915588, 0.9738042, 0.7632505
13.50417, 0.8809173, 0.9681686, 0.7569429
13.51526, 0.8954193, 0.9613411, 0.7509134
13.52643, 0.8953364, 0.9562266, 0.7447043
13.5375, 0.8855414, 0.9502929, 0.73876
13.54858, 0.8997613, 0.9442033, 0.7326986
13.55966, 0.9521054, 0.9412286, 0.7266374
13.57073, 1.07894, 0.9441084, 0.7207671
13.58196, 0.761283, 0.9320277, 0.7147346
13.59295, 0.7420774, 0.9190997, 0.7086477
13.60409, 0.7459543, 0.9063511, 0.7026955
13.61529, 0.7483598, 0.8945456, 0.6967778
13.62634, 0.8222453, 0.8858697, 0.6909676
13.63752, 0.8901872, 0.8811391, 0.685091
13.64859, 0.8831928, 0.8777159, 0.6803327
13.65966, 0.8806614, 0.8757163, 0.6746632
13.67067, 0.8743507, 0.87375, 0.6684714
13.68187, 0.8718606, 0.872215, 0.6627561
13.69309, 0.8711116, 0.8704308, 0.6569145
13.70406, 0.8679999, 0.8681432, 0.6513987
13.71538, 0.8716657, 0.8659471, 0.6456464
13.72629, 0.8736244, 0.8655825, 0.6402028
13.73738, 0.874648, 0.8645438, 0.6348557
13.74864, 0.8693929, 0.8632466, 0.6293343
13.75953, 0.8677121, 0.8623551, 0.6240322
13.77076, 0.8657957, 0.8606569, 0.6185124
13.78178, 0.8650431, 0.8563038, 0.6132038
13.79295, 0.859233, 0.8453185, 0.6079286
13.80409, 0.8575205, 0.8501304, 0.6026464
13.81519, 0.8507849, 0.8555657, 0.5972906
13.82619, 0.8213083, 0.8593334, 0.592024
13.83746, 0.8168614, 0.8627585, 0.586763
13.84841, 0.8131427, 0.8623034, 0.5816989
13.85966, 0.7991819, 0.8577532, 0.5765442
13.87065, 0.7945368, 0.8533204, 0.5715945
13.88175, 0.7944721, 0.8490109, 0.5665832
13.8928, 0.7677729, 0.843682, 0.5616426
13.90394, 0.7647346, 0.8383257, 0.5567043
13.91503, 0.7515923, 0.8323498, 0.5523826
13.92628, 0.7607364, 0.8269866, 0.5474532
13.93733, 0.7641942, 0.821613, 0.5427116
13.94836, 0.7537886, 0.8156212, 0.5383224
13.95956, 0.7281973, 0.8082987, 0.5336255
13.97063, 0.7212785, 0.800893, 0.5288492
13.98163, 0.7149858, 0.7932566, 0.5242933
13.99277, 0.7085831, 0.785396, 0.5197907
14.0039, 0.70757, 0.7775224, 0.515712
14.01507, 0.6849589, 0.7688087, 0.5112932
14.02621, 0.6708441, 0.7594749, 0.50688
14.03728, 0.6512512, 0.7494982, 0.5025228
14.04838, 0.6463239, 0.740749, 0.4980067
14.05949, 0.6344674, 0.7316293, 0.4937275
14.07061, 0.6185531, 0.7218998, 0.4892593
14.08177, 0.6087856, 0.71238, 0.4850598
14.09274, 0.5760198, 0.7014542, 0.4808862
14.10389, 0.5730774, 0.6903844, 0.4767617
14.11488, 0.5812469, 0.6810581, 0.4727359
14.12615, 0.5793489, 0.6717888, 0.4686123
14.13725, 0.5805689, 0.6632377, 0.4646467
14.14827, 0.5807543, 0.6542386, 0.4606757
14.15932, 0.5766189, 0.6448598, 0.4568067
14.17048, 0.5726762, 0.6358042, 0.4529107
14.18158, 0.5700884, 0.6278988, 0.4491286
14.1928, 0.6176265, 0.6227161, 0.4453075
14.20373, 0.550032, 0.6144685, 0.441666
14.21493, 0.5755643, 0.6078175, 0.4379113
14.22603, 0.4705301, 0.5959655, 0.4342894
14.23717, 0.4619534, 0.5848152, 0.4307209
14.24856, 0.464652, 0.5745056, 0.4271165
14.25945, 0.469886, 0.5654374, 0.4237235
14.2704, 0.4712155, 0.5566819, 0.4202918
14.28155, 0.4737551, 0.5486463, 0.4168954
14.29274, 0.4817082, 0.5418041, 0.4135128
14.30377, 0.489801, 0.5358549, 0.4124211
14.31486, 0.4885947, 0.5314837, 0.4089428
14.32598, 0.4823151, 0.5269455, 0.4052541
14.33708, 0.4777321, 0.5217698, 0.4021878
14.34839, 0.4780648, 0.5167056, 0.3989503
14.35943, 0.4787406, 0.5116142, 0.3959821
14.37042, 0.4800797, 0.5065805, 0.3927321
14.38155, 0.480278, 0.5017634, 0.3898115
14.3927, 0.4737371, 0.4968164, 0.3868608
14.40367, 0.4648958, 0.4915568, 0.3840562
14.41482, 0.4648893, 0.4839199, 0.3804456
14.42603, 0.4528219, 0.4790595, 0.3772354
14.43701, 0.4403335, 0.4722979, 0.3745384
14.4482, 0.4480353, 0.4711731, 0.3716235
14.45937, 0.43927, 0.470039, 0.3689524
14.47045, 0.4553279, 0.4695728, 0.3663448
14.48155, 0.4453368, 0.4683453, 0.3637819
14.49267, 0.4484713, 0.4672081, 0.3608371
14.50379, 0.4475242, 0.4658965, 0.3583504
14.51477, 0.4437167, 0.463997, 0.3559967
14.52593, 0.3754186, 0.4582779, 0.3535995
14.53707, 0.3819292, 0.4529446, 0.3512541
14.5482, 0.3574749, 0.4467026, 0.3494221
14.5593, 0.3642921, 0.4410306, 0.3472302
14.57035, 0.3887753, 0.4365661, 0.3452082
14.58144, 0.3807535, 0.4316668, 0.3431119
14.59263, 0.3738401, 0.4263548, 0.3410968
14.60363, 0.3706086, 0.4208713, 0.3391868
14.61475, 0.3635725, 0.4153631, 0.3372591
14.6259, 0.3646757, 0.4103521, 0.3356818
14.63696, 0.3663481, 0.405425, 0.3338865
14.6482, 0.3655449, 0.4010611, 0.3322977
14.65919, 0.3647232, 0.3972806, 0.3306241
14.67025, 0.366581, 0.3932079, 0.3324337
14.68145, 0.3682363, 0.3896562, 0.3310579
14.69263, 0.3646068, 0.3851202, 0.3295705
14.70377, 0.3626074, 0.3809837, 0.3275466
14.71484, 0.3684282, 0.3769816, 0.3263015
14.72598, 0.3600692, 0.3726088, 0.3251087
14.73696, 0.3598442, 0.3684152, 0.3239681
14.74821, 0.3536009, 0.3673243, 0.3223513
14.75915, 0.3492248, 0.3656891, 0.3212872
14.77028, 0.3444719, 0.3650389, 0.3195558
14.78141, 0.3449287, 0.3640708, 0.3185374
14.79259, 0.3421024, 0.3617371, 0.3168321
14.80367, 0.3384271, 0.3596208, 0.3155014
14.81493, 0.3339522, 0.3576264, 0.3150641
14.82601, 0.3375344, 0.3559727, 0.3145203
14.8369, 0.3449229, 0.3550403, 0.3137588
14.84799, 0.3441989, 0.3540164, 0.3125343
14.85929, 0.3402432, 0.3527111, 0.3118177
14.87029, 0.3328178, 0.3510748, 0.311284
14.88137, 0.3287604, 0.3492767, 0.3106885
14.89242, 0.3307692, 0.3474861, 0.3097397
14.9066, 0.3290011, 0.3455243, 0.3093141
14.91955, 0.3244755, 0.3435177, 0.3086455
14.92581, 0.3251486, 0.3416448, 0.3085655
14.93687, 0.3242792, 0.3394373, 0.3082287
14.94797, 0.319299, 0.3373988, 0.3078556
14.95907, 0.3202162, 0.3354174, 0.3075923
14.97019, 0.3202914, 0.333752, 0.3073191
14.98127, 0.319958, 0.3322886, 0.3071626
14.99237, 0.3188891, 0.3310095, 0.3073371
15.00352, 0.318636, 0.3296948, 0.3073037
15.01464, 0.3187452, 0.328527, 0.3077926
15.02569, 0.3182262, 0.3275169, 0.3079006
15.03672, 0.3190144, 0.32677, 0.308068
15.048, 0.3181542, 0.325801, 0.3081021
15.05898, 0.3188756, 0.3244987, 0.3083315
15.06997, 0.3186388, 0.3232207, 0.3091865
15.08125, 0.3188801, 0.3221525, 0.3095802
15.09236, 0.3129989, 0.3211616, 0.309904
15.10343, 0.3125838, 0.3203527, 0.3103764
15.1146, 0.311726, 0.3194006, 0.3109003
15.1257, 0.3128199, 0.3185915, 0.3115031
15.13672, 0.3130478, 0.3180202, 0.3121335
15.14787, 0.3133435, 0.3174299, 0.3125482
15.15896, 0.3132625, 0.3168791, 0.3132789
15.17006, 0.3140699, 0.3166176, 0.3135832
15.1813, 0.3146143, 0.3163375, 0.3149903
15.19242, 0.3204209, 0.316344, 0.3157984
15.20335, 0.3298865, 0.3168404, 0.316654
15.21462, 0.3328079, 0.3175363, 0.3177426
15.22568, 0.3334315, 0.3182761, 0.3187476
15.23659, 0.3340418, 0.3190409, 0.31984
15.24782, 0.3362674, 0.319943, 0.3209679
15.25901, 0.3349674, 0.3207406, 0.3221875
15.26995, 0.3335426, 0.32151, 0.3232044
15.28116, 0.3332938, 0.322231, 0.324488
15.29218, 0.3327447, 0.3229362, 0.3260383
15.30335, 0.3340836, 0.3236964, 0.3274701
15.31451, 0.3343299, 0.324763, 0.3287887
15.32571, 0.333784, 0.325823, 0.3303144
15.33663, 0.3324217, 0.3268578, 0.3318579
15.3478, 0.3343672, 0.3279352, 0.3334866
15.35897, 0.3355018, 0.3290578, 0.3351437
15.36997, 0.3201967, 0.3294005, 0.3372993
15.38107, 0.3182557, 0.3296502, 0.3389714
15.39225, 0.3210061, 0.329997, 0.3408095
15.40328, 0.3218228, 0.3303574, 0.3426724
15.41452, 0.3268057, 0.3306766, 0.3446126
15.42547, 0.32887, 0.3306258, 0.3466633
15.43675, 0.3275793, 0.3303644, 0.3487288
15.44787, 0.329283, 0.330157, 0.3511532
15.45878, 0.3428529, 0.3305975, 0.3532709
15.46986, 0.3424605, 0.3309072, 0.3550786
15.4811, 0.3535591, 0.3318368, 0.3573042
15.49212, 0.3563035, 0.3329749, 0.3594454
15.50327, 0.3562634, 0.3341233, 0.3617632
15.51446, 0.3626176, 0.335617, 0.3641205
15.52544, 0.3603939, 0.3369325, 0.3669858
15.53651, 0.3624962, 0.3383408, 0.3694435
15.54779, 0.3615498, 0.3397291, 0.3723958
15.55872, 0.3449714, 0.3403566, 0.3749416
15.56987, 0.3457356, 0.340925, 0.3776175
15.58093, 0.3445449, 0.3413771, 0.3802151
15.59218, 0.3470933, 0.342722, 0.3828638
15.60319, 0.3469779, 0.3441581, 0.3855605
15.61433, 0.3589764, 0.3460566, 0.3882989
15.62538, 0.3508959, 0.3475102, 0.3911916
15.63663, 0.3514566, 0.3487428, 0.3941425
15.64765, 0.3658002, 0.3505893, 0.3970649
15.65882, 0.3632737, 0.352374, 0.4000952
15.66974, 0.3565047, 0.3537351, 0.403415
15.68095, 0.3663869, 0.3549118, 0.4069063
15.69203, 0.3733433, 0.356456, 0.4101025
15.70319, 0.373908, 0.3574734, 0.4131702
15.71435, 0.3739467, 0.3583556, 0.4164466
15.72537, 0.3806734, 0.359576, 0.4197585
15.73639, 0.3800601, 0.3604482, 0.4231178
15.74776, 0.3815908, 0.361508, 0.4266298
15.75895, 0.3831506, 0.3625407, 0.429823
15.76988, 0.4254092, 0.3657337, 0.433217
15.78097, 0.4249609, 0.3697332, 0.4367644
15.79239, 0.442825, 0.3745877, 0.4403479
15.80318, 0.4432388, 0.3795224, 0.4435959
15.81426, 0.4453288, 0.3844342, 0.4472487
15.82527, 0.4501306, 0.3895918, 0.451137
15.83645, 0.4378972, 0.3935378, 0.4549222
15.84761, 0.4343138, 0.3977087, 0.458716
15.8587, 0.4493975, 0.4026057, 0.4625654
15.86973, 0.4589471, 0.4072631, 0.4664288
15.88096, 0.4562687, 0.4119128, 0.4704308
15.89192, 0.4568874, 0.416932, 0.4743816
15.90301, 0.4520371, 0.4212145, 0.4783899
15.91423, 0.4535883, 0.4252267, 0.4828224
15.92527, 0.4521342, 0.429138, 0.4869028
15.93643, 0.458241, 0.4333528, 0.4911374
15.94774, 0.4522718, 0.4369327, 0.4955095
15.95854, 0.4585386, 0.4408566, 0.4996884
15.96965, 0.4650576, 0.4450299, 0.5040598
15.98086, 0.4643205, 0.4490884, 0.5085036
15.99191, 0.4810856, 0.4518722, 0.5129132
16.00296, 0.4796601, 0.4546072, 0.5168394
16.01409, 0.4920592, 0.4570688, 0.5213572
16.02534, 0.498965, 0.4598551, 0.5256333
16.03627, 0.4972169, 0.4624496, 0.5301818
16.04749, 0.4980605, 0.464846, 0.5352787
16.05856, 0.5079179, 0.4683471, 0.5400187
16.06962, 0.5107182, 0.4721673, 0.544766
16.0808, 0.5218723, 0.4757911, 0.549587
16.09184, 0.5213543, 0.4789115, 0.5546975
16.10335, 0.5169442, 0.4819453, 0.5598059
16.11407, 0.5240538, 0.4853036, 0.5645725
16.12522, 0.5199653, 0.4887, 0.5695786
16.1364, 0.5212401, 0.4920826, 0.5746489
16.14754, 0.5221055, 0.4955812, 0.5795152
16.15859, 0.5318077, 0.4992595, 0.5845865
16.16962, 0.5342042, 0.5033562, 0.5897334
16.1807, 0.538856, 0.507372, 0.5949011
16.1918, 0.5435045, 0.5112944, 0.6004518
16.20289, 0.5452589, 0.5153413, 0.6057111
16.21404, 0.5506568, 0.5188199, 0.6108521
16.22505, 0.56165, 0.5229194, 0.6162514
16.23627, 0.5668926, 0.526661, 0.6216794
16.24738, 0.5722716, 0.5303264, 0.6271791
16.25867, 0.5803491, 0.534483, 0.6336543
16.26958, 0.5916259, 0.5391613, 0.6391611
16.28068, 0.5945172, 0.5434912, 0.6445792
16.29193, 0.5900701, 0.5474588, 0.6503105
16.30286, 0.5970346, 0.5512168, 0.6555921
16.31398, 0.6100485, 0.5556515, 0.6612954
16.32509, 0.6159033, 0.5605994, 0.6669803
16.33619, 0.6176522, 0.5652794, 0.6727161
16.34732, 0.5402768, 0.566295, 0.678032
16.35846, 0.575909, 0.5690284, 0.6836663
16.36956, 0.623773, 0.5741118, 0.6893789
16.38066, 0.5274457, 0.5738937, 0.6951964
16.3918, 0.5450057, 0.5744337, 0.701254
16.40276, 0.5397652, 0.5744792, 0.7069513
16.41401, 0.5414872, 0.5743783, 0.7131224
16.42505, 0.548104, 0.5745206, 0.7189753
16.43612, 0.5492833, 0.5744519, 0.7248454
16.44719, 0.5523298, 0.5739859, 0.730776
16.45835, 0.5571141, 0.573497, 0.7369385
16.46949, 0.5644552, 0.5731062, 0.7433203
16.48057, 0.5699525, 0.5725864, 0.7493947
16.49171, 0.5855869, 0.5722844, 0.7553996
16.50284, 0.6042786, 0.5727725, 0.7615787
16.51389, 0.6117067, 0.5738543, 0.7677118
16.52496, 0.6383988, 0.5759226, 0.7739073
16.53606, 0.6488715, 0.5778638, 0.7801396
16.55031, 0.656831, 0.5799102, 0.7882031
16.56274, 0.6620671, 0.5821309, 0.7952288
16.56941, 0.7123064, 0.5907324, 0.7988909
16.58055, 0.7123064, 0.5975522, 0.8052704
16.59154, 0.7385409, 0.6032907, 0.811595
16.60279, 0.7530398, 0.6145704, 0.8181108
16.61387, 0.7513438, 0.6248873, 0.8250003
16.62494, 0.772947, 0.6365464, 0.831369
16.63605, 0.7685879, 0.6479014, 0.8378964
16.64716, 0.7588423, 0.6584383, 0.8444174
16.65825, 0.7343231, 0.6676904, 0.8509818
16.66937, 0.7228031, 0.676214, 0.8575263
16.68048, 0.7144731, 0.6840819, 0.8657278
16.6916, 0.700986, 0.6909085, 0.8720796
16.70269, 0.6974474, 0.6972832, 0.878683
16.71385, 0.6807894, 0.7020434, 0.8853245
16.72491, 0.67654, 0.7056564, 0.8917796
16.73603, 0.6895834, 0.7095503, 0.8983371
16.74722, 0.6913066, 0.7121957, 0.9052128
16.75835, 0.6945504, 0.7144796, 0.9117831
16.76935, 0.7038814, 0.7168322, 0.9185847
16.78048, 0.7229611, 0.7198769, 0.9254531
16.79156, 0.7173862, 0.7201309, 0.9323352
16.8027, 0.7365242, 0.7213418, 0.9391519
16.81386, 0.7455757, 0.7216936, 0.9461432
16.82471, 1.050668, 0.7365749, 0.952719
16.83597, 0.8615113, 0.7420833, 0.9596795
16.84704, 0.8453692, 0.7457044, 0.9668927
16.85812, 0.8457106, 0.7495605, 0.9738639
16.86931, 0.8278597, 0.7530114, 0.9812863
16.88052, 0.8360251, 0.7580965, 0.9883349
16.89148, 0.8658515, 0.765249, 0.9954794
16.9029, 0.8768481, 0.7733678, 1.00282
16.91374, 0.8873369, 0.7826853, 1.009796
16.92478, 0.8995307, 0.7927895, 1.016659
16.9359, 0.9244702, 0.8049735, 1.024495
16.94697, 0.9426689, 0.8182799, 1.031647
16.95808, 1.122179, 0.8399097, 1.038746
16.96932, 1.11014, 0.8608514, 1.045951
16.98031, 1.129793, 0.8826135, 1.05314
16.9914, 1.193161, 0.9070775, 1.060644
17.00261, 1.12364, 0.9271114, 1.067965
17.01373, 1.083134, 0.9453988, 1.075291
17.02484, 1.163477, 0.9667464, 1.082614
17.03588, 1.148831, 0.9869093, 1.08992
17.04696, 1.159024, 0.992327, 1.097231
17.05798, 1.150187, 1.006761, 1.104546
17.06922, 1.144488, 1.021717, 1.112088
17.08031, 1.145193, 1.036691, 1.11897
17.09139, 1.17485, 1.05404, 1.126315
17.10278, 1.174487, 1.070963, 1.133983
17.11395, 1.176942, 1.086518, 1.141429
17.1247, 1.234987, 1.104425, 1.148696
17.13593, 1.256194, 1.122868, 1.156268
17.14691, 1.365728, 1.146178, 1.163611
17.15797, 1.375211, 1.168715, 1.170675
17.16907, 1.377574, 1.19046, 1.178127
17.18029, 1.370011, 1.202852, 1.185698
17.19141, 1.381441, 1.216417, 1.19318
17.20247, 1.353709, 1.227612, 1.201013
17.2136, 1.350046, 1.235457, 1.20857
17.22468, 1.359781, 1.247264, 1.216046
17.23585, 1.363031, 1.261258, 1.223625
17.24699, 1.374817, 1.271826, 1.231171
17.25811, 1.415012, 1.285135, 1.239073
17.26908, 1.390705, 1.296719, 1.246508
17.28018, 1.437472, 1.311083, 1.254286
17.29135, 1.485231, 1.32812, 1.261916
17.30244, 1.48908, 1.345315, 1.269254
17.31353, 1.485081, 1.360826, 1.276864
17.3246, 1.598204, 1.382012, 1.284255
17.33574, 1.681035, 1.407216, 1.291866
17.347, 1.678946, 1.429415, 1.299621
17.35793, 1.392117, 1.436211, 1.307106
17.36902, 1.494338, 1.442641, 1.314709
17.38011, 1.464254, 1.447093, 1.322486
17.39133, 1.349586, 1.445694, 1.330194
17.40235, 1.263098, 1.440348, 1.337749
17.41353, 1.305912, 1.436572, 1.345439
17.42457, 1.357355, 1.436754, 1.35309
17.43565, 1.343663, 1.436435, 1.360628
17.44686, 1.328464, 1.434869, 1.368306
17.45798, 1.30553, 1.431994, 1.376086
17.46901, 1.297524, 1.428129, 1.383724
17.4801, 1.301758, 1.422467, 1.391367
17.49116, 1.306017, 1.418232, 1.399024
17.5023, 1.334933, 1.413105, 1.406841
17.51348, 1.318562, 1.404772, 1.414556
17.5246, 1.353088, 1.397972, 1.422223
17.53567, 1.359552, 1.391696, 1.429953
17.54678, 1.364724, 1.380022, 1.437688
17.55798, 1.374506, 1.364695, 1.444813
17.56893, 1.409995, 1.351248, 1.452376
17.58031, 1.438437, 1.353564, 1.460738
17.5911, 1.439752, 1.350834, 1.468201
17.60224, 1.500401, 1.352642, 1.475917
17.61335, 1.521549, 1.36124, 1.483603
17.62454, 1.504331, 1.373301, 1.491319
17.63567, 1.568117, 1.386412, 1.499008
17.64672, 1.569266, 1.397007, 1.506667
17.65782, 1.580883, 1.408868, 1.514395
17.66925, 1.586509, 1.42177, 1.522291
17.68016, 1.615339, 1.437261, 1.529961
17.6911, 1.663038, 1.455537, 1.537508
17.70223, 1.723118, 1.476605, 1.545063
17.71362, 1.704014, 1.496505, 1.552881
17.72441, 1.737213, 1.516618, 1.560114
17.73555, 1.743953, 1.537888, 1.567842
17.74675, 1.754639, 1.557966, 1.575508
17.75779, 1.772479, 1.578612, 1.583086
17.76881, 1.820785, 1.601415, 1.590651
17.78002, 1.81641, 1.62351, 1.598303
17.79109, 1.836285, 1.644825, 1.605876
17.80215, 1.841166, 1.664961, 1.613459
17.81344, 1.826805, 1.684314, 1.621097
17.82436, 1.938903, 1.706239, 1.628516
17.83547, 1.939858, 1.727154, 1.636053
17.84678, 1.972211, 1.750548, 1.64372
17.85768, 2.054024, 1.774844, 1.651008
17.8688, 2.59625, 1.826193, 1.658516
17.88007, 2.84706, 1.889502, 1.666046
17.89096, 1.999043, 1.910128, 1.673364
17.90217, 2.136538, 1.936188, 1.680839
17.91324, 2.019417, 1.954007, 1.688246
17.92434, 1.986607, 1.967182, 1.695645
17.93555, 1.992432, 1.981602, 1.702823
17.94659, 1.979642, 1.993724, 1.710153
17.9577, 2.131487, 2.013101, 1.717508
17.96889, 2.090192, 2.029878, 1.724918
17.97994, 2.205305, 2.051519, 1.732396
17.99099, 2.328084, 2.076884, 1.739683
18.00205, 2.386021, 2.105365, 1.746795
18.01321, 2.334776, 2.130289, 1.754055
18.02439, 2.39097, 2.157779, 1.761377
18.03539, 2.349265, 2.183903, 1.768531
18.04654, 2.315717, 2.202743, 1.775825
18.05768, 2.327933, 2.222147, 1.783428
18.06874, 2.352444, 2.241159, 1.790634
18.07997, 2.252445, 2.25108, 1.797896
18.09091, 2.12253, 2.227394, 1.805001
18.10202, 2.009986, 2.18554, 1.812191
18.11324, 1.996741, 2.185425, 1.819733
18.12431, 2.023925, 2.179795, 1.826624
18.13577, 2.089097, 2.183279, 1.834047
18.14648, 2.13594, 2.190745, 1.840886
18.15748, 2.150797, 2.198664, 1.847763
18.1686, 2.138172, 2.20659, 1.854814
18.17989, 2.132438, 2.206638, 1.861692
18.19084, 2.271395, 2.215698, 1.868559
18.20666, 2.286913, 2.219779, 1.87837
18.21329, 2.383308, 2.22254, 1.882378
18.2241, 2.453625, 2.22592, 1.889081
18.2353, 2.403455, 2.229354, 1.896386
18.24654, 2.40913, 2.230262, 1.903322
18.25752, 2.483373, 2.236968, 1.910035
18.26864, 2.445482, 2.243456, 1.916873
18.27994, 2.479784, 2.251049, 1.92382
18.29083, 2.563019, 2.261577, 1.930288
18.30189, 2.675021, 2.282706, 1.93697
18.31306, 2.770355, 2.315097, 1.943586
18.32407, 2.814654, 2.355331, 1.950187
18.33531, 2.828659, 2.396927, 1.957027
18.34638, 2.850686, 2.438265, 1.963626
18.3575, 2.824062, 2.475013, 1.970313
18.36857, 3.170523, 2.526742, 1.976866
18.37977, 3.033897, 2.570897, 1.983348
18.39075, 3.185601, 2.623269, 1.990044
18.40197, 3.140919, 2.673693, 1.996596
18.41308, 3.064597, 2.713353, 2.003085
18.42405, 3.175652, 2.75779, 2.009443
18.43523, 3.291863, 2.803217, 2.015885
18.44647, 3.332685, 2.84717, 2.022305
18.45744, 3.275588, 2.890777, 2.028515
18.4686, 3.357397, 2.93819, 2.034846
18.47972, 3.218421, 2.974943, 2.041125
18.49068, 3.228676, 3.014102, 2.047823
18.50182, 4.078328, 3.09403, 2.054098
18.51297, 3.987565, 3.165257, 2.059912
18.52406, 3.089011, 3.185957, 2.066057
18.53528, 3.653806, 3.230129, 2.072242
18.5463, 3.738118, 3.276303, 2.078259
18.55737, 3.588831, 3.314311, 2.083576
18.56849, 3.874214, 3.365488, 2.089928
18.57969, 3.926851, 3.420627, 2.095959
18.59076, 3.938348, 3.459018, 2.101859
18.60173, 3.812282, 3.497937, 2.107683
18.61299, 3.670398, 3.522177, 2.113676
18.624, 3.794429, 3.554852, 2.119442
18.63516, 3.859549, 3.5946, 2.125266
18.64628, 3.892715, 3.630453, 2.131016
18.65735, 4.044874, 3.668104, 2.137149
18.66837, 3.893129, 3.696126, 2.142809
18.67959, 3.965623, 3.730628, 2.148163
18.69063, 3.780513, 3.751783, 2.153834
18.70172, 3.812526, 3.781488, 2.159418
18.71291, 3.632828, 3.801696, 2.164944
18.72391, 3.576132, 3.776586, 2.170402
18.73496, 3.588221, 3.756618, 2.175804
18.74629, 3.720903, 3.788213, 2.181347
18.75729, 3.589104, 3.784978, 2.186458
18.7684, 3.605063, 3.778325, 2.191827
18.77963, 3.579649, 3.777866, 2.198728
18.79062, 3.56741, 3.762526, 2.204111
18.80177, 3.599644, 3.746166, 2.209179
18.8129, 3.467391, 3.722618, 2.213797
18.82393, 3.36892, 3.70045, 2.218983
18.83501, 3.314157, 3.682638, 2.223779
18.84614, 3.302967, 3.658065, 2.22892
18.85731, 3.375141, 3.633844, 2.233842
18.86837, 3.720023, 3.62521, 2.238105
18.87967, 3.896078, 3.61777, 2.243138
18.89059, 3.84755, 3.615491, 2.248595
18.90163, 3.906549, 3.612537, 2.25351
18.91298, 3.719712, 3.609498, 2.25842
18.92387, 2.539343, 3.545839, 2.263184
18.93493, 2.423296, 3.485362, 2.267764
18.94613, 2.617163, 3.437413, 2.272544
18.95724, 2.582324, 3.387119, 2.277239
18.96834, 2.091695, 3.305658, 2.281892
18.97947, 2.227164, 3.237561, 2.286631
18.99049, 2.082397, 3.161428, 2.291137
19.00165, 2.142161, 3.089553, 2.295698
19.01278, 2.15548, 3.018957, 2.30084
19.0239, 2.442366, 2.961093, 2.305358
19.03482, 2.495675, 2.912507, 2.30963
19.04622, 2.401709, 2.864147, 2.314136
19.05722, 2.435328, 2.820205, 2.318318
19.06827, 2.404677, 2.775291, 2.322594
19.07964, 2.390321, 2.72605, 2.326859
19.09044, 2.3146, 2.655779, 2.330952
19.10157, 2.341753, 2.578063, 2.335099
19.11289, 2.366256, 2.503998, 2.339284
19.12377, 2.442552, 2.430798, 2.343266
19.13492, 2.465224, 2.368074, 2.346792
19.146, 2.515792, 2.366896, 2.35076
19.15711, 2.508354, 2.37115, 2.355114
19.16841, 2.464013, 2.363492, 2.358854
19.17942, 2.341798, 2.351465, 2.362838
19.19039, 2.377902, 2.365776, 2.366632
19.20151, 2.409523, 2.374894, 2.370388
19.2129, 2.405352, 2.391042, 2.373839
19.22374, 2.214393, 2.394653, 2.37738
19.23483, 2.198406, 2.3968, 2.380702
19.24605, 2.213208, 2.385341, 2.384256
19.25705, 2.173986, 2.369257, 2.387527
19.26813, 2.147417, 2.356542, 2.390821
19.27936, 2.148307, 2.342191, 2.394409
19.29038, 2.131161, 2.328515, 2.397703
19.30148, 2.162132, 2.317106, 2.400979
19.31273, 2.112738, 2.307013, 2.404534
19.32364, 2.106472, 2.295249, 2.407653
19.33481, 2.118433, 2.282857, 2.410592
19.34595, 2.132705, 2.267365, 2.413674
19.35696, 2.194528, 2.25383, 2.416866
19.36819, 2.191234, 2.237602, 2.41978
19.37937, 2.256575, 2.225013, 2.42272
19.39034, 2.356048, 2.219615, 2.425444
19.40137, 2.425858, 2.223818, 2.428246
19.41303, 2.43016, 2.226431, 2.431061
19.42368, 2.33697, 2.222804, 2.43364
19.43482, 2.405421, 2.222807, 2.436205
19.44608, 2.418329, 2.233004, 2.438834
19.45692, 2.375761, 2.241871, 2.441684
19.46802, 2.479878, 2.255205, 2.444122
19.47922, 2.458832, 2.269447, 2.446527
19.49035, 2.478377, 2.285995, 2.449476
19.50133, 2.449826, 2.301071, 2.451881
19.51271, 2.402997, 2.314663, 2.454151
19.5237, 2.586853, 2.335899, 2.456412
19.53478, 2.527213, 2.356623, 2.458164
19.54598, 2.487019, 2.37565, 2.46035
19.55689, 2.476313, 2.393544, 2.46243
19.56794, 2.447483, 2.409283, 2.464538
19.57923, 2.438539, 2.421484, 2.466597
19.59023, 2.499068, 2.436876, 2.468504
19.60129, 2.375442, 2.442819, 2.470413
19.61264, 2.464084, 2.448221, 2.472231
19.62362, 2.352736, 2.444565, 2.474022
19.6347, 2.355433, 2.440828, 2.475621
19.64594, 2.326491, 2.440304, 2.477313
19.6568, 3.788917, 2.509479, 2.478864
19.66803, 3.680318, 2.572578, 2.480486
19.67948, 4.017735, 2.654677, 2.482064
19.6902, 2.789, 2.670133, 2.483791
19.70131, 2.79688, 2.687036, 2.485257
19.7126, 2.668736, 2.696553, 2.486538
19.72349, 2.697121, 2.708918, 2.487858
19.73464, 2.867868, 2.732162, 2.489054
19.74594, 2.802013, 2.74292, 2.490315
19.75682, 2.599599, 2.746539, 2.491411
19.76796, 2.759832, 2.76018, 2.492516
19.77906, 2.649218, 2.768825, 2.493596
19.7901, 2.550227, 2.773962, 2.49466
19.80132, 2.666405, 2.785355, 2.495622
19.81237, 2.793634, 2.800084, 2.496834
19.82353, 2.624869, 2.812555, 2.497736
19.83468, 2.581117, 2.818407, 2.498695
19.84579, 3.076217, 2.85458, 2.499447
19.85977, 3.102067, 2.891912, 2.500241
19.87117, 3.121356, 2.931655, 2.500842
19.88446, 3.193059, 2.901862, 2.501552
19.89, 3.027545, 2.869224, 2.501768
19.90115, 3.023361, 2.819505, 2.502289
19.91252, 3.039421, 2.832026, 2.502715
19.92346, 3.069116, 2.845638, 2.503107
19.9345, 3.104644, 2.867433, 2.503594
19.94574, 3.095141, 2.887334, 2.50389
19.95674, 3.090505, 2.898466, 2.504051
19.96789, 3.048552, 2.910793, 2.504256
19.97898, 2.846306, 2.923129, 2.504372
19.99011, 2.685078, 2.919391, 2.504434
20.00128, 2.695839, 2.921722, 2.504444
