0.0113974, 2.21593, 2.21593, 2.51236
0.0216964, 1.577916, 1.896923, 2.512346
0.0328122, 2.508302, 2.100716, 2.512304
0.0438985, 5.184907, 2.871764, 2.51211
0.0549428, 2.340133, 2.765438, 2.511905
0.06611291, 1.623577, 2.575127, 2.511601
0.0773266, 1.694249, 2.449288, 2.511196
0.0883102, 1.565538, 2.338819, 2.510796
0.09935161, 1.759032, 2.274398, 2.510284
0.1109268, 1.669212, 2.21388, 2.509754
0.1225322, 1.676441, 2.165022, 2.509056
0.132673, 3.159855, 2.247924, 2.508318
0.1438088, 3.623041, 2.353703, 2.507617
0.1549444, 2.907004, 2.393224, 2.506813
0.1661529, 2.765734, 2.418058, 2.506001
0.1772907, 2.725087, 2.437248, 2.505307
0.1884123, 2.578603, 2.445562, 2.504402
0.1994034, 2.610429, 2.454722, 2.503422
0.2104576, 2.604087, 2.462583, 2.5024
0.2214566, 2.584865, 2.468697, 2.501225
0.2326988, 2.605765, 2.488189, 2.499984
0.2439116, 2.516929, 2.53514, 2.498772
0.2548169, 2.411566, 2.530303, 2.49753
0.2659409, 2.439393, 2.393027, 2.496223
0.2771164, 2.34269, 2.393155, 2.494649
0.2881225, 2.383847, 2.431169, 2.493233
0.2993081, 2.44354, 2.468633, 2.492083
0.3105305, 2.336075, 2.50716, 2.490582
0.3215867, 2.466234, 2.54252, 2.48922
0.3325833, 2.511777, 2.584648, 2.487844
0.3437663, 2.341886, 2.61792, 2.48623
0.3548485, 2.26458, 2.573157, 2.484542
0.3659109, 2.069702, 2.49549, 2.482838
0.3771232, 1.459907, 2.423135, 2.481071
0.3881898, 1.462971, 2.357997, 2.47927
0.3993798, 1.472795, 2.295382, 2.477344
0.4103773, 1.464967, 2.2397, 2.475373
0.4215133, 1.516605, 2.185009, 2.473402
0.432504, 2.330978, 2.171354, 2.470984
0.4436982, 2.425007, 2.163361, 2.468864
0.4547644, 2.561816, 2.161163, 2.466758
0.4661034, 2.497912, 2.160213, 2.464519
0.4771443, 2.446675, 2.161968, 2.462378
0.4881479, 2.389573, 2.159477, 2.460095
0.4993472, 2.488363, 2.16676, 2.457639
0.5102962, 2.426619, 2.168899, 2.455246
0.5215124, 2.491369, 2.171291, 2.452757
0.5326089, 2.485367, 2.178755, 2.45033
0.5436485, 2.457681, 2.178327, 2.447811
0.5547444, 2.48376, 2.176927, 2.44538
0.5659302, 2.525583, 2.186111, 2.442755
0.5769856, 2.582799, 2.202022, 2.440104
0.5880729, 2.619683, 2.229521, 2.437397
0.5992307, 2.650999, 2.289076, 2.434616
0.6102866, 2.632712, 2.347563, 2.4318
0.621408, 2.623095, 2.405078, 2.428798
0.6325336, 2.556123, 2.459636, 2.425822
0.643674, 2.537662, 2.510689, 2.422812
0.6546499, 2.502813, 2.51928, 2.419785
0.6658333, 2.614816, 2.528771, 2.416663
0.6768505, 2.673145, 2.534337, 2.413641
0.6879809, 2.540613, 2.536472, 2.410436
0.6991054, 2.492438, 2.53876, 2.407349
0.7102376, 2.499842, 2.544274, 2.403971
0.7213821, 2.59883, 2.549798, 2.400692
0.7325673, 2.562396, 2.556586, 2.397377
0.7436057, 2.613396, 2.562688, 2.393941
0.7546929, 2.816062, 2.579222, 2.3905
0.7658238, 2.8042, 2.596549, 2.386626
0.7792857, 2.820987, 2.61341, 2.382395
0.7879684, 2.851268, 2.629694, 2.379503
0.7991018, 2.716543, 2.636381, 2.375867
0.8102277, 2.734205, 2.642107, 2.372092
0.8214275, 2.688485, 2.643981, 2.368303
0.8324003, 2.750061, 2.649849, 2.364478
0.8435631, 2.716133, 2.654501, 2.360559
0.854682, 2.810287, 2.667209, 2.356711
0.8657506, 2.762117, 2.678432, 2.352734
0.8768426, 2.782306, 2.692406, 2.348705
0.8879449, 2.717631, 2.697547, 2.344651
0.8990572, 2.67763, 2.697772, 2.340492
0.9101917, 2.707067, 2.706094, 2.336386
0.9212255, 2.648862, 2.713915, 2.332398
0.9324168, 2.627301, 2.720288, 2.328133
0.9434572, 2.588466, 2.71977, 2.323884
0.9545287, 2.556893, 2.719495, 2.319282
0.965901, 2.545971, 2.716124, 2.314801
0.9767675, 2.547505, 2.702696, 2.310434
0.9879287, 2.484267, 2.686699, 2.305926
0.9988993, 2.497538, 2.670527, 2.301538
1.0101, 2.390564, 2.647491, 2.29687
1.021257, 2.496124, 2.63647, 2.292278
1.032266, 2.461131, 2.622817, 2.287678
1.043405, 2.699122, 2.623349, 2.283005
1.054443, 2.43699, 2.607695, 2.278443
1.065663, 2.369384, 2.590358, 2.273665
1.076812, 2.427205, 2.571204, 2.268866
1.087849, 2.361386, 2.551167, 2.264081
1.098918, 2.337706, 2.528937, 2.259254
1.110067, 2.366765, 2.511394, 2.254288
1.121239, 2.337794, 2.494402, 2.249328
1.132331, 2.389746, 2.478536, 2.244336
1.143433, 2.386997, 2.465442, 2.239314
1.154452, 2.386823, 2.453418, 2.234079
1.165602, 2.547308, 2.45136, 2.22896
1.176776, 2.532057, 2.450119, 2.223819
1.187805, 2.433344, 2.444487, 2.218684
1.198962, 2.394256, 2.436825, 2.21346
1.209993, 2.311008, 2.428162, 2.208119
1.221034, 2.246513, 2.415611, 2.202842
1.232327, 2.192588, 2.405712, 2.197577
1.243371, 2.446999, 2.403256, 2.192227
1.254454, 2.127618, 2.38658, 2.186843
1.265572, 2.054487, 2.354348, 2.18126
1.276738, 2.053492, 2.335173, 2.17588
1.287818, 2.112551, 2.322332, 2.170391
1.298928, 2.053504, 2.303647, 2.164851
1.310067, 2.147324, 2.292943, 2.159251
1.320969, 2.10495, 2.281306, 2.153714
1.332232, 2.087281, 2.267332, 2.147957
1.343281, 2.063541, 2.253619, 2.142258
1.354509, 2.256286, 2.246946, 2.136502
1.365512, 2.128489, 2.234021, 2.130749
1.376722, 2.184578, 2.223908, 2.124724
1.387736, 2.198409, 2.206464, 2.118886
1.398929, 2.251493, 2.192436, 2.113042
1.410051, 2.260023, 2.183769, 2.107099
1.42103, 2.120996, 2.170106, 2.101218
1.432118, 2.106002, 2.159856, 2.09526
1.443205, 2.137529, 2.154407, 2.089256
1.45437, 2.138616, 2.151708, 2.083287
1.465609, 2.138614, 2.136289, 2.077156
1.476608, 2.125506, 2.136183, 2.071133
1.48766, 2.098894, 2.138403, 2.064955
1.49877, 2.068743, 2.139166, 2.058533
1.509909, 2.064648, 2.136771, 2.052251
1.520915, 1.941978, 2.131194, 2.04625
1.53217, 1.961125, 2.121884, 2.039875
1.543197, 2.042048, 2.118739, 2.033623
1.554217, 2.051262, 2.116938, 2.027312
1.565519, 2.090179, 2.11827, 2.020818
1.576594, 2.11352, 2.111132, 2.014479
1.587636, 1.993652, 2.10439, 2.008079
1.598957, 2.056707, 2.097996, 2.001502
1.609789, 2.069868, 2.091569, 1.995125
1.620784, 2.104239, 2.084207, 1.988658
1.632099, 2.099004, 2.076156, 1.982121
1.643123, 2.10119, 2.075166, 1.975525
1.654243, 2.058053, 2.072768, 1.96898
1.665425, 1.981899, 2.064987, 1.962317
1.676464, 2.022079, 2.05916, 1.955624
1.68755, 1.230157, 2.013737, 1.948937
1.698685, 1.233515, 1.969138, 1.941801
1.709826, 1.225893, 1.925488, 1.935017
1.720846, 1.184387, 1.88127, 1.928273
1.731962, 1.180377, 1.837056, 1.921629
1.743256, 1.178682, 1.798891, 1.914693
1.754298, 1.173334, 1.759502, 1.907727
1.76551, 1.170723, 1.715936, 1.900756
1.776471, 1.163456, 1.671545, 1.894145
1.790247, 1.105502, 1.622312, 1.885593
1.798769, 1.100229, 1.571647, 1.88041
1.809748, 1.072352, 1.525582, 1.873644
1.820859, 1.037592, 1.474626, 1.866693
1.832021, 1.022147, 1.42224, 1.859393
1.84304, 1.026489, 1.368353, 1.852438
1.854196, 1.02622, 1.314713, 1.845113
1.865292, 1.029518, 1.26113, 1.838062
1.876372, 1.044458, 1.21045, 1.830854
1.887434, 1.044173, 1.163564, 1.823719
1.898649, 1.046, 1.11476, 1.816492
1.909684, 1.047078, 1.105606, 1.809297
1.920782, 1.056664, 1.096763, 1.802128
1.931979, 1.056935, 1.088315, 1.794765
1.942948, 1.059891, 1.08209, 1.787522
1.954099, 1.064538, 1.076298, 1.780474
1.965173, 1.062359, 1.070482, 1.773235
1.97639, 1.071426, 1.065387, 1.765876
1.987427, 1.048838, 1.059293, 1.758561
1.998582, 1.034826, 1.052861, 1.751644
2.009609, 1.025926, 1.048882, 1.744439
2.020803, 0.9980245, 1.043772, 1.737072
2.031969, 1.003577, 1.040333, 1.729702
2.042933, 0.9985998, 1.038384, 1.722442
2.054075, 0.9944484, 1.036999, 1.715096
2.065224, 0.9973464, 1.035542, 1.707678
2.076324, 0.9910941, 1.033785, 1.700279
2.087454, 0.992955, 1.031957, 1.692918
2.098437, 0.9936742, 1.029418, 1.685669
2.109801, 0.9883766, 1.026628, 1.678035
2.120573, 0.9950184, 1.024079, 1.670915
2.13208, 0.9887098, 1.021161, 1.663227
2.142905, 0.9855764, 1.017606, 1.655962
2.153918, 0.9812195, 1.013821, 1.648498
2.165169, 0.9819109, 1.009922, 1.64088
2.176203, 0.9845358, 1.005922, 1.633541
2.18736, 0.9852079, 1.002064, 1.626037
2.198525, 0.989966, 0.997991, 1.618316
2.209722, 0.9952106, 0.9953097, 1.610687
2.220899, 1.004535, 0.9937951, 1.603081
2.231848, 1.005035, 0.9927505, 1.595833
2.242936, 1.002124, 0.9929556, 1.588284
2.253786, 1.379454, 1.01175, 1.580781
2.265123, 1.376733, 1.030656, 1.573
2.276164, 1.380391, 1.049953, 1.565443
2.287299, 1.367829, 1.068477, 1.557808
2.298504, 1.350777, 1.086461, 1.550121
2.309638, 1.343276, 1.103977, 1.542521
2.320522, 1.340882, 1.121338, 1.535041
2.331792, 1.324014, 1.13812, 1.527107
2.342866, 1.303609, 1.153549, 1.519479
2.353914, 1.309708, 1.169599, 1.511951
2.365232, 1.312596, 1.18595, 1.504136
2.376308, 1.299373, 1.201858, 1.49646
2.387289, 1.211861, 1.213355, 1.488857
2.398488, 1.193006, 1.223779, 1.48111
2.409501, 1.199594, 1.234498, 1.473305
2.420496, 1.209467, 1.245473, 1.465846
2.431661, 1.203292, 1.255877, 1.458089
2.442817, 1.212443, 1.266273, 1.450367
2.453914, 1.206135, 1.276328, 1.442797
2.464986, 1.209534, 1.286698, 1.435138
2.476182, 1.218888, 1.27867, 1.427537
2.487173, 1.230546, 1.27136, 1.419899
2.498384, 1.012523, 1.252967, 1.41207
2.509393, 1.003816, 1.234766, 1.404438
2.520495, 0.9556211, 1.215009, 1.396708
2.531674, 0.9546871, 1.195579, 1.388862
2.542719, 0.9542294, 1.176247, 1.381265
2.553824, 1.02289, 1.16119, 1.373837
2.565059, 1.013884, 1.146704, 1.366096
2.576051, 1.013896, 1.131913, 1.358479
2.587187, 0.9833948, 1.115453, 1.350802
2.598382, 0.9827142, 1.09962, 1.343248
2.609455, 1.025124, 1.090284, 1.335781
2.620419, 1.020579, 1.081662, 1.328117
2.631599, 1.005639, 1.071965, 1.320281
2.642754, 1.026737, 1.062828, 1.312588
2.653785, 1.013229, 1.053325, 1.304973
2.665011, 1.013147, 1.04336, 1.297231
2.676052, 1.01063, 1.033585, 1.28986
2.687186, 1.006402, 1.023428, 1.282158
2.698271, 0.9839066, 1.011679, 1.274706
2.709281, 0.975336, 0.9989187, 1.26713
2.720443, 0.9598373, 0.9962843, 1.259559
2.731968, 0.9590035, 0.9940436, 1.25147
2.742646, 0.9464657, 0.9935859, 1.24416
2.753699, 0.9090706, 0.9913051, 1.236503
2.765026, 0.9287894, 0.990033, 1.228754
2.776019, 0.9353831, 0.9856577, 1.221276
2.787109, 0.9305884, 0.9814929, 1.213735
2.798209, 0.9534256, 0.9784695, 1.206078
2.809296, 1.060631, 0.9823313, 1.198575
2.82042, 1.055113, 0.9859512, 1.19101
2.831714, 1.048922, 0.9871411, 1.183218
2.84262, 1.053785, 0.9888015, 1.175814
2.85375, 1.059594, 0.9914992, 1.168407
2.864964, 1.068419, 0.9935833, 1.160792
2.875928, 1.09908, 0.9978759, 1.153375
2.887005, 1.079685, 1.001203, 1.146061
2.898128, 1.087448, 1.005044, 1.138625
2.909352, 1.080068, 1.008727, 1.130957
2.920396, 1.067406, 1.012902, 1.123644
2.931476, 1.070149, 1.017643, 1.116179
2.94261, 1.063384, 1.02282, 1.108739
2.953552, 1.072819, 1.028511, 1.101446
2.964838, 1.67941, 1.065158, 1.093727
2.975935, 1.700058, 1.104707, 1.086493
2.987211, 1.61352, 1.138944, 1.079018
2.998095, 1.602703, 1.17231, 1.07191
3.009214, 1.62124, 1.206843, 1.064569
3.020319, 1.60196, 1.239269, 1.057279
3.031516, 1.600786, 1.266277, 1.05014
3.042444, 1.616739, 1.294358, 1.042951
3.053483, 1.632262, 1.323525, 1.035784
3.064619, 1.619156, 1.351794, 1.028575
3.075855, 1.614102, 1.379519, 1.02102
3.086968, 1.58228, 1.405212, 1.013873
3.098096, 1.482909, 1.424404, 1.006719
3.10906, 1.469678, 1.443903, 1.000052
3.120212, 1.462451, 1.462653, 0.9929484
3.13138, 1.44261, 1.48078, 0.9859548
3.142577, 1.477629, 1.501292, 0.9789055
3.153556, 1.452761, 1.520422, 0.9717594
3.1646, 1.398023, 1.537154, 0.9647431
3.175818, 1.405596, 1.553793, 0.9576809
3.186766, 1.398868, 1.539766, 0.9507624
3.198002, 1.379481, 1.523737, 0.9439445
3.209098, 1.135485, 1.499835, 0.9369619
3.220159, 1.098861, 1.474643, 0.9300996
3.231284, 1.094465, 1.448305, 0.9231178
3.242377, 1.091271, 1.42277, 0.916275
3.25351, 1.06579, 1.39602, 0.9094367
3.264611, 1.017581, 1.366062, 0.9026582
3.275688, 0.9956897, 1.334234, 0.8960605
3.286802, 0.9898334, 1.302768, 0.889212
3.298237, 0.9890215, 1.271514, 0.882291
3.309092, 0.988421, 1.241821, 0.875349
3.32008, 0.9294637, 1.214148, 0.8687053
3.331189, 0.92726, 1.187028, 0.8620039
3.342584, 0.9304578, 1.160428, 0.8550177
3.353496, 0.9409326, 1.135344, 0.8484315
3.36444, 0.9312567, 1.108026, 0.8420784
3.375705, 0.9285935, 1.081817, 0.8355646
3.386734, 0.954543, 1.059643, 0.8291005
3.398027, 0.9319108, 1.035959, 0.8225803
3.409094, 0.9392904, 1.01298, 0.8160948
3.42003, 0.9340489, 0.9907085, 0.8097262
3.43121, 0.9405766, 0.9809631, 0.8034167
3.44227, 0.9486239, 0.9734511, 0.7971072
3.453426, 0.9269013, 0.9650729, 0.7906538
3.464562, 0.9299848, 0.9570087, 0.7843524
3.475621, 0.9312159, 0.9502799, 0.7780498
3.486671, 0.9225102, 0.9455264, 0.7718232
3.498039, 0.9125502, 0.9413694, 0.7654257
3.509002, 0.8981805, 0.9367868, 0.7592287
3.520045, 0.8844754, 0.9315594, 0.7530431
3.531119, 0.8818461, 0.9262307, 0.7468735
3.542345, 0.8813636, 0.9238256, 0.7406845
3.553294, 0.841584, 0.9195418, 0.7347623
3.564517, 0.8474998, 0.9153939, 0.7286658
3.575643, 0.8531715, 0.9110059, 0.7226587
3.586664, 0.8118545, 0.9050358, 0.7167419
3.597832, 0.8212025, 0.8996663, 0.7107635
3.608996, 0.8274536, 0.8933119, 0.7047592
3.619826, 0.8135747, 0.887395, 0.6990715
3.631157, 0.8108755, 0.8809742, 0.6930969
3.642209, 0.8252963, 0.8755366, 0.6872994
3.653306, 0.8310995, 0.8700627, 0.6815431
3.664408, 0.8361549, 0.8644393, 0.6759808
3.67552, 0.8326943, 0.859729, 0.6704131
3.68657, 0.8256193, 0.8545107, 0.6648515
3.697707, 0.8240067, 0.8491503, 0.6590706
3.709023, 0.8204843, 0.844049, 0.6533915
3.719835, 0.8182526, 0.8393341, 0.6479486
3.73109, 0.8183219, 0.8353412, 0.6422977
3.742227, 0.8054761, 0.8313912, 0.6367508
3.753141, 0.7831558, 0.8264567, 0.6313937
3.76446, 0.7742387, 0.8211004, 0.6258844
3.775615, 0.7623224, 0.8171374, 0.6204792
3.786599, 0, 0.7747623, 0.6152521
3.797673, 0.7157419, 0.7678909, 0.6099595
3.808819, 0.739463, 0.7642713, 0.604519
3.819869, 0.7356526, 0.7599938, 0.5993347
3.831011, 0.7197819, 0.7546102, 0.594217
3.842159, 0.7217925, 0.7500211, 0.5890353
3.853396, 0.7140961, 0.7451821, 0.5838512
3.864423, 0.7421585, 0.7410252, 0.5788794
3.87547, 0.7414894, 0.7365447, 0.5738457
3.886477, 0.7100164, 0.7302378, 0.5688906
3.897671, 0.7048163, 0.7238439, 0.563954
3.908825, 0.7068879, 0.7179073, 0.5590243
3.919873, 0.6979711, 0.7116055, 0.5542532
3.930931, 0.6879923, 0.704981, 0.549516
3.942026, 0.6844965, 0.6982931, 0.5446462
3.953143, 0.6685603, 0.6908051, 0.5399153
3.964267, 0.6682465, 0.6839436, 0.5352326
3.975466, 0.6600463, 0.6777881, 0.5305804
3.986466, 0.6615446, 0.6721534, 0.5259615
3.997636, 0.6601894, 0.6670468, 0.5214071
4.008771, 0.6424797, 0.6991708, 0.5169641
4.01993, 0.6157249, 0.6941699, 0.512502
4.030793, 0.6040378, 0.6873987, 0.5081646
4.042013, 0.589467, 0.6800894, 0.5038341
4.05313, 0.5736591, 0.6727833, 0.499434
4.064202, 0.5632813, 0.6648577, 0.494993
4.075537, 0.5601136, 0.6571586, 0.4905585
4.086545, 0.5332955, 0.6467154, 0.4864022
4.097501, 0.5297119, 0.6361265, 0.4822691
4.108637, 0.5258909, 0.6269203, 0.4784154
4.119714, 0.5521458, 0.6192867, 0.4742694
4.130944, 0.5441603, 0.6111503, 0.4702485
4.141956, 0.5437083, 0.6034371, 0.4662384
4.152964, 0.5411751, 0.5960963, 0.4623417
4.164213, 0.5356032, 0.5886516, 0.4583884
4.175277, 0.5286659, 0.5816569, 0.454541
4.186378, 0.5329709, 0.5748931, 0.4507483
4.197528, 0.5302245, 0.5684021, 0.4470139
4.208659, 0.5341247, 0.562031, 0.4433748
4.219604, 0.5279, 0.5554165, 0.4398177
4.230826, 0.5331969, 0.5499524, 0.4361953
4.241913, 0.5290128, 0.5456167, 0.4324961
4.252963, 0.5211468, 0.5414723, 0.4291774
4.264028, 0.515835, 0.5377907, 0.4257437
4.275279, 0.5127505, 0.5347452, 0.4223361
4.286401, 0.5159532, 0.5323788, 0.4189936
4.297481, 0.50547, 0.5296466, 0.4157244
4.308589, 0.4887471, 0.5274192, 0.4124937
4.319634, 0.4790996, 0.5248886, 0.4093265
4.330711, 0.476973, 0.5224426, 0.4061989
4.341784, 0.4783424, 0.5187525, 0.4030975
4.352901, 0.4757667, 0.5153328, 0.3999777
4.364137, 0.4739109, 0.5118429, 0.3966834
4.375231, 0.4739879, 0.5084835, 0.3937088
4.386435, 0.4766981, 0.5055383, 0.3907123
4.397624, 0.4732344, 0.5027667, 0.3879808
4.408504, 0.4624515, 0.4992408, 0.3852228
4.419668, 0.459399, 0.4956995, 0.3824076
4.430728, 0.4593312, 0.4919599, 0.3796484
4.441777, 0.4565204, 0.4883909, 0.3771584
4.452919, 0.4569541, 0.4845787, 0.3745458
4.464117, 0.4532907, 0.4807926, 0.3720097
4.475164, 0.4505869, 0.4772646, 0.369415
4.48627, 0.4461164, 0.4737787, 0.3669922
4.49739, 0.4459161, 0.470437, 0.3644625
4.508708, 0.4366192, 0.4664703, 0.3620636
4.519813, 0.4320323, 0.4627984, 0.3597147
4.530734, 0.4287907, 0.4598006, 0.3572485
4.541886, 0.4264106, 0.4571662, 0.3549782
4.552862, 0.4150202, 0.4540686, 0.352849
4.564089, 0.4152076, 0.4509118, 0.3506875
4.575072, 0.4070679, 0.4474769, 0.3485741
4.586218, 0.4072849, 0.4441456, 0.3468306
4.597276, 0.4081186, 0.4408521, 0.3450146
4.608356, 0.4095642, 0.4374954, 0.3431284
4.619557, 0.4086454, 0.434266, 0.3412188
4.630762, 0.4070677, 0.4314968, 0.339356
4.641732, 0.4047551, 0.4287645, 0.3375466
4.652699, 0.405541, 0.426075, 0.3360381
4.663924, 0.3957708, 0.4230376, 0.3343668
4.675124, 0.3976615, 0.4200729, 0.3327486
4.686172, 0.3971303, 0.4172649, 0.3310942
4.697244, 0.3963812, 0.4145546, 0.3294897
4.70836, 0.394835, 0.4119906, 0.3282578
4.719472, 0.3950677, 0.4094481, 0.3267999
4.730577, 0.3849042, 0.4068624, 0.3253635
4.741799, 0.3850659, 0.4045141, 0.324432
4.752828, 0.379214, 0.4020352, 0.3232052
4.763834, 0.3792182, 0.3996756, 0.3219302
4.774955, 0.3792197, 0.3978856, 0.3209152
4.786081, 0.3769689, 0.3959737, 0.3196037
4.797245, 0.3762343, 0.394432, 0.3186736
4.808208, 0.3771099, 0.3929233, 0.3177014
4.819384, 0.3761385, 0.3913243, 0.3167861
4.830549, 0.3785351, 0.3897728, 0.3159229
4.841705, 0.3792176, 0.3883014, 0.3151143
4.852889, 0.371776, 0.3865368, 0.3143259
4.86385, 0.3717685, 0.3848875, 0.3135371
4.874841, 0.3664494, 0.3829329, 0.3128356
4.886091, 0.3649439, 0.3813916, 0.3121656
4.897074, 0.3651625, 0.3797666, 0.3117717
4.908349, 0.3643693, 0.3781286, 0.3112907
4.919367, 0.3630391, 0.3764614, 0.3108331
4.930484, 0.3621127, 0.3748253, 0.3104931
4.941659, 0.3606998, 0.3731069, 0.3102061
4.952724, 0.3588211, 0.3718027, 0.3098502
4.963831, 0.3569439, 0.3703967, 0.3095787
4.974905, 0.3570735, 0.3692896, 0.3094003
4.986244, 0.3594523, 0.3683013, 0.3094205
4.99706, 0.3600351, 0.3673421, 0.3093775
5.008275, 0.361142, 0.3665508, 0.3093492
5.019372, 0.3598234, 0.3657302, 0.3094145
5.030398, 0.3620008, 0.3649748, 0.3096175
5.041516, 0.3621781, 0.3642767, 0.3098505
5.052683, 0.3591419, 0.3633071, 0.3100826
5.063807, 0.3589669, 0.3622945, 0.3103962
5.07492, 0.3583592, 0.3616237, 0.3106787
5.086009, 0.356304, 0.3608505, 0.3109883
5.097125, 0.3561189, 0.360334, 0.3114715
5.108237, 0.3549264, 0.3598331, 0.3119709
5.119324, 0.3502236, 0.3590862, 0.3126183
5.130415, 0.3510583, 0.3584206, 0.3132675
5.14155, 0.352562, 0.3578967, 0.3139662
5.152637, 0.3570714, 0.3576447, 0.3146765
5.16391, 0.3501783, 0.3571186, 0.3154652
5.174829, 0.351017, 0.3567284, 0.3162522
5.185984, 0.3523878, 0.3565006, 0.3171433
5.19705, 0.3528915, 0.3562915, 0.3180985
5.208208, 0.3535739, 0.3559976, 0.3189881
5.219234, 0.3553101, 0.3557613, 0.320098
5.230314, 0.3583118, 0.3556198, 0.3210224
5.241477, 0.3589133, 0.3555743, 0.3221243
5.252632, 0.3560765, 0.3552781, 0.3232972
5.263806, 0.3571745, 0.355028, 0.3245322
5.274816, 0.358094, 0.3549756, 0.3259118
5.285848, 0.3365429, 0.3538544, 0.3272235
5.296989, 0.3428743, 0.3530802, 0.3285234
5.308151, 0.3389255, 0.3522112, 0.3301741
5.319134, 0.3437078, 0.3515907, 0.3316095
5.330301, 0.3470128, 0.351195, 0.3333537
5.341523, 0.3467181, 0.3510197, 0.3349324
5.352486, 0.3428485, 0.3506092, 0.3365237
5.363642, 0.3392753, 0.3499449, 0.3382913
5.374716, 0.3413281, 0.3491577, 0.3400314
5.385803, 0.3417187, 0.3487347, 0.3418432
5.396861, 0.3419993, 0.3482839, 0.3436858
5.407997, 0.3420793, 0.3477684, 0.3455954
5.419175, 0.3444057, 0.3473441, 0.3475712
5.430231, 0.3466609, 0.3469985, 0.3495723
5.441472, 0.346018, 0.3465339, 0.3515954
5.452563, 0.3444968, 0.3458431, 0.353802
5.4636, 0.3451084, 0.3451529, 0.355915
5.474745, 0.3445891, 0.3445785, 0.3581456
5.485758, 0.3477407, 0.3441069, 0.3603607
5.497026, 0.3487317, 0.3436387, 0.3627276
5.508043, 0.3468985, 0.3441565, 0.3650785
5.519519, 0.3541983, 0.3447227, 0.3676765
5.530359, 0.357094, 0.3456311, 0.370116
5.541307, 0.356905, 0.3462909, 0.3725845
5.552483, 0.3598075, 0.3469307, 0.3751962
5.563531, 0.363656, 0.3477775, 0.3780884
5.574606, 0.3658016, 0.3489252, 0.3807215
5.585805, 0.3645042, 0.3501867, 0.3834997
5.596849, 0.3693149, 0.351586, 0.3861426
5.607912, 0.376168, 0.3533085, 0.3889831
5.619091, 0.3713286, 0.354775, 0.391826
5.63028, 0.3750578, 0.3564239, 0.3947899
5.641143, 0.3687754, 0.3576424, 0.3976564
5.652492, 0.3736998, 0.3589943, 0.4006348
5.663541, 0.3812074, 0.3607538, 0.4036606
5.674633, 0.3845241, 0.3627552, 0.4069001
5.686004, 0.3835367, 0.3646766, 0.4101216
5.696876, 0.3893148, 0.3669129, 0.4133888
5.707832, 0.3955797, 0.3693048, 0.4166993
5.719165, 0.4015652, 0.3719465, 0.4200325
5.730214, 0.4001023, 0.3746067, 0.4233737
5.741063, 0.4004604, 0.3769198, 0.4266532
5.752866, 0.4006712, 0.3790986, 0.4303772
5.763362, 0.4070035, 0.3816035, 0.4336748
5.774633, 0.4103766, 0.384132, 0.4373507
5.785831, 0.4153555, 0.386717, 0.4409858
5.796787, 0.4197385, 0.3894138, 0.4444871
5.807859, 0.4177413, 0.3920757, 0.4481572
5.819313, 0.4153086, 0.3943754, 0.4520932
5.829966, 0.414986, 0.3963162, 0.4556297
5.841078, 0.417783, 0.398639, 0.4595368
5.852618, 0.4254684, 0.4011595, 0.4636415
5.863475, 0.4324328, 0.4043424, 0.4673947
5.874474, 0.4319737, 0.407256, 0.4713062
5.885671, 0.4332284, 0.4098571, 0.4753442
5.896717, 0.4355966, 0.4124107, 0.4794653
5.907948, 0.4417927, 0.4153235, 0.4836355
5.919005, 0.4522329, 0.4184694, 0.4877655
5.930087, 0.4513515, 0.421258, 0.4919775
5.941102, 0.4560902, 0.4239842, 0.4963166
5.95242, 0.4564002, 0.4267991, 0.5006423
5.96342, 0.4606862, 0.4298104, 0.5049571
5.974469, 0.4612358, 0.4328387, 0.5091128
5.985674, 0.4682514, 0.4359011, 0.5137081
5.996674, 0.4748058, 0.4391225, 0.51801
6.007784, 0.4801504, 0.4423622, 0.5225905
6.019021, 0.4889403, 0.4458223, 0.5270595
6.030042, 0.5106935, 0.45047, 0.5316397
6.041022, 0.5085047, 0.4551298, 0.5362072
6.052336, 0.5176989, 0.4602655, 0.5410443
6.063373, 0.517352, 0.4652439, 0.5457852
6.074367, 0.5166387, 0.4698024, 0.5505501
6.085478, 0.526404, 0.474501, 0.5553938
6.096638, 0.5258632, 0.4791955, 0.5601533
6.107808, 0.5272355, 0.4838958, 0.5650838
6.118812, 0.5272802, 0.48848, 0.5700287
6.130032, 0.528626, 0.4928216, 0.5750906
6.141192, 0.5298955, 0.4967048, 0.5802154
6.152225, 0.5464306, 0.5014588, 0.5850361
6.163263, 0.5533617, 0.5063223, 0.5901166
6.174356, 0.5573721, 0.511371, 0.5953257
6.185535, 0.5595564, 0.5163144, 0.6005479
6.196741, 0.5675969, 0.5216324, 0.6057911
6.207725, 0.5741462, 0.5269272, 0.6109804
6.218797, 0.5744306, 0.5319084, 0.6161764
6.229971, 0.5853541, 0.5371686, 0.6215346
6.241177, 0.5885874, 0.542151, 0.6269543
6.252337, 0.5897983, 0.5461062, 0.6326371
6.263224, 0.5969291, 0.5505274, 0.638006
6.274313, 0.6005293, 0.5546689, 0.6435204
6.285513, 0.6144754, 0.5595251, 0.6489434
6.296599, 0.614862, 0.5644362, 0.6547208
6.307632, 0.6129415, 0.5687631, 0.6603122
6.318778, 0.6155169, 0.5732457, 0.6660379
6.329933, 0.6184915, 0.5778085, 0.6717717
6.34093, 0.6172684, 0.5823079, 0.6774828
6.352094, 0.6326026, 0.5875068, 0.6832385
6.36322, 0.6301173, 0.5925179, 0.6890593
6.374284, 0.629431, 0.5966679, 0.6948673
6.385373, 0.6408738, 0.6010435, 0.7007328
6.396552, 0.6376639, 0.6050581, 0.706643
6.40763, 0.6350535, 0.608833, 0.7125277
6.418667, 0.6462461, 0.6127654, 0.7183983
6.429682, 0.657091, 0.6169127, 0.7243236
6.440842, 0.6574869, 0.6210655, 0.7303809
6.452037, 0.6601372, 0.6248046, 0.7362816
6.463194, 0.6610548, 0.628428, 0.7423975
6.474161, 0.6676232, 0.6323193, 0.7483237
6.485569, 0.6652758, 0.6357366, 0.7546067
6.496469, 0.6598669, 0.6387035, 0.7606552
6.507494, 0.6660689, 0.6412832, 0.7668053
6.518713, 0.5844867, 0.6397644, 0.7731055
6.529957, 0.5790237, 0.6380685, 0.7794486
6.540839, 0.5835608, 0.6364707, 0.7857609
6.552063, 0.5970434, 0.6353983, 0.7922399
6.563125, 0.6034138, 0.6347055, 0.7986004
6.574232, 0.6073648, 0.6334437, 0.8047878
6.585527, 0.6106202, 0.6324688, 0.811331
6.596394, 0.6218839, 0.6320914, 0.8177114
6.607561, 0.6288847, 0.631492, 0.8242414
6.618666, 0.6575243, 0.632485, 0.830875
6.629773, 0.6538337, 0.6334239, 0.8376997
6.640814, 0.6551399, 0.6338686, 0.8446431
6.651991, 0.6530738, 0.6336678, 0.8513146
6.663153, 0.6471819, 0.6331525, 0.8580313
6.674191, 0.6726808, 0.6337796, 0.8646014
6.685332, 0.6720556, 0.6343297, 0.8713462
6.69639, 0.6781793, 0.6348575, 0.8776887
6.707479, 0.6866214, 0.6359248, 0.8844596
6.718684, 0.6917633, 0.6375196, 0.8912255
6.729727, 0.7172507, 0.6400787, 0.898031
6.740844, 0.7727537, 0.649492, 0.9045942
6.752044, 0.7436901, 0.6577254, 0.9114973
6.762996, 0.7968351, 0.6683891, 0.9182349
6.774058, 0.7337473, 0.6752243, 0.9251711
6.785195, 0.7604911, 0.6830782, 0.9320602
6.796342, 0.7727605, 0.691348, 0.938983
6.807369, 0.7823806, 0.699936, 0.9458526
6.818549, 0.7947725, 0.7085804, 0.9528317
6.829775, 0.791072, 0.7166898, 0.9598786
6.840775, 0.7943798, 0.7235326, 0.966829
6.851972, 0.7937701, 0.7305294, 0.9738524
6.862936, 0.803412, 0.7379431, 0.9808009
6.87414, 0.8134533, 0.745962, 0.9879957
6.885081, 0.8030193, 0.753754, 0.9949623
6.896276, 0.7870336, 0.7594715, 1.002128
6.907382, 0.7666075, 0.7641991, 1.009258
6.918447, 0.7674596, 0.7686632, 1.0164
6.929563, 0.8075335, 0.7747088, 1.02354
6.940736, 0.8064035, 0.7804408, 1.03076
6.951806, 0.8104721, 0.7851019, 1.037979
6.962906, 0.8055655, 0.7867424, 1.045193
6.973942, 0.8216549, 0.7906407, 1.052392
6.985034, 0.8371785, 0.7926579, 1.059555
6.996293, 0.8385928, 0.7979001, 1.066924
7.007373, 0.8500058, 0.8023759, 1.074143
7.018568, 0.8404356, 0.8057596, 1.081408
7.029624, 0.8543969, 0.8093604, 1.088801
7.040846, 0.8592755, 0.8125855, 1.096239
7.051794, 0.8654787, 0.8163058, 1.103583
7.062916, 0.8699358, 0.8200836, 1.11097
7.074003, 0.8889951, 0.8248448, 1.118094
7.085102, 0.8774409, 0.8285463, 1.125489
7.096051, 0.8829225, 0.8320198, 1.13291
7.107241, 0.8797284, 0.8358553, 1.140414
7.118651, 0.8999811, 0.8415027, 1.147971
7.129543, 0.896876, 0.8480161, 1.155326
7.140669, 0.8947363, 0.85438, 1.162814
7.151774, 0.9063622, 0.8593214, 1.170415
7.162746, 0.9016292, 0.8640826, 1.177821
7.17387, 0.9010518, 0.8686116, 1.18546
7.185174, 0.897401, 0.8732035, 1.193119
7.196084, 0.8899094, 0.8766162, 1.200817
7.207223, 0.902236, 0.8798691, 1.208323
7.218391, 0.9113802, 0.8835085, 1.216165
7.229436, 0.9091642, 0.8864664, 1.223687
7.240563, 0.9230372, 0.8905965, 1.231306
7.251663, 0.9204662, 0.8938999, 1.238959
7.262791, 0.9620029, 0.8990363, 1.246578
7.273847, 0.9618807, 0.9038565, 1.254045
7.284981, 0.9664832, 0.9086839, 1.261757
7.296015, 0.9680378, 0.9126361, 1.269269
7.307234, 0.9698666, 0.9172573, 1.277047
7.318291, 0.9620374, 0.921213, 1.284348
7.329417, 0.9629118, 0.9253722, 1.292102
7.340589, 0.9677986, 0.9287631, 1.299788
7.351706, 0.9961814, 0.9337284, 1.307372
7.362773, 1.010586, 0.9395208, 1.315
7.373794, 0.9339067, 0.9408981, 1.32255
7.384892, 0.9488077, 0.943257, 1.330153
7.396047, 0.9450992, 0.9454592, 1.337976
7.40716, 0.9468096, 0.9479297, 1.345643
7.418223, 0.9590458, 0.9513865, 1.353372
7.429331, 0.9730994, 0.9549295, 1.361024
7.440425, 0.9719388, 0.9579574, 1.368688
7.451621, 0.9737587, 0.9611872, 1.37648
7.462715, 0.9712739, 0.963599, 1.384135
7.473898, 0.957927, 0.9654721, 1.39194
7.48475, 0.929294, 0.9638367, 1.399465
7.496003, 0.9385852, 0.9626719, 1.407024
7.507088, 0.9483917, 0.9617672, 1.414766
7.518247, 0.9381852, 0.9602745, 1.422498
7.529293, 0.9539565, 0.959479, 1.430196
7.540371, 0.9626948, 0.9595119, 1.437856
7.551356, 1.006153, 0.9616739, 1.445244
7.56255, 1.019362, 0.9642521, 1.453006
7.573742, 1.008978, 0.9648919, 1.460684
7.584807, 1.012078, 0.9649665, 1.468347
7.595912, 1.013621, 0.9689522, 1.476282
7.607114, 1.007445, 0.9718841, 1.483858
7.618038, 1.006979, 0.9749781, 1.491256
7.629313, 0.9517351, 0.9752243, 1.498966
7.640453, 0.9495645, 0.9747502, 1.506648
7.651545, 0.9386964, 0.9730301, 1.514247
7.662636, 0.9402005, 0.9714432, 1.521875
7.673702, 0.9456173, 0.9700361, 1.529449
7.684806, 0.9470024, 0.9688226, 1.537081
7.695899, 0.944829, 0.9681677, 1.544858
7.706974, 0.970212, 0.9702135, 1.552484
7.718177, 0.9952308, 0.9730458, 1.560299
7.729105, 1.004201, 0.9758363, 1.568009
7.740287, 1.011584, 0.9795062, 1.57568
7.751456, 1.029767, 0.9832968, 1.583201
7.762585, 1.043507, 0.9873374, 1.590785
7.773596, 1.063272, 0.9901934, 1.598398
7.784778, 1.064934, 0.992472, 1.606043
7.795941, 1.138214, 0.9989338, 1.613526
7.807035, 1.12795, 1.004727, 1.621069
7.818031, 1.130707, 1.010582, 1.62851
7.829106, 1.167194, 1.018569, 1.635951
7.840163, 1.17277, 1.026859, 1.643404
7.851403, 1.205104, 1.039527, 1.651168
7.862502, 1.195439, 1.051821, 1.658648
7.873621, 1.20658, 1.065215, 1.666151
7.884726, 1.209375, 1.078674, 1.673638
7.895764, 1.216455, 1.092216, 1.681117
7.906891, 1.205218, 1.105127, 1.688738
7.918051, 1.196915, 1.117731, 1.6962
7.929043, 1.210585, 1.12975, 1.703446
7.940043, 1.208102, 1.140393, 1.710764
7.951338, 1.505505, 1.165458, 1.718329
7.96252, 1.426915, 1.186225, 1.725724
7.973546, 1.318575, 1.200665, 1.733112
7.984752, 1.313987, 1.214189, 1.740521
7.995852, 1.334231, 1.227737, 1.747813
8.006782, 1.062902, 1.227636, 1.754989
8.017985, 1.07479, 1.224464, 1.762427
8.028991, 1.074427, 1.221788, 1.769459
8.040057, 1.073909, 1.218948, 1.776664
8.051276, 1.070707, 1.214124, 1.784106
8.062352, 1.072282, 1.2091, 1.791287
8.073481, 1.075958, 1.202642, 1.798519
8.08479, 1.209806, 1.203361, 1.805841
8.095662, 1.075861, 1.196825, 1.812996
8.106853, 1.591685, 1.21594, 1.820208
8.117906, 0, 1.155117, 1.827297
8.328864, 1.547567, 1.172235, 1.95815
8.339975, 1.361015, 1.18044, 1.9648
8.351133, 1.526055, 1.196213, 1.971471
8.362245, 1.596389, 1.215628, 1.978054
8.373372, 1.018281, 1.191267, 1.98468
8.384464, 0.9713807, 1.16849, 1.991171
8.395527, 0.8925893, 1.14719, 1.997624
8.406674, 0.9128337, 1.127133, 2.004115
8.41775, 0.8957738, 1.10521, 2.010441
8.42892, 0.9333746, 1.098734, 2.017074
8.439951, 0.943195, 1.092154, 2.023427
8.451103, 0.9252857, 1.084697, 2.029551
8.462115, 0.9263344, 1.077318, 2.035807
8.473137, 0.94661, 1.071113, 2.042026
8.484459, 0.9512137, 1.06506, 2.048428
8.49545, 0.9419841, 1.058361, 2.054594
8.506723, 0.948294, 1.045285, 2.060879
8.517737, 0.9551275, 1.039249, 2.066997
8.528804, 0.9725747, 1.008293, 2.073047
8.539956, 1.03694, 1.06014, 2.079181
8.551229, 1.104298, 1.037977, 2.085209
8.562202, 1.085117, 1.024182, 2.091172
8.573156, 1.093099, 1.002534, 2.097102
8.584466, 1.105132, 0.9779711, 2.103372
8.595464, 1.115696, 0.9828418, 2.109277
8.606541, 1.125079, 0.9905268, 2.114958
8.617671, 1.131274, 1.002461, 2.120836
8.628754, 1.129115, 1.013275, 2.126887
8.640006, 1.153532, 1.026163, 2.132776
8.651033, 1.156038, 1.037296, 2.138513
8.662107, 1.157351, 1.048004, 2.144252
8.673229, 1.159919, 1.059736, 2.15014
8.684391, 1.180586, 1.072448, 2.155746
8.695415, 1.212764, 1.085756, 2.161342
8.706373, 1.214522, 1.098921, 2.166724
8.717679, 1.216198, 1.112632, 2.17237
8.728707, 1.171935, 1.123814, 2.17782
8.740028, 1.180296, 1.135072, 2.18341
8.750956, 1.177676, 1.145328, 2.18881
8.762094, 1.150523, 1.151007, 2.194249
8.773139, 1.152206, 1.153402, 2.199452
8.78436, 1.160828, 1.157188, 2.204565
8.795254, 1.167323, 1.160899, 2.209718
8.806429, 1.169608, 1.164122, 2.215204
8.817556, 1.155333, 1.166104, 2.220428
8.828586, 1.133602, 1.16653, 2.225664
8.839725, 1.11803, 1.165868, 2.230826
8.851013, 1.11504, 1.165165, 2.236021
8.862191, 1.080014, 1.161489, 2.241127
8.873033, 1.074191, 1.157396, 2.245894
8.884239, 1.047866, 1.151922, 2.251123
8.895336, 1.034287, 1.14564, 2.256066
8.906432, 1.025332, 1.137878, 2.26094
8.91747, 1.010854, 1.127782, 2.265785
8.928694, 1.015544, 1.117833, 2.270518
8.939867, 1.026177, 1.108332, 2.275304
8.950721, 1.030265, 1.101249, 2.279925
8.962004, 1.054348, 1.094951, 2.284697
8.973025, 1.063029, 1.089219, 2.289212
8.984192, 1.072396, 1.085313, 2.293898
8.995231, 1.066637, 1.081034, 2.298408
9.006391, 1.076302, 1.076808, 2.302932
9.017674, 1.105329, 1.073708, 2.307463
9.028503, 1.110953, 1.070776, 2.311803
9.039735, 1.116315, 1.068825, 2.316264
9.050921, 1.118994, 1.068094, 2.32023
9.061902, 1.124981, 1.068442, 2.324456
9.073013, 1.130781, 1.069229, 2.328739
9.084113, 1.135384, 1.071997, 2.333017
9.09518, 1.140949, 1.075335, 2.337152
9.106314, 1.146865, 1.080285, 2.34123
9.117435, 1.148087, 1.085975, 2.345306
9.128602, 1.144267, 1.091922, 2.349217
9.139651, 1.132406, 1.098, 2.353164
9.150874, 1.137625, 1.104104, 2.357216
9.16181, 1.140415, 1.109816, 2.36103
9.172976, 1.127061, 1.114655, 2.364893
9.184223, 1.126148, 1.118245, 2.368891
9.195189, 1.105221, 1.120355, 2.372589
9.206395, 1.096736, 1.121572, 2.376357
9.217412, 1.093019, 1.122891, 2.379977
9.228443, 1.08845, 1.123499, 2.383665
9.239749, 1.08111, 1.122288, 2.387303
9.250737, 1.085915, 1.121036, 2.390708
9.261761, 1.098293, 1.120134, 2.394138
9.272913, 1.096854, 1.119027, 2.397598
9.283997, 1.100953, 1.117826, 2.400872
9.295276, 1.101841, 1.116379, 2.404225
9.306202, 1.084031, 1.113811, 2.407376
9.317355, 1.091735, 1.111351, 2.410588
9.328513, 1.060206, 1.107018, 2.413782
9.339573, 1.058308, 1.102529, 2.416869
9.350711, 1.05751, 1.098191, 2.419894
9.362002, 1.063749, 1.094758, 2.422963
9.372982, 1.066498, 1.091202, 2.425813
9.383982, 1.075663, 1.087964, 2.428699
9.395106, 1.063577, 1.08479, 2.431569
9.406136, 1.054402, 1.081203, 2.434434
9.417211, 1.049343, 1.078409, 2.437225
9.42837, 1.048566, 1.076, 2.440043
9.439576, 1.053078, 1.074003, 2.442753
9.450676, 1.053343, 1.072248, 2.445552
9.461775, 1.031637, 1.069774, 2.448077
9.472791, 1.039393, 1.067448, 2.450472
9.483912, 1.045151, 1.064791, 2.452918
9.495086, 1.042422, 1.06207, 2.455366
9.506128, 1.035377, 1.058791, 2.457806
9.517299, 1.01587, 1.054492, 2.460161
9.528239, 1.031193, 1.05185, 2.462457
9.539584, 1.052957, 1.049911, 2.46469
9.550567, 1.095775, 1.05169, 2.46686
9.561851, 1.095486, 1.053549, 2.468938
9.572706, 1.097237, 1.055535, 2.47099
9.584033, 1.099572, 1.057326, 2.472888
9.594968, 1.076621, 1.057832, 2.474824
9.606093, 1.09562, 1.05883, 2.476658
9.617354, 1.097898, 1.060546, 2.478519
9.62827, 1.111112, 1.063382, 2.480203
9.639362, 1.11498, 1.066664, 2.481932
9.650558, 1.107455, 1.069608, 2.483664
9.661622, 1.095371, 1.071723, 2.485406
9.672744, 1.087625, 1.073437, 2.486998
9.683923, 1.097651, 1.076738, 2.488493
9.694914, 1.105251, 1.080031, 2.489951
9.705966, 1.121343, 1.08384, 2.491318
9.717241, 1.134126, 1.088425, 2.492713
9.728285, 1.135676, 1.09344, 2.49403
9.739287, 1.135989, 1.099446, 2.495284
9.750426, 1.133801, 1.104577, 2.496422
9.761688, 1.143152, 1.109086, 2.49769
9.77267, 1.156876, 1.112141, 2.498848
9.783833, 1.131208, 1.113928, 2.4996
9.79484, 1.248674, 1.121499, 2.50057
9.80599, 2.31803, 1.182422, 2.501589
9.817116, 1.750893, 1.216136, 2.502472
9.828262, 0, 1.161355, 2.503275
9.839386, 0, 1.10646, 2.504055
10.09467, 6.951343, 1.398472, 2.507973
10.10585, 1.545291, 1.419987, 2.507275
10.11693, 1.459036, 1.437566, 2.506722
10.12806, 1.826673, 1.474131, 2.506401
10.1393, 2.119348, 1.525717, 2.50563
10.15026, 2.193056, 1.580487, 2.504826
10.16145, 1.857814, 1.618116, 2.50428
10.17246, 1.917395, 1.657918, 2.503505
10.18365, 1.767849, 1.689605, 2.502594
10.19478, 1.562678, 1.710955, 2.501686
10.20587, 1.546041, 1.731457, 2.500669
10.21696, 1.517542, 1.750644, 2.499658
10.22803, 1.456499, 1.766311, 2.498726
10.23917, 1.451527, 1.781044, 2.497588
10.25023, 1.392803, 1.794124, 2.496261
10.26485, 1.359417, 1.799661, 2.494712
10.27554, 1.282758, 1.747897, 2.493469
10.28709, 1.357249, 1.728215, 2.491953
10.29478, 1.324994, 1.794465, 2.490972
10.30575, 1.303452, 1.859637, 2.489475
10.31711, 1.286095, 1.576375, 2.487918
10.32805, 1.251733, 1.561697, 2.486306
10.33922, 1.250987, 1.551295, 2.484621
10.35024, 1.249058, 1.522414, 2.482985
10.36137, 1.237492, 1.478321, 2.481291
10.3726, 1.223613, 1.429849, 2.479503
10.38352, 1.240625, 1.398989, 2.477819
10.39468, 1.23277, 1.364758, 2.475941
10.40575, 1.237067, 1.338219, 2.473924
10.41686, 1.221767, 1.321173, 2.471944
10.42791, 1.228073, 1.305275, 2.46995
10.43907, 1.233461, 1.291071, 2.467971
10.45024, 1.244793, 1.280486, 2.465899
10.46136, 1.258877, 1.270853, 2.463686
10.47243, 1.281633, 1.265295, 2.46148
10.48348, 1.301031, 1.262375, 2.459235
10.4945, 1.266954, 1.261585, 2.45695
10.50564, 1.280858, 1.257766, 2.454592
10.51685, 1.26796, 1.254914, 2.452142
10.52789, 1.268195, 1.253151, 2.449876
10.53915, 1.257321, 1.251712, 2.447344
10.55016, 1.278006, 1.253026, 2.444776
10.56117, 1.311084, 1.256031, 2.442244
10.57248, 1.311353, 1.259146, 2.439548
10.58349, 1.344543, 1.264498, 2.436808
10.59456, 1.38404, 1.27252, 2.434065
10.60578, 1.38313, 1.279645, 2.431073
10.6168, 1.331152, 1.284564, 2.428212
10.6278, 1.333236, 1.289373, 2.425418
10.63908, 1.309261, 1.293747, 2.422422
10.65012, 1.364426, 1.300565, 2.419766
10.66115, 1.310498, 1.304417, 2.416713
10.67221, 1.289362, 1.306645, 2.413621
10.68345, 1.286644, 1.308034, 2.410381
10.69454, 1.244247, 1.306164, 2.407166
10.70575, 1.206643, 1.301445, 2.403881
10.71676, 1.22648, 1.299421, 2.400603
10.72792, 1.226604, 1.296709, 2.397144
10.73896, 1.232684, 1.294945, 2.393727
10.75004, 1.242278, 1.293649, 2.390213
10.76117, 1.225751, 1.292071, 2.38674
10.77227, 1.221764, 1.289258, 2.383178
10.78337, 1.223192, 1.284864, 2.379466
10.79448, 1.241351, 1.281364, 2.375814
10.8056, 1.253976, 1.276835, 2.372164
10.81668, 1.264492, 1.270858, 2.368414
10.82779, 1.408366, 1.27212, 2.364587
10.83888, 1.422261, 1.276675, 2.360877
10.8501, 1.44039, 1.282033, 2.357003
10.86121, 1.410591, 1.287099, 2.352782
10.8724, 1.379772, 1.287867, 2.348732
10.88328, 1.372878, 1.290986, 2.344882
10.89436, 1.383428, 1.295689, 2.340809
10.90558, 1.360787, 1.299396, 2.336684
10.91665, 1.358152, 1.305091, 2.33243
10.92764, 1.370214, 1.31327, 2.328253
10.93882, 1.372974, 1.320595, 2.323946
10.94998, 1.329896, 1.325759, 2.319538
10.96112, 1.351919, 1.331721, 2.315284
10.97218, 1.358078, 1.337511, 2.310904
10.9833, 1.326134, 1.34253, 2.30658
10.9942, 1.307307, 1.346807, 2.302181
11.0055, 1.306498, 1.350972, 2.297533
11.0166, 1.305303, 1.35417, 2.292766
11.02769, 1.296375, 1.35629, 2.288243
11.03885, 1.310279, 1.358579, 2.283586
11.0498, 1.299506, 1.353136, 2.278784
11.061, 1.319506, 1.347998, 2.274152
11.07229, 1.332677, 1.342613, 2.269299
11.08316, 1.333052, 1.338736, 2.264634
11.09428, 1.367659, 1.33813, 2.259772
11.10543, 1.367658, 1.337869, 2.254822
11.11657, 1.351653, 1.33628, 2.249852
11.12761, 1.366782, 1.33658, 2.244966
11.13895, 1.359564, 1.336651, 2.239881
11.14985, 1.386227, 1.337451, 2.234876
11.16091, 1.362127, 1.336909, 2.229839
11.17204, 1.335541, 1.337191, 2.224799
11.18319, 1.321075, 1.335649, 2.219637
11.1942, 1.293687, 1.33243, 2.214473
11.20546, 1.279314, 1.330089, 2.209168
11.21868, 1.209537, 1.3252, 2.202844
11.22767, 1.040443, 1.311898, 2.198853
11.23875, 1.100781, 1.301672, 2.193484
11.24992, 1.099375, 1.291821, 2.188047
11.26102, 1.00219, 1.276417, 2.182565
11.27197, 0.988037, 1.260844, 2.177161
11.28312, 0.9758954, 1.243663, 2.171371
11.29417, 1.049554, 1.229507, 2.165835
11.30529, 1.039762, 1.214842, 2.160368
11.3165, 1.044572, 1.198688, 2.15464
11.32754, 1.057139, 1.183162, 2.14896
11.33868, 1.057123, 1.168436, 2.143403
11.34987, 1.057428, 1.152968, 2.137618
11.36082, 1.056099, 1.137795, 2.13182
11.37195, 1.070109, 1.121989, 2.125989
11.38322, 1.061097, 1.106937, 2.120021
11.39416, 1.085571, 1.094439, 2.114206
11.40531, 1.087645, 1.082767, 2.108093
11.41638, 1.071975, 1.071682, 2.102218
11.42745, 1.101858, 1.062809, 2.096058
11.43865, 1.118057, 1.058235, 2.089941
11.4497, 1.116904, 1.062058, 2.084052
11.46085, 1.132136, 1.063626, 2.077873
11.47188, 1.143407, 1.065827, 2.071778
11.48302, 1.070239, 1.06923, 2.065688
11.49428, 1.070566, 1.073356, 2.059351
11.50536, 1.06336, 1.077729, 2.053248
11.5164, 1.045654, 1.077534, 2.046965
11.52744, 1.04229, 1.077661, 2.040796
11.53859, 1.0415, 1.077507, 2.034441
11.54968, 1.035233, 1.076412, 2.028102
11.56077, 1.043989, 1.075755, 2.021864
11.57195, 1.031459, 1.074456, 2.015441
11.58308, 1.017702, 1.072537, 2.008997
11.5941, 1.006555, 1.069359, 2.002594
11.60524, 1.015959, 1.067102, 1.996297
11.61624, 1.015994, 1.063623, 1.989828
11.62744, 1.01071, 1.059777, 1.983086
11.63857, 1.009526, 1.056654, 1.976485
11.64963, 1.017219, 1.052422, 1.969768
11.66081, 1.130836, 1.053061, 1.963053
11.67181, 1.382605, 1.066346, 1.95646
11.68303, 1.313939, 1.075436, 1.949717
11.6941, 1.200523, 1.078292, 1.942824
11.7052, 1.194682, 1.084514, 1.936063
11.71629, 1.167118, 1.089342, 1.929347
11.72731, 1.162042, 1.094276, 1.922828
11.73858, 1.171552, 1.100571, 1.915846
11.74955, 1.174865, 1.107199, 1.909184
11.76063, 1.163595, 1.113304, 1.902548
11.77168, 1.147103, 1.118898, 1.895723
11.78307, 1.158282, 1.124612, 1.88854
11.79401, 1.145769, 1.130328, 1.881673
11.80508, 1.148395, 1.136863, 1.87472
11.81618, 1.272114, 1.15014, 1.867775
11.82722, 1.268678, 1.162776, 1.860959
11.83838, 1.293178, 1.176636, 1.853916
11.84972, 1.291199, 1.19066, 1.84677
11.86067, 1.292021, 1.204785, 1.839857
11.87168, 1.291577, 1.218503, 1.832861
11.88288, 1.290056, 1.226464, 1.825574
11.89388, 1.302321, 1.222449, 1.818471
11.90497, 1.287784, 1.221142, 1.811266
11.9162, 1.299511, 1.226091, 1.803986
11.92727, 1.361743, 1.234444, 1.796919
11.93838, 1.332112, 1.242694, 1.789803
11.94955, 1.328436, 1.251014, 1.782452
11.96071, 1.41676, 1.263274, 1.775063
11.97164, 1.425955, 1.275829, 1.767862
11.98291, 1.425434, 1.288921, 1.760617
11.99384, 1.42155, 1.302643, 1.753507
12.00528, 1.429757, 1.316217, 1.745928
12.01654, 1.467342, 1.332295, 1.738405
12.02737, 1.468344, 1.348293, 1.731593
12.03845, 1.473525, 1.358364, 1.724179
12.04953, 1.470237, 1.368441, 1.716796
12.06086, 1.452361, 1.376401, 1.709473
12.07198, 1.394002, 1.381541, 1.702083
12.08316, 1.394911, 1.386685, 1.694567
12.09406, 1.341845, 1.389199, 1.687291
12.10508, 1.339185, 1.391655, 1.680015
12.11634, 1.331012, 1.39309, 1.672536
12.12745, 1.32492, 1.394946, 1.664833
12.13825, 1.326223, 1.396282, 1.657479
12.14954, 1.291521, 1.392771, 1.650001
12.16328, 1.288594, 1.390595, 1.640822
12.17164, 1.260076, 1.387177, 1.635193
12.18276, 1.254784, 1.379078, 1.62759
12.19388, 1.22212, 1.368886, 1.620034
12.20489, 1.229294, 1.359079, 1.612572
12.21609, 1.243247, 1.350164, 1.604921
12.22712, 1.241216, 1.340737, 1.597436
12.23818, 1.244757, 1.329608, 1.589866
12.24947, 1.233618, 1.317871, 1.582071
12.26045, 1.250661, 1.306728, 1.574575
12.27146, 1.250246, 1.295729, 1.567015
12.28272, 1.25063, 1.285642, 1.559446
12.29374, 1.257383, 1.278811, 1.551966
12.30488, 1.258888, 1.27201, 1.544323
12.31607, 1.25949, 1.267893, 1.536622
12.32704, 1.259885, 1.263927, 1.528976
12.33814, 1.258008, 1.260277, 1.52134
12.3495, 1.236689, 1.255866, 1.513456
12.36038, 1.221315, 1.25062, 1.505963
12.37152, 1.189911, 1.24554, 1.498312
12.38261, 1.136865, 1.237953, 1.490688
12.39384, 1.141642, 1.232032, 1.482998
12.40483, 1.135139, 1.226049, 1.475691
12.41598, 1.134153, 1.221651, 1.468134
12.42692, 1.151758, 1.217774, 1.460678
12.43809, 1.137239, 1.212474, 1.453063
12.44932, 1.101405, 1.205483, 1.445753
12.46035, 1.094416, 1.197966, 1.438119
12.4714, 1.105477, 1.191559, 1.430583
12.4825, 1.118922, 1.184972, 1.422981
12.49359, 1.112228, 1.178071, 1.415258
12.5048, 1.100453, 1.170563, 1.407754
12.51597, 1.069207, 1.161154, 1.400184
12.527, 1.051319, 1.150775, 1.392516
12.5381, 1.050255, 1.140313, 1.385003
12.54926, 1.042903, 1.129464, 1.377385
12.56029, 1.04174, 1.118651, 1.369921
12.57146, 1.03224, 1.108429, 1.362251
12.58257, 1.042655, 1.099496, 1.354749
12.59362, 1.022282, 1.091114, 1.347214
12.60472, 1.012784, 1.08491, 1.339529
12.61596, 1.013843, 1.07852, 1.331706
12.62702, 1.04562, 1.074044, 1.32405
12.63806, 1.046939, 1.069683, 1.316414
12.64922, 1.046946, 1.064443, 1.308738
12.6602, 1.058151, 1.060488, 1.301177
12.67134, 1.055997, 1.058218, 1.293514
12.68258, 1.06336, 1.056665, 1.285689
12.69355, 1.079732, 1.055378, 1.278136
12.70463, 1.057225, 1.052293, 1.270522
12.71588, 1.052457, 1.049304, 1.262684
12.72684, 1.09072, 1.048818, 1.255162
12.73801, 1.093717, 1.050043, 1.247585
12.7492, 1.103983, 1.052676, 1.23986
12.7602, 1.135817, 1.056955, 1.232201
12.77131, 1.146106, 1.062115, 1.224645
12.78251, 1.140712, 1.067063, 1.216939
12.79369, 1.1194, 1.071421, 1.209264
12.80461, 1.125209, 1.075549, 1.201757
12.81578, 1.098111, 1.07934, 1.193988
12.82674, 1.128045, 1.085104, 1.186449
12.83794, 1.112397, 1.090031, 1.178649
12.84939, 1.10522, 1.093011, 1.170782
12.86011, 1.08865, 1.095097, 1.163352
12.87128, 1.074433, 1.096471, 1.155703
12.88262, 1.045801, 1.095854, 1.148115
12.89355, 1.042879, 1.095198, 1.140648
12.90459, 1.04159, 1.094109, 1.133247
12.91575, 1.040213, 1.092133, 1.125723
12.92682, 1.046609, 1.091603, 1.11813
12.93787, 1.045781, 1.091269, 1.110861
12.94909, 1.045088, 1.088987, 1.103425
12.96017, 1.048285, 1.086715, 1.096063
12.9712, 1.064189, 1.084726, 1.088647
12.98231, 1.065645, 1.081217, 1.081327
12.99356, 1.085647, 1.078194, 1.073951
13.00451, 1.103509, 1.076334, 1.066544
13.01577, 0.9757835, 1.069153, 1.059138
13.02681, 0.8358503, 1.054685, 1.051893
13.03779, 0.8244576, 1.041003, 1.044689
13.04897, 0.8162209, 1.025412, 1.037444
13.06014, 0.8399886, 1.011791, 1.030395
13.07111, 0.8320692, 0.9981337, 1.023155
13.08233, 0.8391958, 0.9856609, 1.0159
13.09358, 0.8370158, 0.97379, 1.008605
13.10446, 0.8394204, 0.9634711, 1.001921
13.11563, 0.8303056, 0.9528424, 0.9947793
13.1269, 0.8326927, 0.9423975, 0.9876236
13.13784, 0.8368732, 0.9322306, 0.980697
13.149, 0.8434153, 0.922071, 0.9736571
13.16007, 0.8418357, 0.9118737, 0.9667358
13.17102, 0.8418654, 0.9017126, 0.9597307
13.18235, 0.841985, 0.8913977, 0.9526763
13.19329, 0.835776, 0.8799769, 0.945842
13.20449, 0.8318074, 0.8682851, 0.9388778
13.21564, 0.8336221, 0.8556838, 0.9319238
13.22665, 0.8315864, 0.8420876, 0.924796
13.23784, 0.8418512, 0.8353909, 0.9177842
13.24907, 0.8312578, 0.8351613, 0.9108511
13.25993, 0.8159726, 0.8347371, 0.9042249
13.27104, 0.8153031, 0.8346912, 0.8973554
13.28231, 0.8120651, 0.833295, 0.8908857
13.29337, 0.835215, 0.8334523, 0.8841718
13.30442, 0.83751, 0.833368, 0.8773086
13.31566, 0.8538163, 0.8342081, 0.8704397
13.32687, 0.8550999, 0.8349921, 0.8636616
13.33773, 0.8425034, 0.835602, 0.8571622
13.34903, 0.8369721, 0.8358159, 0.8505003
13.36007, 0.8304121, 0.8354928, 0.8438694
13.37103, 0.8275332, 0.8346987, 0.83732
13.38214, 0.8255247, 0.8338832, 0.830925
13.39321, 0.8130671, 0.8324432, 0.8244202
13.40443, 0.8192607, 0.8313071, 0.8178046
13.41543, 0.8181775, 0.8304272, 0.8113956
13.42655, 0.8178557, 0.8297296, 0.805037
13.43765, 0.8038958, 0.8282433, 0.7986463
13.44899, 0.8104934, 0.8271886, 0.7922117
13.45994, 0.8059454, 0.8253933, 0.785936
13.47104, 0.8106859, 0.8243648, 0.7796295
13.48229, 0.811226, 0.8241274, 0.7732014
13.49325, 0.8065927, 0.8236918, 0.7671008
13.50432, 0.8117689, 0.8236771, 0.7608687
13.51549, 0.8071482, 0.8222737, 0.7546706
13.52652, 0.8023885, 0.8205177, 0.7486253
13.53762, 0.7941082, 0.8175322, 0.7425038
13.54885, 0.7865863, 0.8141066, 0.7363451
13.55993, 0.7643148, 0.8101972, 0.7303011
13.57102, 0.7614686, 0.8064221, 0.7243335
13.58211, 0.7585074, 0.8028268, 0.7181793
13.5932, 0.7359988, 0.7982501, 0.7122284
13.60429, 0.7316771, 0.7935577, 0.7063283
13.61541, 0.7276857, 0.7892886, 0.7003834
13.62646, 0.7254606, 0.7845986, 0.6945488
13.63761, 0.7151946, 0.7794494, 0.6887217
13.64886, 0.7015692, 0.7736351, 0.6828942
13.65989, 0.6896906, 0.7679249, 0.6771135
13.67082, 0.6862701, 0.7617137, 0.6716716
13.68207, 0.6951693, 0.7561749, 0.6660552
13.69308, 0.6851412, 0.7498977, 0.6605573
13.70444, 0.6910954, 0.7438911, 0.6547121
13.71548, 0.6777752, 0.7374502, 0.6492563
13.72634, 0.6583788, 0.7297808, 0.6440616
13.73756, 0.6478367, 0.7218152, 0.6385165
13.74876, 0.649155, 0.7141535, 0.6331162
13.75975, 0.6450667, 0.7067014, 0.6278627
13.77083, 0.6514952, 0.6999468, 0.6225901
13.78203, 0.6550581, 0.694484, 0.6173137
13.79309, 0.6504295, 0.6889321, 0.6121325
13.80417, 0.6483951, 0.6834264, 0.6072083
13.8154, 0.6481972, 0.6790363, 0.6020944
13.82626, 0.6225538, 0.6735802, 0.5971439
13.83738, 0.6336518, 0.6688784, 0.5921886
13.84877, 0.7072085, 0.6679658, 0.5870872
13.85978, 0.7788216, 0.6711472, 0.5820021
13.87074, 0.7227638, 0.6722069, 0.5769872
13.88188, 0.6968081, 0.6725628, 0.5721886
13.89296, 0.6814291, 0.6723207, 0.5671641
13.90406, 0.6699429, 0.6710594, 0.5626218
13.91529, 0.6749325, 0.670549, 0.5577994
13.92628, 0.6609052, 0.6690394, 0.553055
13.93736, 0.6579079, 0.6680461, 0.5482094
13.94858, 0.6580774, 0.668031, 0.5434356
13.9597, 0.6559365, 0.6684359, 0.5385315
13.97084, 0.6509204, 0.6685243, 0.533844
13.98192, 0.6497639, 0.6687592, 0.5292116
13.99297, 0.6391417, 0.6681415, 0.5245004
14.00404, 0.6358811, 0.6671827, 0.5199327
14.0153, 0.6169466, 0.6655085, 0.5153332
14.02638, 0.6039941, 0.6632885, 0.5111275
14.03744, 0.5960237, 0.6606798, 0.5067123
14.0485, 0.5883467, 0.6589694, 0.5022852
14.06159, 0.5551246, 0.655043, 0.4971559
14.07083, 0.5476308, 0.6470641, 0.4935419
14.08191, 0.5437361, 0.6353099, 0.489165
14.09284, 0.6000319, 0.6291733, 0.4850785
14.10399, 0.5990292, 0.6242844, 0.4808722
14.11518, 0.6041531, 0.6204206, 0.4765457
14.12627, 0.5836107, 0.6161039, 0.4725854
14.13732, 0.5852869, 0.6116217, 0.4685449
14.14839, 0.5879537, 0.6079741, 0.4645503
14.1596, 0.5811018, 0.6041338, 0.4605861
14.17065, 0.5799989, 0.6002299, 0.4566781
14.18199, 0.5798976, 0.596428, 0.4527771
14.19298, 0.5690536, 0.5923346, 0.4489284
14.20405, 0.5579628, 0.5877446, 0.4451543
14.21517, 0.5611029, 0.5838426, 0.4414229
14.22631, 0.527994, 0.5784482, 0.4377412
14.23734, 0.5037366, 0.5727878, 0.4341543
14.24835, 0.4785225, 0.5665141, 0.4307144
14.25949, 0.4660545, 0.5600157, 0.4272327
14.27059, 0.4645011, 0.5538235, 0.4238479
14.28176, 0.4677204, 0.5494533, 0.4203698
14.29287, 0.4570122, 0.5449223, 0.4171026
14.30404, 0.4611911, 0.540795, 0.4138385
14.31502, 0.4620614, 0.5338965, 0.4107845
14.32618, 0.4548928, 0.5266896, 0.4076529
14.33739, 0.4576245, 0.5193633, 0.4045086
14.34863, 0.4784923, 0.5141073, 0.4016239
14.35947, 0.4993418, 0.5098101, 0.398783
14.37054, 0.4845063, 0.5046378, 0.3959128
14.38165, 0.4891147, 0.5000384, 0.3930454
14.39283, 0.4742684, 0.4947519, 0.3900912
14.40389, 0.4746184, 0.4894879, 0.387439
14.41508, 0.4701619, 0.4845433, 0.3847742
14.42609, 0.4663141, 0.4799609, 0.3821041
14.43725, 0.4625324, 0.4750323, 0.3795186
14.44834, 0.4488435, 0.4710748, 0.3767512
14.4594, 0.4520539, 0.4684907, 0.3743015
14.47057, 0.4465836, 0.4668938, 0.3717873
14.48173, 0.4465424, 0.4659182, 0.3695104
14.49281, 0.4456731, 0.4649767, 0.3671628
14.50393, 0.4458373, 0.4638826, 0.3648308
14.51501, 0.4494862, 0.4635063, 0.3626013
14.5261, 0.4486555, 0.4628795, 0.3603246
14.53709, 0.4523857, 0.4623957, 0.3581922
14.54828, 0.4505374, 0.4621779, 0.3560645
14.55946, 0.4436839, 0.4614809, 0.3541293
14.57052, 0.44605, 0.4598587, 0.352175
14.58164, 0.4430955, 0.4570464, 0.3502327
14.59274, 0.435713, 0.4546067, 0.3483404
14.60388, 0.435988, 0.4519504, 0.3464639
14.6149, 0.4310557, 0.4497898, 0.3446184
14.62614, 0.4306122, 0.4475895, 0.3427653
14.63713, 0.4246321, 0.4453131, 0.3409987
14.64842, 0.4236153, 0.4431781, 0.3391744
14.65928, 0.4250292, 0.441303, 0.3375448
14.67028, 0.4237368, 0.4400476, 0.3359259
14.68163, 0.4250126, 0.4386955, 0.3343373
14.69267, 0.4223804, 0.4374854, 0.3328328
14.70371, 0.4234679, 0.4363316, 0.3315794
14.71497, 0.4222143, 0.4351587, 0.3301556
14.7259, 0.4193218, 0.4338329, 0.3289546
14.73704, 0.415917, 0.4321545, 0.3276871
14.74819, 0.4103522, 0.4302393, 0.3264042
14.75929, 0.4061018, 0.4279252, 0.3251934
14.77037, 0.4028966, 0.4255431, 0.3240525
14.78148, 0.3659557, 0.4216567, 0.3228931
14.7926, 0.3730343, 0.4180059, 0.3217573
14.8038, 0.3673672, 0.4142195, 0.3205673
14.81492, 0.3516647, 0.4100171, 0.319484
14.82586, 0.3642195, 0.4064287, 0.3188906
14.83697, 0.3699498, 0.4033733, 0.3180225
14.84817, 0.3675961, 0.4002225, 0.3171498
14.85929, 0.3574917, 0.3968655, 0.3164123
14.87035, 0.3620076, 0.3937851, 0.3156511
14.88145, 0.3625719, 0.3906622, 0.3147453
14.89263, 0.3632331, 0.387637, 0.3140837
14.9037, 0.3620827, 0.3844905, 0.3134863
14.91479, 0.360959, 0.3814194, 0.3129544
14.92594, 0.3584377, 0.3781679, 0.3125596
14.93703, 0.3525955, 0.374687, 0.3121825
14.94809, 0.3525461, 0.3713482, 0.3117168
14.9593, 0.354068, 0.3682557, 0.3115505
14.97047, 0.3523042, 0.3653533, 0.3112461
14.98145, 0.3510468, 0.3626005, 0.3110711
14.99258, 0.3502126, 0.3599663, 0.3109123
15.0037, 0.349618, 0.3591495, 0.3107622
15.01493, 0.3478134, 0.3578884, 0.3107732
15.026, 0.3494235, 0.3569912, 0.3108414
15.03692, 0.3512326, 0.3569696, 0.3109737
15.04807, 0.3511085, 0.3563141, 0.3111138
15.05906, 0.3494383, 0.3552885, 0.3112554
15.07023, 0.3493951, 0.3543784, 0.311549
15.08147, 0.3467867, 0.3538432, 0.3118954
15.09272, 0.3454356, 0.3530146, 0.3123267
15.10355, 0.3441389, 0.3520929, 0.3127875
15.11479, 0.3427064, 0.3510666, 0.3132176
15.12584, 0.3389814, 0.3499115, 0.3138589
15.13685, 0.3369023, 0.3487087, 0.3144219
15.14805, 0.3353922, 0.3475564, 0.3151523
15.15916, 0.3348067, 0.346667, 0.3158467
15.17011, 0.3332579, 0.3457026, 0.3165214
15.18135, 0.3328244, 0.3446404, 0.3172508
15.19252, 0.3333126, 0.3436909, 0.3180869
15.20359, 0.3337449, 0.3428258, 0.3189298
15.21454, 0.3321375, 0.341922, 0.3198144
15.22569, 0.3314407, 0.3410132, 0.3208475
15.23688, 0.3318143, 0.3402132, 0.3221452
15.24789, 0.3382473, 0.3396544, 0.3232266
15.25918, 0.3408557, 0.3391356, 0.3244748
15.27032, 0.3474836, 0.3389543, 0.32572
15.2814, 0.3457989, 0.3387724, 0.326908
15.29275, 0.3501177, 0.3388085, 0.3282329
15.30362, 0.3531016, 0.3391243, 0.3296205
15.31461, 0.3512244, 0.3394137, 0.3310809
15.32576, 0.3489429, 0.3396539, 0.3325721
15.33678, 0.3477607, 0.3399066, 0.3340843
15.34796, 0.3471642, 0.3403157, 0.3358196
15.35902, 0.3457106, 0.3407561, 0.3374513
15.37013, 0.346731, 0.3413231, 0.3392476
15.38138, 0.3447933, 0.3418224, 0.3408945
15.3923, 0.345157, 0.3424174, 0.3426796
15.40357, 0.3451422, 0.3430333, 0.3445581
15.41456, 0.3422983, 0.3434826, 0.3464664
15.42571, 0.3496314, 0.3442769, 0.3483912
15.43676, 0.3547977, 0.3454099, 0.350416
15.44783, 0.3557031, 0.346623, 0.3525129
15.4591, 0.3586181, 0.3479632, 0.3546451
15.47005, 0.3570679, 0.3489042, 0.3567913
15.48116, 0.3582071, 0.3497718, 0.3592533
15.49236, 0.3574647, 0.3502709, 0.3616067
15.50331, 0.3577886, 0.3508703, 0.3638495
15.51444, 0.3634517, 0.351537, 0.3662867
15.52575, 0.3648149, 0.3521227, 0.3687647
15.53675, 0.3645223, 0.3527876, 0.3714021
15.54779, 0.3673669, 0.3537088, 0.3739581
15.55897, 0.3846641, 0.355554, 0.3766756
15.57, 0.3860425, 0.3574979, 0.3792535
15.58116, 0.3853248, 0.3594786, 0.3820025
15.59223, 0.3855507, 0.3614196, 0.3847331
15.60331, 0.3890119, 0.3636305, 0.3877616
15.61452, 0.389852, 0.3658653, 0.390653
15.62578, 0.3932532, 0.3682708, 0.3937439
15.63663, 0.3940468, 0.3708583, 0.396538
15.64774, 0.3929301, 0.3730232, 0.3995758
15.659, 0.4003259, 0.3752996, 0.4026859
15.66997, 0.3981112, 0.37742, 0.4057718
15.68118, 0.4055036, 0.3797643, 0.4089785
15.69221, 0.401286, 0.3819752, 0.4121843
15.70325, 0.4007521, 0.3841024, 0.4154453
15.71437, 0.4076999, 0.3866142, 0.4187883
15.72553, 0.409718, 0.3892106, 0.4220465
15.73665, 0.4175074, 0.3919134, 0.4254822
15.74775, 0.4505012, 0.3961977, 0.4289543
15.75887, 0.4486569, 0.4004045, 0.4324682
15.76997, 0.4475705, 0.4044147, 0.4360913
15.78119, 0.445854, 0.4074742, 0.4397594
15.79216, 0.4393314, 0.4101387, 0.4433724
15.80322, 0.4389441, 0.4128196, 0.4472899
15.81434, 0.4440178, 0.415743, 0.4510576
15.82549, 0.4534286, 0.4189638, 0.4548785
15.83657, 0.4583394, 0.4223882, 0.4586543
15.84778, 0.4571597, 0.4255835, 0.4628523
15.85882, 0.457511, 0.4287568, 0.4667132
15.8699, 0.4594997, 0.4320852, 0.4706497
15.88091, 0.4603328, 0.4350856, 0.4745266
15.89216, 0.4684569, 0.4386029, 0.4786198
15.90322, 0.4800807, 0.4423317, 0.4825809
15.91431, 0.482387, 0.4463868, 0.4866858
15.92543, 0.4873791, 0.4507181, 0.4908632
15.93646, 0.4929321, 0.4549797, 0.4949686
15.9476, 0.5137573, 0.4601818, 0.4992405
15.95881, 0.5275716, 0.465685, 0.5035468
15.96977, 0.5272676, 0.4695233, 0.5079057
15.9833, 0.5491272, 0.4745468, 0.5133302
15.99205, 0.5523735, 0.479787, 0.5168232
16.00308, 0.5543048, 0.4852095, 0.5212772
16.01431, 0.5577027, 0.4911281, 0.5257119
16.02536, 0.5564383, 0.4970028, 0.5302863
16.03643, 0.5513402, 0.502369, 0.534946
16.04772, 0.5574548, 0.5075703, 0.5397344
16.05861, 0.5504018, 0.5121734, 0.5444319
16.06985, 0.5585653, 0.5172437, 0.5492568
16.08105, 0.5578053, 0.5222584, 0.5539511
16.09193, 0.5568895, 0.5271279, 0.5587343
16.10313, 0.5592294, 0.5320727, 0.5637077
16.11419, 0.5588818, 0.536594, 0.5686323
16.12529, 0.5604829, 0.5406141, 0.5734378
16.13646, 0.5609938, 0.5445445, 0.5785382
16.14762, 0.563443, 0.5483477, 0.5837319
16.15866, 0.5619937, 0.5518007, 0.588838
16.16977, 0.5718085, 0.5547033, 0.5939618
16.18122, 0.5796558, 0.5573075, 0.5992422
16.1918, 0.585691, 0.5602287, 0.6042473
16.20309, 0.6043335, 0.562989, 0.609792
16.21418, 0.6072267, 0.5657316, 0.6151718
16.22521, 0.6316019, 0.5695965, 0.6205104
16.2364, 0.6224898, 0.5728358, 0.6259593
16.2475, 0.6119132, 0.5756096, 0.6313305
16.25856, 0.6156656, 0.5788258, 0.6365703
16.26966, 0.6222926, 0.5820677, 0.642029
16.28117, 0.6220181, 0.5856485, 0.6479073
16.29185, 0.6164091, 0.5885407, 0.6532556
16.3029, 0.6259913, 0.5919501, 0.6586976
16.31414, 0.5775331, 0.5929822, 0.6643676
16.32519, 0.5871935, 0.5943804, 0.6699121
16.33626, 0.5865449, 0.5957636, 0.6755052
16.34745, 0.589131, 0.597196, 0.6811914
16.35862, 0.5807064, 0.5981816, 0.686856
16.36946, 0.5776291, 0.5988909, 0.6925807
16.38092, 0.5818843, 0.5998855, 0.6984891
16.39183, 0.583998, 0.6004949, 0.7042024
16.40282, 0.5973026, 0.6013772, 0.7098154
16.41401, 0.5984622, 0.6020158, 0.7157423
16.42518, 0.5963959, 0.6016189, 0.7217214
16.43623, 0.6216879, 0.6023419, 0.7277672
16.44739, 0.5731595, 0.5994198, 0.7336785
16.45854, 0.6475545, 0.600673, 0.7397393
16.46957, 0.6914547, 0.6046501, 0.7457775
16.4807, 0.5899438, 0.6033641, 0.751957
16.49168, 0.6660046, 0.6055496, 0.75805
16.50298, 0.9629202, 0.6225947, 0.764383
16.51422, 0.9123765, 0.6373931, 0.7707321
16.52505, 0, 0.6060935, 0.7768282
16.62513, 0, 0.5772169, 0.8338497
16.63636, 0, 0.5478572, 0.8404079
16.64732, 0, 0.51853, 0.8468462
16.65849, 0, 0.4890734, 0.8536083
16.66944, 0, 0.460038, 0.8601689
16.68059, 0, 0.4311566, 0.8668374
16.69172, 0, 0.4020624, 0.8736855
16.70277, 0, 0.3728625, 0.880359
16.7139, 0, 0.3429973, 0.8871339
16.72493, 0.875681, 0.3568583, 0.8939251
16.73634, 0.7337846, 0.3637277, 0.9008299
16.74737, 0.8093144, 0.373109, 0.9077845
16.75836, 0.9167681, 0.3902895, 0.9144906
16.76943, 0.7864395, 0.3972338, 0.9213735
16.78058, 0.9547739, 0.4103997, 0.9282431
16.79168, 0.9522449, 0.4285148, 0.9351736
16.80267, 1.007653, 0.4455972, 0.9420782
16.81389, 0.9888417, 0.4468933, 0.949128
16.82503, 0.9781334, 0.4501812, 0.9561536
16.83621, 0.9610533, 0.4982338, 0.9632441
16.84727, 0.9501875, 0.5457432, 0.9699486
16.85837, 0.9174702, 0.5916167, 0.9769659
16.86938, 0.9093368, 0.6370835, 0.9839364
16.88054, 0.9111791, 0.6826425, 0.9912663
16.89145, 0.915224, 0.7284037, 0.9982327
16.90281, 0.9075355, 0.7737805, 1.005574
16.91391, 0.9380912, 0.820685, 1.012681
16.92494, 0.9029773, 0.8658339, 1.019745
16.9362, 0.9024331, 0.9109555, 1.027009
16.94714, 0.872637, 0.9108033, 1.034128
16.95831, 0.8378663, 0.9160074, 1.041412
16.96931, 0.8327866, 0.917181, 1.048545
16.98061, 0.8139786, 0.9120415, 1.055923
16.99164, 0.7937125, 0.9124051, 1.063135
17.0026, 0.7828152, 0.9038073, 1.070351
17.01394, 0.7266729, 0.8925287, 1.077799
17.02498, 0.7093167, 0.8776118, 1.085034
17.03596, 0.7111731, 0.8637283, 1.092317
17.04708, 0.7154119, 0.8505923, 1.099687
17.05823, 0.7660227, 0.8408406, 1.107191
17.06936, 0.767079, 0.8316852, 1.114603
17.0804, 0.7670645, 0.8241649, 1.12198
17.09163, 0.7706704, 0.8172315, 1.129508
17.1027, 0.7715501, 0.8102501, 1.136865
17.11376, 0.7730055, 0.8031392, 1.144297
17.1249, 0.7773054, 0.7966277, 1.151818
17.13613, 0.783127, 0.7888795, 1.159396
17.14704, 0.7930629, 0.7833837, 1.166773
17.15808, 0.7916787, 0.777846, 1.174242
17.16912, 0.7959529, 0.7740119, 1.181746
17.18042, 0.7967497, 0.7719561, 1.189141
17.19156, 0.8074453, 0.770689, 1.196691
17.20256, 0.8040819, 0.7701942, 1.204153
17.21389, 0.8014224, 0.7705796, 1.211881
17.22491, 0.7956562, 0.7712217, 1.219535
17.236, 0.7967523, 0.7747256, 1.227101
17.24705, 0.8015355, 0.7793366, 1.234641
17.25815, 0.8122624, 0.784391, 1.242178
17.26915, 0.9389626, 0.7955685, 1.249683
17.28026, 1.066371, 0.810586, 1.257278
17.29151, 1.109773, 0.8277208, 1.264984
17.30254, 1.123858, 0.8455604, 1.272709
17.31368, 1.118184, 0.862936, 1.280367
17.32481, 1.0886, 0.8787886, 1.287951
17.33591, 1.088303, 0.8945534, 1.295727
17.34704, 1.096406, 0.9105085, 1.303506
17.35811, 1.093027, 0.9260035, 1.311077
17.36919, 1.099156, 0.9413081, 1.31873
17.38049, 1.1006, 0.9567541, 1.326553
17.39141, 1.110092, 0.972461, 1.334116
17.40253, 1.118874, 0.9885672, 1.341889
17.41369, 1.124116, 1.004401, 1.349694
17.42471, 0.9579036, 1.012092, 1.35745
17.43585, 0.9578857, 1.019915, 1.365116
17.44704, 0.9282478, 1.026545, 1.372895
17.45807, 0.9502139, 1.034218, 1.380486
17.46917, 0.9447107, 1.041376, 1.388165
17.48018, 0.9353362, 1.04753, 1.395708
17.4913, 0.9417991, 1.047672, 1.403395
17.50252, 0.9529931, 1.042003, 1.410807
17.51353, 0.9501868, 1.034024, 1.418387
17.5246, 0.9698424, 1.026323, 1.426108
17.53579, 1.001482, 1.020488, 1.433738
17.54682, 0.9924916, 1.015682, 1.44132
17.55793, 0.9762977, 1.010082, 1.449071
17.56911, 0.9759196, 1.004058, 1.456747
17.58018, 0.9710972, 0.9979614, 1.464433
17.59134, 0.9787976, 0.9919435, 1.472207
17.60248, 0.9755592, 0.9856915, 1.479928
17.61354, 0.9735439, 0.9788641, 1.487553
17.62467, 0.9607443, 0.9709576, 1.495103
17.63585, 0.9580071, 0.9626523, 1.502713
17.64708, 0.954875, 0.9625009, 1.51044
17.65802, 0.9548845, 0.9623508, 1.517832
17.66906, 0.9607226, 0.9639746, 1.525397
17.68015, 0.9611348, 0.9645206, 1.533116
17.69135, 0.973913, 0.9659807, 1.540797
17.70233, 0.9873196, 0.9685799, 1.548449
17.71354, 1.022373, 0.9726086, 1.556151
17.72465, 1.053074, 0.9776126, 1.563607
17.73561, 1.04252, 0.9822292, 1.570997
17.74676, 1.012178, 0.984346, 1.578608
17.75781, 1.021853, 0.9853646, 1.585971
17.76897, 1.073384, 0.9894091, 1.593541
17.78009, 1.065006, 0.9938446, 1.601195
17.79123, 1.102032, 1.00015, 1.608759
17.80229, 1.079656, 1.005578, 1.616126
17.81351, 1.076271, 1.010452, 1.623717
17.82451, 1.060331, 1.01469, 1.631163
17.83557, 1.075994, 1.019813, 1.638641
17.84678, 1.070952, 1.025323, 1.646195
17.85786, 0.8979062, 1.022318, 1.653674
17.86895, 0.9187117, 1.02051, 1.661129
17.88004, 0.9248794, 1.01901, 1.668613
17.89115, 0.9338588, 1.017666, 1.676043
17.9023, 0.9175925, 1.015489, 1.683536
17.91344, 0.917421, 1.012665, 1.690969
17.92447, 0.9300473, 1.009801, 1.698416
17.93568, 0.92522, 1.004944, 1.705921
17.94649, 0.9376323, 0.9991714, 1.71311
17.96022, 0.952257, 0.9946583, 1.722178
17.96897, 0.9647704, 0.9922879, 1.727965
17.98002, 0.9618792, 0.9892893, 1.73515
17.99124, 0.9623095, 0.9837356, 1.74254
18.00227, 0.9779937, 0.9793849, 1.749804
18.01354, 0.9829077, 0.9734287, 1.757173
18.02428, 0.980687, 0.9684802, 1.764202
18.03556, 1.003245, 0.9648288, 1.771364
18.04667, 1.009351, 0.9622799, 1.778561
18.05775, 1.022533, 0.9596068, 1.785861
18.06877, 1.009583, 0.9565384, 1.792991
18.07995, 1.009033, 0.9620948, 1.800227
18.09108, 1.035379, 0.9679281, 1.807359
18.10215, 1.039607, 0.9736646, 1.814468
18.11324, 1.053115, 0.9796274, 1.82155
18.12442, 1.075867, 0.9875411, 1.828685
18.13549, 1.086294, 0.9959847, 1.835709
18.14654, 1.122592, 1.005612, 1.842685
18.15769, 1.078587, 1.01328, 1.84987
18.16881, 1.102601, 1.021529, 1.856868
18.18, 1.104059, 1.029119, 1.863822
18.19117, 1.082468, 1.035004, 1.870829
18.20222, 1.095872, 1.041703, 1.877823
18.21321, 1.078491, 1.047512, 1.884731
18.22448, 1.094732, 1.053349, 1.891784
18.23556, 1.080207, 1.058214, 1.898399
18.24655, 1.09413, 1.063887, 1.905192
18.25759, 1.112979, 1.069373, 1.912012
18.26877, 1.113283, 1.07457, 1.918883
18.27992, 1.112974, 1.079092, 1.925694
18.29108, 1.14027, 1.085626, 1.932516
18.30207, 1.138662, 1.092108, 1.939064
18.31312, 1.137707, 1.097224, 1.945809
18.32421, 1.145575, 1.102522, 1.952526
18.33552, 1.157059, 1.10772, 1.959421
18.34654, 1.152224, 1.111537, 1.96605
18.35759, 1.170754, 1.11576, 1.972671
18.36874, 1.171756, 1.118219, 1.979303
18.38003, 1.22016, 1.125297, 1.98612
18.39098, 1.246948, 1.132515, 1.992603
18.40206, 1.24027, 1.139325, 1.999291
18.41325, 1.217501, 1.146077, 2.005847
18.42433, 1.178983, 1.150232, 2.012328
18.4354, 1.161536, 1.154385, 2.018588
18.44647, 1.135584, 1.156427, 2.024987
18.45768, 1.138126, 1.159323, 2.031438
18.46865, 1.13727, 1.16148, 2.037711
18.4798, 1.116486, 1.161655, 2.044034
18.49099, 1.115568, 1.16177, 2.050345
18.50201, 1.109346, 1.161588, 2.05655
18.5132, 1.110533, 1.160101, 2.062821
18.52421, 1.082715, 1.157304, 2.069007
18.53545, 1.107251, 1.155781, 2.074949
18.54653, 1.109053, 1.153955, 2.081066
18.55741, 1.099298, 1.151067, 2.086894
18.56862, 1.086105, 1.147761, 2.092983
18.57981, 1.075927, 1.14302, 2.099052
18.59095, 1.062903, 1.137577, 2.105044
18.60191, 1.070617, 1.1301, 2.111043
18.61321, 1.085184, 1.122012, 2.117106
18.62418, 1.095663, 1.114782, 2.122889
18.63533, 1.095372, 1.108675, 2.128939
18.64646, 1.095378, 1.104495, 2.134771
18.65742, 1.074847, 1.10016, 2.140349
18.66855, 1.066842, 1.096723, 2.146076
18.67973, 1.076516, 1.093643, 2.15185
18.69095, 1.083863, 1.090972, 2.157584
18.70183, 1.086132, 1.089455, 2.163073
18.71311, 1.102826, 1.088818, 2.16864
18.72411, 1.112233, 1.088962, 2.174142
18.73522, 1.193141, 1.093092, 2.179731
18.74631, 1.192901, 1.098602, 2.185187
18.75741, 1.183161, 1.102397, 2.190556
18.76854, 1.171569, 1.105523, 2.195955
18.77959, 1.172947, 1.109205, 2.201479
18.79085, 1.175404, 1.11367, 2.206876
18.80178, 1.124673, 1.116107, 2.212081
18.81292, 1.110047, 1.118465, 2.21718
18.82409, 1.106242, 1.120246, 2.222364
18.83509, 1.093699, 1.120672, 2.227476
18.84651, 1.102143, 1.120995, 2.232706
18.85738, 1.103056, 1.12138, 2.237579
18.86856, 1.140666, 1.123644, 2.242641
18.87965, 1.303632, 1.135083, 2.247535
18.89078, 1.308049, 1.147144, 2.252493
18.90205, 1.303166, 1.158476, 2.257496
18.91299, 1.359691, 1.172268, 2.262202
18.92407, 1.337382, 1.18483, 2.266982
18.93508, 1.355671, 1.197472, 2.271699
18.94638, 1.334016, 1.208562, 2.27649
18.95732, 1.331135, 1.215461, 2.281338
18.96844, 1.329863, 1.222309, 2.285989
18.97964, 1.326935, 1.229498, 2.290623
18.99072, 1.307021, 1.236271, 2.295173
19.00198, 1.309501, 1.243098, 2.299732
19.01299, 1.311563, 1.249907, 2.304229
19.02427, 1.357805, 1.261563, 2.308738
19.03506, 1.354243, 1.273773, 2.313073
19.04623, 1.284493, 1.282686, 2.317438
19.05732, 1.289219, 1.292462, 2.321815
19.06847, 1.25994, 1.300351, 2.326084
19.07961, 1.261447, 1.308271, 2.330098
19.09057, 1.184223, 1.310449, 2.334253
19.10152, 1.150864, 1.30281, 2.338308
19.11305, 1.063046, 1.29056, 2.342582
19.12396, 1.068843, 1.278844, 2.346548
19.135, 1.071303, 1.264425, 2.350498
19.14617, 1.080547, 1.251583, 2.354444
19.15734, 1.049984, 1.236298, 2.358448
19.16849, 1.071857, 1.223191, 2.362317
19.17968, 1.080992, 1.210683, 2.366072
19.1905, 1.122911, 1.200336, 2.36968
19.20166, 1.125937, 1.190286, 2.373415
19.21296, 1.113543, 1.180612, 2.376944
19.22404, 1.146686, 1.172471, 2.380535
19.2351, 1.15147, 1.164467, 2.384184
19.24611, 1.151125, 1.154133, 2.387675
19.25717, 1.143836, 1.143612, 2.391224
19.26834, 1.161713, 1.137473, 2.39468
19.27957, 1.176829, 1.131854, 2.398184
19.29059, 1.186173, 1.128165, 2.401566
19.30162, 1.186801, 1.124433, 2.404826
19.31279, 1.173431, 1.123894, 2.408307
19.32396, 1.157401, 1.12422, 2.411538
19.3352, 1.193462, 1.130741, 2.414578
19.34642, 1.190338, 1.136816, 2.417693
19.35729, 1.171866, 1.141844, 2.420434
19.36828, 1.157842, 1.145709, 2.423371
19.37947, 1.148535, 1.150636, 2.426579
19.39048, 1.142916, 1.154189, 2.429429
19.40169, 1.165314, 1.158406, 2.432116
19.41266, 1.167164, 1.160618, 2.43501
19.4238, 1.137075, 1.161175, 2.437724
19.43479, 1.131543, 1.162075, 2.440476
19.44612, 1.132477, 1.161365, 2.443158
19.45714, 1.131053, 1.160344, 2.445409
19.46836, 1.116902, 1.158633, 2.447988
19.47938, 1.1184, 1.157361, 2.45049
19.49047, 1.103583, 1.154454, 2.45289
19.50145, 1.100672, 1.150646, 2.455214
19.51286, 1.099805, 1.146328, 2.457619
19.52376, 1.094015, 1.141689, 2.459863
19.53485, 1.104726, 1.138253, 2.462113
19.54589, 1.106162, 1.135691, 2.464287
19.55701, 1.104941, 1.131265, 2.466401
19.56829, 1.100452, 1.126771, 2.468552
19.57926, 1.101844, 1.12327, 2.470557
19.59039, 1.104764, 1.120616, 2.472622
19.60151, 1.092269, 1.117803, 2.474597
19.61259, 1.102304, 1.115772, 2.476448
19.62377, 1.115022, 1.113258, 2.47828
19.63482, 1.112019, 1.110501, 2.480136
19.64602, 1.103461, 1.10882, 2.481879
19.65716, 1.08001, 1.106243, 2.483598
19.66822, 1.07693, 1.103466, 2.485193
19.67931, 1.062009, 1.100014, 2.486736
19.69033, 1.064431, 1.09739, 2.488271
19.70143, 1.066017, 1.094771, 2.489714
19.71257, 1.04844, 1.092014, 2.491102
19.72372, 1.069981, 1.090479, 2.492441
19.73479, 1.077452, 1.089362, 2.49388
19.74586, 1.04946, 1.087134, 2.495104
19.75698, 1.087505, 1.086273, 2.496361
19.76807, 1.077842, 1.084857, 2.497493
19.77932, 1.077047, 1.083462, 2.498622
19.79032, 1.063702, 1.081625, 2.499587
19.80136, 1.065074, 1.079786, 2.500674
19.81253, 1.069481, 1.078022, 2.501511
19.82356, 1.08404, 1.077611, 2.502196
19.8348, 1.091484, 1.07707, 2.503076
19.84594, 1.083519, 1.075494, 2.503783
19.85699, 1.098705, 1.074829, 2.504343
19.86802, 1.092847, 1.074298, 2.504988
19.87917, 1.094189, 1.075007, 2.505725
19.89025, 1.073296, 1.074825, 2.506015
19.9014, 1.057073, 1.074579, 2.506657
19.91258, 1.06579, 1.074646, 2.507012
19.92637, 1.056038, 1.074147, 2.507439
19.93479, 1.048602, 1.074155, 2.507396
19.94568, 1.039165, 1.072615, 2.507655
19.95698, 1.04463, 1.070974, 2.507824
19.96809, 1.073327, 1.072167, 2.50796
19.9791, 1.088005, 1.072192, 2.508044
19.99017, 1.077226, 1.072161, 2.508019
20.00133, 1.107569, 1.073687, 2.508095
