0.010305, 1.795306, 1.795306, 2.513783
0.0216867, 1.815331, 1.805319, 2.513688
0.0327856, 1.817603, 1.809413, 2.513492
0.0437199, 1.882892, 1.827783, 2.513272
0.0546133, 1.900746, 1.842376, 2.513002
0.0658438, 1.895873, 1.851292, 2.512692
0.0768763, 1.89179, 1.857077, 2.512267
0.0880152, 1.889405, 1.861118, 2.511892
0.1028604, 1.889465, 1.864268, 2.511272
0.1106186, 1.901706, 1.868012, 2.510908
0.1217389, 1.912423, 1.872049, 2.510271
0.1324675, 1.939365, 1.877659, 2.509742
0.1436973, 1.925812, 1.881363, 2.509197
0.1547258, 1.906638, 1.883168, 2.508614
0.165745, 1.934262, 1.886575, 2.508019
0.1768965, 1.966193, 1.891551, 2.50725
0.1879277, 2.004642, 1.898203, 2.506432
0.1991238, 2.017473, 1.90483, 2.505563
0.2101611, 2.037955, 1.911836, 2.504771
0.2213028, 2.001828, 1.916336, 2.503794
0.2324485, 2.010026, 1.927072, 2.502725
0.2435511, 1.928204, 1.932715, 2.501518
0.2546068, 1.926502, 1.93816, 2.50037
0.2657648, 1.941759, 1.941103, 2.499117
0.2768128, 1.939204, 1.943026, 2.497795
0.2880355, 1.858922, 1.941179, 2.496472
0.2991298, 1.850294, 1.939104, 2.495076
0.3106394, 1.854165, 1.937342, 2.493557
0.3211778, 1.84872, 1.935305, 2.492138
0.3323418, 1.918851, 1.936162, 2.490625
0.3436447, 1.888428, 1.934962, 2.488948
0.3546195, 1.895733, 1.932781, 2.487301
0.3657082, 1.916385, 1.932309, 2.485535
0.3767477, 1.937679, 1.933861, 2.483766
0.3880112, 1.920799, 1.933188, 2.481723
0.3991726, 1.923369, 1.931047, 2.479805
0.4100977, 1.965403, 1.929085, 2.477883
0.4211965, 1.883062, 1.922364, 2.475878
0.432316, 1.976039, 1.919268, 2.473827
0.4434674, 1.883963, 1.913375, 2.471728
0.4545223, 1.843042, 1.905026, 2.469564
0.4656449, 1.781911, 1.897711, 2.467538
0.4767092, 1.810467, 1.89191, 2.46529
0.4878221, 1.801584, 1.884901, 2.463007
0.498935, 1.768291, 1.876355, 2.460644
0.5100161, 1.789149, 1.872867, 2.458223
0.5210795, 1.806035, 1.870654, 2.455776
0.5322542, 1.723224, 1.864107, 2.453276
0.5434228, 1.709159, 1.857129, 2.450706
0.5545565, 1.791319, 1.850752, 2.44809
0.5656519, 1.79355, 1.846009, 2.445488
0.5767627, 1.759182, 1.839181, 2.442777
0.5877677, 1.677255, 1.827224, 2.440053
0.5988562, 1.663955, 1.813538, 2.437259
0.6100129, 1.692213, 1.802109, 2.434372
0.6211349, 1.739082, 1.792895, 2.431465
0.6322, 1.815182, 1.785383, 2.428557
0.6433597, 1.879563, 1.785208, 2.425503
0.6544314, 1.880348, 1.780424, 2.422492
0.6656419, 1.87955, 1.780203, 2.419311
0.6767421, 1.91141, 1.783622, 2.416247
0.687813, 1.910535, 1.790053, 2.413096
0.6989283, 1.923009, 1.79568, 2.409904
0.7099515, 2.002363, 1.805719, 2.406716
0.7210835, 1.875409, 1.811075, 2.403331
0.732228, 1.893881, 1.816311, 2.399879
0.7432672, 1.746458, 1.813333, 2.396492
0.7544029, 1.756173, 1.81498, 2.393024
0.7655334, 1.716366, 1.81534, 2.389449
0.7765989, 1.741421, 1.812845, 2.385803
0.7877334, 1.738646, 1.8101, 2.382243
0.7988786, 1.739286, 1.809106, 2.378588
0.8099875, 1.705439, 1.810515, 2.374971
0.8210052, 1.777146, 1.816174, 2.371242
0.8322555, 1.761444, 1.819636, 2.367505
0.8431932, 1.738415, 1.819602, 2.363651
0.854314, 1.745969, 1.816142, 2.359759
0.8654354, 1.737636, 1.809045, 2.355882
0.8765731, 1.768994, 1.803478, 2.351948
0.8877357, 1.76469, 1.797735, 2.347929
0.8988218, 1.740806, 1.789204, 2.343901
0.9099189, 1.714888, 1.779422, 2.339773
0.9210575, 1.710784, 1.768811, 2.335629
0.9321731, 1.667133, 1.75205, 2.331381
0.9431291, 1.6881, 1.742684, 2.3272
0.9542602, 1.70244, 1.733112, 2.32291
0.965395, 1.675586, 1.729568, 2.318621
0.9764416, 1.692784, 1.726399, 2.314258
0.987597, 1.741669, 1.727664, 2.309774
0.9988064, 1.766828, 1.728934, 2.305199
1.009843, 1.838318, 1.733918, 2.300762
1.020934, 1.880665, 1.740987, 2.296401
1.032052, 1.905839, 1.751007, 2.291832
1.043181, 1.8396, 1.754129, 2.28719
1.054192, 1.853509, 1.758733, 2.282582
1.065421, 1.837225, 1.763673, 2.277855
1.076457, 1.793517, 1.766051, 2.273275
1.087629, 1.805254, 1.769431, 2.268452
1.098855, 1.866469, 1.774305, 2.263514
1.109833, 1.785913, 1.775366, 2.258685
1.120896, 1.802739, 1.778463, 2.253711
1.132101, 1.798264, 1.782632, 2.248705
1.143139, 1.798905, 1.787037, 2.243779
1.154305, 1.787154, 1.793039, 2.238719
1.1654, 1.803239, 1.798795, 2.233629
1.176521, 1.816486, 1.804498, 2.228508
1.187547, 1.827756, 1.812106, 2.223453
1.198819, 1.848554, 1.819895, 2.218188
1.209795, 1.820188, 1.823821, 2.21296
1.224453, 1.817167, 1.826338, 2.205894
1.231931, 1.837679, 1.826306, 2.202318
1.243176, 1.864908, 1.825518, 2.196954
1.254193, 1.875993, 1.824026, 2.191605
1.265293, 1.900386, 1.827065, 2.18616
1.276441, 1.916933, 1.830236, 2.180655
1.287495, 1.923639, 1.834557, 2.175266
1.298673, 1.879225, 1.838842, 2.16969
1.309658, 1.841428, 1.840651, 2.164144
1.320769, 1.815472, 1.838101, 2.158534
1.331856, 1.811697, 1.83939, 2.152836
1.343125, 1.798329, 1.83917, 2.147023
1.354398, 1.816857, 1.840099, 2.141191
1.365225, 1.813875, 1.840848, 2.1356
1.376176, 1.820618, 1.842521, 2.129873
1.387508, 1.785048, 1.841612, 2.123885
1.398757, 1.772055, 1.83939, 2.117919
1.409626, 1.762804, 1.836143, 2.112071
1.420787, 1.760676, 1.831749, 2.106079
1.431862, 1.761371, 1.828808, 2.100106
1.442918, 1.76917, 1.826408, 2.094118
1.454121, 1.725994, 1.820824, 2.088006
1.46524, 1.683551, 1.811756, 2.081857
1.476328, 1.619426, 1.798928, 2.075748
1.487326, 1.623653, 1.785091, 2.070018
1.498549, 1.628494, 1.770669, 2.063781
1.509721, 1.615177, 1.755246, 2.057309
1.52071, 1.618695, 1.74222, 2.050887
1.53177, 1.621711, 1.731234, 2.044609
1.542963, 1.620451, 1.721483, 2.038205
1.554165, 1.6331, 1.712553, 2.031783
1.565181, 1.592615, 1.702268, 2.025537
1.57615, 1.544759, 1.688663, 2.019132
1.587361, 1.543647, 1.675151, 2.012601
1.598569, 1.530098, 1.660625, 2.006168
1.609658, 1.515743, 1.64716, 1.999678
1.620706, 1.5263, 1.634872, 1.993135
1.631725, 1.531103, 1.623287, 1.986617
1.643005, 1.627347, 1.616621, 1.979813
1.653983, 1.611759, 1.60914, 1.973282
1.665013, 1.767597, 1.609061, 1.966714
1.676316, 2.005713, 1.623047, 1.959866
1.687326, 1.791926, 1.628466, 1.953126
1.698372, 1.785383, 1.636764, 1.946474
1.709726, 1.814057, 1.646284, 1.939541
1.72062, 1.817832, 1.655751, 1.93294
1.731809, 1.817832, 1.665884, 1.926094
1.742928, 1.785984, 1.674248, 1.919274
1.753821, 1.7623, 1.681278, 1.912559
1.765018, 1.738544, 1.687182, 1.905603
1.776193, 1.720116, 1.691533, 1.898738
1.787176, 1.711384, 1.697472, 1.89201
1.798403, 1.733764, 1.706922, 1.885055
1.809484, 1.661381, 1.712809, 1.87816
1.820526, 1.650733, 1.71884, 1.87117
1.831771, 1.634657, 1.724786, 1.864094
1.842978, 1.572356, 1.727089, 1.857023
1.853962, 1.555607, 1.728314, 1.850074
1.865022, 1.562238, 1.725059, 1.843132
1.876075, 1.563316, 1.722637, 1.836131
1.887242, 1.56444, 1.712479, 1.828831
1.898382, 1.557747, 1.69008, 1.821737
1.909461, 1.542901, 1.677629, 1.814625
1.920537, 1.530993, 1.66491, 1.807534
1.931594, 1.545059, 1.65146, 1.800516
1.942863, 1.569459, 1.639041, 1.793329
1.953874, 1.591768, 1.627738, 1.786209
1.964916, 1.60168, 1.618522, 1.779021
1.97615, 1.591767, 1.609996, 1.771653
1.987144, 1.559383, 1.601038, 1.764395
1.998352, 1.566092, 1.593337, 1.757038
2.00935, 1.518717, 1.583703, 1.749631
2.020526, 1.512943, 1.572662, 1.742263
2.031621, 1.521921, 1.565689, 1.73492
2.04278, 1.540048, 1.560155, 1.727505
2.053723, 1.518056, 1.554325, 1.720237
2.064875, 1.49109, 1.550262, 1.712974
2.076024, 1.440913, 1.544527, 1.705533
2.08722, 1.421181, 1.537474, 1.698048
2.098326, 1.421641, 1.53039, 1.690684
2.109809, 1.414702, 1.522904, 1.683014
2.120434, 1.403287, 1.515181, 1.675847
2.131536, 1.403312, 1.508201, 1.668382
2.142781, 1.412337, 1.502268, 1.660883
2.153837, 1.418253, 1.495928, 1.65343
2.164859, 1.501863, 1.492548, 1.645896
2.176026, 1.542658, 1.490093, 1.638393
2.187071, 1.543159, 1.487167, 1.630889
2.198359, 1.566962, 1.485926, 1.623261
2.209399, 1.611372, 1.488526, 1.615751
2.220545, 1.623332, 1.491388, 1.608143
2.231583, 1.605442, 1.495724, 1.600631
2.242668, 1.596088, 1.499881, 1.59307
2.25383, 1.569154, 1.502243, 1.585369
2.264844, 1.561285, 1.503305, 1.577867
2.275991, 1.50575, 1.502689, 1.570219
2.286953, 1.455493, 1.50091, 1.562727
2.298165, 1.440606, 1.500894, 1.55504
2.30931, 1.495023, 1.504586, 1.54735
2.320371, 1.48184, 1.507596, 1.539694
2.331599, 1.471339, 1.510428, 1.531949
2.34272, 1.471321, 1.51383, 1.524243
2.35374, 1.470311, 1.51718, 1.516619
2.367815, 1.4585, 1.519488, 1.507042
2.37607, 1.457533, 1.521452, 1.501346
2.386984, 1.433496, 1.518033, 1.493806
2.39815, 1.432572, 1.512529, 1.486192
2.409194, 1.41211, 1.505977, 1.478579
2.420272, 1.393984, 1.497328, 1.470875
2.431376, 1.399309, 1.486725, 1.463205
2.442546, 1.416534, 1.476385, 1.455384
2.453621, 1.421584, 1.467192, 1.447748
2.464785, 1.41326, 1.45805, 1.440027
2.475817, 1.382301, 1.448708, 1.432383
2.486958, 1.368381, 1.439063, 1.424676
2.498032, 1.379206, 1.432736, 1.416995
2.509205, 1.350454, 1.427484, 1.409275
2.52032, 1.376552, 1.424281, 1.401456
2.531313, 1.348748, 1.416967, 1.393844
2.542477, 1.360974, 1.410924, 1.38606
2.553552, 1.36184, 1.405449, 1.378407
2.564734, 1.343728, 1.399069, 1.370731
2.575956, 1.373474, 1.394228, 1.363029
2.586917, 1.382211, 1.390413, 1.355515
2.597996, 1.373473, 1.38621, 1.347842
2.609148, 1.359674, 1.382519, 1.340037
2.620189, 1.357135, 1.378747, 1.332359
2.631448, 1.363483, 1.376316, 1.324589
2.642586, 1.343129, 1.373773, 1.316758
2.653608, 1.359481, 1.371782, 1.309151
2.664594, 1.36672, 1.369291, 1.301628
2.675845, 1.357365, 1.36608, 1.293897
2.686867, 1.360313, 1.363433, 1.2863
2.697889, 1.346389, 1.361637, 1.278777
2.709071, 1.330704, 1.359753, 1.271102
2.720206, 1.318606, 1.356723, 1.263426
2.73122, 1.318982, 1.355149, 1.255875
2.742883, 1.293809, 1.351012, 1.247917
2.753432, 1.302667, 1.348708, 1.24062
2.764544, 1.296828, 1.345501, 1.233072
2.775788, 1.267212, 1.340769, 1.225464
2.786724, 1.271998, 1.337183, 1.218006
2.798177, 1.269377, 1.331978, 1.210283
2.80897, 1.250909, 1.325413, 1.202949
2.820107, 1.252692, 1.319374, 1.195423
2.831133, 1.235869, 1.313184, 1.187974
2.842394, 1.218357, 1.306245, 1.180327
2.853512, 1.188836, 1.297512, 1.172784
2.864626, 1.15203, 1.287957, 1.165299
2.87569, 1.142563, 1.277111, 1.157867
2.886797, 1.146179, 1.266084, 1.150429
2.897886, 1.129643, 1.254698, 1.143164
2.908958, 1.113831, 1.242374, 1.135763
2.920248, 1.111784, 1.230644, 1.128323
2.931447, 1.104069, 1.219312, 1.120875
2.942451, 1.107749, 1.208769, 1.113484
2.9535, 1.109126, 1.198277, 1.106149
2.964514, 1.110501, 1.189111, 1.098863
2.975684, 1.089078, 1.178432, 1.091422
2.986644, 1.10076, 1.168628, 1.084171
2.997824, 1.098472, 1.160191, 1.076678
3.008945, 1.093707, 1.151277, 1.069326
3.020078, 1.082449, 1.14193, 1.062032
3.031193, 1.069796, 1.132875, 1.054725
3.042436, 1.041081, 1.122294, 1.047244
3.053351, 1.02623, 1.111812, 1.040095
3.064497, 0.9983747, 1.100813, 1.032852
3.075562, 0.981289, 1.090436, 1.025622
3.086663, 0.8111983, 1.073394, 1.018424
3.097805, 0.8506908, 1.0588, 1.011362
3.108965, 0.8014991, 1.041566, 1.004197
3.120021, 0.8166294, 1.025916, 0.997194
3.131051, 0.8099542, 1.010722, 0.9901565
3.142202, 0.8738965, 0.9988275, 0.9829377
3.153409, 0.8989937, 0.9885737, 0.9758434
3.164384, 0.9319038, 0.9797815, 0.9688764
3.175511, 0.944392, 0.9715449, 0.9619221
3.18657, 0.9441722, 0.9632284, 0.9549806
3.197853, 0.9398026, 0.9557646, 0.9479451
3.208935, 0.946537, 0.9480535, 0.9410725
3.220062, 0.9303743, 0.9396486, 0.9343557
3.231037, 0.9168841, 0.9308075, 0.9275682
3.242209, 0.8965028, 0.9215102, 0.9206589
3.253286, 0.8820398, 0.9121224, 0.9138669
3.264514, 0.8791487, 0.9040259, 0.9070202
3.275569, 0.8503715, 0.895233, 0.9003025
3.286639, 0.8586464, 0.8882465, 0.893574
3.297697, 0.8526804, 0.8818161, 0.8867207
3.308757, 0.8351035, 0.8830113, 0.880048
3.319852, 0.8212165, 0.8815376, 0.873364
3.330934, 0.8104293, 0.8819841, 0.8667102
3.342158, 0.8108936, 0.8816974, 0.8597913
3.353144, 0.8065724, 0.8815283, 0.8532581
3.36431, 0.8013966, 0.8779033, 0.8466328
3.375425, 0.8045088, 0.8731791, 0.8401161
3.386451, 0.812367, 0.8672022, 0.8336384
3.397688, 0.8151796, 0.8607416, 0.8271924
3.408741, 0.7418603, 0.850626, 0.8207839
3.419916, 0.6861884, 0.8379453, 0.8143141
3.430995, 0.6486636, 0.8230516, 0.8079535
3.442061, 0.6588347, 0.8094746, 0.8015823
3.453168, 0.6583698, 0.7965489, 0.795248
3.464292, 0.6644246, 0.784945, 0.7889122
3.475247, 0.6637024, 0.7740281, 0.7825162
3.48641, 0.6638389, 0.7632626, 0.7762303
3.497599, 0.6638477, 0.7539365, 0.7699644
3.508713, 0.6617719, 0.7440928, 0.7637577
3.51977, 0.6612411, 0.7345208, 0.7576455
3.530877, 0.6590608, 0.7257187, 0.751511
3.541949, 0.6589437, 0.7176051, 0.7454893
3.553155, 0.6519737, 0.7096823, 0.739361
3.564263, 0.6528806, 0.7017816, 0.733479
3.575269, 0.6567303, 0.6942895, 0.7274016
3.586483, 0.6442097, 0.6864302, 0.7213534
3.59761, 0.6317301, 0.6777912, 0.7155427
3.608514, 0.6273909, 0.6685424, 0.7097412
3.619665, 0.6236875, 0.6589678, 0.7039089
3.630834, 0.6246832, 0.653109, 0.6980548
3.641933, 0.6161953, 0.6496093, 0.6920817
3.6531, 0.6149916, 0.6479257, 0.6861927
3.66417, 0.6054565, 0.6452568, 0.6804358
3.675216, 0.6057079, 0.6426237, 0.674728
3.686339, 0.5970374, 0.6392543, 0.669038
3.697625, 0.5977544, 0.6359569, 0.6633264
3.708568, 0.5874374, 0.6321368, 0.6577899
3.71965, 0.5940005, 0.6286445, 0.6522043
3.730886, 0.5895059, 0.6250312, 0.6465994
3.741907, 0.5895854, 0.6214484, 0.6411511
3.753199, 0.5823631, 0.6176136, 0.6355542
3.764162, 0.5738772, 0.6133602, 0.6301911
3.775185, 0.5691971, 0.6092213, 0.6248081
3.786274, 0.5693861, 0.6050466, 0.6194697
3.797495, 0.5689529, 0.6006578, 0.6141395
3.808491, 0.558105, 0.5963525, 0.608922
3.81964, 0.5623614, 0.5928841, 0.6038721
3.830742, 0.5617108, 0.5896001, 0.5987217
3.841849, 0.5650586, 0.5866687, 0.5934749
3.853252, 0.5592607, 0.5833975, 0.5883389
3.864077, 0.5488194, 0.5800287, 0.5835429
3.875084, 0.5451307, 0.5765357, 0.5785211
3.886307, 0.5413522, 0.5733305, 0.5735127
3.8974, 0.5335532, 0.5697228, 0.5685996
3.908469, 0.5224609, 0.5659939, 0.563738
3.919575, 0.5155389, 0.5618832, 0.5587852
3.930755, 0.5092655, 0.5579746, 0.5539637
3.941941, 0.4967841, 0.5531138, 0.5491573
3.952899, 0.5001876, 0.5486478, 0.5445848
3.964015, 0.489959, 0.5436665, 0.5399107
3.975163, 0.4968878, 0.5393928, 0.5353239
3.986158, 0.4768398, 0.5345409, 0.5307984
3.997289, 0.4660297, 0.5293826, 0.5262033
4.008389, 0.4400928, 0.5229179, 0.5217341
4.019596, 0.4437206, 0.5166563, 0.5172848
4.030689, 0.4402442, 0.5107633, 0.5129312
4.041667, 0.4421028, 0.5047503, 0.5086411
4.052934, 0.43117, 0.4982233, 0.5042823
4.063908, 0.4315401, 0.4915474, 0.5000833
4.075109, 0.4302928, 0.485099, 0.4958011
4.086077, 0.4309166, 0.4792039, 0.4916917
4.097323, 0.4344316, 0.473669, 0.4874177
4.108399, 0.4354575, 0.4683742, 0.4833683
4.119542, 0.4381513, 0.4636041, 0.4793923
4.130544, 0.4375566, 0.4593589, 0.4754589
4.141743, 0.430652, 0.4551145, 0.4715212
4.152882, 0.4217231, 0.4507374, 0.4676181
4.163878, 0.4178873, 0.4467925, 0.4638525
4.175079, 0.4046858, 0.4420175, 0.4599858
4.186224, 0.397699, 0.4374045, 0.4562206
4.197293, 0.3941777, 0.4322689, 0.4526409
4.208286, 0.3918387, 0.4280189, 0.4490408
4.219548, 0.390435, 0.4242392, 0.4453391
4.230489, 0.3847602, 0.4214725, 0.4418487
4.241613, 0.3818789, 0.4183804, 0.4382122
4.252764, 0.3782101, 0.4152787, 0.434736
4.263818, 0.3821991, 0.4122835, 0.4313229
4.275043, 0.378058, 0.4096279, 0.4278642
4.286238, 0.3768604, 0.4068939, 0.4245093
4.297162, 0.3757511, 0.4041668, 0.4212887
4.308278, 0.3688334, 0.4010627, 0.4180508
4.319389, 0.3705105, 0.3978666, 0.4150068
4.3305, 0.3698662, 0.394587, 0.4118707
4.34169, 0.365098, 0.3909344, 0.4087404
4.352834, 0.4045977, 0.3892864, 0.4057274
4.363809, 0.4037553, 0.3879416, 0.4027807
4.374906, 0.3930487, 0.3865079, 0.3998775
4.386145, 0.3921222, 0.3852196, 0.3969562
4.397243, 0.3882844, 0.3843995, 0.3941758
4.408238, 0.3852064, 0.3837749, 0.3914202
4.419343, 0.3832674, 0.3832293, 0.3886695
4.43044, 0.3789513, 0.382585, 0.3859839
4.441606, 0.3755397, 0.3818402, 0.383283
4.452661, 0.370718, 0.3811381, 0.380773
4.463796, 0.3691299, 0.3805006, 0.3781962
4.474858, 0.3733243, 0.3802563, 0.3756894
4.485927, 0.3687434, 0.3795835, 0.3732635
4.497104, 0.3661064, 0.3789859, 0.3707436
4.508356, 0.3588053, 0.3780832, 0.3683742
4.519306, 0.3519621, 0.3768937, 0.365957
4.53054, 0.3479162, 0.3758479, 0.363649
4.541555, 0.3466327, 0.374654, 0.3614728
4.552662, 0.3475006, 0.3735357, 0.3594549
4.563917, 0.3478676, 0.3726742, 0.3572555
4.574796, 0.3464159, 0.3697651, 0.3552475
4.585971, 0.3458674, 0.3668707, 0.35338
4.596947, 0.3438373, 0.3644101, 0.35151
4.608263, 0.342219, 0.3619149, 0.3495899
4.619332, 0.3396834, 0.3594849, 0.3475345
4.630444, 0.3374829, 0.3570988, 0.3457121
4.641542, 0.3340227, 0.3546365, 0.3439738
4.65253, 0.3301103, 0.3521945, 0.342292
4.663726, 0.3265238, 0.3497437, 0.3407098
4.674727, 0.3138816, 0.3469018, 0.3391922
4.685993, 0.2815369, 0.3425222, 0.3376254
4.696983, 0.2555542, 0.3366337, 0.3362179
4.708076, 0.3073933, 0.3335662, 0.3347927
4.719243, 0.308076, 0.3306646, 0.3334197
4.730331, 0.3060097, 0.3280249, 0.332182
4.741341, 0.30171, 0.3255123, 0.3309138
4.752523, 0.2990969, 0.3230713, 0.3296822
4.763663, 0.2879297, 0.3201361, 0.3285236
4.774686, 0.2881509, 0.3171687, 0.3273796
4.785882, 0.2907353, 0.314312, 0.3263106
4.796936, 0.2828711, 0.3111348, 0.3254415
4.80811, 0.2885255, 0.3082677, 0.3244982
4.819223, 0.2855752, 0.3053546, 0.3236613
4.830319, 0.2871064, 0.302599, 0.322918
4.841394, 0.2836313, 0.2997964, 0.3221099
4.852506, 0.2822997, 0.2970372, 0.3213801
4.863684, 0.2838266, 0.2945274, 0.3207092
4.874746, 0.2824644, 0.2921451, 0.3201056
4.886144, 0.2823961, 0.2899387, 0.3195322
4.897004, 0.2898444, 0.2887369, 0.3189374
4.908023, 0.2876174, 0.2890409, 0.3184916
4.919191, 0.2867067, 0.2905985, 0.3182355
4.930239, 0.2861179, 0.2895347, 0.3178464
4.941335, 0.2793939, 0.2881007, 0.3177124
4.952445, 0.2803979, 0.2868201, 0.3173483
4.963556, 0.2818801, 0.2858285, 0.317171
4.974797, 0.2798162, 0.2848645, 0.3169351
4.985695, 0.2762149, 0.2842788, 0.3167777
4.996802, 0.2774124, 0.2837419, 0.3170061
5.007984, 0.2789662, 0.2831534, 0.317031
5.01896, 0.2938148, 0.2837006, 0.3170118
5.030223, 0.3124397, 0.2848963, 0.317161
5.041252, 0.308205, 0.2860278, 0.31735
5.052349, 0.3093476, 0.2871398, 0.317427
5.063581, 0.3084748, 0.288382, 0.3177264
5.07464, 0.3098486, 0.2897595, 0.318103
5.08567, 0.3104516, 0.2910907, 0.3184988
5.096815, 0.3123352, 0.2925842, 0.3190055
5.107852, 0.3127089, 0.2940999, 0.3195181
5.119118, 0.3117238, 0.2951938, 0.3200383
5.130308, 0.3124526, 0.2964356, 0.3206553
5.141228, 0.3115238, 0.2976764, 0.3213482
5.15248, 0.3113483, 0.298938, 0.3221167
5.163593, 0.3098168, 0.3004591, 0.3229017
5.174638, 0.313271, 0.3021028, 0.3237992
5.185619, 0.3130093, 0.3036593, 0.3246994
5.196774, 0.3098695, 0.3051619, 0.3257043
5.207806, 0.305938, 0.3066481, 0.3267315
5.219048, 0.304872, 0.308021, 0.3277495
5.23013, 0.3058448, 0.309365, 0.3287504
5.241136, 0.3080589, 0.3100772, 0.3297094
5.252295, 0.3067685, 0.3097936, 0.3310738
5.263407, 0.3084406, 0.3098054, 0.3323158
5.274476, 0.3129317, 0.3099846, 0.3334954
5.285922, 0.3124766, 0.3101847, 0.3348682
5.296729, 0.3144908, 0.3104168, 0.336127
5.307809, 0.3124766, 0.310518, 0.3375472
5.318923, 0.3142223, 0.3106124, 0.3390417
5.330063, 0.31549, 0.3107515, 0.340562
5.34122, 0.3241687, 0.3113737, 0.3421196
5.352382, 0.3220111, 0.3118516, 0.3437262
5.363588, 0.3242162, 0.3124862, 0.3454185
5.37442, 0.3243233, 0.313135, 0.3471463
5.385698, 0.2742862, 0.3113585, 0.3489596
5.39665, 0.273894, 0.3093896, 0.3507709
5.407899, 0.2741801, 0.3074481, 0.3526697
5.418907, 0.2770562, 0.3058075, 0.3546553
5.430038, 0.2769912, 0.3043601, 0.3565882
5.441316, 0.276167, 0.3029249, 0.3585737
5.452394, 0.2763582, 0.3014506, 0.3605903
5.463341, 0.2788887, 0.299992, 0.3628042
5.474472, 0.2817708, 0.2987421, 0.3650019
5.4855, 0.2832843, 0.2974843, 0.3672324
5.496857, 0.2842954, 0.2960525, 0.3697487
5.507777, 0.3128766, 0.2960725, 0.3720657
5.518755, 0.3134772, 0.2960218, 0.3745209
5.529957, 0.3148338, 0.2961397, 0.3769993
5.54097, 0.3257143, 0.2967143, 0.3795565
5.552162, 0.3267855, 0.2972791, 0.3821062
5.563307, 0.3316769, 0.2976544, 0.3846115
5.574297, 0.3260664, 0.2978572, 0.387081
5.585517, 0.3296891, 0.2981309, 0.389849
5.596652, 0.3295697, 0.2983932, 0.3925502
5.607598, 0.3308091, 0.3012193, 0.3953097
5.618716, 0.3347448, 0.3042619, 0.3981653
5.629944, 0.3636612, 0.308736, 0.4010831
5.641051, 0.3565413, 0.3127102, 0.404109
5.652464, 0.3642586, 0.3170736, 0.4072289
5.663256, 0.3580961, 0.32117, 0.410207
5.674381, 0.3566742, 0.3251858, 0.4133483
5.685383, 0.361413, 0.3293121, 0.416485
5.696728, 0.3608036, 0.3332637, 0.4197096
5.707722, 0.3592417, 0.3370616, 0.4230404
5.718776, 0.3607664, 0.3408851, 0.4263359
5.729856, 0.3620482, 0.3433437, 0.4297852
5.740917, 0.3687617, 0.3461079, 0.4332256
5.752138, 0.3724745, 0.34899, 0.4369397
5.763177, 0.3746989, 0.3514392, 0.4404724
5.774292, 0.3837245, 0.3542862, 0.4436354
5.785436, 0.3843999, 0.3569223, 0.4470458
5.796509, 0.3905843, 0.3601482, 0.4507136
5.807541, 0.3890778, 0.3631176, 0.454559
5.818562, 0.3862257, 0.3659504, 0.458362
5.829903, 0.3868222, 0.3687511, 0.4623683
5.840919, 0.3381494, 0.3689213, 0.4662293
5.851832, 0.3386877, 0.3676727, 0.4700714
5.863146, 0.3391836, 0.3668048, 0.4741025
5.874341, 0.3391749, 0.3655506, 0.4779857
5.885409, 0.336862, 0.3644889, 0.4819924
5.89652, 0.3378722, 0.3635488, 0.486271
5.907662, 0.3600233, 0.3634793, 0.4904069
5.918543, 0.3599759, 0.3634379, 0.4943796
5.929744, 0.3598007, 0.3634658, 0.4986019
5.940973, 0.3610344, 0.3634793, 0.5028666
5.952015, 0.363252, 0.3635395, 0.5074977
5.963198, 0.3639417, 0.3632985, 0.5117326
5.97419, 0.3633064, 0.3628401, 0.5160891
5.985322, 0.3649604, 0.3623531, 0.5204999
5.996395, 0.372113, 0.3617725, 0.5248841
6.007414, 0.3745475, 0.3612799, 0.5293469
6.018587, 0.4154162, 0.3625215, 0.533811
6.029737, 0.4062287, 0.3633791, 0.5383974
6.040819, 0.4074312, 0.3644393, 0.5430463
6.05186, 0.4139318, 0.3657948, 0.5474739
6.063297, 0.4212829, 0.3699515, 0.5523164
6.074231, 0.4270286, 0.3743685, 0.5569752
6.085321, 0.4281974, 0.3788192, 0.5616313
6.096426, 0.4355298, 0.3836369, 0.566379
6.107437, 0.4423644, 0.388912, 0.5712328
6.11859, 0.4419775, 0.3941173, 0.5762582
6.129688, 0.4411831, 0.3981753, 0.5812245
6.14077, 0.443635, 0.4023582, 0.5862226
6.151952, 0.4411078, 0.4064236, 0.5914108
6.163074, 0.4411817, 0.410431, 0.5965313
6.17407, 0.4428364, 0.4144103, 0.6016243
6.185098, 0.4386161, 0.4181439, 0.6067954
6.196428, 0.4414765, 0.4220525, 0.6121176
6.207322, 0.4535547, 0.4264822, 0.6172796
6.218571, 0.4636413, 0.4310586, 0.6225967
6.229774, 0.4702401, 0.4358432, 0.6279703
6.24072, 0.4723282, 0.4386888, 0.6333348
6.251907, 0.4733056, 0.4420426, 0.6388223
6.263066, 0.4727298, 0.4453076, 0.6442885
6.274029, 0.4754102, 0.4483815, 0.6498271
6.28512, 0.4761686, 0.4511258, 0.655389
6.29655, 0.4777036, 0.4536595, 0.6610463
6.307366, 0.47765, 0.4561321, 0.6665062
6.318411, 0.4833096, 0.4585211, 0.6720282
6.329587, 0.5010257, 0.4614542, 0.6776673
6.340766, 0.5079798, 0.4647543, 0.6835551
6.35179, 0.5135953, 0.4683749, 0.6892632
6.362932, 0.5146961, 0.471928, 0.695064
6.3741, 0.5151986, 0.4756325, 0.700914
6.385119, 0.5347582, 0.4803114, 0.7067376
6.396266, 0.5468788, 0.4855135, 0.7126455
6.407294, 0.5553968, 0.4913526, 0.7185349
6.418414, 0.5566644, 0.4971119, 0.7244834
6.42959, 0.5593416, 0.5024012, 0.7304968
6.440733, 0.5575441, 0.5070964, 0.7364946
6.451964, 0.5709671, 0.5121328, 0.7427177
6.462922, 0.5690293, 0.5169678, 0.7487358
6.473952, 0.5746133, 0.5220332, 0.7546526
6.48506, 0.5822179, 0.5275076, 0.760431
6.496288, 0.5822558, 0.5328499, 0.7667937
6.507333, 0.5866281, 0.5383729, 0.7732259
6.518411, 0.5909695, 0.5440361, 0.7794606
6.52962, 0.5901413, 0.5496607, 0.7858841
6.540674, 0.6074165, 0.555866, 0.7920278
6.551765, 0.612955, 0.5614625, 0.7983521
6.5632, 0.6223314, 0.56718, 0.8048948
6.573969, 0.6285561, 0.5729281, 0.811149
6.585004, 0.6494145, 0.579664, 0.8175391
6.596296, 0.6494571, 0.5863769, 0.8241305
6.607366, 0.6464375, 0.5919608, 0.8305851
6.618395, 0.6770843, 0.5984711, 0.8370406
6.62959, 0.6901416, 0.6052083, 0.8436195
6.640581, 0.6923898, 0.6119946, 0.8501869
6.651771, 0.6743978, 0.6177474, 0.8568962
6.663012, 0.6750612, 0.6236233, 0.8636073
6.6739, 0.6777856, 0.6289642, 0.8701363
6.684975, 0.7000061, 0.6355131, 0.8768334
6.69612, 0.6970345, 0.6416342, 0.8834031
6.707147, 0.6925008, 0.6471483, 0.8900529
6.718282, 0.6930841, 0.6526898, 0.896782
6.72957, 0.6945288, 0.6580848, 0.9036307
6.740506, 0.7779832, 0.6674355, 0.910304
6.751659, 0.8023612, 0.6780465, 0.9170792
6.763124, 0.7575375, 0.6855525, 0.9240929
6.773829, 0.761398, 0.6929747, 0.9307622
6.784993, 0.7710239, 0.7004093, 0.9376581
6.796079, 0.7610854, 0.7070358, 0.9445268
6.807173, 0.7463831, 0.7118842, 0.9513969
6.818226, 0.7506415, 0.7169434, 0.9584927
6.829522, 0.7682928, 0.7230362, 0.9655921
6.840544, 0.7857445, 0.7284693, 0.9724384
6.851482, 0.7854933, 0.7332368, 0.9795547
6.862814, 0.794793, 0.7383569, 0.9867913
6.873707, 0.8043122, 0.7448527, 0.9937749
6.884902, 0.7930592, 0.7507526, 1.000946
6.896172, 0.7851823, 0.7561224, 1.00818
6.906984, 0.809123, 0.7615782, 1.015137
6.918131, 0.826234, 0.7680382, 1.022237
6.929388, 0.8221619, 0.7745212, 1.029519
6.940379, 0.8214258, 0.7809384, 1.036655
6.951462, 0.8150242, 0.7869632, 1.043807
6.962608, 0.8128972, 0.7887089, 1.051057
6.973753, 0.8200418, 0.7895929, 1.058357
6.984776, 0.8183341, 0.7926327, 1.065578
6.99615, 0.8185497, 0.7954903, 1.073031
7.007033, 0.8239784, 0.798138, 1.08023
7.018152, 0.8333932, 0.8017534, 1.087496
7.029366, 0.8356965, 0.8062191, 1.094889
7.040411, 0.8576162, 0.8115679, 1.102371
7.051467, 0.8543738, 0.8158719, 1.109736
7.062609, 0.8484789, 0.8190086, 1.117161
7.073862, 0.8466939, 0.8220686, 1.124699
7.084781, 0.8460546, 0.8246317, 1.132121
7.096007, 0.84223, 0.8265276, 1.139515
7.106986, 0.8793392, 0.8308417, 1.146848
7.118162, 0.8806427, 0.8356146, 1.154362
7.129346, 0.875419, 0.8389294, 1.161961
7.140276, 0.8896819, 0.8421018, 1.169336
7.151506, 0.8949391, 0.8457406, 1.176932
7.162543, 0.9002653, 0.8496825, 1.184393
7.173599, 0.917116, 0.8547872, 1.191882
7.184748, 0.9171391, 0.8599993, 1.199376
7.195783, 0.9415623, 0.8660753, 1.206887
7.206972, 0.9778819, 0.8740527, 1.214585
7.21812, 1.000004, 0.8831254, 1.222262
7.229261, 1.00472, 0.8921625, 1.229886
7.240262, 1.002658, 0.9006258, 1.237398
7.251362, 1.018352, 0.9097586, 1.245033
7.262802, 1.011903, 0.917473, 1.252864
7.273546, 1.038538, 0.9266812, 1.260172
7.28478, 1.038055, 0.93616, 1.267825
7.29588, 1.04614, 0.9461323, 1.275392
7.307044, 1.048703, 0.9562647, 1.283049
7.317986, 1.058183, 0.9670624, 1.290575
7.329128, 1.063927, 0.9762918, 1.298167
7.34029, 1.087242, 0.9866217, 1.305791
7.351328, 1.098029, 0.9977523, 1.313352
7.36238, 1.101084, 1.008322, 1.320939
7.373482, 1.122835, 1.019717, 1.328633
7.384636, 1.134015, 1.031405, 1.336324
7.395863, 1.14148, 1.042623, 1.343994
7.406861, 1.156733, 1.054602, 1.351692
7.417986, 1.157046, 1.065377, 1.359282
7.429059, 1.158583, 1.074412, 1.366888
7.440042, 1.162601, 1.082542, 1.374608
7.451353, 1.163881, 1.0905, 1.382432
7.462721, 1.159828, 1.098358, 1.390041
7.473491, 1.140582, 1.10447, 1.39746
7.484673, 1.142999, 1.111024, 1.405131
7.495752, 1.149068, 1.116551, 1.412854
7.506784, 1.175002, 1.123398, 1.420476
7.517923, 1.175671, 1.129875, 1.428171
7.529051, 1.159297, 1.135405, 1.435794
7.540171, 1.181792, 1.141585, 1.443468
7.551321, 1.185364, 1.147657, 1.451133
7.562434, 1.171305, 1.15186, 1.458811
7.573485, 1.160693, 1.154993, 1.466448
7.584518, 1.158903, 1.157884, 1.474071
7.595695, 1.161416, 1.159813, 1.48181
7.606968, 1.174349, 1.16183, 1.489492
7.617966, 1.170864, 1.163299, 1.49703
7.629131, 1.218704, 1.166398, 1.504717
7.640057, 1.228725, 1.169982, 1.512266
7.651151, 1.242803, 1.174193, 1.519933
7.662352, 1.243865, 1.178256, 1.527669
7.673534, 1.266421, 1.183383, 1.535364
7.684608, 1.287877, 1.189785, 1.542971
7.695715, 1.312392, 1.198376, 1.550546
7.706698, 1.380184, 1.210235, 1.558133
7.717772, 1.456338, 1.225599, 1.565761
7.729138, 1.570409, 1.245369, 1.573704
7.739994, 1.579477, 1.265559, 1.581037
7.751176, 1.603947, 1.287792, 1.588673
7.762181, 1.600704, 1.308737, 1.596128
7.773412, 1.612539, 1.330096, 1.603832
7.784329, 1.55661, 1.349361, 1.611243
7.795559, 1.551515, 1.368902, 1.618876
7.806737, 1.58323, 1.390119, 1.626447
7.817822, 1.60359, 1.412227, 1.634061
7.828873, 1.616667, 1.434343, 1.641541
7.839942, 1.652795, 1.45844, 1.649022
7.851047, 1.657267, 1.480368, 1.656551
7.862127, 1.69456, 1.50366, 1.66404
7.873277, 1.659168, 1.524478, 1.671535
7.884433, 1.686035, 1.546587, 1.678974
7.895522, 1.712482, 1.568889, 1.686337
7.906606, 1.697257, 1.589359, 1.693806
7.917811, 1.694677, 1.608473, 1.701345
7.929002, 1.691399, 1.624033, 1.708894
7.939974, 1.653228, 1.633878, 1.716356
7.951072, 1.617144, 1.636215, 1.72379
7.962206, 1.608764, 1.637679, 1.731006
7.973273, 1.588817, 1.636923, 1.738358
7.984387, 1.55651, 1.634713, 1.745908
7.995433, 1.533535, 1.630763, 1.753206
8.006674, 1.512771, 1.628571, 1.760578
8.017672, 1.548661, 1.628428, 1.767884
8.028767, 1.549532, 1.626744, 1.775156
8.039868, 1.563852, 1.624757, 1.782461
8.050983, 1.567191, 1.622283, 1.789671
8.062104, 1.55549, 1.617418, 1.796923
8.073176, 1.579091, 1.613509, 1.804111
8.084455, 1.584247, 1.607993, 1.811408
8.095401, 1.556602, 1.602865, 1.818505
8.106544, 1.590572, 1.598092, 1.825775
8.117675, 1.594626, 1.592199, 1.832847
8.128819, 1.634619, 1.589067, 1.839908
8.139847, 1.615321, 1.585099, 1.846862
8.150932, 1.629753, 1.582017, 1.853928
8.162068, 1.585421, 1.578627, 1.860867
8.173252, 1.622545, 1.578897, 1.867941
8.184294, 1.620733, 1.579495, 1.87475
8.19534, 1.637145, 1.581912, 1.88164
8.206456, 1.565586, 1.582366, 1.888568
8.217624, 2.080273, 1.609702, 1.895389
8.228887, 2.06509, 1.637318, 1.902419
8.239821, 2.213791, 1.670575, 1.909455
8.250939, 2.246573, 1.705427, 1.916433
8.262125, 2.200502, 1.737259, 1.92307
8.273206, 2.048703, 1.761335, 1.929837
8.284304, 2.008719, 1.783996, 1.936571
8.295344, 1.942913, 1.802187, 1.943305
8.306457, 2.06363, 1.826156, 1.949933
8.317685, 2.064635, 1.851558, 1.95661
8.328732, 2.050183, 1.874539, 1.963224
8.33995, 2.020154, 1.895815, 1.969894
8.350806, 2.03234, 1.915701, 1.976313
8.361971, 1.980099, 1.93394, 1.982858
8.373061, 1.927112, 1.948808, 1.989348
8.384262, 1.958078, 1.96744, 1.995894
8.395448, 1.926242, 1.982625, 2.002427
8.40657, 1.892125, 1.996195, 2.008992
8.417519, 1.876761, 2.008175, 2.015325
8.428636, 1.891325, 2.024462, 2.021726
8.439735, 1.909359, 2.015917, 2.028196
8.450825, 1.879973, 2.006661, 2.034469
8.462053, 1.880815, 1.990012, 2.040945
8.473125, 1.859982, 1.970682, 2.047209
8.484144, 1.879916, 1.954653, 2.053442
8.495298, 1.877487, 1.946092, 2.059696
8.506441, 1.907666, 1.94104, 2.065905
8.517531, 1.979994, 1.942894, 2.072029
8.528612, 2.009944, 1.94021, 2.078054
8.539775, 2.079434, 1.940949, 2.084167
8.550831, 2.064783, 1.94168, 2.09021
8.561917, 2.082407, 1.944792, 2.096238
8.573219, 2.195874, 1.952969, 2.102277
8.584069, 2.200262, 1.963977, 2.10812
8.595192, 2.181706, 1.976707, 2.113899
8.606403, 2.094554, 1.983531, 2.119774
8.61753, 2.103571, 1.992397, 2.125616
8.628543, 2.083675, 2.001975, 2.131374
8.639637, 2.037265, 2.01, 2.137339
8.650808, 2.045774, 2.017722, 2.143215
8.661826, 2.040085, 2.024259, 2.148887
8.673033, 2.134206, 2.03697, 2.154761
8.684145, 2.112748, 2.048567, 2.160399
8.695162, 2.097742, 2.060455, 2.166023
8.706425, 2.044085, 2.068663, 2.171513
8.717396, 2.090829, 2.07933, 2.176922
8.728492, 2.049937, 2.086444, 2.182392
8.739622, 1.982546, 2.086571, 2.187823
8.7507, 1.967449, 2.084447, 2.193251
8.761806, 1.98528, 2.079739, 2.198622
8.772891, 2.041591, 2.078579, 2.203995
8.784062, 2.12254, 2.080586, 2.209315
8.795104, 2.213411, 2.081463, 2.214585
8.806331, 2.086582, 2.075779, 2.220115
8.817332, 2.015787, 2.067483, 2.225393
8.828416, 1.977716, 2.061641, 2.230571
8.839563, 1.87074, 2.049999, 2.235677
8.850735, 1.947908, 2.043211, 2.240717
8.861818, 1.953143, 2.039005, 2.245683
8.87289, 1.836973, 2.028565, 2.250794
8.884017, 1.827783, 2.01795, 2.255882
8.895401, 1.860713, 2.004275, 2.26094
8.906313, 1.86369, 1.991822, 2.265724
8.917303, 1.874099, 1.98064, 2.270523
8.92839, 1.90168, 1.97352, 2.275328
8.939495, 1.855887, 1.961773, 2.280139
8.950562, 1.843403, 1.951446, 2.284855
8.961683, 1.834163, 1.944027, 2.289588
8.972791, 1.765514, 1.93393, 2.294078
8.983996, 1.758409, 1.922586, 2.298741
8.995135, 1.750761, 1.908045, 2.303314
9.006258, 1.79683, 1.891759, 2.307879
9.017275, 1.785927, 1.870385, 2.312264
9.028365, 1.766562, 1.854384, 2.316462
9.039499, 1.857218, 1.846456, 2.32082
9.050596, 1.854101, 1.840275, 2.325028
9.061772, 1.838665, 1.838671, 2.329286
9.07282, 1.841878, 1.83337, 2.333489
9.083974, 1.79373, 1.825399, 2.337933
9.095019, 1.798986, 1.823499, 2.342034
9.10628, 1.878405, 1.826031, 2.346255
9.117265, 1.917058, 1.828848, 2.350255
9.12827, 1.922944, 1.831811, 2.354213
9.139399, 1.977547, 1.836983, 2.358233
9.150583, 2.008255, 1.842312, 2.362185
9.161623, 1.993745, 1.849204, 2.366092
9.172858, 1.892418, 1.851655, 2.369963
9.183855, 1.891698, 1.854532, 2.373685
9.194915, 1.878727, 1.860193, 2.377505
9.206249, 1.895061, 1.867025, 2.381256
9.217056, 1.885292, 1.873752, 2.384684
9.228255, 1.876439, 1.877732, 2.38826
9.239357, 1.89426, 1.883149, 2.391654
9.250466, 1.887801, 1.889211, 2.39515
9.261707, 1.782732, 1.885487, 2.398606
9.272719, 1.77777, 1.88167, 2.401968
9.283827, 1.743254, 1.8769, 2.405429
9.294916, 1.93459, 1.881536, 2.408673
9.306204, 1.90441, 1.88707, 2.411964
9.317158, 1.906956, 1.892468, 2.415154
9.328352, 1.900365, 1.893566, 2.418341
9.339295, 1.964961, 1.895961, 2.421414
9.350505, 1.906251, 1.895127, 2.424538
9.361382, 1.911308, 1.891815, 2.427424
9.372627, 1.886796, 1.885742, 2.430402
9.38366, 1.899881, 1.881049, 2.433403
9.3949, 1.919011, 1.882378, 2.436231
9.406063, 1.922536, 1.88392, 2.439057
9.417031, 1.95431, 1.887699, 2.441892
9.428118, 1.928622, 1.889377, 2.444654
9.439254, 1.924443, 1.891335, 2.447281
9.450471, 1.94668, 1.894847, 2.449913
9.461535, 1.939859, 1.897127, 2.452474
9.472552, 1.911249, 1.898299, 2.455065
9.483665, 1.837704, 1.901048, 2.457651
9.494723, 1.845452, 1.904432, 2.460096
9.505964, 1.856365, 1.910087, 2.46248
9.516954, 1.840057, 1.905361, 2.46477
9.528112, 1.836966, 1.901988, 2.467051
9.539276, 1.872905, 1.900286, 2.469329
9.550406, 1.870506, 1.898793, 2.471494
9.561436, 1.850028, 1.893046, 2.473597
9.572618, 1.842281, 1.889848, 2.475679
9.583724, 1.864195, 1.887492, 2.477699
9.594727, 1.864223, 1.886364, 2.479612
9.605909, 1.876977, 1.885219, 2.481514
9.617238, 1.8826, 1.883398, 2.483376
9.628002, 1.947702, 1.884656, 2.485115
9.63928, 1.920464, 1.882964, 2.486808
9.650381, 1.893988, 1.881232, 2.488492
9.661275, 1.926375, 1.881329, 2.49006
9.672578, 1.926372, 1.880313, 2.491625
9.683637, 1.897264, 1.878184, 2.493145
9.69489, 1.895628, 1.877403, 2.494644
9.705837, 1.891445, 1.88009, 2.496055
9.716952, 1.920353, 1.883835, 2.497438
9.728062, 1.917046, 1.886869, 2.498749
9.73916, 1.907001, 1.890216, 2.500017
9.750079, 1.884156, 1.892576, 2.501288
9.761271, 1.872152, 1.892538, 2.502598
9.772404, 1.88501, 1.893263, 2.503646
9.783546, 1.855616, 1.893543, 2.50473
9.794634, 1.84395, 1.893626, 2.505811
9.805797, 1.847835, 1.892808, 2.506788
9.816816, 1.840889, 1.891641, 2.507784
9.828038, 1.830157, 1.8893, 2.508658
9.83907, 1.828651, 1.886603, 2.509429
9.850239, 1.787695, 1.878603, 2.509992
9.861302, 1.786306, 1.871895, 2.510572
9.873512, 1.723106, 1.863351, 2.511322
9.883603, 1.618688, 1.847966, 2.511934
9.894657, 1.659182, 1.834607, 2.512549
9.905756, 1.743702, 1.826929, 2.513032
9.916705, 1.744415, 1.819368, 2.513508
9.927858, 1.754159, 1.812504, 2.513888
9.93918, 1.753444, 1.804158, 2.514212
9.950181, 1.740918, 1.795352, 2.514536
9.961168, 1.695805, 1.784792, 2.514742
9.97237, 1.697097, 1.775439, 2.5149
9.983484, 1.64177, 1.76392, 2.514999
9.994538, 1.645483, 1.751943, 2.515059
10.00571, 1.593963, 1.738861, 2.515052
10.01685, 1.590507, 1.726188, 2.514746
10.02787, 1.585346, 1.713064, 2.514625
10.03901, 1.602172, 1.701128, 2.514434
10.05009, 1.575638, 1.688402, 2.514204
10.06114, 1.554902, 1.674715, 2.513804
10.07236, 1.548859, 1.662773, 2.513449
10.08341, 1.616989, 1.654307, 2.513045
10.0945, 1.630867, 1.649695, 2.512589
10.10561, 1.672608, 1.652391, 2.512076
10.1168, 1.680962, 1.65348, 2.511513
10.1279, 1.694607, 1.651025, 2.511261
10.13882, 1.721907, 1.6499, 2.51061
10.15008, 1.675233, 1.645954, 2.510025
10.16101, 1.668205, 1.641692, 2.50913
10.17239, 1.70189, 1.63974, 2.508364
10.18337, 1.745201, 1.64221, 2.507519
10.19456, 1.796653, 1.647188, 2.506885
10.20563, 1.7959, 1.654895, 2.505957
10.2167, 1.772542, 1.661248, 2.504957
10.22783, 1.847922, 1.673946, 2.503885
10.23888, 1.764675, 1.682654, 2.502895
10.25011, 1.747773, 1.690775, 2.501617
10.26103, 1.756908, 1.698512, 2.50043
10.27216, 1.740855, 1.706773, 2.499246
10.28343, 1.682745, 1.713165, 2.497904
10.2944, 1.680148, 1.71973, 2.496497
10.30555, 1.695748, 1.723668, 2.495061
10.3167, 1.710965, 1.727673, 2.493464
10.3279, 1.704289, 1.729257, 2.491868
10.33884, 1.693763, 1.729897, 2.490217
10.35002, 1.699576, 1.730145, 2.488502
10.36102, 1.694976, 1.728799, 2.486807
10.37226, 1.691049, 1.729589, 2.484987
10.38338, 1.653953, 1.728877, 2.483225
10.39436, 1.63784, 1.725674, 2.481307
10.40543, 1.619646, 1.719397, 2.479403
10.41666, 1.624429, 1.710786, 2.477497
10.42766, 1.625617, 1.702271, 2.475542
10.4388, 1.610628, 1.694175, 2.473466
10.44997, 1.626176, 1.683088, 2.471418
10.46093, 1.619546, 1.675832, 2.469151
10.47204, 1.637124, 1.670299, 2.466939
10.48326, 1.6359, 1.664249, 2.464632
10.49433, 1.665777, 1.660495, 2.462285
10.50539, 1.66703, 1.659709, 2.459913
10.51659, 1.698677, 1.660635, 2.457491
10.52773, 1.701953, 1.660946, 2.455016
10.53891, 1.694705, 1.660133, 2.452396
10.54983, 1.6888, 1.659358, 2.44986
10.56406, 1.680373, 1.658689, 2.446472
10.57479, 1.66759, 1.657089, 2.443858
10.58337, 1.689471, 1.656814, 2.441859
10.59412, 1.650627, 1.654793, 2.439156
10.6054, 1.667594, 1.655475, 2.436263
10.61656, 1.682972, 1.657732, 2.433248
10.62755, 1.702584, 1.661879, 2.430321
10.63866, 1.715229, 1.666419, 2.427306
10.64996, 1.718605, 1.671068, 2.424229
10.66089, 1.71928, 1.676501, 2.421639
10.67207, 1.702008, 1.680292, 2.418524
10.68315, 1.700051, 1.684318, 2.415319
10.69408, 1.693517, 1.687137, 2.411976
10.70553, 1.692868, 1.689986, 2.408605
10.71655, 1.660797, 1.689737, 2.405355
10.7276, 1.64768, 1.688769, 2.402006
10.7387, 1.639715, 1.685821, 2.398603
10.74973, 1.705477, 1.685997, 2.395243
10.76071, 1.75608, 1.689066, 2.391784
10.77199, 1.747022, 1.691977, 2.388202
10.78322, 1.724405, 1.694178, 2.384604
10.79431, 1.725775, 1.697087, 2.380891
10.80534, 1.722357, 1.698731, 2.377236
10.81652, 1.710227, 1.701711, 2.373488
10.82759, 1.703581, 1.703511, 2.369694
10.83861, 1.718959, 1.70531, 2.365906
10.84975, 1.738714, 1.707117, 2.362075
10.86076, 1.741492, 1.70843, 2.358377
10.87209, 1.717615, 1.70838, 2.354395
10.88321, 1.631833, 1.704008, 2.3504
10.89434, 1.661538, 1.701985, 2.346219
10.9053, 1.661456, 1.700055, 2.342176
10.9164, 1.665264, 1.698642, 2.338044
10.92749, 1.663397, 1.697169, 2.33387
10.93875, 1.661518, 1.697205, 2.329565
10.94986, 1.622714, 1.695957, 2.325331
10.9606, 1.611949, 1.694569, 2.32119
10.97193, 1.593132, 1.688951, 2.316693
10.983, 1.581524, 1.680224, 2.312289
10.99409, 1.592463, 1.672496, 2.307968
11.00521, 1.595361, 1.666044, 2.303476
11.01648, 1.594168, 1.659464, 2.298811
11.02736, 1.593596, 1.653026, 2.294316
11.03872, 1.58202, 1.646615, 2.289585
11.04966, 1.617048, 1.642288, 2.285029
11.06061, 1.595199, 1.6361, 2.280432
11.07183, 1.607504, 1.62954, 2.275563
11.08294, 1.636948, 1.624313, 2.270773
11.09405, 1.688694, 1.622867, 2.265934
11.10522, 1.690004, 1.625775, 2.261027
11.11647, 1.697871, 1.627592, 2.255952
11.12753, 1.697192, 1.629379, 2.250909
11.13869, 1.705757, 1.631403, 2.245821
11.14969, 1.66987, 1.631727, 2.240831
11.16059, 1.725122, 1.634907, 2.235821
11.17177, 1.712968, 1.63942, 2.230719
11.18288, 1.714331, 1.644539, 2.225547
11.19398, 1.725832, 1.651174, 2.220323
11.20514, 1.700396, 1.657117, 2.215047
11.21625, 1.659149, 1.660452, 2.20976
11.22734, 1.625234, 1.661945, 2.20452
11.23847, 1.622265, 1.66335, 2.199133
11.24985, 1.655994, 1.66647, 2.193529
11.26053, 1.642302, 1.669484, 2.188281
11.27184, 1.64903, 1.671083, 2.182705
11.28292, 1.639732, 1.67331, 2.177186
11.29403, 1.617896, 1.673829, 2.171522
11.30498, 1.617326, 1.672848, 2.165974
11.31623, 1.600152, 1.668421, 2.160185
11.32728, 1.580466, 1.662944, 2.154586
11.33854, 1.589684, 1.657535, 2.148798
11.3496, 1.61972, 1.653661, 2.142967
11.36071, 1.629337, 1.64984, 2.137163
11.37173, 1.607176, 1.646706, 2.131474
11.3829, 1.523183, 1.636609, 2.12559
11.39393, 1.524297, 1.627175, 2.119748
11.40513, 1.537758, 1.618347, 2.113777
11.41618, 1.66719, 1.615414, 2.107849
11.4273, 1.68123, 1.614456, 2.101842
11.43838, 1.712766, 1.617137, 2.095864
11.44953, 1.646448, 1.618198, 2.089602
11.46065, 1.64282, 1.619225, 2.083528
11.47168, 1.693521, 1.621102, 2.077377
11.48277, 1.549749, 1.616474, 2.071217
11.49382, 1.569752, 1.61251, 2.06516
11.5051, 1.603731, 1.61071, 2.058834
11.51617, 1.695645, 1.614597, 2.052624
11.52719, 1.777341, 1.622598, 2.046524
11.53836, 1.766582, 1.630919, 2.040223
11.54939, 1.751854, 1.639489, 2.033905
11.56053, 1.788268, 1.649418, 2.027511
11.57179, 1.767454, 1.656805, 2.020983
11.5828, 1.743589, 1.662517, 2.014611
11.59403, 1.741501, 1.669234, 2.00806
11.60512, 1.737411, 1.679945, 2.001587
11.61612, 1.742265, 1.690843, 1.995118
11.62719, 1.711114, 1.699511, 1.988499
11.63827, 1.670031, 1.699653, 1.981943
11.64935, 1.580401, 1.694612, 1.97532
11.66059, 1.501748, 1.684061, 1.968573
11.67156, 1.533902, 1.678434, 1.962117
11.6827, 1.539804, 1.673283, 1.955411
11.6938, 1.543618, 1.665788, 1.948722
11.70491, 1.524804, 1.664541, 1.941999
11.71603, 1.476434, 1.659875, 1.935281
11.72714, 1.485989, 1.653988, 1.928439
11.73826, 1.496681, 1.644039, 1.921575
11.7494, 1.505442, 1.630444, 1.91469
11.76039, 1.522189, 1.618225, 1.907899
11.77155, 1.545845, 1.607924, 1.900988
11.78268, 1.691394, 1.603081, 1.894074
11.79369, 1.670736, 1.598245, 1.88701
11.80489, 1.702664, 1.596199, 1.879969
11.81615, 1.725364, 1.595392, 1.872979
11.82701, 1.771359, 1.597089, 1.866189
11.83813, 1.730832, 1.596517, 1.859162
11.84938, 1.69674, 1.595799, 1.852029
11.86028, 1.707322, 1.597663, 1.8451
11.87162, 1.650717, 1.601179, 1.837893
11.88268, 1.658245, 1.609004, 1.830819
11.89367, 1.651978, 1.614908, 1.823828
11.90493, 1.583897, 1.617112, 1.816542
11.91601, 1.575384, 1.618701, 1.809471
11.92714, 1.559697, 1.620445, 1.802293
11.93813, 1.554739, 1.624361, 1.795212
11.94924, 1.482503, 1.624187, 1.787975
11.96021, 1.550914, 1.626898, 1.780819
11.97151, 1.566497, 1.629951, 1.773245
11.98249, 1.5699, 1.632337, 1.766041
11.99367, 1.572726, 1.633681, 1.758858
12.00488, 1.57383, 1.627802, 1.751513
12.01585, 1.549345, 1.621733, 1.744269
12.02687, 1.552646, 1.614232, 1.73692
12.03816, 1.535742, 1.604751, 1.729454
12.04926, 1.54386, 1.593376, 1.722325
12.06028, 1.538968, 1.583783, 1.715019
12.07142, 1.534098, 1.575651, 1.707406
12.08254, 1.52023, 1.566296, 1.699989
12.09362, 1.482591, 1.55789, 1.69258
12.10485, 1.481078, 1.549031, 1.685141
12.1158, 1.422129, 1.537539, 1.677774
12.12702, 1.428568, 1.529773, 1.670186
12.1381, 1.391086, 1.520558, 1.662717
12.14919, 1.412199, 1.513183, 1.655157
12.1602, 1.403115, 1.505602, 1.647701
12.17134, 1.402218, 1.501587, 1.640179
12.18241, 1.394076, 1.493745, 1.632637
12.19353, 1.414337, 1.486137, 1.625031
12.20493, 1.436635, 1.479474, 1.617191
12.21568, 1.37233, 1.469454, 1.609879
12.22681, 1.413262, 1.461426, 1.602252
12.23797, 1.430405, 1.455479, 1.594589
12.24899, 1.451725, 1.450433, 1.587062
12.26021, 1.415845, 1.444438, 1.579347
12.27135, 1.442947, 1.439392, 1.571765
12.28245, 1.44715, 1.434801, 1.564118
12.29352, 1.391213, 1.427657, 1.556488
12.30462, 1.396538, 1.421473, 1.54876
12.31562, 1.402308, 1.417458, 1.541191
12.32679, 1.382262, 1.412518, 1.533461
12.33794, 1.387111, 1.410767, 1.525757
12.34917, 1.360194, 1.407348, 1.51817
12.3603, 1.310576, 1.403323, 1.5105
12.37133, 1.302325, 1.397829, 1.50293
12.38234, 1.332187, 1.394283, 1.495341
12.3935, 1.364692, 1.392406, 1.487489
12.40458, 1.363828, 1.390894, 1.479847
12.41568, 1.356597, 1.388007, 1.47214
12.42679, 1.337816, 1.383066, 1.464542
12.43792, 1.335352, 1.381217, 1.456836
12.44899, 1.357827, 1.378445, 1.4491
12.4602, 1.36372, 1.375111, 1.441336
12.47124, 1.36073, 1.370561, 1.433824
12.48238, 1.321009, 1.36582, 1.426139
12.49342, 1.30165, 1.358755, 1.418463
12.50452, 1.312219, 1.352008, 1.410701
12.51563, 1.286966, 1.346796, 1.403131
12.52664, 1.286581, 1.341298, 1.395607
12.53793, 1.27938, 1.335152, 1.387797
12.54895, 1.274113, 1.329744, 1.38019
12.56012, 1.287663, 1.324772, 1.372282
12.57119, 1.255606, 1.319542, 1.364623
12.5823, 1.224698, 1.315248, 1.356928
12.59344, 1.215426, 1.310903, 1.348869
12.60448, 1.233065, 1.305947, 1.34102
12.61561, 1.207297, 1.298077, 1.333271
12.62665, 1.161615, 1.287967, 1.32574
12.63782, 1.158492, 1.278062, 1.318002
12.64888, 1.156037, 1.268973, 1.31036
12.66, 1.139568, 1.259183, 1.302668
12.67115, 1.191349, 1.250859, 1.295048
12.68221, 1.173559, 1.241351, 1.287418
12.69336, 1.168499, 1.23174, 1.279775
12.70436, 1.174184, 1.224399, 1.272213
12.71552, 1.150488, 1.216841, 1.264657
12.72664, 1.141667, 1.208313, 1.257042
12.73771, 1.118667, 1.199898, 1.249473
12.74881, 1.059056, 1.188522, 1.241895
12.75991, 1.072188, 1.178162, 1.234319
12.77107, 1.077304, 1.168322, 1.226437
12.78222, 1.046995, 1.156289, 1.218837
12.79317, 1.049808, 1.145999, 1.211994
12.80436, 1.049553, 1.137241, 1.20443
12.81539, 1.054365, 1.129188, 1.196977
12.82659, 1.061346, 1.120602, 1.189418
12.83769, 1.031916, 1.111833, 1.181942
12.84899, 1.019956, 1.104751, 1.17443
12.85968, 1.003815, 1.097017, 1.167295
12.87112, 1.001249, 1.089277, 1.159664
12.88211, 1.00194, 1.082396, 1.15229
12.89332, 0.9811748, 1.071887, 1.144916
12.90448, 1.005238, 1.063471, 1.137425
12.91539, 1.001028, 1.055097, 1.130149
12.92667, 1.002609, 1.046519, 1.122565
12.93768, 0.9804022, 1.038014, 1.115242
12.94872, 0.9743852, 1.02965, 1.108055
12.95982, 0.9479231, 1.021113, 1.100732
12.9709, 0.9429201, 1.015306, 1.093317
12.98197, 0.9495706, 1.009175, 1.086031
12.99319, 0.9267099, 1.001646, 1.078657
13.00438, 0.9355631, 0.9960741, 1.071317
13.01531, 0.9423417, 0.9907007, 1.064053
13.02647, 0.9392282, 0.9851845, 1.056763
13.03762, 0.9371483, 0.9793237, 1.049481
13.04863, 0.9326441, 0.9728886, 1.042354
13.0599, 0.9332553, 0.9679556, 1.035044
13.07091, 0.9243997, 0.9631778, 1.027985
13.08205, 0.9220417, 0.9590891, 1.020782
13.09309, 0.8932, 0.9536866, 1.01367
13.10432, 0.8805016, 0.9476147, 1.006298
13.11541, 0.8421589, 0.9406639, 0.9991724
13.12649, 0.9320669, 0.9370053, 0.992034
13.13762, 0.8433428, 0.9291211, 0.9849166
13.14867, 0.8801976, 0.9230005, 0.9781184
13.15972, 0.8812033, 0.9180406, 0.9711115
13.17081, 0.8506838, 0.9118555, 0.9641424
13.18194, 0.8526545, 0.907092, 0.9571445
13.19307, 0.8333877, 0.9016153, 0.9501647
13.20426, 0.8264078, 0.8954573, 0.9429452
13.21541, 0.8419021, 0.8912169, 0.9359891
13.2264, 0.8457001, 0.8867236, 0.9291677
13.23763, 0.8531157, 0.8822623, 0.922187
13.24865, 0.8514071, 0.8778713, 0.9153652
13.25974, 0.8497107, 0.8734994, 0.9085195
13.27084, 0.8306621, 0.8684003, 0.9015175
13.28191, 0.8311167, 0.8632933, 0.8947371
13.2931, 0.8191041, 0.8580285, 0.8879105
13.30421, 0.8013318, 0.8519931, 0.8811712
13.31526, 0.7895131, 0.8468087, 0.874492
13.32631, 0.7743335, 0.8415004, 0.867871
13.33749, 0.7801399, 0.8383994, 0.8611718
13.34861, 0.7858924, 0.8310907, 0.8547466
13.35981, 0.7893775, 0.8283924, 0.8481235
13.37091, 0.7820582, 0.8234855, 0.8416565
13.38188, 0.7676556, 0.8178082, 0.835205
13.39296, 0.7512416, 0.8128361, 0.828633
13.40411, 0.7598542, 0.8081961, 0.8221218
13.41523, 0.7485055, 0.8039519, 0.8156699
13.42632, 0.7438729, 0.7998253, 0.809108
13.43746, 0.7428402, 0.7948722, 0.8026866
13.44855, 0.7442201, 0.7897982, 0.7963142
13.45953, 0.7392712, 0.784106, 0.7900309
13.47081, 0.7264492, 0.7778581, 0.7836792
13.48184, 0.7238244, 0.7715638, 0.7774243
13.49285, 0.7177171, 0.7659165, 0.771155
13.50408, 0.7100152, 0.7598614, 0.7648929
13.51521, 0.7084748, 0.75433, 0.7586797
13.52635, 0.6976603, 0.7491464, 0.7525389
13.53744, 0.6996145, 0.7446515, 0.7464238
13.5483, 0.6990207, 0.7408859, 0.7403898
13.55958, 0.6734653, 0.7355521, 0.7342352
13.57097, 0.6828629, 0.7304007, 0.7283913
13.58178, 0.6238533, 0.7221245, 0.7225587
13.59284, 0.6021416, 0.7131287, 0.7164972
13.60401, 0.6016744, 0.7048296, 0.7106225
13.61503, 0.5892268, 0.6967288, 0.7048047
13.62613, 0.586293, 0.6880508, 0.6989396
13.63721, 0.5842482, 0.6798379, 0.6931615
13.64845, 0.5808848, 0.6716886, 0.6873486
13.65951, 0.5862861, 0.6638609, 0.6816667
13.67103, 0.5817757, 0.6557387, 0.6757831
13.68177, 0.5912405, 0.6483372, 0.6703177
13.69289, 0.5975538, 0.6418924, 0.6645748
13.70397, 0.6014404, 0.6357732, 0.6589864
13.71501, 0.5928937, 0.629532, 0.6534808
13.7261, 0.5952342, 0.623793, 0.6479728
13.7372, 0.5934968, 0.6180441, 0.6425253
13.74843, 0.5946023, 0.6128912, 0.6370296
13.75946, 0.5967274, 0.6077468, 0.6316826
13.77066, 0.5981449, 0.602703, 0.6262824
13.78168, 0.5906042, 0.59856, 0.6210326
13.79262, 0.582624, 0.593548, 0.6158586
13.80396, 0.5775068, 0.5912307, 0.6105411
13.81507, 0.5726724, 0.5897573, 0.6053434
13.82651, 0.5721844, 0.5882828, 0.6001152
13.8373, 0.5719253, 0.5874177, 0.5951757
13.8483, 0.5633539, 0.5862707, 0.5900894
13.85939, 0.5645498, 0.5852858, 0.5850829
13.87066, 0.5591607, 0.5841995, 0.5800261
13.88169, 0.5602736, 0.5828989, 0.5748962
13.89268, 0.5577471, 0.5816974, 0.5699911
13.90388, 0.5363386, 0.5789523, 0.5648459
13.91483, 0.526099, 0.5753796, 0.5600642
13.92652, 0.5157683, 0.5710959, 0.5549398
13.93716, 0.5126595, 0.5670842, 0.5503699
13.94831, 0.5050657, 0.5625758, 0.5457748
13.95934, 0.5022725, 0.5580146, 0.5411339
13.97055, 0.5010487, 0.5533369, 0.5363645
13.98158, 0.4977339, 0.5483872, 0.5318186
13.99272, 0.5021028, 0.5435852, 0.527248
14.00381, 0.5017371, 0.5391418, 0.5226576
14.01484, 0.4963022, 0.5348257, 0.5181984
14.02595, 0.4885635, 0.5303785, 0.5137144
14.03708, 0.4851356, 0.5260017, 0.5093088
14.04821, 0.483108, 0.5215479, 0.5049431
14.05939, 0.4604159, 0.5159724, 0.5005964
14.07041, 0.4600302, 0.5108062, 0.4965647
14.08154, 0.4613836, 0.505648, 0.4923374
14.09272, 0.4581024, 0.500595, 0.4881024
14.10375, 0.4596674, 0.4955647, 0.4839242
14.11491, 0.4474366, 0.4900492, 0.4798183
14.12598, 0.4435028, 0.4854074, 0.475695
14.13703, 0.4413796, 0.4811714, 0.4717278
14.14816, 0.436376, 0.4772018, 0.4678094
14.15917, 0.4361614, 0.4733768, 0.4639332
14.17046, 0.4361973, 0.4699334, 0.4600017
14.18148, 0.4285674, 0.4662482, 0.4562413
14.19259, 0.4262297, 0.4625072, 0.4527261
14.20386, 0.4226327, 0.4587522, 0.4488455
14.21482, 0.411821, 0.4542381, 0.4452294
14.22594, 0.4052611, 0.4494143, 0.4415453
14.23703, 0.3992298, 0.4445606, 0.4379928
14.24808, 0.3952889, 0.4398969, 0.434451
14.25922, 0.411574, 0.4362188, 0.4309868
14.27036, 0.3722734, 0.4306771, 0.4277239
14.28148, 0.362878, 0.4258002, 0.4243334
14.29263, 0.3604912, 0.4208232, 0.420975
14.30391, 0.3575155, 0.4156298, 0.4178063
14.31475, 0.3513056, 0.4102899, 0.4146804
14.32581, 0.3501753, 0.4048153, 0.411501
14.3371, 0.3511789, 0.4000025, 0.4083561
14.348, 0.349588, 0.3953068, 0.4050686
14.35911, 0.348519, 0.3906637, 0.4020305
14.37034, 0.3475786, 0.3862239, 0.3992647
14.38137, 0.3422749, 0.3815295, 0.3963664
14.39253, 0.3371836, 0.3765789, 0.3934041
14.40382, 0.3351285, 0.3719069, 0.390629
14.4148, 0.3303419, 0.3671125, 0.3878268
14.42581, 0.3282943, 0.3623956, 0.3851662
14.43701, 0.3291599, 0.3582625, 0.3824822
14.44809, 0.3309246, 0.3545457, 0.379544
14.45912, 0.32744, 0.3509562, 0.3769876
14.47028, 0.3267682, 0.3475302, 0.3745332
14.48137, 0.3218581, 0.3430443, 0.3720098
14.49245, 0.3163308, 0.3402472, 0.3697685
14.50364, 0.3140053, 0.3378036, 0.3673827
14.5147, 0.3154403, 0.3355511, 0.3650227
14.52573, 0.3153786, 0.3334442, 0.3626687
14.53692, 0.3147523, 0.3316166, 0.3604409
14.54801, 0.3053623, 0.3293759, 0.3579272
14.55901, 0.3046418, 0.327049, 0.3558204
14.57025, 0.3004431, 0.3245918, 0.3538094
14.58111, 0.3001657, 0.3221741, 0.351839
14.59232, 0.2957882, 0.3195846, 0.3498509
14.60375, 0.2281499, 0.3138784, 0.3479021
14.6147, 0.2280252, 0.3084204, 0.3461238
14.62576, 0.2281461, 0.3030713, 0.3444999
14.63708, 0.2278735, 0.2979479, 0.3432308
14.64797, 0.2258472, 0.2928255, 0.3415821
14.65901, 0.2256491, 0.28765, 0.3399791
14.67017, 0.2263017, 0.2824189, 0.3383002
14.68126, 0.2238334, 0.2772385, 0.3367642
14.69236, 0.2566431, 0.2737323, 0.3349748
14.70382, 0.3200593, 0.2736424, 0.3335141
14.71465, 0.3123937, 0.2734455, 0.3321824
14.7257, 0.3127324, 0.2733819, 0.3307595
14.73687, 0.3119629, 0.273208, 0.3294626
14.74787, 0.3125803, 0.2730681, 0.3282661
14.75908, 0.312346, 0.2729478, 0.3270611
14.77023, 0.3091228, 0.2731358, 0.325824
14.78127, 0.3017573, 0.2729916, 0.3247665
14.79239, 0.2987585, 0.2729073, 0.3238214
14.80352, 0.297309, 0.2727645, 0.3228613
14.81451, 0.2926661, 0.2726084, 0.3219698
14.82559, 0.2888078, 0.2756413, 0.3210637
14.83687, 0.2904707, 0.2787635, 0.3202315
14.84776, 0.2906866, 0.2818906, 0.3193736
14.85896, 0.2894427, 0.284969, 0.3188045
14.87023, 0.2897495, 0.2881641, 0.3181562
14.88117, 0.2901323, 0.2913883, 0.3175681
14.89226, 0.2889499, 0.2945207, 0.3168634
14.90349, 0.2871701, 0.2976876, 0.3163933
14.91453, 0.2873811, 0.2992244, 0.3159612
14.92562, 0.2868481, 0.2975639, 0.3157138
14.93681, 0.2858368, 0.296236, 0.3153902
14.94776, 0.2841727, 0.2948081, 0.3151822
14.95893, 0.2849957, 0.2934597, 0.3148896
14.97036, 0.2842712, 0.2920442, 0.3146975
14.98105, 0.2809564, 0.2904747, 0.3145718
14.9922, 0.2770951, 0.2888734, 0.3146495
15.00347, 0.2774205, 0.2876565, 0.3145437
15.0145, 0.2788246, 0.2866599, 0.3145802
15.02551, 0.2784809, 0.2857185, 0.3145851
15.03679, 0.2783475, 0.2850025, 0.3147048
15.04774, 0.2777867, 0.2844515, 0.3149524
15.05894, 0.2770205, 0.283779, 0.3152227
15.07005, 0.2765102, 0.2830701, 0.3155014
15.08145, 0.2774988, 0.282473, 0.3158918
15.09226, 0.277757, 0.2818733, 0.3162072
15.10344, 0.2795661, 0.281345, 0.3167305
15.11448, 0.2808867, 0.2809419, 0.3172308
15.12568, 0.2822092, 0.2806938, 0.3178265
15.13686, 0.278524, 0.280251, 0.3184523
15.14776, 0.2783906, 0.2798281, 0.3189752
15.15881, 0.2801991, 0.2795462, 0.3195949
15.17022, 0.2790144, 0.2792883, 0.3207064
15.18102, 0.2747818, 0.2787776, 0.3215415
15.1922, 0.2744747, 0.2782878, 0.3224207
15.20341, 0.274613, 0.2779706, 0.3233531
15.21431, 0.2736265, 0.2777972, 0.3243548
15.22542, 0.2740227, 0.2776273, 0.3254111
15.2366, 0.273372, 0.2773547, 0.3265588
15.24768, 0.2742884, 0.277145, 0.3276704
15.25886, 0.2730963, 0.2768824, 0.3288981
15.27003, 0.2735215, 0.2766692, 0.3301671
15.28104, 0.2739756, 0.2765169, 0.3314821
15.29207, 0.2730054, 0.2763417, 0.3327627
15.30339, 0.274168, 0.2761751, 0.3346652
15.31428, 0.2756011, 0.2760673, 0.3361417
15.32543, 0.2771007, 0.2759441, 0.3373128
15.33664, 0.2778053, 0.27579, 0.3389125
15.3476, 0.2966434, 0.2765117, 0.3402819
15.35868, 0.2938364, 0.2772773, 0.3419595
15.36996, 0.3012142, 0.2784185, 0.3436872
15.38095, 0.2996477, 0.2793909, 0.3455359
15.39207, 0.3000725, 0.2804438, 0.3473964
15.40334, 0.301875, 0.2817985, 0.3492977
15.41422, 0.3084997, 0.2834998, 0.3512051
15.42537, 0.3183746, 0.2856879, 0.3532319
15.43655, 0.3443159, 0.2892223, 0.3553117
15.44761, 0.398242, 0.2954333, 0.357346
15.45864, 0.2859193, 0.2960607, 0.3594967
15.47002, 0.2812667, 0.2964096, 0.3617684
15.48084, 0.3045437, 0.297982, 0.3639172
15.492, 0.3502914, 0.3018205, 0.3662527
15.50324, 0.3065256, 0.303448, 0.3686909
15.51418, 0, 0.2897977, 0.3710889
15.58067, 0, 0.2760893, 0.3868949
15.59209, 0, 0.2623093, 0.3897876
15.60309, 0, 0.2484542, 0.3924707
15.61412, 0, 0.234564, 0.395222
15.62527, 0, 0.2197318, 0.3980788
15.63649, 0.2855838, 0.2193192, 0.4009968
15.6475, 0.2722477, 0.2178709, 0.4038428
15.6586, 0.3058627, 0.2181816, 0.4068969
15.66981, 0.3097263, 0.2186643, 0.410046
15.6808, 0.3002612, 0.2185836, 0.4131291
15.69193, 0.3428223, 0.2202997, 0.4163461
15.70331, 0.2656837, 0.2176652, 0.4197181
15.71408, 0.2562121, 0.21326, 0.4229129
15.72528, 0.3001938, 0.2083575, 0.4262955
15.73653, 0.3526922, 0.2116962, 0.429765
15.74746, 0.3407274, 0.2146692, 0.4333311
15.75853, 0.3409851, 0.2164913, 0.4368478
15.76971, 0.3392381, 0.2159387, 0.440442
15.7808, 0.3414327, 0.217684, 0.4440538
15.79182, 0.341411, 0.2347546, 0.4477159
15.80321, 0.3439407, 0.2519516, 0.4515506
15.81405, 0.3440202, 0.2691526, 0.4552304
15.82521, 0.3448765, 0.2863964, 0.4590901
15.83643, 0.3462411, 0.3037085, 0.463023
15.84734, 0.3464148, 0.3210292, 0.4664608
15.85843, 0.3478688, 0.3241435, 0.4703798
15.86982, 0.3503987, 0.328051, 0.4744374
15.88078, 0.3512218, 0.330319, 0.478353
15.89183, 0.352526, 0.3324589, 0.4823848
15.90323, 0.3563901, 0.3352654, 0.4866906
15.91413, 0.2684851, 0.3315485, 0.4907472
15.92848, 0.2699156, 0.3317601, 0.4960884
15.93638, 0.273657, 0.3326324, 0.4990995
15.94741, 0.2734369, 0.3312945, 0.5033078
15.95839, 0.2737449, 0.3273472, 0.5075048
15.97003, 0.2743158, 0.3240266, 0.5120499
15.98068, 0.3638258, 0.3251686, 0.5164347
15.99181, 0.3658754, 0.3265005, 0.520883
16.0033, 0.3709849, 0.3279781, 0.5254976
16.01408, 0.3756967, 0.3296924, 0.5299168
16.02507, 0.3821911, 0.3316049, 0.534464
16.03621, 0.3901807, 0.3339129, 0.5391508
16.04733, 0.4072158, 0.3370299, 0.5438512
16.05853, 0.4082497, 0.3401303, 0.5485391
16.06957, 0.4090433, 0.3432618, 0.553207
16.08057, 0.4194057, 0.3468386, 0.5579416
16.09172, 0.4206779, 0.3503526, 0.5627635
16.10287, 0.4211352, 0.3538482, 0.5675917
16.11395, 0.4665289, 0.3595484, 0.572442
16.12508, 0.4666674, 0.3650622, 0.5773711
16.13647, 0.4701715, 0.3751465, 0.5825085
16.14738, 0.4889902, 0.3861003, 0.5874975
16.1583, 0.4853761, 0.3966862, 0.5924962
16.17025, 0.4839846, 0.4072136, 0.5979854
16.18059, 0.4891407, 0.4179834, 0.6027415
16.19165, 0.4930407, 0.4289197, 0.6079209
16.20312, 0.4856302, 0.4350099, 0.6132959
16.21382, 0.4978236, 0.4416073, 0.6183767
16.22495, 0.5054002, 0.4483281, 0.623646
16.23615, 0.5196361, 0.4555251, 0.6289408
16.24715, 0.5270669, 0.4627689, 0.6343408
16.25833, 0.5310556, 0.4698126, 0.6402996
16.26991, 0.5406038, 0.476482, 0.6460278
16.28054, 0.5597275, 0.4840559, 0.6511797
16.29166, 0.5638354, 0.4917955, 0.6567528
16.30286, 0.5656908, 0.4991097, 0.6623593
16.31378, 0.5758777, 0.5068697, 0.6678377
16.32499, 0.5820264, 0.5149143, 0.6735735
16.33625, 0.586811, 0.5209284, 0.6793205
16.34715, 0.5855405, 0.5268721, 0.6849033
16.35831, 0.5932949, 0.5330282, 0.6907813
16.36954, 0.597084, 0.538433, 0.6966705
16.3805, 0.6039425, 0.5443613, 0.7023429
16.39165, 0.597795, 0.5500518, 0.7082675
16.40276, 0.6030505, 0.5557473, 0.7144876
16.41376, 0.6109417, 0.5616423, 0.7203652
16.42494, 0.6090106, 0.5678114, 0.726429
16.4361, 0.6117483, 0.5735076, 0.7324234
16.44722, 0.6089352, 0.5786843, 0.7386196
16.45821, 0.6189907, 0.5836521, 0.7445936
16.46934, 0.6283768, 0.5887176, 0.7507104
16.48041, 0.6425305, 0.5942913, 0.7568703
16.49149, 0.6680875, 0.6006655, 0.7631287
16.5027, 0.6689796, 0.6061281, 0.7695747
16.51377, 0.6708483, 0.6114787, 0.7756188
16.52486, 0.6727024, 0.6168293, 0.7819101
16.53604, 0.673488, 0.6217098, 0.7882538
16.5471, 0.6652266, 0.6258699, 0.7945885
16.5581, 0.7746336, 0.6352609, 0.8008851
16.56935, 0.8044827, 0.646208, 0.8073793
16.58041, 0.7740438, 0.6552455, 0.8138269
16.59152, 0.7630602, 0.6635443, 0.820271
16.60261, 0.7584312, 0.6712688, 0.8267076
16.61386, 0.7544891, 0.6791035, 0.8332609
16.62473, 0.7493081, 0.6864163, 0.8396719
16.63611, 0.7423609, 0.6929873, 0.8464091
16.64708, 0.7289655, 0.698985, 0.8529962
16.65818, 0.7250963, 0.7046524, 0.8596342
16.66933, 0.7254202, 0.7104767, 0.866363
16.68031, 0.7354603, 0.7163001, 0.8729822
16.69142, 0.7368742, 0.721725, 0.8796808
16.70251, 0.7619818, 0.7276976, 0.8864252
16.71365, 0.779699, 0.7332782, 0.8931807
16.72473, 0.7736576, 0.7385121, 0.8999102
16.73582, 0.7789104, 0.7439152, 0.9066954
16.74691, 0.8044784, 0.750504, 0.9135098
16.75823, 0.8028117, 0.7569702, 0.920426
16.76929, 0.8042275, 0.7639202, 0.9272457
16.78033, 0.8269098, 0.766534, 0.9340596
16.79145, 0.8202521, 0.7673225, 0.9409589
16.80249, 0.819352, 0.7695879, 0.9478503
16.81361, 0.8155268, 0.7722112, 0.9548035
16.82485, 0.8165521, 0.7751173, 0.9617909
16.83595, 0.8153639, 0.778161, 0.9688178
16.84685, 0.8076988, 0.7810805, 0.9755819
16.85804, 0.8052921, 0.7842271, 0.9826681
16.86919, 0.7995797, 0.7877578, 0.9897541
16.88028, 0.8203316, 0.7925195, 0.996916
16.89138, 0.8577313, 0.7991351, 1.003973
16.90255, 0.8641754, 0.8055709, 1.011169
16.91354, 0.8788571, 0.8126701, 1.018287
16.92463, 0.8783466, 0.8184883, 1.025384
16.93579, 0.8951292, 0.8242599, 1.032607
16.94683, 0.9133899, 0.8312465, 1.039733
16.95798, 0.9242627, 0.8385141, 1.046999
16.96912, 0.9319504, 0.8448877, 1.054262
16.98015, 0.9602093, 0.8527576, 1.061517
16.99122, 0.9695574, 0.861024, 1.068779
17.00257, 0.9529865, 0.8673278, 1.076241
17.01343, 0.9639649, 0.8745134, 1.083358
17.0245, 0.9626779, 0.8816797, 1.090542
17.03568, 0.9609538, 0.8889511, 1.098079
17.04682, 0.9635789, 0.8963025, 1.105331
17.05783, 0.9633695, 0.9037027, 1.11267
17.06897, 0.9607724, 0.9113563, 1.120079
17.08016, 0.9539338, 0.9187884, 1.127502
17.09111, 0.9622787, 0.9269234, 1.134753
17.10249, 0.9428136, 0.9330475, 1.142377
17.11352, 0.9492801, 0.9376249, 1.149908
17.12461, 0.9644276, 0.9426376, 1.157347
17.13559, 0.9641982, 0.9469047, 1.164665
17.14678, 0.978916, 0.9519331, 1.172233
17.15788, 0.9811668, 0.9562349, 1.179605
17.16908, 0.9818853, 0.9596598, 1.187143
17.18009, 0.980426, 0.962468, 1.194524
17.19123, 0.9779677, 0.9647689, 1.202143
17.20235, 0.9924483, 0.9663809, 1.209703
17.2134, 0.9961672, 0.9677114, 1.217168
17.22459, 0.9927307, 0.9696987, 1.224845
17.23562, 0.9897669, 0.9709889, 1.232477
17.24673, 1.031374, 0.9744237, 1.239906
17.25804, 1.041875, 0.9784697, 1.247766
17.26895, 1.064063, 0.983494, 1.255345
17.28, 1.074453, 0.9890482, 1.262845
17.29121, 1.073382, 0.9946787, 1.270791
17.30225, 1.085574, 1.001261, 1.278429
17.31341, 1.102282, 1.008261, 1.28596
17.32453, 1.113696, 1.016805, 1.293573
17.33555, 1.125315, 1.025607, 1.301222
17.34677, 1.109967, 1.032884, 1.309005
17.35785, 1.126471, 1.040997, 1.316734
17.36897, 1.127352, 1.048419, 1.324427
17.37989, 1.12207, 1.055464, 1.331849
17.39122, 1.143404, 1.06354, 1.339682
17.40225, 1.156524, 1.072345, 1.347323
17.41347, 1.193503, 1.083122, 1.354943
17.42444, 1.205129, 1.093756, 1.362569
17.43557, 1.180745, 1.102985, 1.370275
17.44654, 1.237718, 1.115234, 1.377812
17.4578, 1.248381, 1.128165, 1.385548
17.46894, 1.295698, 1.141381, 1.39323
17.47993, 1.279683, 1.153271, 1.400827
17.49121, 1.275905, 1.163863, 1.408629
17.50215, 1.275153, 1.173898, 1.416253
17.51336, 1.264706, 1.183464, 1.423989
17.52441, 1.266554, 1.192513, 1.431532
17.5356, 1.260307, 1.200415, 1.439261
17.54657, 1.256647, 1.207562, 1.446998
17.55779, 1.265477, 1.21457, 1.454754
17.56891, 1.271055, 1.222625, 1.462392
17.57977, 1.265496, 1.229576, 1.469866
17.59116, 1.267348, 1.236576, 1.477747
17.60218, 1.269947, 1.24397, 1.485334
17.61331, 1.281975, 1.250898, 1.492992
17.6243, 1.283107, 1.257227, 1.500571
17.63557, 1.285772, 1.261841, 1.508314
17.64653, 1.368091, 1.269989, 1.515727
17.65773, 1.363416, 1.279122, 1.523402
17.66891, 1.366877, 1.28558, 1.531058
17.67989, 1.388788, 1.292601, 1.538462
17.69102, 1.407207, 1.298176, 1.546109
17.70207, 1.406278, 1.304506, 1.55365
17.71309, 1.424684, 1.311945, 1.561166
17.72431, 1.423294, 1.319352, 1.568814
17.73533, 1.432188, 1.327726, 1.576365
17.74647, 1.430792, 1.335938, 1.583989
17.75762, 1.429392, 1.344392, 1.591521
17.76873, 1.446992, 1.353909, 1.599079
17.77998, 1.473435, 1.364307, 1.606705
17.79095, 1.471951, 1.374352, 1.614112
17.80198, 1.476938, 1.384924, 1.621571
17.81318, 1.477445, 1.395429, 1.629054
17.82424, 1.476966, 1.40578, 1.636529
17.83541, 1.501933, 1.416778, 1.643988
17.8465, 1.501525, 1.427699, 1.651464
17.85758, 1.448675, 1.435844, 1.658908
17.86872, 1.458945, 1.440387, 1.666371
17.87978, 1.471268, 1.445779, 1.673789
17.89093, 1.466802, 1.450775, 1.681329
17.90197, 1.465844, 1.454628, 1.688681
17.91312, 1.508477, 1.459692, 1.696142
17.92418, 1.510586, 1.464907, 1.703526
17.93535, 1.524346, 1.46989, 1.711074
17.94701, 1.539925, 1.475722, 1.718776
17.95751, 1.573782, 1.482801, 1.725746
17.96879, 1.540459, 1.488285, 1.733229
17.97981, 1.578335, 1.495732, 1.740485
17.99079, 1.560876, 1.501426, 1.747781
18.00187, 1.556985, 1.505604, 1.754965
18.01301, 1.568692, 1.510441, 1.762233
18.02413, 1.568691, 1.515028, 1.769489
18.03538, 1.577205, 1.520016, 1.776891
18.04633, 1.59974, 1.526155, 1.78391
18.05758, 1.590445, 1.530581, 1.791221
18.06869, 1.59155, 1.535082, 1.798304
18.0797, 1.572097, 1.541253, 1.805416
18.09093, 1.564831, 1.546547, 1.812618
18.10585, 1.52561, 1.549265, 1.822291
18.11307, 1.529051, 1.552377, 1.826878
18.12414, 1.522649, 1.555217, 1.834031
18.13523, 1.530622, 1.556325, 1.841161
18.14633, 1.559036, 1.558747, 1.848216
18.15746, 1.597228, 1.562391, 1.85525
18.16863, 1.594897, 1.56514, 1.862247
18.17963, 1.608969, 1.566899, 1.86907
18.19089, 1.608953, 1.570324, 1.876094
18.20189, 1.6155, 1.572182, 1.882976
18.21287, 1.617929, 1.575035, 1.889938
18.22412, 1.616099, 1.57799, 1.896983
18.23514, 1.629353, 1.581024, 1.903818
18.24631, 1.614882, 1.583333, 1.910635
18.25747, 1.606, 1.584773, 1.91751
18.26858, 1.587887, 1.58418, 1.92421
18.27953, 1.60421, 1.584869, 1.930951
18.29072, 1.618449, 1.586213, 1.937749
18.30174, 1.652078, 1.590212, 1.944536
18.31287, 1.6324, 1.593591, 1.951311
18.32398, 1.677483, 1.601184, 1.957998
18.33529, 1.665987, 1.608031, 1.964824
18.34635, 1.659038, 1.614851, 1.971386
18.35736, 1.657169, 1.621178, 1.977926
18.36847, 1.659093, 1.626181, 1.984359
18.37947, 1.64672, 1.628655, 1.990769
18.39067, 1.651794, 1.6315, 1.997421
18.40189, 1.646179, 1.633361, 2.003978
18.41292, 1.66126, 1.635976, 2.010399
18.42396, 1.62913, 1.636657, 2.016874
18.43528, 1.619499, 1.636736, 2.023324
18.44623, 1.679883, 1.639925, 2.02956
18.45731, 1.735172, 1.645216, 2.035899
18.46876, 1.726939, 1.650819, 2.042416
18.47949, 1.735869, 1.657313, 2.048472
18.49061, 1.726317, 1.664234, 2.054714
18.50178, 1.705532, 1.6693, 2.060976
18.51278, 1.708088, 1.673782, 2.067056
18.52399, 1.791181, 1.680737, 2.073214
18.5351, 1.788927, 1.688564, 2.079337
18.54626, 1.755916, 1.692485, 2.085644
18.55728, 1.782421, 1.698307, 2.09162
18.56844, 1.831432, 1.706927, 2.097802
18.57949, 1.873635, 1.71775, 2.103856
18.59044, 1.875249, 1.728558, 2.109655
18.60172, 1.832201, 1.737832, 2.115682
18.61276, 1.827683, 1.746626, 2.121461
18.62395, 1.875384, 1.758086, 2.127442
18.63498, 1.827006, 1.766374, 2.133155
18.64615, 1.86128, 1.777981, 2.138908
18.6574, 1.904094, 1.792211, 2.144708
18.66829, 1.886989, 1.802566, 2.150239
18.67941, 1.895996, 1.810608, 2.155879
18.69055, 1.884697, 1.818495, 2.161618
18.70159, 1.863973, 1.8249, 2.167195
18.71281, 1.868764, 1.832023, 2.172876
18.72392, 1.883949, 1.840944, 2.178471
18.7349, 1.849034, 1.847991, 2.183803
18.7461, 1.843609, 1.850612, 2.189242
18.75711, 1.853739, 1.853853, 2.194657
18.76835, 1.852156, 1.858665, 2.200152
18.77934, 1.968285, 1.867958, 2.205498
18.7904, 1.961204, 1.874447, 2.210732
18.80161, 1.965561, 1.879043, 2.216048
18.81272, 2.001276, 1.885345, 2.221518
18.82384, 1.981469, 1.892808, 2.226668
18.83506, 1.974339, 1.900141, 2.231786
18.84612, 2.005041, 1.906624, 2.236851
18.85731, 2.015158, 1.916031, 2.241941
18.86841, 2.038523, 1.924894, 2.247221
18.87968, 2.0614, 1.932759, 2.252195
18.89083, 2.069167, 1.941868, 2.25708
18.90145, 2.069178, 1.950527, 2.261692
18.91286, 2.066276, 1.959606, 2.26665
18.92379, 2.063385, 1.969577, 2.271533
18.93492, 2.050918, 1.978684, 2.276297
18.94606, 2.075161, 1.988245, 2.280917
18.95729, 2.054851, 1.998536, 2.285519
18.96829, 2.034001, 2.008055, 2.290174
18.9793, 2.01814, 2.016275, 2.294803
18.99054, 2.062639, 2.026799, 2.299348
19.00155, 2.070391, 2.031905, 2.303862
19.0125, 2.05132, 2.036411, 2.308293
19.02377, 2.011994, 2.038732, 2.312855
19.03489, 2.027894, 2.040063, 2.317186
19.04599, 2.014937, 2.041736, 2.321709
19.05714, 2.139443, 2.049992, 2.32604
19.0682, 2.091701, 2.054325, 2.330337
19.07914, 2.108811, 2.059007, 2.33444
19.09061, 2.077944, 2.060978, 2.338696
19.10158, 2.150012, 2.065409, 2.342828
19.11252, 2.124115, 2.068156, 2.346886
19.1238, 2.142709, 2.071832, 2.350959
19.13484, 2.139599, 2.075499, 2.354833
19.14589, 2.167939, 2.080726, 2.358814
19.15709, 2.303776, 2.093369, 2.362771
19.16831, 2.31717, 2.105469, 2.366693
19.17929, 2.295432, 2.117499, 2.370453
19.19031, 2.290689, 2.130333, 2.374185
19.20139, 2.299042, 2.144378, 2.37788
19.21253, 2.236017, 2.153047, 2.381469
19.22364, 2.168945, 2.157975, 2.38511
19.23471, 2.154131, 2.163115, 2.388643
19.24587, 2.140518, 2.169542, 2.392172
19.25702, 2.143662, 2.17533, 2.39547
19.26801, 2.133316, 2.181249, 2.39896
19.27931, 2.104798, 2.179517, 2.402403
19.29034, 2.068274, 2.178345, 2.405714
19.30136, 2.086915, 2.17725, 2.408997
19.31256, 2.103838, 2.178545, 2.412244
19.32357, 2.125133, 2.177301, 2.415427
19.33471, 2.144787, 2.178335, 2.41855
19.34583, 2.21262, 2.18183, 2.421621
19.35706, 2.190603, 2.184381, 2.42474
19.36807, 2.219293, 2.186948, 2.427705
19.37908, 2.236208, 2.18357, 2.430597
19.39047, 2.241925, 2.179808, 2.433565
19.40143, 2.301658, 2.180119, 2.436361
19.41249, 2.341998, 2.182684, 2.439183
19.42362, 2.343241, 2.184894, 2.441846
19.43477, 2.342066, 2.190197, 2.444537
19.44582, 2.282715, 2.195885, 2.447511
19.45686, 2.244455, 2.200401, 2.450128
19.468, 2.231982, 2.204975, 2.452593
19.47904, 2.211923, 2.208388, 2.455079
19.49016, 2.197634, 2.211604, 2.457541
19.50133, 2.144202, 2.213574, 2.459938
19.51236, 2.128794, 2.2166, 2.462425
19.52359, 2.524103, 2.238459, 2.4644
19.53459, 2.701837, 2.268359, 2.466607
19.54573, 1.92059, 2.258132, 2.468856
19.55692, 0, 2.150892, 2.470987
19.6457, 0, 2.040262, 2.486089
19.65684, 0, 1.930731, 2.487782
19.6679, 0, 1.819767, 2.489054
19.67905, 0, 1.707956, 2.490607
19.69024, 0, 1.59586, 2.492465
19.70115, 0, 1.480777, 2.493903
19.71236, 1.792352, 1.453295, 2.495329
19.7235, 2.033308, 1.437798, 2.496761
19.73447, 1.994247, 1.420407, 2.498037
19.74576, 2.4856, 1.430552, 2.499196
19.75687, 2.064452, 1.421551, 2.500238
19.76777, 2.176774, 1.418791, 2.50133
19.77903, 2.514938, 1.433942, 2.502407
19.79021, 2.514881, 1.449804, 2.503374
19.80112, 2.643878, 1.474788, 2.504378
19.81238, 2.762198, 1.506458, 2.505316
19.82347, 2.978784, 1.529192, 2.506228
19.83449, 3.123101, 1.550256, 2.507028
19.84564, 3.064602, 1.607456, 2.507787
19.85678, 2.89453, 1.752183, 2.508483
19.86767, 2.877604, 1.896063, 2.509144
19.87885, 2.886662, 2.040396, 2.509723
19.89023, 2.882892, 2.184541, 2.51033
19.90132, 2.822299, 2.325655, 2.510782
19.9122, 3.088986, 2.480105, 2.511226
19.92348, 3.294924, 2.644851, 2.511828
19.93427, 3.461473, 2.728307, 2.512184
19.94568, 3.227392, 2.788011, 2.512371
19.95672, 3.336375, 2.855118, 2.512604
19.96774, 3.267621, 2.894219, 2.512722
19.9789, 3.371644, 2.959578, 2.512871
19.99, 3.102773, 3.005878, 2.512871
20.00118, 2.867688, 3.023515, 2.512903
