0.0102521, 2.397492, 2.397492, 2.519141
0.0216764, 2.4017, 2.399596, 2.518896
0.0330601, 2.383436, 2.394209, 2.518745
0.0439703, 2.403007, 2.396409, 2.518578
0.0549651, 2.38197, 2.393521, 2.518428
0.0660133, 2.310453, 2.379677, 2.51812
0.0771401, 2.216372, 2.356347, 2.517809
0.0882158, 2.229733, 2.34052, 2.517358
0.0997881, 2.315874, 2.337782, 2.516777
0.1103741, 2.304008, 2.334404, 2.516281
0.1215554, 2.273253, 2.328845, 2.515743
0.132594, 2.244697, 2.321833, 2.515098
0.1437245, 2.273495, 2.318115, 2.514463
0.1548968, 2.253444, 2.313495, 2.513633
0.1659629, 2.121918, 2.300724, 2.512838
0.1772463, 2.127439, 2.289893, 2.511957
0.1884648, 2.144239, 2.281325, 2.511101
0.1994115, 2.090026, 2.270698, 2.510175
0.2104177, 2.018458, 2.257422, 2.509147
0.2215732, 2.024529, 2.245777, 2.508088
0.2325416, 2.213046, 2.236555, 2.507004
0.2436968, 2.253414, 2.229141, 2.505738
0.2549435, 2.163625, 2.21815, 2.504495
0.2658509, 2.130798, 2.20454, 2.503225
0.2770241, 2.131892, 2.192036, 2.50177
0.2881899, 2.093685, 2.181198, 2.500429
0.2991889, 2.122273, 2.176493, 2.498985
0.3103018, 2.1538, 2.172696, 2.49757
0.3216062, 2.196783, 2.166742, 2.496057
0.3326818, 2.299772, 2.16653, 2.494484
0.3437247, 2.348774, 2.170306, 2.492773
0.3548199, 2.344678, 2.175305, 2.491148
0.3657917, 2.332544, 2.178257, 2.489505
0.3770247, 2.298316, 2.180501, 2.48769
0.3881415, 2.313988, 2.190104, 2.485784
0.3992846, 2.450083, 2.206236, 2.4839
0.4102182, 2.504232, 2.224236, 2.481945
0.4213536, 2.423934, 2.240932, 2.479887
0.4324839, 2.470879, 2.263552, 2.477825
0.4438449, 2.473907, 2.286021, 2.475699
0.4549993, 2.466431, 2.298691, 2.473592
0.46569, 2.329761, 2.302508, 2.471539
0.4770134, 2.488935, 2.318774, 2.469238
0.4882662, 2.472451, 2.335856, 2.467003
0.499671, 2.425839, 2.350553, 2.464736
0.5101907, 2.358669, 2.363802, 2.462502
0.5214632, 2.33839, 2.374609, 2.459999
0.5324335, 2.377878, 2.385812, 2.457618
0.543477, 2.376373, 2.394792, 2.455211
0.5548115, 2.381661, 2.398886, 2.452593
0.5659253, 2.296935, 2.396294, 2.44993
0.5768439, 2.284073, 2.393264, 2.447345
0.5880693, 2.317578, 2.392516, 2.444573
0.5990702, 2.355056, 2.395353, 2.441984
0.610748, 2.34529, 2.396918, 2.43902
0.6213452, 2.255923, 2.38721, 2.436275
0.6324659, 2.148812, 2.369439, 2.433435
0.6436935, 2.177298, 2.357107, 2.430414
0.6551602, 2.170598, 2.342093, 2.427264
0.6707536, 2.247143, 2.330755, 2.422955
0.6768471, 2.268613, 2.320864, 2.42117
0.6880149, 2.268613, 2.317806, 2.418046
0.6989833, 2.367437, 2.311732, 2.414917
0.7101867, 2.324085, 2.304313, 2.411531
0.721374, 2.328025, 2.299423, 2.408139
0.7321841, 2.393604, 2.301169, 2.404869
0.7434832, 2.222396, 2.29537, 2.401418
0.7547554, 2.244375, 2.288694, 2.397866
0.765477, 2.256823, 2.282717, 2.394481
0.7767895, 2.440583, 2.285663, 2.390885
0.7879642, 2.428862, 2.292259, 2.387234
0.7993487, 2.443256, 2.300218, 2.383489
0.8104315, 2.498245, 2.309252, 2.379776
0.8212944, 2.501016, 2.31655, 2.376084
0.8323854, 2.422505, 2.32041, 2.372265
0.8435487, 2.418218, 2.328525, 2.36839
0.8545969, 2.422467, 2.342208, 2.364527
0.865679, 2.45466, 2.356076, 2.360578
0.8767466, 2.428214, 2.368957, 2.356644
0.8878513, 2.469203, 2.38006, 2.352625
0.8990486, 2.442477, 2.388753, 2.348414
0.9101328, 2.448324, 2.397738, 2.344265
0.9211885, 2.160118, 2.387372, 2.340101
0.932253, 2.185618, 2.380449, 2.33582
0.9433716, 2.300379, 2.379067, 2.331617
0.9545426, 2.269727, 2.372873, 2.327265
0.9656083, 2.251933, 2.37435, 2.322903
0.9768061, 2.256956, 2.374979, 2.318459
0.987938, 2.322519, 2.378264, 2.313903
0.9992517, 2.444824, 2.378476, 2.309429
1.010557, 2.575776, 2.385822, 2.304821
1.021581, 2.523087, 2.389813, 2.300295
1.033082, 2.444544, 2.387128, 2.295519
1.043772, 2.450348, 2.384594, 2.29101
1.054873, 2.424057, 2.384672, 2.286257
1.066072, 2.384264, 2.382975, 2.281452
1.077476, 2.43854, 2.383778, 2.276462
1.088236, 2.505924, 2.386342, 2.271807
1.098984, 2.512056, 2.390534, 2.267087
1.110408, 2.489149, 2.391531, 2.262026
1.121682, 2.422309, 2.390522, 2.257018
1.132884, 2.268992, 2.381556, 2.251947
1.14339, 2.231766, 2.385139, 2.247167
1.155054, 2.189735, 2.385344, 2.241893
1.165859, 2.250255, 2.382838, 2.236911
1.176505, 2.267706, 2.382737, 2.231964
1.187955, 2.270115, 2.383646, 2.22657
1.198864, 2.265208, 2.384058, 2.221445
1.210357, 2.373356, 2.3866, 2.215991
1.221275, 2.337994, 2.381259, 2.210667
1.23214, 2.383184, 2.371629, 2.205497
1.243297, 2.367966, 2.363873, 2.200167
1.254501, 2.250105, 2.354151, 2.194737
1.265501, 2.583964, 2.360832, 2.189342
1.276665, 2.497035, 2.364481, 2.183911
1.28805, 2.465306, 2.368533, 2.178221
1.298771, 2.30915, 2.362064, 2.172902
1.309765, 2.257791, 2.349657, 2.167318
1.321197, 2.534095, 2.350759, 2.16152
1.332107, 3.212276, 2.386916, 2.155927
1.343319, 3.019466, 2.416773, 2.15006
1.354316, 2.736958, 2.440172, 2.144421
1.365362, 2.646511, 2.460909, 2.138655
1.376596, 2.646466, 2.483745, 2.132748
1.387576, 2.686675, 2.505566, 2.126911
1.398809, 2.623096, 2.523336, 2.120976
1.409829, 2.606315, 2.540146, 2.115077
1.421209, 2.634794, 2.558625, 2.108967
1.4321, 2.602977, 2.570106, 2.10311
1.443242, 2.560488, 2.581231, 2.097047
1.454619, 2.499453, 2.587045, 2.090872
1.465448, 2.533766, 2.595335, 2.084913
1.476365, 2.281398, 2.596899, 2.078932
1.48956, 2.206188, 2.57801, 2.071595
1.498773, 2.483829, 2.57735, 2.066446
1.509708, 2.465877, 2.577379, 2.060338
1.521244, 2.436247, 2.583733, 2.053893
1.531998, 2.427585, 2.592223, 2.047762
1.542975, 2.421862, 2.586612, 2.041553
1.554238, 2.418902, 2.546943, 2.035145
1.565275, 2.503638, 2.521152, 2.028777
1.57638, 2.691647, 2.518886, 2.022363
1.587487, 2.60763, 2.516942, 2.015865
1.598649, 2.602266, 2.514732, 2.009399
1.609674, 2.540766, 2.507436, 2.003062
1.620886, 2.548585, 2.503711, 1.99641
1.631994, 2.458058, 2.496298, 1.989926
1.643159, 2.526595, 2.490888, 1.983393
1.654065, 2.663306, 2.493905, 1.977002
1.66527, 2.651114, 2.498436, 1.970354
1.676296, 2.718507, 2.509388, 1.963724
1.687736, 2.725796, 2.51899, 1.956827
1.698646, 2.865214, 2.548181, 1.950339
1.70976, 2.859204, 2.580832, 1.94365
1.720976, 2.928785, 2.603079, 1.936866
1.731924, 2.881598, 2.623866, 1.930184
1.743006, 2.801111, 2.642109, 1.923425
1.754067, 2.55919, 2.648689, 1.916339
1.765152, 2.621483, 2.65867, 1.909602
1.776294, 2.638446, 2.669647, 1.902704
1.787492, 2.630107, 2.675971, 1.895808
1.798263, 2.594968, 2.671137, 1.889086
1.80974, 2.578524, 2.669682, 1.881917
1.820829, 2.479764, 2.663556, 1.87498
1.83198, 2.418235, 2.65743, 1.867939
1.843259, 2.409847, 2.650493, 1.860827
1.85408, 2.407001, 2.64794, 1.853935
1.865004, 2.441422, 2.643681, 1.84699
1.876422, 2.48765, 2.634898, 1.839723
1.887466, 2.466795, 2.625682, 1.832653
1.898561, 2.422847, 2.610899, 1.825323
1.909631, 2.509339, 2.600076, 1.818447
1.920648, 2.546719, 2.584152, 1.811395
1.931697, 2.567072, 2.569545, 1.804244
1.943069, 2.530421, 2.549627, 1.796876
1.953971, 2.588143, 2.534954, 1.789834
1.965279, 2.572127, 2.523505, 1.782367
1.976213, 2.583504, 2.524721, 1.775391
1.987166, 2.405428, 2.513918, 1.768243
1.998455, 2.406776, 2.502334, 1.760866
2.009483, 2.382903, 2.489974, 1.753548
2.02081, 2.363636, 2.478408, 1.746111
2.03179, 2.450204, 2.471992, 1.738828
2.042855, 2.331225, 2.464565, 1.731489
2.054219, 2.384381, 2.462872, 1.723992
2.065202, 2.585352, 2.471647, 1.716718
2.076207, 2.515244, 2.477059, 1.709466
2.087303, 2.518363, 2.480906, 1.70211
2.098423, 2.578557, 2.485452, 1.694693
2.109457, 2.51535, 2.48788, 1.687422
2.120736, 2.527918, 2.493133, 1.67985
2.131829, 2.33441, 2.484387, 1.672266
2.14285, 2.343826, 2.474242, 1.664853
2.153987, 2.443541, 2.468066, 1.657321
2.169251, 2.630662, 2.473078, 1.64693
2.177129, 2.645908, 2.475966, 1.641636
2.187557, 2.521851, 2.473452, 1.634597
2.199038, 2.50204, 2.469379, 1.62682
2.209955, 2.453876, 2.471801, 1.619345
2.221997, 2.477754, 2.47535, 1.611149
2.231742, 2.584185, 2.485414, 1.604514
2.242758, 2.55819, 2.495142, 1.597006
2.254638, 2.566646, 2.500964, 1.588975
2.265079, 2.5283, 2.510818, 1.581773
2.276201, 2.346599, 2.508929, 1.574184
2.287141, 2.337042, 2.496513, 1.566839
2.298365, 2.377667, 2.489634, 1.559163
2.309333, 2.281842, 2.477808, 1.551549
2.320497, 2.244082, 2.461085, 1.543807
2.331489, 2.459147, 2.458274, 1.53626
2.342755, 2.212268, 2.442492, 1.52857
2.353837, 2.196857, 2.435614, 1.521102
2.365038, 1.572393, 2.397043, 1.513418
2.37616, 1.66801, 2.358266, 1.505589
2.387281, 1.821843, 2.317825, 1.497858
2.398315, 1.889562, 2.280008, 1.49022
2.409458, 1.979017, 2.252866, 1.482503
2.420463, 1.978317, 2.22668, 1.474946
2.431811, 1.958068, 2.20189, 1.467051
2.442924, 2.087035, 2.182354, 1.459359
2.453849, 2.213555, 2.163822, 1.451804
2.465033, 2.388873, 2.155356, 1.444096
2.476133, 2.435941, 2.148821, 1.436419
2.487112, 2.351619, 2.139987, 1.428702
2.49824, 2.415934, 2.143454, 1.420998
2.509446, 2.373608, 2.145282, 1.413162
2.520586, 2.390479, 2.145923, 1.405459
2.53176, 2.279425, 2.145802, 1.397807
2.542719, 2.333036, 2.150249, 1.390235
2.553788, 1.925075, 2.123546, 1.382567
2.56495, 1.854333, 2.105649, 1.374836
2.576072, 1.874058, 2.089509, 1.367172
2.587171, 1.980323, 2.109906, 1.359538
2.598206, 1.872342, 2.120122, 1.351929
2.609124, 1.869845, 2.122522, 1.344424
2.620438, 1.850136, 2.120551, 1.336656
2.631685, 1.959547, 2.119577, 1.328934
2.64264, 1.85644, 2.113483, 1.321393
2.653696, 1.843859, 2.107773, 1.313804
2.664875, 1.819133, 2.094378, 1.306104
2.676056, 1.900198, 2.07871, 1.298451
2.687197, 1.850669, 2.0518, 1.290885
2.698094, 1.809312, 2.020468, 1.283446
2.709325, 1.746802, 1.990227, 1.275743
2.720436, 1.715706, 1.955216, 1.268173
2.731355, 1.659363, 1.919504, 1.260681
2.742482, 1.758332, 1.887897, 1.252983
2.753715, 1.617539, 1.854802, 1.245326
2.764703, 1.586347, 1.817468, 1.237765
2.775868, 1.669828, 1.804705, 1.230121
2.787066, 1.690799, 1.796529, 1.222583
2.797753, 1.570855, 1.781368, 1.215369
2.809491, 1.53308, 1.759006, 1.207499
2.820337, 1.528968, 1.741838, 1.20014
2.83139, 1.594277, 1.728059, 1.192615
2.843153, 1.555473, 1.713326, 1.184707
2.853776, 1.566341, 1.693666, 1.177519
2.864796, 1.559106, 1.678799, 1.17014
2.875927, 1.560933, 1.664653, 1.162675
2.886969, 1.573143, 1.652353, 1.15528
2.897979, 1.58172, 1.636429, 1.147905
2.909213, 1.58664, 1.623228, 1.140356
2.920348, 1.587997, 1.612162, 1.13292
2.931397, 1.551324, 1.602388, 1.125489
2.942498, 1.556075, 1.594406, 1.118099
2.953871, 1.567631, 1.58982, 1.110538
2.9647, 1.565292, 1.580168, 1.103478
2.975965, 1.503402, 1.574461, 1.096011
2.98682, 1.510193, 1.570653, 1.088807
2.998005, 1.500622, 1.562193, 1.081444
3.00926, 1.51195, 1.553251, 1.074122
3.020146, 1.478536, 1.548635, 1.067008
3.03157, 1.472547, 1.545608, 1.059638
3.042654, 1.475816, 1.542951, 1.052433
3.053659, 1.477466, 1.53711, 1.045297
3.064694, 1.452912, 1.531982, 1.038019
3.075687, 1.453601, 1.526345, 1.030894
3.086665, 1.441026, 1.520441, 1.023805
3.098041, 1.59342, 1.522065, 1.016506
3.10906, 1.654418, 1.526129, 1.009378
3.120137, 1.723112, 1.533199, 1.002225
3.131374, 1.671654, 1.537449, 0.9950423
3.142234, 1.582896, 1.537194, 0.988144
3.153411, 1.581784, 1.538717, 0.9810329
3.164492, 1.568851, 1.539356, 0.973978
3.175836, 1.567607, 1.539355, 0.9668681
3.18673, 1.566493, 1.539415, 0.9600151
3.197894, 1.581365, 1.543313, 0.9529998
3.209013, 1.592109, 1.547409, 0.9460334
3.220034, 1.580933, 1.551424, 0.9392102
3.231377, 1.466699, 1.549162, 0.9321631
3.242705, 1.420507, 1.54626, 0.9250987
3.253591, 1.419119, 1.543589, 0.9184034
3.264467, 1.437111, 1.541654, 0.9117519
3.275761, 1.432617, 1.539411, 0.9048094
3.286793, 1.27228, 1.53038, 0.8980511
3.29775, 1.155134, 1.515457, 0.8914036
3.308906, 1.152824, 1.501046, 0.8846166
3.32, 1.071983, 1.474975, 0.8779099
3.331066, 1.072344, 1.445871, 0.8712504
3.342446, 1.07046, 1.413238, 0.8643807
3.353576, 1.091701, 1.384241, 0.8577228
3.364253, 1.089022, 1.359547, 0.8514302
3.375697, 1.083994, 1.334657, 0.844669
3.386329, 1.069807, 1.309705, 0.8385115
3.397777, 1.023474, 1.282498, 0.8317932
3.409001, 0.9857299, 1.25346, 0.825231
3.419755, 1.003863, 1.224585, 0.818967
3.43118, 1.007942, 1.195377, 0.8123378
3.442138, 1.00392, 1.166526, 0.8060434
3.453227, 0.9984184, 1.143112, 0.7996751
3.46455, 0.9860379, 1.121389, 0.7932695
3.47558, 0.9975434, 1.10031, 0.7869921
3.486608, 0.9886132, 1.077885, 0.7807174
3.498072, 0.9827374, 1.055391, 0.7742637
3.508868, 0.978099, 1.040682, 0.7681503
3.520049, 0.9779001, 1.03182, 0.762001
3.531074, 0.9759535, 1.022977, 0.7558798
3.54207, 0.9909488, 1.018925, 0.7497641
3.553343, 0.9964603, 1.015131, 0.7435818
3.564484, 0.9949561, 1.011356, 0.7375973
3.575695, 1.010884, 1.007315, 0.7315074
3.586575, 1.018947, 1.003811, 0.7256714
3.597771, 1.026606, 1.000942, 0.7196932
3.60917, 1.005188, 0.9977108, 0.7136532
3.619887, 1.003445, 0.9967093, 0.7080702
3.631032, 0.9855659, 0.9967011, 0.7022361
3.641856, 0.9959292, 0.9963045, 0.6964959
3.653309, 0.9912843, 0.9954716, 0.6905541
3.664529, 1.121863, 1.001369, 0.6848133
3.67529, 1.122513, 1.007573, 0.6792694
3.692171, 1.094718, 1.013007, 0.6707313
3.697705, 1.128044, 1.019532, 0.6679934
3.708785, 1.076846, 1.023944, 0.6623778
3.719878, 1.078904, 1.028752, 0.6568402
3.730847, 1.041964, 1.031946, 0.6514071
3.74192, 1.044452, 1.035273, 0.6459017
3.753252, 1.045833, 1.038767, 0.6403449
3.764273, 1.050819, 1.041761, 0.6349827
3.775499, 1.055873, 1.044731, 0.6295725
3.786501, 1.048577, 1.047412, 0.6243039
3.797772, 0.999472, 1.046842, 0.618939
3.808569, 0.9854777, 1.045168, 0.6139229
3.819857, 0.9800347, 1.042839, 0.6085864
3.830713, 0.903972, 1.037779, 0.603529
3.842096, 0.9215725, 1.033685, 0.5983052
3.853025, 0.8842725, 1.02862, 0.5932953
3.864226, 0.8846502, 1.023056, 0.5882683
3.875315, 0.8934399, 1.018164, 0.5832884
3.886381, 0.8746203, 1.005802, 0.5783906
3.89781, 0.8486712, 0.9921101, 0.5733338
3.908702, 0.8499263, 0.9798705, 0.5685245
3.91966, 0.8532591, 0.9661313, 0.5637716
3.930903, 0.8750081, 0.9560393, 0.558917
3.942402, 0.8710122, 0.9456447, 0.5539771
3.95304, 0.8778226, 0.9374377, 0.549462
3.96427, 0.6812508, 0.9192778, 0.5446604
3.975352, 0.7200627, 0.9029892, 0.5400345
3.986267, 0.6928326, 0.8850899, 0.5355075
3.997923, 0.7116514, 0.8678788, 0.5307001
4.008599, 0.7083675, 0.8508684, 0.5264036
4.019811, 0.7201877, 0.8369042, 0.5220044
4.030859, 0.7157748, 0.8234191, 0.5176277
4.041875, 0.7104808, 0.8099415, 0.5132793
4.052973, 0.7104688, 0.8002663, 0.5089582
4.064258, 0.7162686, 0.790001, 0.5046156
4.075202, 0.7128174, 0.7814283, 0.5004358
4.086364, 0.7096528, 0.7726784, 0.496206
4.097558, 0.6466178, 0.7603372, 0.4920084
4.108448, 0.6822696, 0.7507197, 0.48801
4.119673, 0.6872932, 0.7426509, 0.4839843
4.130978, 0.6576169, 0.7330354, 0.4799027
4.14184, 0.6570018, 0.7232225, 0.4759114
4.152991, 0.6938193, 0.714163, 0.4719644
4.164289, 0.7526252, 0.7082437, 0.4679314
4.175379, 0.7671379, 0.7027094, 0.4641076
4.186174, 0.7312071, 0.7052072, 0.4604461
4.197356, 0.7654584, 0.707477, 0.4566768
4.208452, 0.7627217, 0.7109715, 0.4530227
4.2195, 0.7893124, 0.7148545, 0.4494258
4.230781, 0.7844592, 0.7186591, 0.4457762
4.242115, 0.731433, 0.7192214, 0.4420987
4.253047, 0.7565791, 0.7212616, 0.4386482
4.264067, 0.7312856, 0.7223018, 0.43521
4.275128, 0.7275509, 0.7231559, 0.431825
4.286098, 0.7244942, 0.7235672, 0.428517
4.297393, 0.6992791, 0.7228903, 0.4251617
4.308377, 0.676948, 0.721255, 0.4219584
4.319708, 0.6662402, 0.7222361, 0.4186878
4.330606, 0.651398, 0.7206925, 0.4155713
4.342195, 0.62198, 0.7174268, 0.4123331
4.352853, 0.6144418, 0.7152681, 0.409382
4.36398, 0.5832336, 0.7115797, 0.4063839
4.375785, 0.5680465, 0.7052911, 0.4032198
4.386075, 0.5664448, 0.695982, 0.4004836
4.397303, 0.5368808, 0.6844692, 0.3975628
4.408491, 0.5429974, 0.6750587, 0.3946934
4.419431, 0.5368724, 0.6636294, 0.392035
4.430598, 0.5423057, 0.6526086, 0.3893036
4.441819, 0.565447, 0.6414154, 0.3866318
4.452731, 0.5680541, 0.6305951, 0.3840872
4.464086, 0.5448727, 0.6212671, 0.3815146
4.475156, 0.537401, 0.6103082, 0.3789766
4.486053, 0.5351814, 0.6005029, 0.3766334
4.497364, 0.5281391, 0.5905324, 0.3741669
4.508529, 0.5185207, 0.5802337, 0.3718579
4.519651, 0.512361, 0.5708877, 0.3695391
4.530608, 0.4861814, 0.5613495, 0.3673254
4.541774, 0.4818919, 0.552132, 0.3650669
4.552879, 0.4812565, 0.543625, 0.3628672
4.563978, 0.4857421, 0.5368131, 0.3608744
4.574966, 0.4834574, 0.5302639, 0.3588567
4.586092, 0.4841143, 0.525308, 0.3567755
4.597559, 0.4812497, 0.5209681, 0.3546749
4.608256, 0.4725794, 0.5162748, 0.3528408
4.619483, 0.4591531, 0.5123885, 0.3510161
4.630695, 0.4571036, 0.5080938, 0.3491979
4.641801, 0.4572692, 0.5041136, 0.3473974
4.652613, 0.4539092, 0.4996938, 0.3457686
4.663996, 0.4546499, 0.4941539, 0.3440654
4.675014, 0.4570138, 0.4886019, 0.3424845
4.686273, 0.4520196, 0.4839593, 0.3410217
4.697116, 0.4495139, 0.479565, 0.3396266
4.708344, 0.4499041, 0.4753011, 0.33821
4.719264, 0.442106, 0.4709995, 0.3369951
4.730381, 0.4416413, 0.4671555, 0.3357311
4.741816, 0.4263649, 0.4628557, 0.3345774
4.752693, 0.419677, 0.4595305, 0.3334465
4.763799, 0.4249585, 0.4566838, 0.3322793
4.774954, 0.3983882, 0.4525404, 0.3312417
4.786042, 0.3981372, 0.4481601, 0.3302714
4.797135, 0.4027384, 0.4441242, 0.3293902
4.808245, 0.4133592, 0.4405864, 0.3285356
4.819396, 0.4161772, 0.4373328, 0.3278773
4.830609, 0.4172745, 0.4345675, 0.3271621
4.841746, 0.4129266, 0.4322562, 0.3263894
4.852697, 0.4054941, 0.4296757, 0.3258001
4.863738, 0.4091655, 0.4272705, 0.3253232
4.874923, 0.4304058, 0.4260953, 0.3248466
4.886006, 0.4289489, 0.4248103, 0.3242685
4.897215, 0.4296656, 0.4234429, 0.3238763
4.908406, 0.4340132, 0.4225426, 0.3235337
4.919284, 0.4332752, 0.4217306, 0.323115
4.930608, 0.4356447, 0.4210176, 0.3228752
4.941603, 0.4402611, 0.4209254, 0.3227147
4.952627, 0.4390844, 0.4207975, 0.3226
4.963615, 0.451756, 0.4220671, 0.3224785
4.975113, 0.4442295, 0.4232947, 0.3224588
4.985693, 0.4982693, 0.4269602, 0.3225231
4.997337, 0.4680555, 0.4304436, 0.3226575
5.008182, 0.4663469, 0.4338541, 0.3228621
5.019274, 0.4843024, 0.4379323, 0.3233061
5.030385, 0.4705358, 0.4407911, 0.3236349
5.041407, 0.4026952, 0.4401171, 0.3239039
5.052967, 0.4340056, 0.4409536, 0.3243732
5.230182, 0.4423891, 0.4424268, 0.3395083
5.24153, 0.4190686, 0.4431055, 0.3409379
5.252507, 0.4237506, 0.4438348, 0.342339
5.26345, 0.396076, 0.4421183, 0.3436659
5.280063, 0.4407689, 0.4427093, 0.345897
5.285985, 0.4313316, 0.4427926, 0.3468339
5.29675, 0.4313316, 0.4426585, 0.3484862
5.30834, 0.4248323, 0.4422364, 0.3502192
5.31908, 0.4063218, 0.4407702, 0.351788
5.330304, 0.4118257, 0.4393485, 0.353545
5.341521, 0.4219714, 0.4384928, 0.3553404
5.352592, 0.4261139, 0.4372107, 0.3571938
5.363585, 0.4274547, 0.436372, 0.3590298
5.374922, 0.4311947, 0.4330183, 0.3609872
5.385752, 0.4320297, 0.431217, 0.362835
5.396944, 0.4351704, 0.4296582, 0.3647865
5.407959, 0.4235557, 0.4266208, 0.3668117
5.41899, 0.4208011, 0.4241341, 0.3688358
5.430159, 0.4199481, 0.4249967, 0.3709634
5.441503, 0.4330067, 0.4249467, 0.3731945
5.452513, 0.4370101, 0.4246778, 0.3753694
5.463744, 0.4369436, 0.4255715, 0.3777266
5.474891, 0.4440088, 0.4265844, 0.3800758
5.485742, 0.4435492, 0.4289581, 0.382375
5.49685, 0.4428173, 0.4290605, 0.3847654
5.508146, 0.4519571, 0.4300918, 0.3872796
5.518925, 0.4504428, 0.4310473, 0.3897495
5.530105, 0.4465327, 0.4321323, 0.3923366
5.541227, 0.4471657, 0.4341745, 0.3949938
5.552418, 0.456534, 0.4364099, 0.397698
5.563328, 0.4578733, 0.438205, 0.400291
5.574821, 0.4607126, 0.4399349, 0.403138
5.585613, 0.4609992, 0.4416122, 0.4059021
5.59686, 0.459804, 0.4430426, 0.4087316
5.608061, 0.4554099, 0.4442116, 0.4116718
5.618995, 0.4608942, 0.4454978, 0.4146161
5.630286, 0.4556355, 0.4471019, 0.4176888
5.641283, 0.4560603, 0.4488648, 0.4207385
5.652348, 0.4529702, 0.4505159, 0.4238495
5.663496, 0.4530782, 0.4515195, 0.4270288
5.674948, 0.4661036, 0.4529742, 0.430259
5.685739, 0.4716192, 0.454708, 0.4334106
5.696842, 0.4726329, 0.4561392, 0.4365941
5.708151, 0.46784, 0.4573538, 0.4399568
5.718976, 0.4632274, 0.4583743, 0.4430596
5.730616, 0.4577842, 0.4586657, 0.446592
5.741291, 0.4553398, 0.4589105, 0.4499338
5.752376, 0.4578138, 0.4594746, 0.4533752
5.763536, 0.4567589, 0.4599543, 0.4568982
5.775024, 0.4643902, 0.460347, 0.4605686
5.785635, 0.4677525, 0.460841, 0.463984
5.796759, 0.4685025, 0.4612305, 0.4675496
5.808011, 0.4909832, 0.4627296, 0.4712247
5.818876, 0.4876756, 0.4641232, 0.4747348
5.829839, 0.5042384, 0.4665647, 0.4783862
5.841504, 0.5174286, 0.4693913, 0.4821659
5.852321, 0.5170305, 0.4724611, 0.4858344
5.863443, 0.5176829, 0.4755422, 0.4896709
5.87481, 0.5356902, 0.4796782, 0.4936418
5.885492, 0.5261386, 0.4833313, 0.4973882
5.896542, 0.5183979, 0.485946, 0.5012462
5.907781, 0.5470778, 0.4897189, 0.5052764
5.918827, 0.5379188, 0.4929832, 0.5093324
5.930124, 0.5363054, 0.4964065, 0.5134816
5.941267, 0.523219, 0.499406, 0.5176982
5.952587, 0.5297784, 0.5030057, 0.5219415
5.963297, 0.5380945, 0.5071435, 0.5260004
5.974466, 0.5422665, 0.5113661, 0.5303025
5.985364, 0.5417423, 0.5156153, 0.5345436
5.996617, 0.5443994, 0.5196158, 0.5389454
6.007869, 0.5641532, 0.5244358, 0.5434139
6.018779, 0.5704199, 0.5295317, 0.5478315
6.030555, 0.5736295, 0.533664, 0.5526258
6.041319, 0.576849, 0.5381227, 0.556927
6.052003, 0.5872597, 0.5422738, 0.5614325
6.063387, 0.5855458, 0.5456796, 0.5662088
6.074515, 0.5911509, 0.5493857, 0.5709202
6.08536, 0.6003131, 0.5535172, 0.5755557
6.096668, 0.6012065, 0.556793, 0.5803822
6.107508, 0.6118867, 0.5610804, 0.5851068
6.118728, 0.6160326, 0.5659621, 0.5902302
6.13025, 0.6127218, 0.5692443, 0.5953568
6.141252, 0.6275852, 0.5737276, 0.6004112
6.152175, 0.6223752, 0.5780311, 0.605351
6.163321, 0.6192527, 0.5828328, 0.6104834
6.174972, 0.6124213, 0.5869649, 0.6158185
6.18559, 0.6104571, 0.590583, 0.6208053
6.196743, 0.6153457, 0.594237, 0.6259791
6.207728, 0.6163472, 0.5979673, 0.6312011
6.218596, 0.6136613, 0.6014304, 0.6363893
6.229858, 0.6310637, 0.6047759, 0.6418313
6.240983, 0.6497304, 0.6087414, 0.6472359
6.252159, 0.6510189, 0.6126109, 0.6527258
6.263257, 0.6567018, 0.6166036, 0.6582485
6.274196, 0.6590138, 0.6201913, 0.6637044
6.285504, 0.6444857, 0.6231383, 0.6693897
6.296502, 0.6642491, 0.6267932, 0.6749653
6.307569, 0.6656785, 0.6300614, 0.680577
6.318791, 0.6784516, 0.6339236, 0.6862816
6.329979, 0.6800506, 0.6373318, 0.6919989
6.341071, 0.6988395, 0.6414722, 0.6976984
6.352151, 0.6955582, 0.645614, 0.7033524
6.363197, 0.6906458, 0.6487671, 0.7092035
6.374147, 0.6954479, 0.6524207, 0.714884
6.385265, 0.6985459, 0.6563853, 0.7206653
6.396567, 0.6988402, 0.6607063, 0.7266268
6.407766, 0.6937079, 0.6648688, 0.7325362
6.418543, 0.6946729, 0.6688351, 0.7382041
6.429662, 0.7151914, 0.6737773, 0.744109
6.441096, 0.707548, 0.6784717, 0.7502306
6.452019, 0.7038107, 0.682109, 0.7560957
6.463018, 0.7105662, 0.6851508, 0.7619237
6.474104, 0.7205204, 0.6886259, 0.7679634
6.485271, 0.7164909, 0.6916153, 0.7740517
6.496232, 0.7478938, 0.6960593, 0.7800237
6.507667, 0.7735878, 0.7025144, 0.7863489
6.51836, 0.777401, 0.708172, 0.7922637
6.529896, 0.7673353, 0.7132548, 0.7987193
6.540854, 0.7657595, 0.7176203, 0.8048719
6.551865, 0.7717647, 0.7222059, 0.811085
6.563056, 0.7621663, 0.7253723, 0.8174477
6.574134, 0.7609706, 0.7286428, 0.8237655
6.585185, 0.7500246, 0.7316118, 0.8300957
6.596618, 0.7572023, 0.7346995, 0.8367439
6.607219, 0.7960975, 0.7395771, 0.8428985
6.61845, 0.7890129, 0.7440857, 0.8493926
6.62964, 0.7840393, 0.7486023, 0.8559351
6.640734, 0.777709, 0.7527541, 0.8624117
6.651684, 0.784485, 0.7562188, 0.8688533
6.662992, 0.8008008, 0.7608814, 0.8755392
6.674113, 0.7928482, 0.7653333, 0.8821902
6.6854, 0.7893476, 0.7692724, 0.888933
6.696266, 0.789075, 0.7727001, 0.8954674
6.707438, 0.7859873, 0.776175, 0.9021862
6.718312, 0.7905434, 0.7783075, 0.9088226
6.729581, 0.7931222, 0.7792842, 0.9156616
6.740754, 0.849863, 0.7829073, 0.9223998
6.751718, 0.8363436, 0.7863578, 0.9291512
6.762774, 0.8389226, 0.7900159, 0.9359363
6.774028, 0.8346909, 0.7931622, 0.9430021
6.785139, 0.8307952, 0.7965937, 0.9499041
6.796759, 0.8295055, 0.8000204, 0.9570829
6.812277, 0.9149957, 0.8082689, 0.966796
6.818274, 0.9673307, 0.8187754, 0.97049
6.829349, 0.9673307, 0.8273371, 0.9774576
6.840681, 1.009392, 0.838356, 0.9846156
6.851636, 1.045346, 0.8514214, 0.9916615
6.862973, 1.037306, 0.8644012, 0.9988329
6.874069, 1.009698, 0.875662, 1.005918
6.884855, 1.023038, 0.8867739, 1.012814
6.89621, 1.026978, 0.8984803, 1.019976
6.907465, 1.089583, 0.9134921, 1.027219
6.918393, 1.102397, 0.9291581, 1.034291
6.929462, 1.088956, 0.9443065, 1.041428
6.940685, 1.069324, 0.9582456, 1.048793
6.951528, 1.071838, 0.9721814, 1.055829
6.962945, 1.068905, 0.9831335, 1.063259
6.973943, 1.084257, 0.9955292, 1.07047
6.984971, 1.161617, 1.011664, 1.077688
6.99605, 1.172145, 1.028537, 1.084973
7.007127, 1.184317, 1.046213, 1.092252
7.018387, 1.168822, 1.063179, 1.099693
7.030077, 1.225968, 1.078727, 1.107413
7.040502, 1.282122, 1.094467, 1.114337
7.051472, 1.432648, 1.117733, 1.12156
7.062895, 1.454886, 1.140007, 1.129139
7.07368, 1.678742, 1.171677, 1.136312
7.085229, 1.706966, 1.20516, 1.143998
7.09617, 1.832268, 1.246289, 1.151267
7.107041, 2.12517, 1.301395, 1.158518
7.118233, 2.055271, 1.35281, 1.166025
7.129368, 2.052245, 1.400943, 1.173504
7.14044, 1.950065, 1.443326, 1.180958
7.151629, 1.819357, 1.479846, 1.188446
7.162971, 1.821881, 1.517474, 1.196097
7.174017, 1.765351, 1.55215, 1.203599
7.184759, 1.671729, 1.582291, 1.210873
7.196208, 1.709252, 1.613541, 1.218708
7.207371, 1.648383, 1.637879, 1.226306
7.218082, 1.672876, 1.662916, 1.233592
7.229504, 1.658169, 1.686608, 1.241374
7.240456, 1.652178, 1.710776, 1.248814
7.251514, 1.643301, 1.731643, 1.256345
7.26268, 1.624252, 1.748749, 1.263971
7.273641, 1.635563, 1.758895, 1.271603
7.284949, 1.641448, 1.768223, 1.279382
7.295813, 1.558339, 1.762203, 1.28684
7.307005, 1.490252, 1.751367, 1.294536
7.318306, 1.558366, 1.737672, 1.302271
7.329226, 1.503022, 1.706565, 1.309817
7.340616, 1.46537, 1.677069, 1.317676
7.351938, 1.431401, 1.646027, 1.325543
7.362692, 1.462963, 1.621672, 1.332973
7.373724, 1.471251, 1.604267, 1.340628
7.384747, 1.532512, 1.589798, 1.348233
7.39611, 1.536847, 1.578373, 1.355988
7.407321, 1.50769, 1.570171, 1.36373
7.418129, 1.515778, 1.560498, 1.371112
7.429353, 1.503748, 1.553266, 1.378853
7.440584, 1.659983, 1.552621, 1.38665
7.451375, 1.55901, 1.547663, 1.394111
7.462809, 1.551023, 1.542605, 1.401962
7.473837, 1.627482, 1.541814, 1.409675
7.484904, 1.670034, 1.544103, 1.417302
7.496038, 1.708119, 1.547731, 1.424925
7.507087, 1.737967, 1.552557, 1.432554
7.517884, 1.836165, 1.566449, 1.44004
7.529789, 1.851901, 1.584531, 1.448282
7.540418, 1.826958, 1.597961, 1.455714
7.551499, 1.903263, 1.617973, 1.463381
7.562596, 1.936051, 1.641507, 1.470985
7.573576, 1.953983, 1.667636, 1.47857
7.584804, 2.002101, 1.694593, 1.486307
7.595963, 2.014554, 1.721758, 1.494005
7.607186, 1.976201, 1.743942, 1.501729
7.618135, 1.909059, 1.762553, 1.509387
7.629122, 1.968434, 1.78559, 1.516946
7.640274, 1.976172, 1.80861, 1.524684
7.651604, 2.006911, 1.833768, 1.532465
7.662789, 2.062902, 1.853914, 1.540132
7.673632, 2.20135, 1.886031, 1.547526
7.684824, 2.191711, 1.918066, 1.555193
7.695808, 2.127757, 1.943079, 1.562639
7.706898, 2.091209, 1.964138, 1.570207
7.718307, 2.059875, 1.981726, 1.577914
7.729041, 1.74529, 1.982092, 1.585227
7.740255, 1.777735, 1.979171, 1.59287
7.751495, 1.867125, 1.979932, 1.600484
7.762249, 2.114099, 1.994289, 1.607795
7.773517, 2.237191, 2.010985, 1.615445
7.78471, 2.236013, 2.025983, 1.623047
7.7958, 2.248502, 2.040709, 1.630564
7.80663, 2.207517, 2.05098, 1.6379
7.818028, 2.213743, 2.060939, 1.645708
7.8289, 2.202957, 2.072277, 1.653109
7.840102, 2.428234, 2.098236, 1.660702
7.85117, 2.410716, 2.12035, 1.668018
7.862574, 2.477432, 2.145413, 1.675691
7.873572, 2.41655, 2.165895, 1.683031
7.884435, 2.50409, 2.187954, 1.690311
7.895718, 2.496328, 2.202703, 1.697778
7.906711, 2.624615, 2.224348, 1.705125
7.917901, 2.612162, 2.248569, 1.712708
7.929053, 2.610515, 2.274534, 1.720111
7.940136, 2.598691, 2.301475, 1.727477
7.951077, 2.653581, 2.346889, 1.734668
7.962394, 2.620818, 2.389043, 1.742152
7.973543, 3.071333, 2.449254, 1.749522
7.984428, 3.430248, 2.515061, 1.756689
7.995806, 3.702595, 2.588331, 1.764172
8.006571, 3.14706, 2.633884, 1.771236
8.017838, 3.120249, 2.677471, 1.778694
8.029077, 3.054468, 2.719819, 1.786013
8.04005, 3.068096, 2.762536, 1.793133
8.051107, 3.684353, 2.836606, 1.800263
8.062178, 3.524476, 2.891418, 1.807437
8.073525, 3.527721, 2.947268, 1.814737
8.084521, 3.556, 3.001197, 1.821837
8.095622, 3.605772, 3.060658, 1.829045
8.106649, 4.124395, 3.141673, 1.836114
8.11799, 4.105298, 3.222121, 1.843343
8.128941, 4.526326, 3.317207, 1.850317
8.140018, 4.397258, 3.406462, 1.857347
8.150979, 5.023576, 3.527115, 1.864294
8.162342, 4.861407, 3.640251, 1.871473
8.173241, 4.702543, 3.742699, 1.878319
8.184358, 4.845041, 3.85391, 1.885298
8.195727, 5.098985, 3.955292, 1.892514
8.206699, 4.672656, 4.017413, 1.899383
8.217894, 5.024722, 4.083519, 1.906307
8.229254, 4.939837, 4.173158, 1.913361
8.240173, 4.256588, 4.229975, 1.920272
8.251087, 4.052233, 4.279863, 1.926905
8.262475, 4.049144, 4.328915, 1.933879
8.273104, 4.073764, 4.348386, 1.94038
8.284462, 4.227909, 4.383557, 1.947289
8.295592, 3.979615, 4.406152, 1.954049
8.306671, 3.801273, 4.418416, 1.960752
8.317681, 4.035831, 4.439919, 1.967406
8.328739, 4.086236, 4.43801, 1.974102
8.340049, 3.659549, 4.415723, 1.98079
8.355637, 3.570179, 4.367915, 1.990109
8.362563, 3.791792, 4.337642, 1.994215
8.373162, 3.655222, 4.269224, 2.000471
8.3844, 3.874736, 4.219891, 2.007061
8.395654, 3.67906, 4.168716, 2.013767
8.406652, 3.590792, 4.106004, 2.020187
8.417642, 3.795296, 4.04082, 2.0265
8.428749, 3.555565, 3.984965, 2.032928
8.439875, 3.206613, 3.89406, 2.03935
8.450828, 3.189185, 3.806527, 2.045649
8.462364, 3.14425, 3.750911, 2.052233
8.473154, 3.400311, 3.718314, 2.058306
8.484583, 3.387692, 3.685242, 2.064731
8.495489, 3.162828, 3.639695, 2.070824
8.506494, 3.291358, 3.592868, 2.076948
8.517697, 3.371216, 3.562448, 2.083219
8.52875, 3.389694, 3.541869, 2.089334
8.53967, 3.371274, 3.508642, 2.095362
8.550863, 3.362674, 3.472464, 2.101454
8.562782, 3.321773, 3.455575, 2.10793
8.573115, 3.499571, 3.452045, 2.113634
8.584313, 3.599729, 3.442441, 2.119678
8.595602, 4.102122, 3.464787, 2.125698
8.60641, 4.162362, 3.479168, 2.131449
8.617637, 4.058588, 3.498144, 2.137375
8.628792, 4.058445, 3.521527, 2.143245
8.639582, 4.090126, 3.536269, 2.148814
8.650884, 3.992327, 3.558107, 2.154689
8.662105, 4.032899, 3.599421, 2.160472
8.673116, 4.361752, 3.658049, 2.16608
8.684318, 4.295934, 3.715634, 2.171745
8.695251, 4.020951, 3.746666, 2.177346
8.706209, 3.853735, 3.769968, 2.182803
8.717698, 3.626436, 3.793149, 2.188454
8.728786, 3.807024, 3.818932, 2.193957
8.739779, 3.662632, 3.833503, 2.199379
8.750644, 3.878714, 3.857954, 2.204715
8.761995, 4.001055, 3.889442, 2.210236
8.773036, 4.177023, 3.93016, 2.215509
8.784032, 3.907936, 3.959468, 2.220752
8.795227, 4.223019, 3.995641, 2.226118
8.806227, 3.665519, 3.99893, 2.2313
8.817552, 3.868304, 3.987239, 2.236584
8.828565, 4.302293, 3.994236, 2.241702
8.83978, 4.41669, 4.012141, 2.246823
8.850677, 4.415737, 4.030005, 2.251855
8.862242, 4.179969, 4.034498, 2.257108
8.87289, 3.845072, 4.027135, 2.261878
8.883989, 4.055818, 4.028281, 2.266881
8.895167, 3.858904, 4.003139, 2.271864
8.906339, 4.223509, 3.999517, 2.276771
8.917326, 4.957286, 4.046334, 2.281576
8.928478, 4.354761, 4.071385, 2.286423
8.939663, 4.20747, 4.100437, 2.29126
8.950588, 4.364141, 4.128293, 2.295883
8.962103, 4.104167, 4.15037, 2.300767
8.972961, 4.401369, 4.176502, 2.305312
8.983908, 4.373429, 4.195121, 2.309844
8.995244, 4.137378, 4.193139, 2.314538
9.00639, 4.410836, 4.218284, 2.319069
9.017447, 5.452414, 4.279753, 2.323516
9.028467, 5.316133, 4.362284, 2.327898
9.039696, 5.095633, 4.42365, 2.332296
9.050839, 5.282448, 4.472658, 2.336678
9.061985, 5.156188, 4.509633, 2.341004
9.07292, 5.111656, 4.544429, 2.34511
9.083897, 5.104106, 4.590636, 2.349297
9.095185, 5.327919, 4.664778, 2.353492
9.106037, 6.611377, 4.792556, 2.357481
9.117328, 6.697118, 4.934467, 2.36155
9.128491, 4.957912, 4.971187, 2.365564
9.139407, 5.179512, 4.982298, 2.369533
9.150645, 5.071203, 5.018121, 2.373492
9.161715, 5.155075, 5.065501, 2.377372
9.173006, 5.121767, 5.103382, 2.381261
9.183928, 4.72423, 5.134385, 2.384974
9.195136, 4.764454, 5.152539, 2.388774
9.205941, 4.632746, 5.165505, 2.392397
9.217537, 4.449762, 5.181124, 2.396169
9.228401, 4.327252, 5.176945, 2.399698
9.239491, 4.460775, 5.127363, 2.403325
9.250529, 4.466251, 5.084869, 2.406838
9.261806, 4.31795, 5.045985, 2.410356
9.272917, 4.278936, 4.995809, 2.413767
9.28388, 4.049551, 4.940477, 2.417089
9.295123, 4.037371, 4.886763, 2.42051
9.306259, 4.963124, 4.879714, 2.423743
9.31729, 4.572792, 4.841958, 2.426928
9.328899, 4.016557, 4.712217, 2.430237
9.339449, 3.924371, 4.573579, 2.433175
9.350597, 3.974236, 4.524396, 2.436225
9.361647, 4.44396, 4.487618, 2.439212
9.372528, 4.599589, 4.464037, 2.442143
9.383999, 4.67327, 4.439947, 2.445142
9.395064, 5.018392, 4.434779, 2.447976
9.406137, 7.012878, 4.549211, 2.450853
9.417029, 7.014919, 4.661734, 2.453565
9.428571, 5.92343, 4.726268, 2.456433
9.439452, 5.20567, 4.764064, 2.459047
9.450246, 5.259578, 4.81068, 2.461633
9.461884, 4.940114, 4.834647, 2.46427
9.472791, 5.088697, 4.865769, 2.466757
9.483858, 5.025712, 4.901158, 2.469123
9.495206, 4.995255, 4.936974, 2.471529
9.50614, 4.922299, 4.980611, 2.473859
9.517125, 4.74011, 5.015748, 2.476143
9.528343, 4.734485, 5.004316, 2.478365
9.539605, 5.096796, 5.030516, 2.480588
9.550415, 5.077946, 5.083586, 2.482653
9.561457, 5.167852, 5.14576, 2.484748
9.572783, 5.594008, 5.226748, 2.486797
9.58381, 8.884008, 5.448751, 2.48874
9.595132, 8.906956, 5.664119, 2.49071
9.605776, 8.947633, 5.877837, 2.492528
9.617084, 7.767779, 6.015306, 2.494359
9.628203, 7.817043, 6.055514, 2.496155
9.639445, 5.714665, 5.990502, 2.497939
9.650371, 5.745261, 5.981594, 2.499605
9.661695, 5.761428, 6.009381, 2.501234
9.672647, 5.697566, 6.031281, 2.502799
9.683794, 5.794661, 6.074008, 2.504325
9.695109, 5.761822, 6.107665, 2.505851
9.706101, 5.836947, 6.148226, 2.507324
9.717102, 5.922041, 6.194566, 2.50875
9.728729, 5.306654, 6.213783, 2.510118
9.739423, 5.760265, 6.264791, 2.511336
9.750554, 5.719852, 6.314059, 2.512453
9.761465, 5.723304, 6.345385, 2.513603
9.772617, 5.129044, 6.347939, 2.514615
9.783693, 5.402639, 6.359679, 2.51567
9.795052, 5.517989, 6.355878, 2.516815
9.80589, 5.20919, 6.172137, 2.517718
9.817149, 5.384356, 5.996007, 2.518605
9.828304, 4.888913, 5.793072, 2.519416
9.83933, 4.752154, 5.642291, 2.520234
9.850456, 5.824933, 5.542685, 2.521035
9.861725, 7.037985, 5.608851, 2.521784
9.872746, 7.698834, 5.70653, 2.522443
9.883639, 7.642995, 5.800608, 2.523028
9.894964, 7.991225, 5.915291, 2.52361
9.910722, 8.103559, 6.030736, 2.524286
9.916846, 7.518961, 6.118593, 2.524551
9.928263, 7.518961, 6.202694, 2.524951
9.939336, 7.91064, 6.302124, 2.525336
9.950319, 9.006165, 6.4871, 2.525638
9.961393, 9.096029, 6.653887, 2.525876
9.972733, 9.113578, 6.823573, 2.526041
10.0614, 8.845354, 6.979676, 2.525704
10.51664, 8.892074, 7.167828, 2.468666
10.52778, 8.347441, 7.315068, 2.466256
10.53876, 8.359139, 7.457126, 2.463765
10.56104, 8.640167, 7.628675, 2.458573
10.57242, 8.341029, 7.776508, 2.455799
10.5834, 7.738405, 7.918983, 2.45308
10.59532, 8.04598, 8.083673, 2.45007
10.60562, 7.158895, 8.150372, 2.447455
10.6168, 7.454484, 8.171197, 2.444507
10.6278, 7.263776, 8.149444, 2.441588
10.63888, 6.150417, 8.074816, 2.438603
10.65003, 6.087448, 7.979627, 2.435614
10.66113, 4.211208, 7.785009, 2.432525
10.67214, 4.436958, 7.630908, 2.429461
10.68329, 4.850536, 7.497487, 2.42628
10.69507, 5.402149, 7.372062, 2.422783
10.70552, 5.780157, 7.210761, 2.419712
10.71692, 5.768644, 7.044393, 2.416242
10.72835, 5.489, 6.863164, 2.412853
10.73899, 6.183939, 6.730093, 2.409633
10.74984, 6.210064, 6.595993, 2.406254
11.14971, 8.446036, 6.600923, 2.251576
11.16097, 7.329324, 6.549432, 2.24638
11.17167, 7.097042, 6.472276, 2.241356
11.183, 6.472182, 6.378833, 2.236068
11.19429, 6.189839, 6.301405, 2.230818
11.20521, 7.149841, 6.256598, 2.225717
11.21671, 8.23943, 6.310625, 2.220243
11.2275, 7.640784, 6.31994, 2.21506
11.23856, 6.386729, 6.276088, 2.209637
11.24972, 6.709051, 6.304019, 2.204171
11.26081, 6.258927, 6.312594, 2.198702
11.27189, 7.889904, 6.496529, 2.193213
11.28283, 7.714696, 6.660416, 2.187703
11.29417, 9.791528, 6.907465, 2.18206
11.30536, 9.978974, 7.136307, 2.176413
11.31641, 9.697687, 7.332184, 2.170794
11.33851, 6.581439, 7.372823, 2.159466
11.34979, 6.54114, 7.42543, 2.153609
11.36078, 6.486966, 7.440581, 2.147883
11.37196, 9.145981, 7.587377, 2.142005
11.38296, 8.200178, 7.575085, 2.136198
11.39457, 7.122973, 7.564767, 2.130011
11.40564, 6.906833, 7.555256, 2.124118
11.41622, 6.691974, 7.566245, 2.118499
11.42751, 7.68675, 7.641091, 2.112397
11.43858, 8.044181, 7.685808, 2.106334
11.44945, 8.027902, 7.675232, 2.100388
11.46064, 8.044507, 7.695418, 2.094236
11.47191, 7.160761, 7.73412, 2.088003
11.48296, 7.133783, 7.755357, 2.081933
11.49424, 6.745453, 7.779684, 2.075773
11.50577, 6.69506, 7.719941, 2.069348
11.51637, 6.024796, 7.635446, 2.063344
11.52727, 5.299782, 7.410859, 2.05718
11.53881, 6.313256, 7.227573, 2.050606
11.54956, 5.470932, 7.016235, 2.044476
11.56073, 6.120441, 6.993186, 2.038081
11.57195, 4.759652, 6.904111, 2.031623
11.58292, 7.311923, 6.945359, 2.025257
11.59438, 7.442297, 6.860175, 2.018557
11.60494, 7.485221, 6.824426, 2.012502
11.61627, 7.624888, 6.849523, 2.005815
11.6275, 7.477778, 6.87807, 1.9992
11.63856, 7.289876, 6.907965, 1.992644
11.64954, 7.641083, 6.905682, 1.986149
11.66056, 7.405174, 6.873731, 1.979634
11.67164, 6.429063, 6.793789, 1.973022
11.68321, 7.146529, 6.74889, 1.966052
11.69416, 6.280751, 6.704889, 1.959495
11.70504, 7.994147, 6.747907, 1.952867
11.71631, 6.642404, 6.742754, 1.946078
11.72814, 8.144577, 6.81523, 1.938873
11.73828, 7.027192, 6.86535, 1.932702
11.7494, 7.275497, 6.964136, 1.925888
11.76063, 6.852113, 6.991078, 1.91895
11.77207, 6.474219, 7.041242, 1.91189
11.78278, 5.864131, 7.028427, 1.905185
11.79393, 7.591835, 7.170035, 1.898169
11.80497, 8.828803, 7.245879, 1.89123
11.81621, 7.289182, 7.238224, 1.884137
11.83217, 7.858059, 7.256866, 1.87409
11.86032, 9.993879, 7.375316, 1.856227
11.89375, 9.286142, 7.465734, 1.834756
11.90567, 6.855814, 7.444032, 1.827057
11.91622, 7.028518, 7.413404, 1.82028
11.92727, 7.198878, 7.403089, 1.813068
11.93884, 9.763118, 7.569791, 1.805522
11.9605, 9.698787, 7.697404, 1.791466
11.97182, 7.612736, 7.764004, 1.784114
11.98261, 6.850714, 7.706832, 1.777085
11.99372, 6.02706, 7.676064, 1.769829
12.00496, 7.015491, 7.61961, 1.76241
12.01594, 6.828708, 7.609685, 1.755123
12.02716, 6.683627, 7.580092, 1.747724
12.03833, 6.477151, 7.561344, 1.740455
12.04928, 6.147453, 7.545006, 1.733202
12.06058, 5.07913, 7.505755, 1.725712
12.07164, 5.070837, 7.379706, 1.718397
12.08262, 5.203314, 7.198431, 1.711156
12.09387, 5.2178, 7.094862, 1.703668
12.10494, 5.025889, 6.953254, 1.696292
12.11605, 5.075999, 6.70736, 1.688814
12.12725, 5.12158, 6.499132, 1.68129
12.13817, 4.60318, 6.3865, 1.673967
12.14938, 4.693186, 6.269733, 1.666411
12.16056, 4.563014, 6.13794, 1.658859
12.17147, 4.572298, 5.8784, 1.651507
12.18266, 4.597211, 5.623321, 1.643883
12.19401, 4.602281, 5.472798, 1.636177
12.20493, 4.064909, 5.333508, 1.628776
12.21606, 4.193952, 5.241853, 1.621186
12.22712, 4.106232, 5.09639, 1.61365
12.23834, 4.38685, 4.974297, 1.606002
12.24927, 4.448289, 4.86253, 1.598546
12.26038, 4.597876, 4.768567, 1.59091
12.27158, 4.654777, 4.693933, 1.583239
12.28256, 4.824876, 4.68122, 1.575782
12.29373, 4.102787, 4.632817, 1.568152
12.30476, 3.988815, 4.572093, 1.560555
12.3159, 4.383772, 4.530391, 1.552963
12.32677, 4.835851, 4.52089, 1.545487
12.33823, 4.665541, 4.500367, 1.537741
12.34928, 4.063118, 4.447444, 1.530182
12.36056, 4.592557, 4.446913, 1.522374
12.3714, 3.652948, 4.394901, 1.514949
12.38261, 3.511317, 4.342316, 1.507255
12.39402, 3.041254, 4.265764, 1.499342
12.40469, 2.881416, 4.179974, 1.491972
12.41587, 2.845048, 4.092113, 1.484274
12.42694, 2.665379, 4.022136, 1.476656
12.43827, 2.634068, 3.944142, 1.468889
12.44904, 2.590343, 3.868347, 1.46147
12.46046, 2.509829, 3.774496, 1.453674
12.47165, 2.371314, 3.670647, 1.445917
12.48255, 2.25957, 3.553732, 1.438351
12.49366, 2.253263, 3.433656, 1.430629
12.50472, 2.154446, 3.300135, 1.422985
12.51582, 2.196797, 3.204835, 1.415267
12.52689, 2.119246, 3.111357, 1.407569
12.53875, 2.136057, 2.998971, 1.39924
12.54914, 2.12564, 2.863461, 1.392031
12.56109, 2.117829, 2.736075, 1.383757
12.5713, 2.138871, 2.639863, 1.376669
12.58243, 3.109516, 2.565711, 1.36908
12.5935, 3.129141, 2.53952, 1.361477
12.60475, 3.347264, 2.531317, 1.353715
12.6159, 3.696528, 2.564081, 1.345967
12.62686, 3.466021, 2.593312, 1.338423
12.6381, 3.227078, 2.612413, 1.330671
12.64914, 3.050977, 2.631693, 1.323058
12.66021, 3.073756, 2.653677, 1.315425
12.6715, 3.30173, 2.689247, 1.307673
12.68254, 3.28072, 2.727791, 1.300121
12.69357, 3.083282, 2.76339, 1.292588
12.70506, 3.08621, 2.804722, 1.284661
12.71568, 3.12192, 2.848155, 1.277334
12.72677, 3.141058, 2.897485, 1.269743
12.73795, 2.910285, 2.93316, 1.262143
12.74915, 2.73297, 2.963846, 1.254483
12.7601, 2.690949, 2.99159, 1.247067
12.77133, 2.517751, 3.011196, 1.239287
12.78245, 2.47715, 3.029162, 1.231709
12.7935, 2.352592, 3.039848, 1.224173
12.80481, 2.393544, 3.004049, 1.216488
12.81583, 2.399498, 2.967567, 1.209022
12.82667, 2.418252, 2.921117, 1.201681
12.83795, 2.360012, 2.854291, 1.194027
12.84926, 2.316437, 2.796812, 1.186411
12.8599, 2.311385, 2.751027, 1.179172
12.87157, 2.562669, 2.726612, 1.171284
12.88236, 2.589363, 2.702392, 1.164012
12.89335, 2.577334, 2.666172, 1.156577
12.90499, 2.549601, 2.629616, 1.148764
12.91568, 2.497143, 2.600309, 1.141711
12.92661, 2.227585, 2.557378, 1.134404
12.93789, 1.993862, 2.500975, 1.126885
12.94889, 1.982851, 2.443064, 1.119554
12.96004, 2.011973, 2.398149, 1.112133
12.9715, 1.886848, 2.355843, 1.104509
12.98221, 1.800885, 2.31134, 1.09745
12.99354, 1.772521, 2.274078, 1.090057
13.00493, 1.80408, 2.240425, 1.082536
13.01561, 1.746707, 2.21013, 1.075558
13.02664, 1.749126, 2.17791, 1.068358
13.0379, 1.735202, 2.144695, 1.060911
13.04894, 1.755139, 2.111539, 1.053787
13.06008, 1.755043, 2.081291, 1.046622
13.07122, 1.744979, 2.052718, 1.039369
13.08282, 1.63031, 2.018664, 1.031899
13.09328, 1.232895, 1.952175, 1.025198
13.10439, 1.395524, 1.892483, 1.018105
13.11559, 1.311382, 1.829186, 1.010928
13.12655, 1.338237, 1.768618, 1.003935
13.13764, 1.381623, 1.712842, 0.9968032
13.14889, 1.296501, 1.666287, 0.9896935
13.16002, 1.279069, 1.630548, 0.9826601
13.17105, 1.314843, 1.597147, 0.9757825
13.18207, 1.3057, 1.561834, 0.9688774
13.19335, 1.295018, 1.532242, 0.9618242
13.20452, 1.315233, 1.507959, 0.9548441
13.21548, 1.300994, 1.484383, 0.9480328
13.22661, 1.30099, 1.459229, 0.9411562
13.23791, 1.30325, 1.437056, 0.9342414
13.24923, 1.299047, 1.414552, 0.9272683
13.25987, 1.327813, 1.394182, 0.9207025
13.27089, 1.322445, 1.372548, 0.913951
13.28211, 1.315385, 1.350565, 0.9071035
13.29314, 1.274625, 1.327047, 0.9003747
13.30436, 1.274778, 1.309271, 0.8935603
13.31552, 1.276123, 1.311432, 0.8867422
13.32634, 1.256966, 1.304504, 0.8802307
13.33782, 1.259624, 1.301916, 0.8734159
13.34906, 1.261978, 1.298103, 0.8667194
13.3606, 1.274122, 1.292728, 0.8598624
13.37096, 1.269848, 1.291396, 0.8538523
13.38206, 1.232259, 1.289055, 0.8473207
13.39362, 1.24361, 1.285493, 0.8405648
13.40422, 1.185101, 1.279464, 0.8343838
13.42059, 1.183438, 1.273885, 0.8248556
13.42659, 1.151718, 1.265709, 0.8213445
13.43762, 1.181884, 1.259753, 0.8150529
13.44869, 1.203857, 1.254897, 0.8086523
13.45972, 1.1603, 1.247749, 0.8023788
13.47106, 1.161946, 1.240894, 0.7959408
13.48192, 1.154578, 1.232232, 0.7898075
13.49328, 1.164848, 1.224352, 0.7833546
13.50427, 1.162635, 1.216715, 0.7772224
13.51536, 1.157326, 1.21085, 0.7711225
13.52647, 1.147714, 1.204497, 0.7649778
13.53771, 1.002054, 1.190794, 0.7586973
13.54879, 0.9967996, 1.177785, 0.7526538
13.55972, 1.004872, 1.165048, 0.7466807
13.57096, 0.9889565, 1.151397, 0.7405463
13.58238, 0.9700558, 1.136193, 0.734376
13.59307, 0.9462072, 1.120011, 0.7286035
13.60412, 0.9213319, 1.104465, 0.7226651
13.61543, 0.9144027, 1.088004, 0.7166424
13.62656, 0.910946, 1.074297, 0.7107564
13.63772, 0.8776683, 1.059008, 0.7049114
13.64868, 0.8885486, 1.04585, 0.6991655
13.6598, 0.8666465, 1.030088, 0.6933956
13.67091, 0.8608654, 1.012938, 0.6876526
13.68216, 0.8541098, 0.9976286, 0.6818867
13.69312, 0.8546522, 0.9822639, 0.6763653
13.70448, 0.8555822, 0.9673141, 0.6706277
13.71534, 0.8538561, 0.9517645, 0.6651385
13.72644, 0.8616887, 0.9367172, 0.659598
13.73756, 0.8731883, 0.9225103, 0.6540952
13.74851, 0.8386085, 0.9070549, 0.6487955
13.75958, 0.8307828, 0.8984913, 0.6434135
13.77092, 0.836879, 0.8904953, 0.6379505
13.78196, 0.836561, 0.8820798, 0.632664
13.79288, 0.8324947, 0.8742567, 0.6274565
13.8042, 0.7996123, 0.8657345, 0.6221135
13.81545, 0.891988, 0.8630236, 0.6167876
13.82622, 0.8929967, 0.8616068, 0.6117357
13.83738, 0.8528981, 0.8585316, 0.6065402
13.84855, 0.8557193, 0.8557702, 0.6013707
13.85956, 0.8356785, 0.8536707, 0.5963689
13.87066, 0.8117593, 0.8498313, 0.591358
13.88182, 0.8148191, 0.84724, 0.5863495
13.89282, 0.8059648, 0.844495, 0.581499
13.90402, 0.7981322, 0.8416961, 0.5765375
13.91524, 0.8016325, 0.839045, 0.5716085
13.92646, 0.8026104, 0.8363964, 0.5667416
13.93745, 0.8199503, 0.8347011, 0.5620693
13.94856, 0.8177108, 0.8325022, 0.5573684
13.9596, 0.8246303, 0.8300743, 0.5526826
13.97081, 0.7831, 0.8272989, 0.5479323
13.98181, 0.788243, 0.8251719, 0.5433567
13.99313, 0.783403, 0.8224981, 0.5388031
14.0039, 0.7784262, 0.8195914, 0.5344121
14.0155, 0.7828741, 0.8171104, 0.5296827
14.02607, 0.7683998, 0.8155497, 0.525457
14.03753, 0.7616321, 0.809032, 0.5209911
14.04824, 0.7564433, 0.8022043, 0.5168823
14.05957, 0.7259476, 0.7958568, 0.5125156
14.07072, 0.7228336, 0.7892126, 0.5081286
14.08185, 0.6953067, 0.782194, 0.5039202
14.09282, 0.6828812, 0.77575, 0.4998897
14.10393, 0.6532425, 0.7676712, 0.4958054
14.1153, 0.6404363, 0.7593948, 0.4915666
14.12648, 0.6356835, 0.7512724, 0.4875181
14.13735, 0.6347801, 0.7429298, 0.4836572
14.14837, 0.6293331, 0.7342659, 0.479926
14.15965, 0.6271424, 0.7246255, 0.4759935
14.17054, 0.6228173, 0.7148808, 0.4722385
14.18192, 0.6033447, 0.7038165, 0.4683481
14.19283, 0.6019096, 0.694757, 0.4646294
14.20378, 0.6758593, 0.6891378, 0.4609936
14.21524, 0.6781983, 0.6838775, 0.4572695
14.22618, 0.6683848, 0.6783754, 0.4537383
14.2373, 0.6445552, 0.6714595, 0.4502416
14.24895, 0.6440374, 0.6652414, 0.4465359
14.25941, 0.6458039, 0.6594499, 0.44327
14.27047, 0.6371885, 0.6534872, 0.439868
14.28189, 0.6385288, 0.6491163, 0.4363971
14.29263, 0.6186054, 0.6439049, 0.4332212
14.30417, 0.5872426, 0.6385016, 0.4297938
14.31533, 0.5843604, 0.6335756, 0.4265552
14.3261, 0.592494, 0.6305382, 0.4234398
14.3372, 0.5898628, 0.6280095, 0.4203036
14.34836, 0.5903124, 0.6257409, 0.4172653
14.35926, 0.5821748, 0.6231107, 0.4142915
14.37056, 0.5735171, 0.6203198, 0.4112548
14.38156, 0.5523836, 0.6165819, 0.4083485
14.3926, 0.5554587, 0.613214, 0.4054609
14.40393, 0.5698102, 0.6115373, 0.4025643
14.415, 0.6074852, 0.611816, 0.3997381
14.42634, 0.6187874, 0.6089624, 0.3968933
14.43734, 0.6035067, 0.6052279, 0.3942325
14.44825, 0.5978458, 0.601701, 0.3917168
14.45929, 0.582939, 0.5986202, 0.3891401
14.47046, 0.5824918, 0.5955429, 0.3866605
14.48181, 0.5704107, 0.5917732, 0.3841267
14.49288, 0.5612357, 0.5879756, 0.3817544
14.50397, 0.5557064, 0.5838344, 0.3793786
14.51486, 0.5504726, 0.5804278, 0.377051
14.52605, 0.5305622, 0.5775937, 0.3747295
14.5371, 0.5527148, 0.5760115, 0.3725186
14.54803, 0.5340397, 0.5730888, 0.3704173
14.55925, 0.5315104, 0.5701711, 0.3682707
14.5704, 0.5219908, 0.5667551, 0.3660828
14.5815, 0.5126431, 0.5632784, 0.3640454
14.5927, 0.5073302, 0.5599691, 0.3620078
14.60362, 0.4993223, 0.557316, 0.3601321
14.61488, 0.4972846, 0.5544073, 0.3581944
14.62697, 0.4783745, 0.5498356, 0.356266
14.63706, 0.4786094, 0.5433918, 0.3546599
14.64803, 0.4757827, 0.5362415, 0.3530859
14.65934, 0.4642485, 0.5292786, 0.3514017
14.67028, 0.4640338, 0.522588, 0.3497739
14.68164, 0.467748, 0.5168284, 0.348164
14.69257, 0.4699503, 0.5112013, 0.3466332
14.7036, 0.4769541, 0.5065285, 0.3451851
14.71479, 0.483451, 0.5026393, 0.3438132
14.72596, 0.4847729, 0.4990926, 0.3423912
14.73726, 0.4803991, 0.495589, 0.3410757
14.74819, 0.4816519, 0.4931435, 0.3398476
14.75924, 0.4809748, 0.4895565, 0.3386793
14.77057, 0.4819404, 0.4869515, 0.3374764
14.78149, 0.4841865, 0.4845853, 0.3364329
14.79258, 0.4574344, 0.4813575, 0.3354297
14.80364, 0.4398899, 0.4777199, 0.3344995
14.81481, 0.4966413, 0.4771854, 0.3336036
14.82598, 0.4673022, 0.4755844, 0.3327081
14.83694, 0.4511551, 0.473278, 0.3319088
14.84804, 0.4435761, 0.471538, 0.3310694
14.859, 0.4434411, 0.4697796, 0.3303575
14.87041, 0.4415619, 0.4680686, 0.3297426
14.88137, 0.4450185, 0.4671071, 0.329136
14.89306, 0.4409988, 0.4659553, 0.3285768
14.9036, 0.4471951, 0.4649277, 0.3280873
14.9147, 0.4430942, 0.4635849, 0.3278358
14.92585, 0.4405459, 0.4617645, 0.3274555
14.93759, 0.4272165, 0.4589528, 0.3271083
14.94795, 0.4254135, 0.4559848, 0.3268327
14.95917, 0.4259194, 0.4532608, 0.3266107
14.97116, 0.4256749, 0.4504619, 0.3264534
14.98145, 0.426133, 0.4477198, 0.3263512
14.99662, 0.4261899, 0.4449323, 0.3262366
15.00375, 0.42153, 0.4417995, 0.3262019
15.01449, 0.4228596, 0.4400707, 0.3263204
15.02565, 0.419436, 0.4390481, 0.3263476
15.0368, 0.4167091, 0.4350514, 0.3264804
15.04789, 0.416757, 0.4325241, 0.3266652
15.05904, 0.4177187, 0.4308524, 0.3269066
15.07019, 0.4242299, 0.4298851, 0.3271224
15.08115, 0.4330379, 0.4293649, 0.3274766
15.09212, 0.4380652, 0.4291901, 0.3278401
15.10385, 0.4331499, 0.4285966, 0.3283415
15.11457, 0.4286024, 0.4279768, 0.3289294
15.12566, 0.431173, 0.4271757, 0.3295609
15.13659, 0.4120161, 0.4256218, 0.330183
15.14803, 0.4202437, 0.4246067, 0.3308861
15.15912, 0.4242502, 0.4244584, 0.3316253
15.17002, 0.4140624, 0.4238908, 0.3323663
15.18161, 0.4280104, 0.4239953, 0.3332478
15.19222, 0.4191613, 0.4236696, 0.3340541
15.20339, 0.4155049, 0.4231382, 0.3350759
15.21464, 0.4159857, 0.422628, 0.3361632
15.22568, 0.4159859, 0.4223508, 0.3372331
15.23686, 0.4138044, 0.4218981, 0.338379
15.24757, 0.4209909, 0.4219758, 0.3396035
15.2592, 0.424121, 0.4223464, 0.3409015
15.27012, 0.4232053, 0.4226688, 0.3422459
15.28124, 0.4235099, 0.4229584, 0.3436021
15.29265, 0.4259001, 0.4230419, 0.3450297
15.3035, 0.4251384, 0.4226469, 0.3464044
15.31447, 0.4257074, 0.4220291, 0.3478976
15.3254, 0.4261663, 0.4216799, 0.3494046
15.33672, 0.4236297, 0.4214312, 0.3510333
15.34769, 0.4302682, 0.421386, 0.3525988
15.3588, 0.4318125, 0.4223758, 0.3542821
15.36984, 0.4329031, 0.4230088, 0.3559422
15.38125, 0.4316687, 0.4233797, 0.3577822
15.39216, 0.4357383, 0.4244635, 0.3595724
15.40358, 0.4383048, 0.4249783, 0.3616182
15.41466, 0.4501072, 0.4265256, 0.3635657
15.42628, 0.4521575, 0.4283582, 0.3656582
15.43662, 0.4434339, 0.4297306, 0.3675715
15.44766, 0.4488215, 0.4313724, 0.3696711
15.45896, 0.4399986, 0.4326821, 0.3718705
15.46992, 0.446906, 0.4339779, 0.3740396
15.48122, 0.4381406, 0.4346789, 0.3763263
15.49227, 0.4485207, 0.4359446, 0.3786142
15.50361, 0.4488159, 0.43721, 0.3810284
15.51455, 0.4529561, 0.4385628, 0.3834184
15.52575, 0.4545867, 0.4400352, 0.3859071
15.53665, 0.4530154, 0.4414006, 0.3883721
15.54762, 0.4580609, 0.4429953, 0.3908911
15.55879, 0.457628, 0.4446952, 0.3935109
15.57012, 0.4563685, 0.4460002, 0.3962498
15.58109, 0.4648758, 0.4476534, 0.3989383
15.59221, 0.4654049, 0.4492785, 0.4017132
15.60311, 0.4652806, 0.4509591, 0.4044891
15.61444, 0.4684989, 0.4525971, 0.4074017
15.62542, 0.4712081, 0.4542423, 0.410255
15.63651, 0.4811631, 0.455795, 0.4131939
15.64759, 0.4907179, 0.4577231, 0.4162035
15.65879, 0.4924335, 0.4601731, 0.4192834
15.66986, 0.4839551, 0.4619298, 0.422401
15.68098, 0.4820129, 0.4640305, 0.4255731
15.69195, 0.47705, 0.4655377, 0.4287503
15.70312, 0.4804473, 0.467653, 0.4319686
15.71442, 0.4962174, 0.4700378, 0.4353221
15.7257, 0.4950782, 0.4723509, 0.4387752
15.73679, 0.4929288, 0.4743496, 0.4421759
15.74753, 0.4878955, 0.476015, 0.445452
15.75881, 0.4889819, 0.4778133, 0.4489975
15.76987, 0.4850782, 0.4791642, 0.4525336
15.78104, 0.488086, 0.4806871, 0.4561574
15.79202, 0.4839115, 0.4820642, 0.4597049
15.80316, 0.4853512, 0.483088, 0.4634844
15.81429, 0.4908692, 0.4843612, 0.4672205
15.8254, 0.4879891, 0.4854967, 0.4709853
15.8364, 0.4903187, 0.4865876, 0.4747652
15.8477, 0.4897484, 0.4875146, 0.4786665
15.85843, 0.4894153, 0.4879273, 0.4824567
15.86973, 0.487095, 0.4877461, 0.4863981
15.88105, 0.5168427, 0.4889666, 0.4904827
15.8919, 0.5263407, 0.4910858, 0.4945084
15.90308, 0.5439287, 0.4941816, 0.498675
15.91425, 0.5391526, 0.4972867, 0.5028731
15.92539, 0.5389096, 0.5002099, 0.5070707
15.93645, 0.543843, 0.5025912, 0.5112792
15.94773, 0.5410088, 0.5048877, 0.5156595
15.95868, 0.5363203, 0.5070573, 0.5199206
15.9698, 0.5405724, 0.5096911, 0.5242096
15.98101, 0.5518997, 0.5128371, 0.5286536
15.99204, 0.5577264, 0.5164695, 0.5330043
16.0031, 0.5597758, 0.520054, 0.5374616
16.01412, 0.5746451, 0.5245906, 0.5419396
16.02508, 0.5839199, 0.529519, 0.5464431
16.0365, 0.5902639, 0.5344888, 0.551154
16.04742, 0.6001378, 0.5400962, 0.5558465
16.05844, 0.6052071, 0.5458406, 0.5605014
16.0697, 0.6017853, 0.5514425, 0.565407
16.0809, 0.6666144, 0.5603025, 0.5702478
16.0919, 0.6778584, 0.5698407, 0.5750433
16.10297, 0.6786802, 0.5779325, 0.5799304
16.11404, 0.6772109, 0.585476, 0.5848405
16.12615, 0.6709159, 0.5918254, 0.5902699
16.13629, 0.6787944, 0.5988075, 0.5948411
16.14742, 0.6815261, 0.6059383, 0.5998618
16.15856, 0.7077744, 0.6141349, 0.6049821
16.16961, 0.712782, 0.6227235, 0.6100927
16.18078, 0.6696478, 0.6293899, 0.6153194
16.19198, 0.6797639, 0.6363495, 0.6206431
16.20296, 0.6891469, 0.6432118, 0.6258483
16.21398, 0.6929147, 0.6499712, 0.6311302
16.22527, 0.6955603, 0.6567605, 0.6365464
16.23624, 0.7208863, 0.6640726, 0.6418728
16.24745, 0.7384472, 0.6717989, 0.6472352
16.25861, 0.7370828, 0.6791399, 0.6527217
16.26958, 0.741691, 0.6862175, 0.6581571
16.28101, 0.9389121, 0.7029027, 0.6638364
16.29184, 0.9973556, 0.7226812, 0.6693011
16.30294, 0.8984891, 0.734275, 0.6750004
16.31409, 0.8596835, 0.7433662, 0.6806577
16.32509, 0.8927207, 0.7540682, 0.6862848
16.33635, 0.9245916, 0.7664372, 0.6920682
16.34737, 0.9253446, 0.7791587, 0.6977472
16.35845, 0.9175326, 0.7910956, 0.7035483
16.36963, 0.9154004, 0.8027892, 0.7093749
16.38093, 0.9253567, 0.8136683, 0.7153534
16.39175, 0.9335269, 0.8247055, 0.7211137
16.40277, 0.9372131, 0.8380839, 0.7269099
16.41425, 0.9325721, 0.8507242, 0.7330613
16.42552, 0.9369151, 0.8631126, 0.7391168
16.43625, 0.9529008, 0.8761119, 0.7449347
16.44725, 0.9436254, 0.8885151, 0.7510009
16.45854, 0.8828111, 0.8966113, 0.7571803
16.46969, 0.87958, 0.9036679, 0.7633167
16.48148, 0.9098589, 0.9123067, 0.7698901
16.49168, 0.912002, 0.9208223, 0.7756159
16.50286, 0.9415382, 0.9209536, 0.781907
16.51368, 0.8971056, 0.9159411, 0.7879933
16.5256, 0.9139453, 0.9167139, 0.7946743
16.53613, 0.9150516, 0.9194824, 0.8006549
16.5472, 0.9018721, 0.9199399, 0.8068766
16.55839, 0.9030322, 0.918862, 0.813282
16.56965, 0.9009484, 0.9176421, 0.8197387
16.58517, 0.857569, 0.9146439, 0.8288085
16.59155, 0.8498054, 0.9113643, 0.8323709
16.60269, 0.8498054, 0.9075868, 0.8389766
16.6138, 0.8400933, 0.9029151, 0.8454797
16.62514, 0.8520293, 0.8986559, 0.852145
16.63608, 0.8655189, 0.8953032, 0.8586091
16.64723, 0.8558219, 0.8912486, 0.865253
16.6584, 0.8547669, 0.8863419, 0.8718532
16.66928, 0.8507899, 0.8817002, 0.878242
16.68051, 0.8895808, 0.8820388, 0.8850439
16.69161, 0.9227831, 0.884199, 0.891706
16.70257, 0, 0.838706, 0.8982635
16.71397, 0.9249128, 0.8393515, 0.9051797
16.72503, 0.9273486, 0.8386421, 0.9118534
16.73619, 0.9292662, 0.8402501, 0.9186505
16.74698, 0.9402515, 0.8415654, 0.9252597
16.75832, 0.9450763, 0.8430666, 0.9322053
16.76951, 0.9610924, 0.8460276, 0.9391711
16.78053, 0.9576001, 0.848756, 0.9459937
16.7915, 0.995891, 0.8535031, 0.9528062
16.8026, 1.009072, 0.8610783, 0.9596797
16.81428, 1.01173, 0.8691745, 0.966961
16.82487, 1.005954, 0.8769819, 0.9736401
16.83602, 1.026578, 0.8863061, 0.9806669
16.8474, 1.094258, 0.8984175, 0.9878931
16.85806, 1.082755, 0.9092793, 0.9946733
16.8693, 1.097105, 0.9213435, 1.001762
16.88077, 1.16518, 0.9368642, 1.009136
16.89138, 1.174329, 0.9530411, 1.015957
16.90268, 1.171188, 0.9671214, 1.023212
16.91382, 1.166692, 0.9793169, 1.030402
16.92505, 1.16799, 1.037716, 1.037615
16.93602, 1.213446, 1.052143, 1.044728
16.94708, 1.22465, 1.067008, 1.051911
16.95813, 1.208982, 1.080994, 1.059119
16.96979, 1.191051, 1.093534, 1.066806
16.98049, 1.297244, 1.111142, 1.073805
16.99173, 1.309424, 1.128559, 1.081082
17.00271, 1.296141, 1.145486, 1.088217
17.01359, 1.284204, 1.159901, 1.095383
17.02484, 1.286349, 1.173765, 1.102882
17.03581, 1.32138, 1.189248, 1.110145
17.04712, 1.314182, 1.204659, 1.117586
17.05822, 1.309038, 1.218782, 1.124911
17.06921, 1.30989, 1.229564, 1.132146
17.0807, 1.50221, 1.250537, 1.139762
17.09131, 1.735091, 1.282436, 1.146861
17.10248, 1.715055, 1.30993, 1.154346
17.11364, 1.569599, 1.329693, 1.1618
17.12492, 1.662475, 1.354258, 1.169386
17.13573, 1.615813, 1.376714, 1.176643
17.14687, 1.547075, 1.395668, 1.184155
17.15814, 1.614345, 1.415713, 1.191744
17.16918, 1.702109, 1.439586, 1.199171
17.18053, 1.616728, 1.459973, 1.206876
17.19136, 1.621115, 1.481476, 1.214221
17.20249, 1.588129, 1.496021, 1.221703
17.21373, 1.544538, 1.507776, 1.229342
17.22471, 1.560544, 1.520997, 1.236822
17.2358, 1.548411, 1.534207, 1.244382
17.2469, 1.508092, 1.545294, 1.251991
17.25805, 1.503854, 1.554418, 1.2596
17.26921, 1.369195, 1.557168, 1.267286
17.28015, 1.291644, 1.556299, 1.274827
17.29134, 1.322934, 1.556951, 1.282623
17.30251, 1.323923, 1.548036, 1.290179
17.31358, 1.371212, 1.529843, 1.29778
17.32452, 1.480762, 1.518128, 1.305246
17.33578, 1.51281, 1.515288, 1.312981
17.34691, 1.572051, 1.510767, 1.32071
17.35793, 1.633278, 1.51164, 1.328302
17.36905, 1.681531, 1.518363, 1.336007
17.38034, 1.643834, 1.519838, 1.343808
17.39133, 1.645109, 1.516988, 1.351385
17.40264, 1.639382, 1.51812, 1.35924
17.4137, 1.636027, 1.518866, 1.366875
17.42453, 1.617232, 1.520321, 1.374312
17.43574, 1.607582, 1.523474, 1.382055
17.44679, 1.558392, 1.523366, 1.389705
17.45792, 1.554156, 1.523653, 1.39738
17.46904, 1.541205, 1.525309, 1.405021
17.48016, 1.548408, 1.527537, 1.412717
17.49144, 1.545476, 1.536351, 1.420523
17.50247, 1.530618, 1.5483, 1.428194
17.51343, 1.598282, 1.562067, 1.435771
17.52444, 1.550298, 1.573385, 1.443413
17.53581, 1.547376, 1.582194, 1.451267
17.54674, 1.674985, 1.591905, 1.458884
17.55787, 1.636513, 1.59809, 1.46659
17.56893, 1.733911, 1.606183, 1.474267
17.58042, 1.805321, 1.614785, 1.48227
17.59106, 1.991257, 1.630271, 1.48963
17.6025, 1.95733, 1.645946, 1.49758
17.6136, 1.937312, 1.660556, 1.505245
17.62505, 1.968638, 1.677019, 1.513165
17.6356, 2.08654, 1.699545, 1.520441
17.64697, 2.049246, 1.721145, 1.528211
17.65777, 2.037428, 1.742638, 1.535686
17.66903, 2.132523, 1.771344, 1.543333
17.68026, 2.845753, 1.835924, 1.551055
17.69133, 2.915886, 1.904658, 1.55866
17.70221, 2.915621, 1.973019, 1.566135
17.71352, 2.877548, 2.039622, 1.573902
17.72442, 2.673291, 2.096756, 1.581442
17.73549, 2.679828, 2.150833, 1.589024
17.74693, 2.764655, 2.211551, 1.596863
17.75785, 2.753251, 2.271845, 1.604316
17.76901, 2.725488, 2.32437, 1.611953
17.78004, 2.700571, 2.377573, 1.619459
17.79102, 2.581647, 2.41996, 1.626921
17.80256, 2.460385, 2.452713, 1.634698
17.81315, 2.455456, 2.475923, 1.641861
17.82443, 2.541903, 2.505152, 1.64953
17.8355, 2.368957, 2.526734, 1.656987
17.84684, 2.360735, 2.546339, 1.664636
17.8576, 2.336533, 2.558838, 1.671889
17.86892, 2.338829, 2.573318, 1.679543
17.87996, 2.348856, 2.588889, 1.687041
17.89112, 2.339384, 2.599232, 1.694529
17.90236, 2.364998, 2.575194, 1.70199
17.91342, 2.17814, 2.538307, 1.709397
17.92428, 2.535983, 2.519325, 1.716614
17.93562, 2.537569, 2.502326, 1.724146
17.94651, 2.527918, 2.495058, 1.731331
17.95823, 2.537416, 2.487937, 1.739116
17.96885, 2.555926, 2.4775, 1.746221
17.97988, 2.557129, 2.467694, 1.75353
17.99095, 2.549504, 2.458895, 1.760839
18.00262, 2.677807, 2.457757, 1.768482
18.01326, 3.15079, 2.486214, 1.775477
18.02444, 3.197596, 2.523075, 1.782762
18.03537, 3.326031, 2.566603, 1.789888
18.04677, 3.7707, 2.628043, 1.797279
18.05773, 3.827383, 2.700964, 1.804366
18.06878, 4.168477, 2.791352, 1.811589
18.07984, 4.073732, 2.878211, 1.818736
18.09084, 3.889192, 2.95573, 1.825818
18.10245, 3.638561, 3.020215, 1.8333
18.11295, 3.748864, 3.090689, 1.840044
18.12437, 3.896725, 3.167275, 1.847287
18.13523, 3.950653, 3.255901, 1.854213
18.14715, 4.017804, 3.329992, 1.86182
18.1575, 4.179723, 3.4121, 1.86838
18.16878, 4.278882, 3.499648, 1.875448
18.18458, 3.642192, 3.554887, 1.885391
18.19089, 4.632918, 3.658737, 1.889299
18.20237, 4.632918, 3.762526, 1.896395
18.21311, 5.276869, 3.898895, 1.903064
18.22414, 5.460751, 4.038042, 1.91004
18.23543, 4.76681, 4.118843, 1.917046
18.24632, 5.032221, 4.210574, 1.923679
18.25761, 4.958037, 4.292174, 1.930629
18.2687, 4.882841, 4.347781, 1.937407
18.28026, 5.827459, 4.447785, 1.944431
18.29098, 4.8117, 4.479946, 1.950916
18.30188, 5.440848, 4.548302, 1.957485
18.31312, 6.167855, 4.662235, 1.964248
18.32405, 5.123381, 4.736476, 1.970868
18.33532, 5.119752, 4.805021, 1.977653
18.34651, 5.113163, 4.865843, 1.984355
18.35754, 5.161005, 4.926361, 1.990968
18.36864, 5.103715, 4.980656, 1.997634
18.37978, 5.482807, 5.04581, 2.004151
18.39064, 5.52766, 5.108249, 2.010539
18.40221, 5.601272, 5.206203, 2.01738
18.41308, 4.799523, 5.214533, 2.023665
18.424, 4.271078, 5.196441, 2.030076
18.4353, 4.040713, 5.134633, 2.036582
18.44643, 4.38677, 5.080934, 2.042794
18.45783, 4.394723, 5.06233, 2.049306
18.46851, 4.650719, 5.043255, 2.055321
18.47964, 4.377437, 5.014225, 2.0616
18.49085, 5.355373, 5.037851, 2.067919
18.50206, 4.988979, 4.995927, 2.07425
18.5132, 4.923816, 5.001533, 2.080446
18.52428, 4.502487, 4.954614, 2.086643
18.53555, 4.84603, 4.888523, 2.092894
18.54634, 5.767637, 4.920736, 2.098835
18.55749, 5.415006, 4.935499, 2.104923
18.56867, 5.753222, 4.967502, 2.111066
18.5796, 5.429994, 4.980951, 2.116885
18.59093, 6.755963, 5.063563, 2.123032
18.6022, 6.635896, 5.121218, 2.129025
18.613, 6.976044, 5.193637, 2.134788
18.62414, 7.944647, 5.310806, 2.140678
18.63539, 7.162477, 5.428954, 2.14657
18.64649, 8.130014, 5.621901, 2.152349
18.65781, 5.235719, 5.681651, 2.158207
18.66862, 5.163844, 5.720504, 2.163711
18.67979, 5.1452, 5.758029, 2.169456
18.69065, 4.857226, 5.768353, 2.174937
18.70181, 4.844822, 5.791723, 2.180537
18.71298, 9.578013, 6.002855, 2.186114
18.72413, 9.617879, 6.2343, 2.191762
18.73544, 8.919309, 6.434074, 2.197344
18.74632, 8.637939, 6.640847, 2.202724
18.77989, 9.602371, 6.878664, 2.218892
18.79072, 8.577914, 7.019178, 2.224029
18.80219, 8.42016, 7.169436, 2.229452
18.81306, 6.761556, 7.219852, 2.234529
18.82382, 6.740977, 7.285402, 2.239589
18.83524, 6.257402, 7.260474, 2.244869
18.84623, 6.375259, 7.247442, 2.249896
18.85726, 6.26746, 7.212012, 2.254979
18.86851, 6.157028, 7.122632, 2.260034
18.87953, 6.108974, 7.069957, 2.265082
18.89056, 6.268291, 6.976871, 2.270003
18.90219, 6.434647, 7.036817, 2.275048
18.91282, 6.669316, 7.11209, 2.279677
18.92409, 5.254876, 7.117574, 2.284493
18.93533, 6.369094, 7.193168, 2.289371
18.94619, 7.198226, 7.310838, 2.293967
18.9572, 7.237108, 7.193793, 2.298654
18.9684, 7.086403, 7.06722, 2.303366
18.97938, 7.663891, 7.004449, 2.307886
18.99056, 8.576089, 7.001357, 2.312418
19.00166, 9.086375, 6.975557, 2.316898
19.22374, 9.539122, 7.023618, 2.397683
19.23541, 9.505928, 7.077905, 2.401445
19.24593, 9.815725, 7.230614, 2.404879
19.2571, 9.509735, 7.369051, 2.40832
19.26844, 8.554299, 7.483897, 2.411849
19.27931, 9.319029, 7.631085, 2.415177
19.29031, 7.675917, 7.701509, 2.418498
19.30184, 7.020912, 7.744702, 2.421925
19.31354, 7.634974, 7.821002, 2.425284
19.32368, 7.271436, 7.87116, 2.428182
19.33504, 7.826787, 7.940766, 2.431428
19.36819, 8.514046, 8.033003, 2.440514
19.40147, 8.663356, 8.203427, 2.44935
19.46796, 8.120459, 8.290995, 2.465459
19.47914, 8.465483, 8.354358, 2.467984
19.49032, 7.189955, 8.352, 2.470448
19.50163, 9.255256, 8.460443, 2.472935
19.54568, 6.411786, 8.397837, 2.481978
19.55708, 5.913733, 8.264719, 2.484175
19.56808, 5.820515, 8.101425, 2.486214
19.57913, 3.987492, 7.823843, 2.488205
19.59013, 4.044296, 7.550761, 2.490227
19.60154, 4.028493, 7.2614, 2.492221
19.61282, 4.318253, 7.001826, 2.494129
19.62402, 4.112652, 6.779743, 2.495941
19.63471, 3.359723, 6.481778, 2.497709
19.64582, 3.438008, 6.269882, 2.499476
19.6569, 3.526428, 6.095158, 2.501223
19.66791, 3.666336, 5.896726, 2.502857
19.67923, 3.281528, 5.69723, 2.50435
19.69045, 4.904867, 5.551135, 2.505856
19.70128, 3.867924, 5.318829, 2.507192
19.71251, 3.333588, 5.052341, 2.508592
19.72354, 4.584012, 4.875518, 2.509936
19.73469, 4.309428, 4.667715, 2.511164
19.74571, 4.076258, 4.51203, 2.512366
19.75686, 4.155765, 4.257055, 2.513515
19.76794, 4.244202, 4.148676, 2.514644
19.77915, 3.787673, 4.042373, 2.515655
19.79012, 3.687496, 3.935722, 2.516722
19.8015, 3.687239, 3.920709, 2.517734
19.81252, 3.84466, 3.910727, 2.518675
19.82346, 3.904019, 3.904503, 2.519541
19.83463, 4.197913, 3.898486, 2.520331
19.84573, 4.194493, 3.902579, 2.521172
19.85662, 4.238309, 3.946508, 2.521841
19.8683, 4.642002, 4.006707, 2.522449
19.87892, 4.658051, 4.063289, 2.523026
19.89008, 4.659056, 4.112925, 2.523576
19.90133, 4.830877, 4.190392, 2.524084
19.91251, 5.155358, 4.202917, 2.524568
19.92649, 5.648144, 4.291928, 2.525091
19.93996, 5.457473, 4.398122, 2.525483
19.94572, 5.71569, 4.454706, 2.525614
19.95671, 5.834645, 4.530967, 2.525891
19.96803, 5.664798, 4.610394, 2.526043
19.9789, 5.271271, 4.666169, 2.526128
19.99012, 5.182507, 4.713084, 2.526118
20.00115, 6.133888, 4.830395, 2.526119
