0.0112909, 2.113418, 2.113418, 2.492751
0.0217382, 2.07675, 2.095084, 2.492611
0.0328733, 2.140482, 2.110217, 2.492647
0.0439101, 2.122206, 2.113214, 2.492623
0.0550634, 2.047272, 2.100026, 2.492517
0.0661861, 2.113615, 2.10229, 2.492371
0.0771903, 2.247125, 2.122981, 2.492133
0.0885248, 2.199308, 2.132522, 2.49177
0.0999223, 2.175343, 2.13728, 2.49141
0.1115915, 2.255647, 2.149117, 2.491002
0.1218678, 2.35801, 2.168107, 2.490575
0.1327546, 2.334005, 2.181932, 2.489963
0.1438694, 2.26848, 2.188589, 2.489412
0.1549965, 2.622978, 2.219617, 2.488797
0.1659833, 3.134284, 2.280595, 2.488101
0.1771062, 2.249298, 2.278639, 2.487296
0.1884813, 2.329226, 2.281615, 2.486423
0.1994381, 2.298597, 2.282558, 2.485509
0.2104784, 2.390899, 2.28826, 2.484521
0.2217105, 2.496053, 2.29865, 2.483398
0.2326359, 2.448197, 2.315389, 2.482342
0.2438231, 2.521052, 2.337604, 2.481132
0.2549532, 2.27035, 2.344097, 2.479887
0.266081, 2.259462, 2.35096, 2.478521
0.277149, 2.292971, 2.363245, 2.477144
0.2882634, 2.561175, 2.385623, 2.475711
0.2993695, 2.133322, 2.379933, 2.474241
0.3104356, 2.195854, 2.379761, 2.472707
0.3215334, 2.337376, 2.387862, 2.47103
0.3326817, 2.340819, 2.392121, 2.469356
0.3438166, 2.163419, 2.382391, 2.467671
0.3548637, 1.635664, 2.347474, 2.465965
0.3660642, 1.932815, 2.330691, 2.464278
0.3770311, 1.992143, 2.299149, 2.462495
0.3882049, 1.925914, 2.238731, 2.460578
0.3993166, 1.671515, 2.209842, 2.458561
0.4104031, 1.783255, 2.182543, 2.45657
0.4214829, 1.828823, 2.159055, 2.45458
0.4328535, 1.91427, 2.135223, 2.452506
0.4437336, 2.064583, 2.11365, 2.450421
0.4550378, 2.036658, 2.093073, 2.448162
0.4659279, 2.013665, 2.067703, 2.445961
0.4770456, 2.027553, 2.055563, 2.44366
0.488275, 2.141222, 2.049651, 2.44131
0.4994457, 2.306651, 2.050335, 2.438954
0.510461, 2.331532, 2.038853, 2.436473
0.5214688, 2.41148, 2.052761, 2.43406
0.5327449, 2.427039, 2.06432, 2.431555
0.5437566, 2.394675, 2.067185, 2.429065
0.5549532, 2.861213, 2.093205, 2.426586
0.5658932, 2.757937, 2.122931, 2.424036
0.576928, 3.562699, 2.219283, 2.421396
0.5881848, 2.818073, 2.263546, 2.418734
0.5994205, 2.923741, 2.310126, 2.41603
0.6104141, 2.972841, 2.362472, 2.413375
0.6213586, 2.921135, 2.424953, 2.410679
0.6325457, 3.059818, 2.488781, 2.407815
0.6436561, 2.976316, 2.546155, 2.405001
0.6549371, 2.961868, 2.598535, 2.40208
0.6657683, 2.945435, 2.642578, 2.399115
0.6769409, 2.879587, 2.684724, 2.3959
0.6880074, 2.923585, 2.73022, 2.392854
0.6992373, 2.927377, 2.775212, 2.389725
0.7103391, 2.770462, 2.806674, 2.386497
0.7215869, 2.864799, 2.834581, 2.383297
0.7325525, 2.785225, 2.857266, 2.380102
0.7437792, 2.936524, 2.883518, 2.376688
0.7547363, 3.081252, 2.916229, 2.373328
0.7659269, 3.076211, 2.950305, 2.369879
0.7769386, 2.800396, 2.947264, 2.366395
0.7880456, 2.634478, 2.941091, 2.362845
0.7990993, 2.531666, 2.88954, 2.359276
0.8103163, 2.585385, 2.877905, 2.3555
0.8213649, 2.463215, 2.854879, 2.351847
0.8324907, 2.483659, 2.83042, 2.347928
0.8436309, 2.40676, 2.804701, 2.343998
0.8546451, 2.206019, 2.762011, 2.340121
0.865718, 2.156042, 2.720998, 2.336078
0.8768702, 2.132785, 2.679543, 2.332074
0.8880802, 1.866658, 2.625605, 2.327874
0.8991442, 1.867556, 2.575003, 2.323752
0.9102097, 1.901315, 2.52389, 2.319631
0.9214746, 1.8946, 2.472251, 2.315309
0.9326657, 1.901009, 2.428778, 2.310963
0.9434925, 1.905275, 2.380802, 2.306721
0.9548557, 1.882046, 2.335643, 2.302221
0.9660372, 1.884455, 2.28304, 2.297762
0.977012, 1.893302, 2.223642, 2.293262
0.9880253, 1.942331, 2.166948, 2.288733
0.9990378, 1.939403, 2.123898, 2.284145
1.010304, 1.911655, 2.087757, 2.279277
1.021376, 1.940536, 2.058201, 2.274535
1.032387, 1.991449, 2.028504, 2.26971
1.043544, 1.986494, 2.004668, 2.264876
1.054719, 2.060806, 1.983526, 2.259994
1.06567, 2.148504, 1.970613, 2.25517
1.076906, 2.1912, 1.969872, 2.250182
1.088005, 2.271262, 1.975632, 2.245175
1.098948, 2.348512, 1.986419, 2.240196
1.11013, 3.289404, 2.057556, 2.235072
1.121278, 2.624432, 2.0954, 2.229899
1.132386, 2.639549, 2.132311, 2.224734
1.154473, 4.006306, 2.237897, 2.21436
1.165618, 3.181747, 2.301934, 2.209132
1.17695, 3.401815, 2.376761, 2.203761
1.187913, 3.924516, 2.478884, 2.19853
1.198702, 3.58932, 2.564127, 2.193276
1.21011, 3.302524, 2.634588, 2.187692
1.221256, 3.360937, 2.705519, 2.182395
1.232348, 3.369496, 2.777024, 2.176946
1.24342, 3.423845, 2.852633, 2.171515
1.254521, 3.422614, 2.926737, 2.166006
1.265627, 3.543445, 3.004337, 2.160566
1.276521, 3.440588, 3.077041, 2.155155
1.288036, 3.37595, 3.142799, 2.149384
1.29897, 3.394821, 3.205114, 2.143869
1.310026, 3.316304, 3.26137, 2.13833
1.321163, 3.32047, 3.31383, 2.132674
1.332268, 3.375396, 3.365175, 2.126973
1.343361, 3.147539, 3.358081, 2.121207
1.35444, 3.127411, 3.38323, 2.115259
1.365602, 3.09666, 3.406085, 2.109453
1.376598, 3.066546, 3.359097, 2.103796
1.38788, 3.140811, 3.35705, 2.09798
1.39899, 3.141057, 3.344012, 2.0921
1.410069, 3.112722, 3.303423, 2.086008
1.421141, 3.107762, 3.279345, 2.080009
1.432159, 3.064889, 3.267464, 2.073985
1.44331, 3.133771, 3.256105, 2.067875
1.454551, 3.350307, 3.255146, 2.061669
1.465415, 2.999373, 3.233922, 2.055737
1.476967, 2.955042, 3.210543, 2.049325
1.487785, 2.744991, 3.17062, 2.04324
1.498842, 2.784764, 3.137829, 2.036904
1.50991, 2.798905, 3.108977, 2.030802
1.521057, 2.725669, 3.075519, 2.024452
1.532072, 2.727414, 3.046075, 2.018212
1.5434, 2.702294, 3.015166, 2.011648
1.554505, 2.654979, 2.979145, 2.005182
1.565623, 2.691964, 2.956366, 1.99872
1.576534, 2.713423, 2.935667, 1.992403
1.587721, 2.654758, 2.913572, 1.985869
1.598768, 2.623144, 2.891402, 1.97942
1.60999, 2.62251, 2.865487, 1.972923
1.621182, 2.500708, 2.833469, 1.966251
1.632128, 2.508978, 2.803282, 1.959694
1.643198, 2.483435, 2.772066, 1.952995
1.654398, 2.496459, 2.743644, 1.946235
1.66529, 2.532418, 2.713577, 1.939637
1.676775, 2.606014, 2.676362, 1.932763
1.687804, 2.660827, 2.659435, 1.926067
1.698801, 2.206523, 2.622009, 1.919392
1.709676, 2.040859, 2.586802, 1.91279
1.721061, 2.134774, 2.554303, 1.905834
1.732087, 2.227428, 2.525729, 1.899098
1.743168, 2.139029, 2.496397, 1.892301
1.754258, 2.156026, 2.467828, 1.885334
1.765367, 2.204886, 2.442957, 1.87845
1.776865, 2.259469, 2.423182, 1.871286
1.787959, 2.3065, 2.403908, 1.864347
1.7985, 2.307961, 2.383636, 1.857874
1.810588, 2.312825, 2.366539, 1.850227
1.820959, 2.317844, 2.351274, 1.843668
1.831894, 2.325607, 2.336429, 1.836778
1.843192, 2.285925, 2.32569, 1.829617
1.85429, 2.303176, 2.315399, 1.822601
1.865361, 2.373015, 2.309878, 1.815596
1.87666, 2.328044, 2.301458, 1.808451
1.887692, 2.279759, 2.288825, 1.801386
1.898834, 2.355239, 2.276286, 1.79432
1.909975, 2.399194, 2.263204, 1.787202
1.921119, 2.373104, 2.271533, 1.780109
1.932003, 2.371524, 2.288066, 1.773159
1.943208, 2.33023, 2.297839, 1.765824
1.954479, 2.252473, 2.299092, 1.758452
1.965287, 2.324868, 2.308383, 1.751356
1.976506, 2.337154, 2.31744, 1.744023
1.987555, 2.187596, 2.316575, 1.736763
1.998676, 2.174559, 2.31233, 1.729488
2.00999, 2.137417, 2.303876, 1.722084
2.020757, 2.317296, 2.304343, 1.714943
2.031823, 2.19538, 2.29847, 1.707691
2.042947, 2.169508, 2.291054, 1.700342
2.05433, 2.243219, 2.286934, 1.692814
2.065307, 2.182719, 2.281774, 1.685525
2.076238, 2.150574, 2.274144, 1.678262
2.087497, 2.253447, 2.268165, 1.670756
2.098555, 2.159364, 2.259731, 1.663391
2.109589, 2.16788, 2.254137, 1.655981
2.120649, 2.230035, 2.247877, 1.648646
2.13188, 2.230183, 2.239426, 1.641093
2.143139, 2.140952, 2.227819, 1.633498
2.154167, 2.194887, 2.218987, 1.62607
2.165236, 2.143285, 2.20964, 1.618624
2.176491, 2.217058, 2.207869, 1.610996
2.18744, 2.231607, 2.203206, 1.603693
2.198703, 2.248744, 2.198786, 1.596067
2.209674, 2.209159, 2.199864, 1.588625
2.220802, 2.065466, 2.194409, 1.58107
2.231772, 2.167711, 2.195924, 1.573602
2.242867, 2.110606, 2.185589, 1.566027
2.254315, 2.001511, 2.175896, 1.558262
2.265266, 2.006322, 2.167737, 1.550858
2.276203, 1.996989, 2.155425, 1.543384
2.287469, 1.926937, 2.142636, 1.535685
2.298473, 1.920341, 2.131124, 1.528098
2.309623, 1.865549, 2.111729, 1.520417
2.320836, 1.819129, 2.094718, 1.512823
2.331905, 1.821308, 2.077389, 1.505185
2.343043, 1.79735, 2.055755, 1.497478
2.353914, 1.768386, 2.032665, 1.490038
2.365299, 1.824609, 2.016848, 1.482123
2.376347, 1.815452, 1.997876, 1.474527
2.38741, 1.839299, 1.982677, 1.466897
2.398434, 1.847834, 1.964216, 1.459181
2.40952, 1.847848, 1.945028, 1.451545
2.420774, 1.721681, 1.918674, 1.443816
2.431687, 1.63942, 1.890187, 1.436259
2.442932, 1.606717, 1.86725, 1.428481
2.453944, 1.583979, 1.838063, 1.420899
2.4651, 1.555635, 1.810314, 1.413133
2.476243, 1.548726, 1.787675, 1.405452
2.487265, 1.351192, 1.754919, 1.397775
2.498353, 1.282188, 1.719179, 1.390289
2.509482, 1.27634, 1.686649, 1.382642
2.52066, 1.249736, 1.653118, 1.374834
2.531832, 1.26414, 1.623048, 1.367128
2.542984, 1.28334, 1.596259, 1.359381
2.554086, 1.387811, 1.574584, 1.351718
2.565021, 1.441621, 1.556797, 1.344127
2.576245, 1.457322, 1.541244, 1.33649
2.5873, 1.414796, 1.520753, 1.328879
2.59828, 1.444616, 1.502212, 1.321252
2.609536, 1.467182, 1.483606, 1.313486
2.620528, 1.463344, 1.464381, 1.305879
2.631686, 1.475788, 1.445778, 1.298194
2.642837, 1.442888, 1.431839, 1.290539
2.653769, 1.423258, 1.42103, 1.283038
2.665008, 1.412238, 1.411306, 1.275369
2.676329, 1.360978, 1.400156, 1.267634
2.6878, 1.247804, 1.384765, 1.259812
2.698155, 1.243877, 1.369522, 1.252676
2.709418, 1.22814, 1.36337, 1.244943
2.720529, 1.257084, 1.362115, 1.237418
2.731608, 1.226312, 1.359613, 1.229883
2.742959, 1.232955, 1.358774, 1.222114
2.754283, 1.247114, 1.357923, 1.214389
2.764894, 1.250935, 1.356302, 1.207155
2.776054, 1.247468, 1.349285, 1.199684
2.787472, 1.28664, 1.341536, 1.191968
2.798306, 1.275803, 1.33246, 1.184646
2.809303, 1.273154, 1.325378, 1.177152
2.820495, 1.288543, 1.317574, 1.169574
2.831558, 1.305348, 1.309482, 1.16213
2.842778, 1.323722, 1.302501, 1.15458
2.854007, 1.272013, 1.292313, 1.147027
2.864912, 1.238748, 1.282106, 1.139702
2.876045, 1.242735, 1.273079, 1.132182
2.887239, 1.235618, 1.264248, 1.124614
2.898271, 1.237177, 1.258058, 1.117293
2.909216, 1.247633, 1.25805, 1.10998
2.920318, 1.304855, 1.261099, 1.102506
2.93153, 1.301996, 1.264791, 1.095069
2.942652, 1.258538, 1.264864, 1.087645
2.953885, 1.260564, 1.266577, 1.080236
2.964922, 1.229124, 1.266385, 1.072916
2.976317, 1.217193, 1.264889, 1.065402
2.987031, 1.238442, 1.264265, 1.058335
2.998179, 1.212367, 1.262509, 1.050956
3.009317, 1.202638, 1.258309, 1.043653
3.020384, 1.236854, 1.256362, 1.036398
3.031498, 1.076715, 1.24654, 1.029161
3.042702, 0.9865146, 1.231439, 1.021816
3.053887, 0.9831748, 1.21533, 1.014549
3.065187, 1.038333, 1.201061, 1.007225
3.075857, 1.05927, 1.190424, 1.000327
3.087087, 1.181393, 1.187556, 0.9930906
3.098159, 1.169498, 1.183894, 0.9860093
3.109259, 1.176383, 1.180932, 0.9789282
3.12036, 1.259185, 1.182033, 0.9719411
3.131449, 1.162816, 1.177792, 0.9648872
3.142457, 1.138714, 1.169485, 0.9578729
3.153803, 1.12621, 1.160695, 0.9506873
3.164785, 1.131456, 1.154341, 0.9437152
3.175877, 1.166115, 1.149619, 0.9367182
3.187256, 1.186931, 1.147509, 0.9295751
3.201076, 1.187965, 1.146048, 0.9209471
3.209207, 1.159582, 1.142105, 0.915941
3.220084, 1.149123, 1.138942, 0.909169
3.231449, 1.154922, 1.136557, 0.9021665
3.242727, 1.157479, 1.132588, 0.8951984
3.25389, 1.152224, 1.136363, 0.8882952
3.264754, 1.133466, 1.143711, 0.8816262
3.275687, 1.133266, 1.151215, 0.8749478
3.286947, 1.101902, 1.154394, 0.8680776
3.297785, 1.093049, 1.156083, 0.861569
3.30925, 1.0792, 1.150973, 0.854607
3.320358, 1.073472, 1.146172, 0.8479602
3.331693, 1.050572, 1.139881, 0.8411778
3.342493, 1.021781, 1.128011, 0.8347195
3.353459, 1.017758, 1.120758, 0.8282738
3.364551, 0.9973612, 1.113691, 0.821694
3.375932, 0.9747671, 1.106118, 0.8149888
3.386915, 0.9539019, 1.097241, 0.808525
3.398026, 0.947315, 1.086301, 0.8020391
3.409206, 0.9416919, 1.074039, 0.7955522
3.420332, 0.9991084, 1.064596, 0.7891223
3.43127, 0.9728109, 1.055258, 0.7828214
3.442326, 0.9387076, 1.044737, 0.7764785
3.453418, 0.9729751, 1.035639, 0.7701054
3.464567, 0.9743216, 1.026482, 0.7637594
3.475827, 0.9752247, 1.017632, 0.7574084
3.486845, 0.956815, 1.008799, 0.751209
3.497871, 0.9431738, 0.9992945, 0.7450212
3.509305, 0.8466391, 0.9865314, 0.7386653
3.520058, 0.8235384, 0.9730557, 0.732752
3.531298, 0.8166269, 0.9599271, 0.7265486
3.542435, 0.8137401, 0.9469404, 0.7204576
3.553425, 0.7964951, 0.9342366, 0.7145298
3.564806, 0.7916585, 0.9227306, 0.7083606
3.575923, 0.7644201, 0.9100636, 0.7023276
3.58691, 0.7386376, 0.8971275, 0.696466
3.597954, 0.7323774, 0.885008, 0.690579
3.609168, 0.7272137, 0.8736736, 0.6846629
3.619972, 0.717113, 0.8621635, 0.6789398
3.631218, 0.7202087, 0.8510894, 0.6731068
3.642523, 0.7089632, 0.8365821, 0.667218
3.653176, 0.7007188, 0.8229774, 0.6616981
3.664539, 0.705259, 0.811305, 0.6558708
3.675748, 0.7064041, 0.7979765, 0.6501347
3.686543, 0.6952822, 0.7840245, 0.6446702
3.697881, 0.6964445, 0.7700855, 0.6389084
3.708862, 0.691055, 0.7567974, 0.6334171
3.720108, 0.6753303, 0.7434053, 0.6278681
3.731212, 0.6719965, 0.7346731, 0.6223865
3.742297, 0.6695811, 0.7269753, 0.6169757
3.753405, 0.6751691, 0.7199024, 0.6115966
3.764481, 0.672302, 0.7128305, 0.606235
3.77579, 0.6702959, 0.7065206, 0.6007393
3.786677, 0.6761991, 0.7007476, 0.595556
3.797776, 0.6767198, 0.6963626, 0.590318
3.809176, 0.6592214, 0.6923918, 0.5849572
3.819843, 0.649012, 0.6882235, 0.5799791
3.831233, 0.6377782, 0.6837517, 0.5746984
3.842342, 0.6291835, 0.6793553, 0.5695784
3.853131, 0.6163731, 0.6741635, 0.5646746
3.864465, 0.6106122, 0.6692458, 0.5595123
3.875598, 0.6017413, 0.664297, 0.5545311
3.886595, 0.5890227, 0.6584851, 0.5495985
3.897913, 0.6098471, 0.6536573, 0.5444779
3.908937, 0.5924353, 0.6485149, 0.5396471
3.919754, 0.5855861, 0.6429721, 0.5349951
3.931091, 0.5829853, 0.6375685, 0.5301267
3.942104, 0.576922, 0.6326481, 0.525452
3.953454, 0.5759563, 0.6278461, 0.5206185
3.964303, 0.5633879, 0.6225365, 0.516064
3.975628, 0.5519616, 0.6163761, 0.5114333
3.986762, 0.5476398, 0.610143, 0.506861
3.997812, 0.5355394, 0.6034052, 0.5023844
4.008829, 0.534992, 0.5963448, 0.4979086
4.01983, 0.5247945, 0.5887486, 0.4934422
4.031138, 0.5247175, 0.5820234, 0.4889759
4.042052, 0.5304956, 0.5760976, 0.4846446
4.053266, 0.5129217, 0.5698547, 0.480306
4.064394, 0.4972194, 0.5632565, 0.4760196
4.075537, 0.4902568, 0.5569507, 0.4716868
4.086448, 0.4755304, 0.5501966, 0.4676327
4.097637, 0.4709039, 0.5436547, 0.4634046
4.108706, 0.4657206, 0.5374896, 0.4593379
4.119896, 0.4634297, 0.5301687, 0.4552785
4.130973, 0.4577234, 0.5234331, 0.4512678
4.142061, 0.446455, 0.5164766, 0.4473273
4.153202, 0.4277221, 0.5087134, 0.4434442
4.164292, 0.4258164, 0.5011581, 0.4395863
4.175523, 0.4233636, 0.4935285, 0.4356615
4.186477, 0.4096768, 0.4858429, 0.4319493
4.197623, 0.4090758, 0.4786986, 0.4282269
4.208777, 0.4017792, 0.4714056, 0.4245693
4.219833, 0.399759, 0.4646166, 0.4209627
4.231032, 0.3928478, 0.4575094, 0.4173611
4.242146, 0.3914661, 0.4508429, 0.4138178
4.253174, 0.3881287, 0.4440135, 0.4101711
4.264323, 0.3831593, 0.4366467, 0.40671
4.275235, 0.3809297, 0.4300471, 0.4034896
4.286601, 0.3796304, 0.4241677, 0.4000601
4.297589, 0.3900071, 0.4191552, 0.3966988
4.308685, 0.3821251, 0.4144849, 0.3934234
4.319697, 0.38236, 0.4100577, 0.3902897
4.33085, 0.3939852, 0.406471, 0.3871428
4.342041, 0.3925158, 0.4029253, 0.3840153
4.353044, 0.397505, 0.3999144, 0.3809496
4.363958, 0.3782362, 0.3965034, 0.3779973
4.375389, 0.3860323, 0.3944189, 0.3750505
4.386524, 0.3967724, 0.3929667, 0.3721588
4.397436, 0.3910585, 0.3913515, 0.3693453
4.408823, 0.3821665, 0.389976, 0.3664751
4.419715, 0.3792509, 0.3884847, 0.3638142
4.43082, 0.3903915, 0.3879153, 0.361098
4.442019, 0.3757733, 0.3867161, 0.3584352
4.452796, 0.3775082, 0.3859491, 0.3559274
4.464332, 0.3659907, 0.3846753, 0.3533014
4.475251, 0.3694672, 0.3837422, 0.3509071
4.486267, 0.3757942, 0.3833739, 0.34848
4.497545, 0.3715729, 0.3829061, 0.3460501
4.508759, 0.3718904, 0.3825191, 0.3437299
4.519527, 0.3715049, 0.381594, 0.3415402
4.53071, 0.3667048, 0.380823, 0.3392785
4.541994, 0.3658789, 0.379999, 0.3370826
4.553094, 0.3639139, 0.3784954, 0.3350093
4.56432, 0.3620991, 0.3769746, 0.3329514
4.575288, 0.3474822, 0.3744734, 0.3308928
4.586349, 0.3414586, 0.3726345, 0.3289197
4.597626, 0.3397917, 0.3703225, 0.3268021
4.608524, 0.3357258, 0.3672702, 0.324935
4.619771, 0.3309121, 0.3642629, 0.3230726
4.630711, 0.3310469, 0.3617069, 0.3213398
4.641637, 0.3296476, 0.3592267, 0.319669
4.653071, 0.3190683, 0.3556606, 0.3178666
4.664019, 0.3175355, 0.3527487, 0.3162859
4.67517, 0.3176711, 0.3497568, 0.3147212
4.686339, 0.31732, 0.3473233, 0.313208
4.697201, 0.3183534, 0.3447676, 0.3117838
4.708683, 0.3154799, 0.3417519, 0.3103562
4.719654, 0.311456, 0.338746, 0.3090099
4.730663, 0.3126428, 0.3357837, 0.3076865
4.741885, 0.3119321, 0.332805, 0.3064196
4.752748, 0.3064521, 0.3297924, 0.3051635
4.764068, 0.3057096, 0.3267839, 0.3039893
4.775297, 0.3042661, 0.3238015, 0.3029312
4.78624, 0.3069356, 0.3210433, 0.3018862
4.797329, 0.3051424, 0.3189264, 0.3009152
4.808607, 0.3014268, 0.3169248, 0.2999822
4.81947, 0.2974467, 0.3148075, 0.2990763
4.830969, 0.2867988, 0.3123612, 0.2982007
4.841601, 0.2890483, 0.310268, 0.2974393
4.852889, 0.287936, 0.3081124, 0.296702
4.863875, 0.2864769, 0.3059539, 0.2960142
4.875018, 0.2853485, 0.3042679, 0.2954462
4.886161, 0.2904417, 0.3029132, 0.2948455
4.897283, 0.2796261, 0.301011, 0.2942473
4.908597, 0.2820131, 0.2992456, 0.2936914
4.919574, 0.2802478, 0.2973403, 0.2932843
4.930668, 0.2804717, 0.2955899, 0.2929324
4.94172, 0.2798559, 0.2940099, 0.2926177
4.9528, 0.2776663, 0.2922611, 0.2924118
4.963905, 0.278486, 0.2905888, 0.2921961
4.97508, 0.2792666, 0.2892295, 0.2920757
4.98622, 0.2777381, 0.2878309, 0.2920175
4.997194, 0.2771309, 0.2864742, 0.2919562
5.008453, 0.2768267, 0.2849687, 0.291934
5.019382, 0.2764448, 0.2835338, 0.2919986
5.030741, 0.2773978, 0.2823324, 0.292096
5.041728, 0.2783133, 0.2813757, 0.2922564
5.052777, 0.2794992, 0.2810107, 0.2925151
5.063993, 0.279706, 0.2805436, 0.2927879
5.075427, 0.2804818, 0.2801709, 0.2931342
5.086055, 0.2805382, 0.2798739, 0.2934925
5.097026, 0.2813903, 0.279676, 0.2939397
5.108304, 0.2798415, 0.279146, 0.2944779
5.119342, 0.2779124, 0.2790604, 0.2950261
5.130532, 0.2781399, 0.2788667, 0.2955695
5.141559, 0.2770709, 0.2787079, 0.2962193
5.152776, 0.2778243, 0.2785755, 0.296908
5.163812, 0.278028, 0.2784841, 0.297646
5.174932, 0.2776708, 0.2784844, 0.2985211
5.186021, 0.2760216, 0.2783611, 0.2993051
5.197003, 0.2764462, 0.2782201, 0.3002698
5.2082, 0.2778327, 0.2782249, 0.301191
5.219093, 0.2786807, 0.2783024, 0.302176
5.230468, 0.2791561, 0.2784188, 0.3032264
5.241468, 0.2793022, 0.2785617, 0.3043211
5.252882, 0.2805897, 0.2787213, 0.3055863
5.263652, 0.2802178, 0.2788165, 0.3067805
5.274971, 0.2803014, 0.2788566, 0.3081225
5.285876, 0.2800079, 0.2788717, 0.3093805
5.297104, 0.2811944, 0.2789074, 0.3108369
5.308235, 0.2809698, 0.2789289, 0.3122873
5.319162, 0.2837795, 0.2790484, 0.3137633
5.330511, 0.2829262, 0.2792026, 0.3153598
5.341375, 0.2820121, 0.2794076, 0.316944
5.352709, 0.2829103, 0.2796461, 0.3187282
5.363797, 0.284524, 0.2800187, 0.3204412
5.374948, 0.2836878, 0.2803119, 0.322202
5.389241, 0.284008, 0.2806109, 0.3245622
5.396924, 0.2830251, 0.2808786, 0.3258585
5.408017, 0.2879347, 0.2814743, 0.3277546
5.419329, 0.2874755, 0.2820258, 0.3297642
5.430465, 0.2875915, 0.2825137, 0.3318133
5.44136, 0.2933641, 0.2832479, 0.3338555
5.452601, 0.2932321, 0.2839517, 0.3359633
5.463472, 0.2934404, 0.2846586, 0.3381011
5.474861, 0.2967878, 0.2854685, 0.3403985
5.485793, 0.2942367, 0.2861694, 0.3426793
5.496813, 0.3004804, 0.2871784, 0.3449473
5.508187, 0.302698, 0.2883129, 0.3473368
5.519288, 0.3097468, 0.2897405, 0.3497728
5.530346, 0.3090033, 0.2911422, 0.3522439
5.541345, 0.3114219, 0.2925243, 0.3547779
5.552366, 0.3092774, 0.2938419, 0.3573199
5.563619, 0.3065381, 0.2950682, 0.3600085
5.575, 0.3027883, 0.2960621, 0.3628955
5.58604, 0.3041394, 0.2970429, 0.3656515
5.596995, 0.3162512, 0.2986711, 0.3684421
5.607994, 0.3094125, 0.2999413, 0.3712684
5.619161, 0.325886, 0.3020843, 0.3742069
5.630315, 0.3283764, 0.3041064, 0.3771363
5.641336, 0.3145659, 0.3054609, 0.3801423
5.652485, 0.3260847, 0.3073855, 0.3832172
5.663551, 0.3279549, 0.3091151, 0.3863286
5.674573, 0.3302691, 0.3109669, 0.3894094
5.685822, 0.3370203, 0.3131459, 0.3926657
5.696846, 0.3373579, 0.3151744, 0.3959287
5.708105, 0.3376692, 0.3173461, 0.3992066
5.718949, 0.334917, 0.3190679, 0.4024841
5.730321, 0.3404735, 0.3209567, 0.4059614
5.741273, 0.3399027, 0.3224645, 0.4093496
5.752588, 0.3386845, 0.3239486, 0.4129672
5.763557, 0.3399753, 0.3253762, 0.4164577
5.774612, 0.3398156, 0.3269031, 0.4199712
5.785667, 0.3395176, 0.3285521, 0.4235262
5.796789, 0.3395006, 0.3303877, 0.4272153
5.80792, 0.3366631, 0.3320139, 0.4308535
5.819121, 0.3394884, 0.3331757, 0.4346447
5.830194, 0.3441302, 0.3349116, 0.4384009
5.841434, 0.3472739, 0.335981, 0.4423079
5.852484, 0.3568339, 0.3374039, 0.4461297
5.863477, 0.3565541, 0.3395033, 0.4500348
5.87501, 0.3583638, 0.3411173, 0.4542886
5.885811, 0.3773177, 0.3435854, 0.4582071
5.896942, 0.3789734, 0.3460207, 0.4623169
5.907989, 0.3807815, 0.3482087, 0.4664428
5.919127, 0.3842769, 0.3505547, 0.4706171
5.930146, 0.3848875, 0.3529156, 0.4746989
5.941089, 0.3879609, 0.3555678, 0.4788913
5.952314, 0.4180925, 0.3594487, 0.4831952
5.963527, 0.4287046, 0.3638888, 0.4875703
5.974864, 0.4136522, 0.3676372, 0.4920452
5.985824, 0.4176664, 0.3715218, 0.4964295
5.996872, 0.4205873, 0.3755603, 0.500878
6.008035, 0.414943, 0.3793316, 0.5053217
6.019011, 0.418816, 0.3832974, 0.5098299
6.030131, 0.4269315, 0.3878108, 0.5144269
6.041328, 0.4346617, 0.3925695, 0.5191207
6.052407, 0.4392352, 0.3973247, 0.5238885
6.06331, 0.4421049, 0.4020663, 0.5285422
6.074454, 0.446163, 0.4065328, 0.5333216
6.085451, 0.4491214, 0.4111611, 0.5380945
6.096812, 0.4515807, 0.415822, 0.5431063
6.10778, 0.4515564, 0.4195339, 0.5479206
6.118849, 0.4529988, 0.4232352, 0.5528377
6.12998, 0.4674973, 0.427571, 0.5578256
6.141227, 0.4694167, 0.431828, 0.5629174
6.15222, 0.4647491, 0.4358211, 0.5678664
6.163334, 0.469224, 0.4398842, 0.5729683
6.174777, 0.4815503, 0.4430571, 0.5782525
6.185568, 0.4873788, 0.4459908, 0.5832746
6.19679, 0.4854988, 0.4495831, 0.5885349
6.208446, 0.4891231, 0.4531559, 0.5940435
6.218739, 0.5569177, 0.4599725, 0.5989321
6.229884, 0.6210814, 0.4702794, 0.6042678
6.24124, 0.6136885, 0.4800231, 0.6097416
6.252212, 0.6447164, 0.4909123, 0.6151595
6.26319, 0.649268, 0.5016426, 0.6205381
6.27487, 0.6329936, 0.5113305, 0.6262514
6.285473, 0.6250944, 0.52048, 0.6315027
6.296491, 0.6232238, 0.529333, 0.6370079
6.307846, 0.6224403, 0.537999, 0.6427491
6.318617, 0.622634, 0.5465516, 0.6482038
6.33001, 0.6320157, 0.5555745, 0.654016
6.340955, 0.6417665, 0.5650129, 0.6596236
6.352278, 0.6404713, 0.5736617, 0.6654727
6.363447, 0.6525866, 0.5828202, 0.6712731
6.374283, 0.6509089, 0.5921282, 0.6769463
6.385446, 0.6119791, 0.5992659, 0.6829021
6.396448, 0.6293638, 0.6066566, 0.6887112
6.40791, 0.6333683, 0.6139561, 0.6948049
6.41841, 0.6402338, 0.6216928, 0.700429
6.429924, 0.642783, 0.6293758, 0.7067055
6.440979, 0.6468085, 0.6338704, 0.7127236
6.452203, 0.6387262, 0.6347526, 0.7188598
6.463118, 0.6541933, 0.6367779, 0.7248531
6.474319, 0.6703005, 0.6380571, 0.7310181
6.485372, 0.6895862, 0.6400729, 0.737141
6.496237, 0.7037717, 0.6436118, 0.7432027
6.507658, 0.6964789, 0.6471811, 0.7495446
6.518609, 0.6983077, 0.6509353, 0.7557088
6.530078, 0.8694546, 0.663286, 0.762196
6.540851, 0.8674237, 0.6755255, 0.7683252
6.552202, 0.8727233, 0.6875609, 0.7747702
6.56306, 0.8037642, 0.6956607, 0.7810087
6.574716, 0.7993114, 0.7036027, 0.7876462
6.585558, 0.8208541, 0.7120161, 0.7939333
6.596456, 0.8338704, 0.7211642, 0.8002853
6.607615, 0.8355173, 0.7323411, 0.8067488
6.618731, 0.8758326, 0.7446645, 0.8132781
6.629813, 0.8775672, 0.7568744, 0.8198602
6.64131, 0.915843, 0.7706549, 0.8266822
6.652049, 0.9852868, 0.78778, 0.8331363
6.663231, 0.9464909, 0.8027641, 0.8398976
6.674442, 0.9671052, 0.8191832, 0.8466222
6.685271, 0.9955222, 0.8362495, 0.8531615
6.696429, 1.008976, 0.8531833, 0.8599355
6.707633, 1.008285, 0.8691182, 0.8666813
6.718587, 1.028463, 0.8853528, 0.8733745
6.729744, 1.045897, 0.9028236, 0.8801802
6.740908, 1.048226, 0.9203196, 0.887051
6.751973, 1.055022, 0.9295979, 0.8938088
6.763101, 1.043102, 0.9383818, 0.9006234
6.774269, 1.03249, 0.9463701, 0.9075952
6.78536, 1.04, 0.958182, 0.9144903
6.796305, 1.091163, 0.9727746, 0.9213164
6.807815, 1.121137, 0.9877888, 0.9285005
6.818592, 1.182435, 1.005217, 0.9352688
6.829933, 1.183054, 1.022594, 0.9423234
6.841001, 1.164955, 1.03705, 0.9493064
6.852004, 1.093022, 1.047823, 0.9562812
6.863092, 1.146751, 1.059368, 0.9633598
6.874131, 1.153068, 1.067757, 0.9704103
6.885277, 1.17968, 1.079417, 0.9775261
6.896382, 1.193752, 1.090749, 0.9846275
6.907607, 1.21795, 1.10187, 0.9917849
6.918718, 1.246007, 1.113722, 0.9989121
6.929978, 0.9815325, 1.112384, 1.006097
6.940698, 0.9853936, 1.110231, 1.012985
6.951901, 1.073881, 1.11163, 1.020353
6.963016, 1.058349, 1.112136, 1.027609
6.974149, 1.051008, 1.111935, 1.034857
6.985243, 1.071569, 1.113359, 1.042107
6.996292, 1.094605, 1.116464, 1.049347
7.007559, 1.103171, 1.119623, 1.056807
7.018222, 1.067045, 1.118417, 1.063828
7.029594, 1.057178, 1.115219, 1.071164
7.0411, 1.064812, 1.109338, 1.07877
7.051929, 1.075937, 1.103982, 1.086029
7.063038, 1.081803, 1.099825, 1.093401
7.074156, 1.076989, 1.099023, 1.100749
7.085168, 1.074406, 1.095406, 1.108038
7.096266, 1.111663, 1.093335, 1.115439
7.107517, 1.085996, 1.088651, 1.122903
7.118456, 1.052292, 1.081578, 1.13022
7.129544, 1.060666, 1.073714, 1.137699
7.14098, 1.058875, 1.064358, 1.145382
7.151865, 1.063165, 1.068439, 1.152628
7.162918, 1.086928, 1.073516, 1.160135
7.173968, 1.096038, 1.074624, 1.167592
7.185139, 1.108794, 1.077146, 1.175206
7.196359, 1.120453, 1.080618, 1.182796
7.207714, 1.126303, 1.083355, 1.190532
7.21848, 1.15181, 1.086215, 1.197859
7.229626, 1.162425, 1.089178, 1.205489
7.240881, 1.16197, 1.093924, 1.213157
7.2521, 1.180446, 1.100088, 1.220791
7.262956, 1.180682, 1.105881, 1.228264
7.273764, 1.238982, 1.114033, 1.235595
7.285417, 1.243572, 1.122122, 1.243577
7.296246, 1.251919, 1.130868, 1.250987
7.307296, 1.296446, 1.14197, 1.258555
7.318284, 1.844715, 1.178623, 1.266109
7.329518, 1.643867, 1.206517, 1.273802
7.340778, 1.519016, 1.229853, 1.281538
7.351719, 1.591672, 1.256403, 1.289025
7.362789, 1.639318, 1.285425, 1.29663
7.373963, 1.798658, 1.3222, 1.304376
7.385022, 1.862962, 1.361002, 1.311919
7.396373, 1.937175, 1.403059, 1.319737
7.407573, 1.887848, 1.442011, 1.327447
7.418396, 1.860417, 1.479009, 1.334916
7.429462, 1.848564, 1.515123, 1.342616
7.440619, 1.835047, 1.549284, 1.350332
7.451672, 1.787118, 1.580519, 1.357911
7.462812, 1.601471, 1.602494, 1.365584
7.473875, 1.594387, 1.623191, 1.373204
7.484969, 1.688783, 1.648596, 1.380911
7.496159, 1.736947, 1.673494, 1.388649
7.507479, 1.771564, 1.699894, 1.396487
7.51825, 1.670114, 1.720803, 1.40392
7.529416, 1.629363, 1.737449, 1.411534
7.540444, 1.587607, 1.724594, 1.419165
7.55163, 1.560302, 1.720416, 1.426949
7.562938, 1.502958, 1.719613, 1.434721
7.573792, 1.472799, 1.713669, 1.44221
7.584892, 1.432867, 1.703347, 1.44989
7.596078, 1.438064, 1.685317, 1.457593
7.607191, 1.485081, 1.666423, 1.465279
7.618028, 1.487654, 1.643947, 1.472753
7.629446, 1.511567, 1.625133, 1.480584
7.640472, 1.412542, 1.60274, 1.488187
7.651514, 1.618061, 1.591214, 1.495693
7.662705, 1.544419, 1.576683, 1.503404
7.673753, 1.526004, 1.563627, 1.511007
7.684934, 1.764073, 1.571757, 1.51875
7.695972, 1.851508, 1.584613, 1.526327
7.707035, 1.857522, 1.59305, 1.533863
7.71815, 1.779119, 1.595159, 1.541473
7.729405, 1.846955, 1.598928, 1.549265
7.74043, 1.865112, 1.608678, 1.556782
7.75147, 1.868414, 1.620631, 1.564355
7.762906, 1.876509, 1.635076, 1.572046
7.773737, 1.892772, 1.6517, 1.57941
7.78492, 1.981009, 1.675602, 1.587045
7.795979, 2.02238, 1.703081, 1.594553
7.807131, 1.993745, 1.731125, 1.60216
7.818165, 1.986612, 1.758553, 1.609627
7.829251, 2.020649, 1.785331, 1.617123
7.840248, 2.017817, 1.811839, 1.624537
7.851404, 1.982728, 1.835397, 1.632144
7.862491, 2.016677, 1.865604, 1.639632
7.873689, 2.03835, 1.886619, 1.647179
7.884634, 2.107999, 1.914798, 1.654571
7.895925, 2.10171, 1.943583, 1.662144
7.907071, 2.101538, 1.960456, 1.669608
7.918275, 2.097117, 1.972737, 1.677067
7.929204, 2.113327, 1.985527, 1.684335
7.940372, 2.121341, 2.002638, 1.69175
7.951335, 2.16241, 2.018411, 1.699051
7.96262, 2.122432, 2.031277, 1.706582
7.973722, 2.145413, 2.045127, 1.713909
7.984724, 2.202487, 2.061426, 1.721116
7.995848, 2.290128, 2.081294, 1.728428
8.006999, 2.315394, 2.098013, 1.735731
8.018099, 2.239236, 2.108855, 1.743004
8.029249, 2.317672, 2.125052, 1.750288
8.040069, 2.316139, 2.141528, 1.757344
8.051394, 2.260201, 2.153506, 1.764731
8.062543, 2.262607, 2.165745, 1.771986
8.073602, 2.204296, 2.176824, 1.779168
8.084641, 2.25748, 2.188864, 1.786249
8.095707, 2.187306, 2.196311, 1.793391
8.107108, 2.163939, 2.199109, 1.800771
8.118105, 2.054402, 2.196743, 1.807809
8.129163, 2.238653, 2.203599, 1.814852
8.140189, 2.213632, 2.209424, 1.82188
8.151332, 2.237836, 2.21565, 1.829017
8.162516, 2.187524, 2.218959, 1.836101
8.173719, 1.926549, 2.207166, 1.843181
8.184525, 1.886676, 2.195378, 1.849992
8.195721, 1.912266, 2.183721, 1.857014
8.206803, 1.912267, 2.169209, 1.863975
8.218028, 1.939469, 2.151677, 1.870988
8.22914, 1.941206, 2.132967, 1.877929
8.240349, 1.930415, 2.117526, 1.884882
8.251481, 2.191979, 2.111241, 1.891761
8.262537, 2.184578, 2.104663, 1.898524
8.273271, 2.187825, 2.101044, 1.905099
8.284554, 2.21233, 2.098531, 1.912059
8.295684, 2.191363, 2.097884, 1.918832
8.306915, 2.165411, 2.09328, 1.925609
8.318111, 2.151074, 2.091469, 1.932362
8.328996, 2.181302, 2.092337, 1.938832
8.340084, 2.117136, 2.095474, 1.9454
8.351223, 2.234911, 2.095287, 1.952036
8.362375, 2.251801, 2.097195, 1.958733
8.373344, 2.234459, 2.097026, 1.96521
8.384593, 2.22832, 2.099066, 1.971858
8.395812, 2.209261, 2.113202, 1.978433
8.406809, 2.19826, 2.128781, 1.984819
8.417867, 2.247748, 2.145555, 1.991209
8.429081, 2.258772, 2.162881, 1.997649
8.440151, 2.324654, 2.18214, 2.003994
8.451185, 2.359834, 2.203071, 2.010384
8.462495, 2.297094, 2.221405, 2.016837
8.473363, 2.257165, 2.224664, 2.022992
8.484512, 2.312011, 2.231036, 2.029248
8.495597, 2.247742, 2.234032, 2.03548
8.506731, 2.318184, 2.239325, 2.041718
8.517803, 2.305936, 2.245053, 2.0479
8.528927, 2.284246, 2.250995, 2.05403
8.540054, 2.292668, 2.258075, 2.060156
8.551115, 2.278385, 2.262929, 2.066223
8.562243, 2.253737, 2.269759, 2.072257
8.573306, 2.2584, 2.270934, 2.078203
8.584575, 2.236726, 2.27018, 2.084256
8.595418, 2.26434, 2.271674, 2.090075
8.606624, 2.258483, 2.273182, 2.096004
8.617725, 2.261218, 2.27578, 2.101871
8.628908, 2.201315, 2.275933, 2.107704
8.639931, 2.278051, 2.277447, 2.11348
8.651096, 2.27689, 2.278353, 2.119323
8.662233, 2.26969, 2.275605, 2.124977
8.673368, 2.339864, 2.274607, 2.130679
8.68435, 2.192715, 2.269388, 2.13631
8.695493, 2.021582, 2.257609, 2.141966
8.706637, 2.017403, 2.242878, 2.147588
8.717747, 1.933834, 2.227183, 2.153191
8.728885, 1.826647, 2.202606, 2.158595
8.739986, 1.816713, 2.178145, 2.164053
8.751079, 1.800941, 2.15398, 2.169483
8.762136, 1.793749, 2.129034, 2.174843
8.77323, 1.80122, 2.105175, 2.180168
8.784376, 2.300587, 2.107518, 2.185533
8.795443, 2.405679, 2.114882, 2.190815
8.806664, 2.375871, 2.121839, 2.196166
8.817618, 2.320751, 2.12466, 2.201285
8.828742, 2.835979, 2.153534, 2.206446
8.839964, 2.849028, 2.182925, 2.211657
8.850907, 2.266343, 2.186176, 2.21669
8.862305, 2.235133, 2.184031, 2.221913
8.873259, 2.280506, 2.184211, 2.226875
8.884243, 2.316254, 2.186539, 2.231729
8.895435, 2.319198, 2.185506, 2.236693
8.906529, 2.323528, 2.192047, 2.241613
8.917612, 2.459627, 2.213949, 2.246437
8.928779, 2.369763, 2.231567, 2.251219
8.939872, 2.526769, 2.261214, 2.255981
8.951001, 2.566635, 2.298213, 2.260753
8.962012, 2.381713, 2.326463, 2.26541
8.973248, 2.402177, 2.356525, 2.27009
8.984303, 2.391687, 2.386422, 2.274713
8.995353, 2.387878, 2.415755, 2.279251
9.006559, 2.39578, 2.420515, 2.28374
9.017499, 2.559226, 2.428192, 2.288129
9.028638, 2.531232, 2.43596, 2.292492
9.039909, 2.575526, 2.448699, 2.296938
9.050826, 2.687932, 2.441296, 2.301187
9.061998, 2.669913, 2.432341, 2.30556
9.073069, 2.679228, 2.452985, 2.309766
9.084213, 2.68607, 2.475532, 2.313964
9.095463, 2.753247, 2.499169, 2.318196
9.106436, 2.657021, 2.516207, 2.322208
9.117875, 2.956217, 2.548058, 2.326422
9.128547, 2.941018, 2.578932, 2.330375
9.139798, 2.946027, 2.603252, 2.334452
9.150759, 2.902678, 2.629898, 2.338333
9.162223, 2.870826, 2.647101, 2.342329
9.173076, 2.792428, 2.658391, 2.346095
9.184185, 2.880695, 2.68334, 2.3499
9.195418, 2.793903, 2.702926, 2.353712
9.206357, 2.219655, 2.694325, 2.357379
9.217476, 2.196371, 2.684749, 2.361065
9.228769, 2.219007, 2.675911, 2.364739
9.239768, 2.210032, 2.658451, 2.368232
9.251022, 2.341079, 2.648943, 2.371767
9.26193, 2.213854, 2.63086, 2.375184
9.272967, 2.215298, 2.607228, 2.378621
9.284027, 2.276125, 2.587538, 2.381989
9.29525, 2.293846, 2.568269, 2.385338
9.306273, 2.264213, 2.547177, 2.388587
9.317422, 2.297961, 2.524412, 2.391812
9.328548, 2.206575, 2.50189, 2.394996
9.339722, 2.244486, 2.466304, 2.398149
9.350764, 2.174914, 2.427999, 2.40121
9.361948, 2.237243, 2.39256, 2.404217
9.373039, 2.161134, 2.355482, 2.407223
9.384068, 2.150503, 2.319466, 2.41011
9.39523, 2.240699, 2.29188, 2.412983
9.406392, 2.243481, 2.260019, 2.415869
9.417486, 2.284642, 2.234556, 2.418622
9.428521, 2.356416, 2.241394, 2.421366
9.439577, 2.269489, 2.24505, 2.423976
9.45063, 2.269464, 2.247572, 2.426588
9.46191, 2.270645, 2.250603, 2.429173
9.473064, 2.330175, 2.250058, 2.43167
9.484005, 2.225804, 2.250655, 2.434011
9.495102, 2.179155, 2.248848, 2.436409
9.506263, 2.287499, 2.249417, 2.438743
9.517263, 2.218245, 2.245637, 2.440993
9.528442, 2.223505, 2.243601, 2.443226
9.539515, 2.236024, 2.240504, 2.445432
9.550592, 2.356707, 2.248011, 2.447714
9.562009, 2.393977, 2.255486, 2.449825
9.572868, 2.376239, 2.265552, 2.451803
9.584181, 2.374215, 2.2724, 2.453883
9.595066, 2.356251, 2.282156, 2.455791
9.60629, 2.381153, 2.293689, 2.457673
9.617318, 2.324115, 2.297859, 2.459496
9.628531, 2.295676, 2.300469, 2.461286
9.639514, 2.311268, 2.3018, 2.463027
9.650669, 2.32992, 2.300476, 2.464694
9.661649, 2.417186, 2.307861, 2.46635
9.673011, 2.409504, 2.314862, 2.467952
9.683857, 2.367437, 2.319702, 2.469443
9.69514, 2.256143, 2.316, 2.470929
9.706228, 2.210521, 2.315237, 2.472342
9.717229, 2.156328, 2.314095, 2.473725
9.728436, 2.12571, 2.306006, 2.47508
9.739577, 2.115762, 2.300882, 2.476325
9.75038, 2.111743, 2.295294, 2.477562
9.761703, 2.053035, 2.286144, 2.47875
9.772821, 2.023427, 2.26948, 2.479895
9.784079, 2.062746, 2.252918, 2.480959
9.794901, 2.053083, 2.236761, 2.481975
9.806068, 2.04184, 2.220142, 2.482979
9.817139, 2.068478, 2.205753, 2.483915
9.828461, 2.058741, 2.189633, 2.484778
9.839483, 2.08293, 2.177573, 2.485552
9.853673, 2.320351, 2.178807, 2.486472
9.861728, 2.250251, 2.175756, 2.486938
9.872702, 2.249049, 2.171713, 2.487569
9.883857, 2.226225, 2.162165, 2.488137
9.894903, 2.207948, 2.152087, 2.488689
9.906086, 2.10291, 2.13886, 2.489152
9.917514, 2.014369, 2.126772, 2.48959
9.928322, 2.043434, 2.118417, 2.489928
9.939479, 2.032914, 2.112247, 2.490254
9.95057, 1.992687, 2.105596, 2.490476
9.961719, 1.963876, 2.098001, 2.49061
9.972839, 1.950611, 2.089945, 2.490735
9.983793, 1.929093, 2.083747, 2.490858
9.994893, 1.976458, 2.081399, 2.490894
10.00605, 1.972098, 2.076867, 2.490892
10.01705, 2.003988, 2.074412, 2.490845
10.02834, 1.905166, 2.067579, 2.49076
10.03931, 2.485809, 2.088445, 2.490571
10.05047, 2.55987, 2.113502, 2.490358
10.06179, 2.588681, 2.138789, 2.490065
10.07267, 2.651747, 2.155359, 2.489766
10.08362, 2.534569, 2.169575, 2.489435
10.09502, 2.710275, 2.192636, 2.489033
10.10599, 2.692264, 2.215938, 2.488585
10.11708, 2.444022, 2.227742, 2.488075
10.12821, 2.515593, 2.248376, 2.487549
10.13917, 2.339312, 2.264623, 2.486896
10.15029, 2.17665, 2.271284, 2.486202
10.1616, 2.055201, 2.272398, 2.485459
10.17278, 1.983286, 2.271928, 2.484684
10.18372, 2.006301, 2.27405, 2.483864
10.19493, 1.938079, 2.273423, 2.482964
10.20604, 1.940436, 2.27399, 2.481989
10.21696, 1.946849, 2.27251, 2.48106
10.22819, 2.765965, 2.312203, 2.479924
10.23914, 2.776627, 2.350835, 2.478835
10.25041, 2.875244, 2.399339, 2.477634
10.26151, 2.869618, 2.418529, 2.476462
10.27256, 2.914129, 2.436242, 2.475183
10.28372, 3.023744, 2.457995, 2.473877
10.29484, 2.868133, 2.468814, 2.472454
10.30608, 2.931027, 2.488637, 2.470997
10.317, 2.843685, 2.495308, 2.469545
10.32827, 2.860369, 2.503713, 2.467969
10.33923, 2.737236, 2.518374, 2.466377
10.35031, 2.69016, 2.527102, 2.464713
10.36146, 2.616642, 2.540969, 2.463016
10.37238, 2.61812, 2.563042, 2.461315
10.38369, 2.670633, 2.593813, 2.459507
10.3948, 2.558317, 2.622565, 2.457645
10.40582, 2.460539, 2.645277, 2.45577
10.41702, 2.391602, 2.667953, 2.45379
10.42817, 2.397272, 2.690795, 2.451781
10.43925, 2.413152, 2.71411, 2.449688
10.45027, 2.467685, 2.699196, 2.447615
10.46145, 2.483888, 2.684559, 2.445442
10.47238, 2.541405, 2.667867, 2.443259
10.48352, 2.523226, 2.650548, 2.440956
10.495, 2.50884, 2.630283, 2.438534
10.50584, 2.563037, 2.607248, 2.436218
10.51683, 2.521127, 2.589897, 2.433806
10.52828, 2.522706, 2.569481, 2.431253
10.53913, 2.51414, 2.553004, 2.428804
10.55011, 2.472192, 2.533595, 2.426289
10.56133, 2.462371, 2.519852, 2.42362
10.57245, 2.404037, 2.505546, 2.420943
10.58357, 2.470324, 2.49823, 2.418242
10.59474, 2.450546, 2.489851, 2.415456
10.6057, 2.43802, 2.478221, 2.412612
10.61682, 2.398041, 2.470207, 2.409776
10.62792, 2.364413, 2.4654, 2.406864
10.63907, 2.472376, 2.469439, 2.403788
10.65015, 2.610744, 2.480113, 2.400734
10.66138, 2.629888, 2.49095, 2.397609
10.67235, 2.619075, 2.498519, 2.394477
10.68333, 2.668312, 2.50774, 2.391367
10.69471, 2.755239, 2.518432, 2.388164
10.70578, 2.76721, 2.530632, 2.384944
10.71701, 2.892968, 2.549838, 2.381551
10.72806, 3.00623, 2.571998, 2.378208
10.73896, 3.02044, 2.596963, 2.374846
10.75025, 3.019842, 2.62182, 2.371307
10.76124, 3.019849, 2.647105, 2.367845
10.77231, 2.994608, 2.673226, 2.364296
10.78337, 2.891881, 2.694702, 2.360698
10.79452, 2.916533, 2.720326, 2.357043
10.80587, 2.833898, 2.738505, 2.353335
10.81667, 2.802972, 2.756126, 2.349683
10.8285, 2.852298, 2.77684, 2.345688
10.83902, 2.794033, 2.79664, 2.342117
10.85007, 2.762323, 2.816535, 2.338236
10.86111, 2.75213, 2.830523, 2.334367
10.87238, 2.729678, 2.83647, 2.33039
10.88353, 3.861929, 2.898072, 2.326369
10.89447, 4.056826, 2.969959, 2.322379
10.90557, 2.704729, 2.97178, 2.318256
10.9169, 2.537771, 2.960907, 2.313992
10.9279, 2.537704, 2.949432, 2.309839
10.93892, 3.620082, 2.985787, 2.3056
10.95004, 2.4813, 2.959541, 2.301223
10.96114, 3.452743, 2.981156, 2.29691
10.97245, 2.466713, 2.9535, 2.292453
10.98361, 2.509098, 2.927962, 2.288039
10.99444, 2.536419, 2.905053, 2.283687
11.00567, 2.51896, 2.886407, 2.279187
11.01677, 2.581284, 2.869644, 2.274613
11.02786, 2.582615, 2.85708, 2.270001
11.03905, 2.640388, 2.848951, 2.265326
11.04991, 2.44584, 2.828628, 2.260734
11.06099, 2.40045, 2.808949, 2.255996
11.07219, 2.439946, 2.79283, 2.251246
11.08326, 2.518272, 2.781137, 2.246424
11.09464, 2.658207, 2.777564, 2.241442
11.10567, 2.753137, 2.722124, 2.236638
11.11675, 2.840967, 2.661331, 2.231756
11.12795, 2.801597, 2.666175, 2.226717
11.139, 2.756178, 2.677095, 2.221737
11.14999, 2.595825, 2.680001, 2.216765
11.16099, 2.544545, 2.626224, 2.211775
11.17234, 2.495653, 2.626942, 2.206569
11.18329, 2.501995, 2.579404, 2.201463
11.19429, 2.53524, 2.582831, 2.196276
11.20558, 2.555986, 2.585175, 2.190932
11.21653, 2.522056, 2.584457, 2.185751
11.22815, 2.483111, 2.582665, 2.180202
11.23895, 2.542668, 2.580734, 2.175023
11.25008, 2.510158, 2.577111, 2.169644
11.26083, 2.517429, 2.570963, 2.16441
11.27212, 2.517455, 2.574544, 2.158876
11.28315, 2.515827, 2.580313, 2.153416
11.29449, 2.58086, 2.587358, 2.147761
11.3055, 2.658583, 2.594374, 2.142176
11.31659, 2.636477, 2.593288, 2.136537
11.32797, 2.562273, 2.583745, 2.130795
11.33884, 2.526671, 2.56803, 2.125185
11.34989, 1.937363, 2.524818, 2.119516
11.36092, 1.924996, 2.483259, 2.113887
11.37212, 1.865641, 2.44675, 2.108061
11.38323, 1.863609, 2.412703, 2.102149
11.3944, 1.930243, 2.384433, 2.096256
11.40544, 1.932573, 2.355961, 2.090334
11.41643, 2.46226, 2.352313, 2.084431
11.42771, 2.31608, 2.340317, 2.078443
11.43877, 1.851099, 2.30677, 2.072422
11.44983, 2.201077, 2.292668, 2.066377
11.46105, 2.939405, 2.312505, 2.060297
11.47213, 2.964172, 2.335205, 2.054214
11.48318, 2.274748, 2.323071, 2.048074
11.49441, 2.204888, 2.307443, 2.041872
11.50543, 2.192391, 2.291271, 2.035733
11.51643, 2.212421, 2.272849, 2.029494
11.52767, 2.232081, 2.251524, 2.023135
11.53845, 2.233555, 2.231378, 2.016969
11.54987, 2.211054, 2.213817, 2.010522
11.56103, 2.192389, 2.197103, 2.004154
11.57191, 2.220097, 2.211239, 1.99787
11.58338, 2.27161, 2.22857, 1.99122
11.59417, 2.256107, 2.248093, 1.984949
11.60542, 2.340034, 2.271915, 1.978359
11.61656, 2.415699, 2.296187, 1.971869
11.62778, 2.944583, 2.346788, 1.965266
11.63902, 2.217188, 2.334534, 1.958636
11.65004, 2.205961, 2.329028, 1.952078
11.6609, 2.19546, 2.346246, 1.945621
11.67177, 1.955071, 2.333946, 1.939092
11.68294, 2.210027, 2.297477, 1.932391
11.69409, 1.83888, 2.241212, 1.925698
11.70515, 1.86973, 2.220961, 1.918953
11.71628, 2.098487, 2.215641, 1.912213
11.72749, 1.962417, 2.204143, 1.905366
11.73865, 1.952317, 2.191138, 1.898538
11.7495, 1.976267, 2.178347, 1.891898
11.76087, 1.963535, 2.164846, 1.884898
11.77195, 1.921954, 2.150391, 1.87803
11.78289, 1.954551, 2.138499, 1.871258
11.79414, 2.230481, 2.139018, 1.864259
11.80524, 1.919616, 2.121418, 1.857322
11.81629, 2.437406, 2.130483, 1.850422
11.82761, 2.386807, 2.132822, 1.843316
11.83855, 1.930954, 2.108585, 1.836435
11.84974, 1.882266, 2.055469, 1.829332
11.86093, 1.9039, 2.039804, 1.822221
11.87197, 2.401083, 2.04956, 1.815179
11.8829, 1.906104, 2.035093, 1.808308
11.8941, 1.911076, 2.032893, 1.801053
11.90519, 1.9095, 2.017867, 1.793911
11.91625, 1.876179, 2.019732, 1.786853
11.92735, 1.888971, 2.020694, 1.779726
11.93843, 1.82763, 2.007151, 1.772516
11.94946, 1.850232, 2.001541, 1.765397
11.96096, 1.868266, 1.997339, 1.757941
11.972, 1.889994, 1.993025, 1.750701
11.983, 1.90057, 1.989877, 1.743489
11.99387, 1.897239, 1.988641, 1.736377
12.00517, 1.955494, 1.988688, 1.728954
12.016, 2.45323, 1.999826, 1.721832
12.0273, 2.419549, 2.024822, 1.714389
12.03841, 2.38458, 2.022181, 1.707037
12.04968, 1.889788, 1.99733, 1.699602
12.06053, 1.876379, 1.994602, 1.692453
12.07187, 1.827443, 1.99186, 1.684835
12.08288, 1.739383, 1.983635, 1.677487
12.09382, 1.736421, 1.950402, 1.67019
12.10509, 2.054232, 1.957808, 1.662659
12.11623, 2.051979, 1.964853, 1.655257
12.12738, 2.04604, 1.97168, 1.647774
12.13834, 1.685674, 1.962155, 1.640414
12.14944, 2.116268, 1.97352, 1.63289
12.16031, 2.014842, 1.98288, 1.625625
12.17182, 2.040346, 1.992386, 1.61795
12.18277, 2.056983, 2.001822, 1.610573
12.19379, 2.053193, 2.009982, 1.603109
12.20505, 2.041432, 2.017025, 1.595439
12.21604, 1.623064, 2.003316, 1.587951
12.22743, 1.620518, 1.986567, 1.580281
12.23841, 1.616315, 1.944722, 1.572793
12.24954, 1.608936, 1.904191, 1.56517
12.26038, 1.610933, 1.865509, 1.557764
12.27171, 1.556493, 1.848844, 1.550012
12.28277, 1.508021, 1.830426, 1.542381
12.29374, 1.651549, 1.821631, 1.534892
12.30501, 1.619085, 1.815616, 1.527262
12.31598, 1.634317, 1.810511, 1.519737
12.32726, 1.627421, 1.789171, 1.512043
12.33851, 1.648609, 1.769002, 1.504335
12.34945, 1.821396, 1.75777, 1.49675
12.3603, 1.844732, 1.765723, 1.489284
12.37162, 1.805146, 1.750167, 1.481549
12.38277, 1.675204, 1.733185, 1.473846
12.39355, 1.662372, 1.714286, 1.46634
12.40497, 1.668645, 1.694869, 1.45843
12.41595, 1.660268, 1.675223, 1.450857
12.42723, 2.144069, 1.680354, 1.443101
12.43834, 2.109126, 1.704658, 1.435407
12.44946, 2.102163, 1.72874, 1.427763
12.46054, 2.086154, 1.752232, 1.420101
12.47164, 2.146078, 1.779089, 1.412404
12.48282, 2.113962, 1.80424, 1.40468
12.49376, 2.136931, 1.833262, 1.397087
12.50474, 2.12428, 1.864075, 1.389452
12.51599, 2.122286, 1.887612, 1.381654
12.52708, 2.874793, 1.950397, 1.373937
12.53823, 2.866972, 2.01203, 1.366212
12.54944, 2.060041, 2.033661, 1.358459
12.56069, 1.614594, 2.031961, 1.350703
12.57145, 1.430768, 2.012429, 1.343257
12.58284, 1.657702, 2.003078, 1.335407
12.59345, 1.879232, 2.006782, 1.328158
12.6048, 1.876752, 2.01686, 1.320272
12.61589, 1.872062, 2.027344, 1.312603
12.62702, 2.068671, 2.047345, 1.304963
12.63826, 2.285229, 2.078593, 1.297256
12.64926, 2.289578, 2.085869, 1.289697
12.66024, 2.306967, 2.095761, 1.282145
12.67143, 2.293818, 2.105344, 1.274484
12.68252, 2.111131, 2.106593, 1.266904
12.69338, 2.269957, 2.112787, 1.259437
12.70475, 2.28721, 2.121449, 1.251615
12.71593, 2.168835, 2.123044, 1.243977
12.72679, 2.081943, 2.120928, 1.236449
12.73816, 1.871938, 2.10841, 1.228683
12.7495, 1.78157, 2.053749, 1.220929
12.76045, 1.708414, 1.995821, 1.213448
12.77149, 1.680101, 1.976824, 1.205969
12.78277, 1.720741, 1.982131, 1.198311
12.79348, 1.686317, 1.994909, 1.191067
12.80456, 1.66475, 1.995261, 1.183567
12.81567, 1.650498, 1.983824, 1.176078
12.82701, 1.571033, 1.968539, 1.168451
12.83806, 1.556306, 1.952751, 1.160954
12.8492, 1.5448, 1.926557, 1.153421
12.8603, 1.515295, 1.88806, 1.145906
12.87156, 1.458881, 1.846525, 1.13837
12.88257, 1.428817, 1.802618, 1.130973
12.89346, 1.417711, 1.758812, 1.123646
12.90454, 1.42761, 1.724636, 1.116243
12.91578, 1.428068, 1.682542, 1.108755
12.92694, 1.402443, 1.638303, 1.101283
12.93801, 1.39265, 1.599494, 1.093991
12.949, 1.387681, 1.564781, 1.086611
12.96033, 1.377932, 1.540081, 1.079089
12.97133, 1.383191, 1.520162, 1.071846
12.98239, 1.379139, 1.503698, 1.064576
12.99354, 1.388201, 1.489103, 1.057231
13.00494, 1.400455, 1.473089, 1.049743
13.01581, 1.409739, 1.45926, 1.0426
13.02702, 1.38887, 1.445466, 1.035252
13.03795, 1.404617, 1.433172, 1.028125
13.0492, 1.411491, 1.425195, 1.020664
13.06019, 1.387599, 1.416759, 1.013466
13.07129, 1.385931, 1.408816, 1.006308
13.08249, 1.40164, 1.403133, 0.9990684
13.09339, 1.414823, 1.40093, 0.9920692
13.1046, 1.408507, 1.399915, 0.9849304
13.11554, 1.425272, 1.400293, 0.9779323
13.12682, 1.405883, 1.399206, 0.9707085
13.1377, 1.402427, 1.397924, 0.9637698
13.14931, 1.400172, 1.397811, 0.95637
13.15983, 1.389623, 1.397659, 0.9497281
13.17122, 1.375538, 1.397052, 0.9425721
13.18232, 1.382029, 1.397257, 0.9355988
13.19326, 1.358866, 1.396041, 0.928739
13.20461, 1.306592, 1.392414, 0.9216429
13.21565, 1.303091, 1.388158, 0.9147648
13.22679, 1.278151, 1.382043, 0.9078639
13.23803, 1.248131, 1.373962, 0.9009847
13.24898, 1.257244, 1.367381, 0.8942403
13.2629, 1.223111, 1.358306, 0.8855491
13.27102, 1.221448, 1.348804, 0.8805735
13.28222, 1.232466, 1.341047, 0.8737146
13.29334, 1.251904, 1.334346, 0.8669484
13.30442, 1.253655, 1.326946, 0.8603569
13.31548, 1.217255, 1.317068, 0.8536621
13.3269, 1.181374, 1.305712, 0.8467747
13.33766, 1.167557, 1.292826, 0.8402752
13.34895, 1.166896, 1.280876, 0.8335215
13.35988, 1.159664, 1.268738, 0.8271095
13.3711, 1.159454, 1.256702, 0.8204745
13.38225, 1.136461, 1.244044, 0.8139207
13.39319, 1.095545, 1.230045, 0.8074999
13.40436, 1.10036, 1.215961, 0.8009533
13.41544, 1.10735, 1.203385, 0.7945179
13.42682, 1.095648, 1.192838, 0.7878502
13.4378, 1.092041, 1.182286, 0.7814943
13.44903, 1.076441, 1.1722, 0.7751149
13.46016, 1.028485, 1.161218, 0.768727
13.47116, 1.021093, 1.14941, 0.76243
13.48234, 1.019777, 1.139243, 0.7561626
13.49331, 1.016874, 1.129015, 0.7499723
13.50443, 1.005391, 1.117661, 0.7438047
13.51541, 0.9847275, 1.104302, 0.7376975
13.52667, 0.968722, 1.090056, 0.7315071
13.53776, 0.9230207, 1.075344, 0.7253963
13.54895, 0.9218526, 1.062368, 0.7192211
13.5598, 0.8869096, 1.048336, 0.7132679
13.57099, 0.8778563, 1.033883, 0.7071879
13.58252, 0.8735398, 1.019577, 0.7009035
13.59325, 0.8458283, 1.003896, 0.6951315
13.60442, 0.8453389, 0.9893398, 0.6893107
13.61545, 0.8362021, 0.9763727, 0.6833871
13.62653, 0.9444346, 0.9685766, 0.6775327
13.63767, 0.9236053, 0.9593893, 0.6716696
13.64858, 0.9235744, 0.9507856, 0.6660386
13.65996, 0.9126069, 0.9418139, 0.6601624
13.67111, 0.8674458, 0.9313642, 0.6544133
13.68229, 0.9749027, 0.9286851, 0.6486856
13.69305, 0.7667629, 0.9159686, 0.6432366
13.70441, 0.7483, 0.9023948, 0.6374789
13.71572, 0.7268997, 0.8878961, 0.6318718
13.72644, 0.7134871, 0.8733009, 0.6265677
13.73745, 0.705029, 0.8593159, 0.621129
13.74883, 0.6973321, 0.8457464, 0.6155099
13.75996, 0.7031642, 0.8347536, 0.6100838
13.77091, 0.7013299, 0.8237275, 0.6047826
13.78216, 0.6992651, 0.8143452, 0.5993004
13.79307, 0.6832007, 0.8046125, 0.5940867
13.80428, 0.6831886, 0.795095, 0.5888612
13.81546, 0.6864701, 0.7871271, 0.5835952
13.82651, 0.6771328, 0.7787169, 0.5784797
13.83771, 0.6789681, 0.7708551, 0.5732987
13.84875, 0.6833392, 0.7578004, 0.5681989
13.85965, 0.6442709, 0.7438337, 0.5631985
13.87094, 0.6463634, 0.7299731, 0.5580742
13.882, 0.6416596, 0.7164258, 0.5532358
13.89307, 0.6066885, 0.7033879, 0.5483287
13.90415, 0.6182512, 0.6855553, 0.5434179
13.91539, 0.5959798, 0.6770161, 0.5385113
13.92631, 0.6091224, 0.6700572, 0.5338134
13.93748, 0.6028711, 0.6638558, 0.5290152
13.94857, 0.595179, 0.6579404, 0.524337
13.95977, 0.554503, 0.6504141, 0.5195639
13.9708, 0.5165021, 0.6413726, 0.5149721
13.98201, 0.5517341, 0.6338011, 0.5103455
13.99295, 0.506945, 0.6240818, 0.5058826
14.00426, 0.4946781, 0.6138524, 0.501252
14.01525, 0.4877245, 0.6040787, 0.4968237
14.0265, 0.4799633, 0.5939174, 0.4923274
14.03745, 0.4790278, 0.5835453, 0.4879902
14.04852, 0.4805051, 0.5737139, 0.4835961
14.0596, 0.4862038, 0.5640756, 0.4792396
14.07074, 0.4884674, 0.5543321, 0.4749339
14.0819, 0.4946406, 0.5468506, 0.4706671
14.09303, 0.5024148, 0.5396531, 0.4665019
14.10397, 0.5017638, 0.5326583, 0.4624062
14.11522, 0.5005308, 0.5273504, 0.4582821
14.12612, 0.4721811, 0.5200469, 0.4543716
14.13755, 0.4772605, 0.514111, 0.4502725
14.14847, 0.4679315, 0.5070515, 0.4464463
14.15989, 0.4695321, 0.5003845, 0.442542
14.17067, 0.4636095, 0.4938061, 0.4388297
14.18202, 0.4554489, 0.4888534, 0.4350017
14.19279, 0.4561089, 0.4858337, 0.4313903
14.20406, 0.45628, 0.481061, 0.4277526
14.21519, 0.4549233, 0.4784599, 0.4241208
14.22627, 0.4514703, 0.4762995, 0.4204929
14.23728, 0.4467886, 0.4742528, 0.4169694
14.24856, 0.4474216, 0.4726257, 0.4134288
14.2595, 0.4443925, 0.4708939, 0.4100533
14.27063, 0.4336205, 0.4685497, 0.4066606
14.28184, 0.4422585, 0.4663524, 0.4032336
14.29297, 0.4410727, 0.4639827, 0.3999326
14.30388, 0.4486586, 0.4616836, 0.3967315
14.31517, 0.4227366, 0.4576997, 0.3934888
14.32602, 0.4094263, 0.4530829, 0.3903807
14.33808, 0.4068266, 0.4483976, 0.3869808
14.34912, 0.3934715, 0.4444622, 0.3839765
14.36017, 0.3851019, 0.4398542, 0.3811058
14.37139, 0.3836604, 0.4356407, 0.3781273
14.38283, 0.3813456, 0.4312313, 0.3750313
14.3934, 0.3837194, 0.4272369, 0.3723225
14.40437, 0.3833694, 0.4236329, 0.3695967
14.41611, 0.383941, 0.4200245, 0.366747
14.42666, 0.3832658, 0.4163737, 0.364097
14.43762, 0.3848319, 0.4128691, 0.3614064
14.44891, 0.3877919, 0.4096852, 0.3586896
14.46011, 0.3907988, 0.4068857, 0.3561712
14.47127, 0.3957265, 0.4043009, 0.3536369
14.48228, 0.3987011, 0.4020163, 0.3511541
14.49307, 0.3880728, 0.3997389, 0.3488159
14.504, 0.3870174, 0.3969769, 0.346477
14.51516, 0.3862425, 0.3942354, 0.34418
14.52619, 0.3850267, 0.3910538, 0.3418511
14.53706, 0.387599, 0.3892969, 0.3396028
14.54843, 0.3828439, 0.3879678, 0.3374044
14.55945, 0.3896215, 0.3871076, 0.3352949
14.57062, 0.3885156, 0.3868597, 0.3332122
14.5821, 0.3856403, 0.3868867, 0.3310758
14.59276, 0.3797268, 0.38669, 0.3291672
14.60402, 0.3794161, 0.3865935, 0.3272598
14.61514, 0.378009, 0.386308, 0.3253919
14.62613, 0.3773459, 0.3860068, 0.3236938
14.63706, 0.3773798, 0.3856787, 0.3219801
14.64826, 0.3783633, 0.3854336, 0.3202565
14.65924, 0.35685, 0.3840345, 0.3185822
14.67046, 0.3601269, 0.3826513, 0.3169757
14.68165, 0.3420728, 0.380215, 0.3153583
14.69271, 0.3388485, 0.3773711, 0.3138544
14.70376, 0.3428581, 0.3745789, 0.3124658
14.71512, 0.3369478, 0.3720227, 0.3110675
14.72595, 0.3306887, 0.3692062, 0.3097738
14.7375, 0.3288462, 0.3663364, 0.3084212
14.74832, 0.3309413, 0.3636321, 0.307261
14.75958, 0.3287066, 0.3606876, 0.3060328
14.77045, 0.3271993, 0.3579053, 0.3049329
14.782, 0.3287592, 0.3548622, 0.3037032
14.79241, 0.3278949, 0.3518311, 0.3027382
14.80392, 0.3290749, 0.3490029, 0.3018354
14.81503, 0.3295457, 0.3464938, 0.3009159
14.82602, 0.3258718, 0.3438166, 0.300049
14.83717, 0.3268929, 0.3412609, 0.2992557
14.84849, 0.3267663, 0.3387319, 0.2984164
14.85924, 0.3223982, 0.3359828, 0.2977437
14.87031, 0.3233719, 0.3332332, 0.2970828
14.8815, 0.3189785, 0.3313396, 0.2965232
14.89272, 0.3193246, 0.3292995, 0.2959808
14.90378, 0.3196195, 0.3281768, 0.2955006
14.91662, 0.3152998, 0.3269994, 0.2949909
14.92673, 0.3098317, 0.3253481, 0.294706
14.9376, 0.3087736, 0.3239394, 0.2943952
14.94856, 0.3086633, 0.3228381, 0.2941352
14.95994, 0.3058038, 0.321686, 0.2939991
14.9708, 0.3056377, 0.3204208, 0.2938538
14.98269, 0.3056234, 0.3192666, 0.2937011
14.99297, 0.303127, 0.318063, 0.2936606
15.00431, 0.3026717, 0.3167586, 0.2934951
15.01528, 0.2970028, 0.315214, 0.2935242
15.02638, 0.2961864, 0.3135696, 0.2937874
15.03742, 0.2955176, 0.3118682, 0.2938704
15.04889, 0.2947065, 0.3103099, 0.2940759
15.05976, 0.2937137, 0.3086509, 0.2942781
15.07075, 0.2907425, 0.3068497, 0.2945482
15.08155, 0.2914494, 0.3053023, 0.2948586
15.09234, 0.2903979, 0.3036536, 0.2952447
15.10375, 0.2907475, 0.3022421, 0.2956651
15.11475, 0.2908261, 0.3008172, 0.2961503
15.1258, 0.2919601, 0.2994342, 0.2966364
15.13706, 0.2933035, 0.2983344, 0.2971509
15.14815, 0.2923247, 0.297459, 0.2977919
15.15898, 0.2934087, 0.2966908, 0.2985092
15.17043, 0.2935118, 0.2959332, 0.2993062
15.18137, 0.2939548, 0.2953408, 0.300171
15.19264, 0.3001996, 0.2950689, 0.3010602
15.2036, 0.3027978, 0.2949276, 0.3020211
15.21467, 0.3071541, 0.2951289, 0.3030163
15.22595, 0.311624, 0.2955765, 0.30404
15.23685, 0.3064809, 0.2960505, 0.3052365
15.24814, 0.3058733, 0.2965348, 0.3064315
15.25902, 0.3086558, 0.2971917, 0.3075974
15.27028, 0.3094935, 0.2979311, 0.3089013
15.2814, 0.3101299, 0.2987519, 0.3102271
15.29263, 0.310772, 0.2997534, 0.3116429
15.30369, 0.3107804, 0.3007199, 0.3131
15.31479, 0.3134623, 0.3018731, 0.3145715
15.32583, 0.3163792, 0.3031547, 0.3160568
15.33677, 0.3177455, 0.3045007, 0.3176712
15.34801, 0.3162147, 0.3057134, 0.3192388
15.35899, 0.320002, 0.3070483, 0.3208967
15.37024, 0.3193938, 0.3084018, 0.3226668
15.38139, 0.3168939, 0.309576, 0.3244304
15.39245, 0.3148792, 0.3106444, 0.3262705
15.40345, 0.3168724, 0.3117903, 0.3281089
15.41476, 0.3175617, 0.3126584, 0.3301497
15.42597, 0.3167561, 0.3133563, 0.3321882
15.43698, 0.3173944, 0.3138683, 0.3342738
15.44785, 0.3175853, 0.3141664, 0.3363723
15.45911, 0.3164754, 0.3146661, 0.3385592
15.4701, 0.3188834, 0.3153166, 0.3407819
15.48145, 0.3177844, 0.3157731, 0.3431253
15.49226, 0.3180236, 0.3161996, 0.3453953
15.50348, 0.3201693, 0.3167015, 0.3477093
15.51466, 0.3192553, 0.3171257, 0.3501236
15.52583, 0.3209331, 0.3176333, 0.3526672
15.53672, 0.3189786, 0.3179092, 0.3551328
15.54801, 0.3271843, 0.3184494, 0.3577616
15.55877, 0.3271283, 0.3189186, 0.3602829
15.57016, 0.3273557, 0.3194756, 0.3630338
15.5814, 0.3290412, 0.3199276, 0.3657731
15.59247, 0.330828, 0.3204993, 0.3685346
15.6033, 0.3327544, 0.3212923, 0.3712953
15.61487, 0.3343988, 0.3222683, 0.3742181
15.62561, 0.3898651, 0.3259179, 0.3770644
15.63665, 0.3892504, 0.3295023, 0.3800527
15.64786, 0.4032397, 0.3338265, 0.3831083
15.65876, 0.4063857, 0.3382761, 0.3861157
15.67006, 0.4020565, 0.3424997, 0.3892804
15.68115, 0.3979009, 0.3465709, 0.3923911
15.69245, 0.399903, 0.3506219, 0.3956586
15.70351, 0.4010174, 0.3547836, 0.3988484
15.7144, 0.4022162, 0.3589932, 0.4021014
15.72568, 0.4032388, 0.3631466, 0.4054565
15.73663, 0.4025232, 0.36731, 0.4088037
15.74785, 0.401601, 0.3713434, 0.4122868
15.75873, 0.4075155, 0.3757702, 0.415803
15.77013, 0.4071053, 0.3797663, 0.4194511
15.78111, 0.4087904, 0.3838494, 0.4230294
15.79225, 0.4165528, 0.3883092, 0.4266832
15.80343, 0.4171386, 0.3927141, 0.4303786
15.81452, 0.4170848, 0.397027, 0.4341232
15.82566, 0.4151821, 0.4011484, 0.4379442
15.83674, 0.4148645, 0.4051716, 0.4418359
15.84786, 0.4135852, 0.4063576, 0.4457404
15.85864, 0.4227667, 0.4080334, 0.449485
15.87012, 0.4251185, 0.4091274, 0.4536155
15.88115, 0.4287524, 0.4102457, 0.4576313
15.89235, 0.4319403, 0.4117399, 0.4617424
15.90369, 0.4297795, 0.4133338, 0.4659103
15.91463, 0.42672, 0.4146746, 0.4699122
15.9257, 0.4520028, 0.4172239, 0.4740979
15.93726, 0.4534422, 0.4197852, 0.4784208
15.94814, 0.4479661, 0.4220215, 0.4826102
15.95915, 0.4518076, 0.4244858, 0.4868793
15.97033, 0.4680343, 0.4278075, 0.491265
15.98149, 0.4723766, 0.4310505, 0.49577
15.99257, 0.4689844, 0.4341445, 0.5002207
16.00376, 0.4720342, 0.4373067, 0.5047531
16.01506, 0.4726916, 0.4401136, 0.5093692
16.02579, 0.4833239, 0.4434229, 0.513803
16.03659, 0.4856112, 0.4468492, 0.518306
16.04836, 0.484733, 0.4503267, 0.5232496
16.05904, 0.4835325, 0.4537601, 0.5278128
16.07001, 0.4851378, 0.4573378, 0.5324796
16.08108, 0.4883658, 0.4606178, 0.5372429
16.09213, 0.4885119, 0.4637875, 0.5420477
16.10287, 0.4919844, 0.4669491, 0.5468103
16.11434, 0.4849903, 0.4696016, 0.5518876
16.12509, 0.4990937, 0.4730673, 0.5566614
16.13691, 0.5069563, 0.4770792, 0.5619406
16.14781, 0.5088257, 0.4799203, 0.5668741
16.15874, 0.5186943, 0.4831828, 0.5718205
16.16994, 0.5257328, 0.4870712, 0.5769838
16.18111, 0.5230012, 0.4906309, 0.5821443
16.19186, 0.5611781, 0.4952881, 0.5871923
16.20317, 0.5686022, 0.5000994, 0.5926284
16.21424, 0.5748487, 0.5053926, 0.5979747
16.22529, 0.5842471, 0.5110032, 0.6032783
16.23658, 0.5857926, 0.5166582, 0.6088432
16.24767, 0.588551, 0.5219196, 0.6142677
16.25858, 0.5977842, 0.5275282, 0.6195459
16.26981, 0.5892744, 0.5327553, 0.6250764
16.28086, 0.5807127, 0.5376143, 0.6304877
16.29198, 0.5984454, 0.5432796, 0.6360575
16.30299, 0.6026363, 0.5489932, 0.6417263
16.31447, 0.6065386, 0.5548945, 0.647643
16.32508, 0.6282053, 0.5617055, 0.6530743
16.33634, 0.6301707, 0.5689646, 0.6588598
16.3474, 0.6411484, 0.5760673, 0.6645667
16.3588, 0.6429809, 0.5828685, 0.6704257
16.36956, 0.6433236, 0.5895935, 0.6760555
16.38134, 0.6435618, 0.5958368, 0.6822507
16.39205, 0.6373144, 0.6014159, 0.6879277
16.40296, 0.6358892, 0.6070603, 0.693724
16.41436, 0.7115273, 0.6145778, 0.6998478
16.42542, 0.6910462, 0.6206999, 0.7057884
16.43631, 0.6835459, 0.6261348, 0.711716
16.44752, 0.725701, 0.6332075, 0.7178128
16.45846, 0.7309092, 0.6404634, 0.7238576
16.4698, 0.7240614, 0.6472389, 0.7300953
16.48065, 0.7192593, 0.6533126, 0.7361057
16.492, 0.7277862, 0.6602382, 0.7424361
16.50299, 0.7261709, 0.6675111, 0.7485652
16.51423, 0.7262036, 0.6738991, 0.7548224
16.52499, 0.7342974, 0.6804821, 0.7608595
16.5365, 0.7406387, 0.6871871, 0.7674287
16.54732, 0.7459543, 0.6930746, 0.7735938
16.55853, 0.7541471, 0.6992735, 0.779909
16.56949, 0.7492589, 0.704679, 0.786187
16.58091, 0.7490981, 0.7099848, 0.792805
16.59192, 0.781192, 0.7168782, 0.7991849
16.60302, 0.7819865, 0.7237995, 0.8056796
16.61397, 0.780121, 0.7309397, 0.8121033
16.62535, 0.7929906, 0.7387949, 0.8187705
16.63616, 0.727326, 0.7395848, 0.8250574
16.6477, 0.8614332, 0.7481042, 0.83188
16.65838, 0.890224, 0.7584381, 0.8382791
16.66965, 0.8942165, 0.7668639, 0.844998
16.68094, 0.8765997, 0.7741483, 0.8517359
16.69193, 0.880524, 0.7819715, 0.8583422
16.70317, 0.883836, 0.7902004, 0.8651318
16.71413, 0.8875803, 0.7981901, 0.871784
16.72511, 0.9239796, 0.8080805, 0.8784722
16.7362, 0.9214088, 0.8178408, 0.8852491
16.7474, 0.9192498, 0.8270885, 0.8921192
16.75854, 0.9160434, 0.8358587, 0.8989332
16.76949, 0.9161947, 0.8443707, 0.9056901
16.78098, 0.9129837, 0.8523126, 0.9127275
16.79186, 0.9174141, 0.8607203, 0.919575
16.80287, 0.9131399, 0.8689224, 0.9264635
16.81402, 0.9243433, 0.8760799, 0.9334438
16.82513, 0.9417375, 0.8840675, 0.9404193
16.83632, 0.9337413, 0.8917485, 0.9474917
16.8474, 0.9286671, 0.8985324, 0.9545126
16.85838, 0.9521213, 0.9097722, 0.9616129
16.86969, 1.238917, 0.9286464, 0.9688466
16.88085, 1.189917, 0.943631, 0.9758363
16.89192, 0.8253015, 0.9401852, 0.982974
16.90281, 0.9543716, 0.9440739, 0.9899753
16.91412, 0.959426, 0.948019, 0.9973122
16.92511, 1.012461, 0.9544502, 1.004421
16.93629, 0.9504427, 0.9575933, 1.011735
16.94711, 0.9233599, 0.9575623, 1.018774
16.95849, 0.8696335, 0.9549735, 1.026048
16.9694, 0.9268329, 0.9553526, 1.033173
16.98072, 0.9120548, 0.9551531, 1.040601
16.99163, 0.9489847, 0.9567925, 1.047808
17.00287, 0.9879194, 0.9605393, 1.055186
17.01414, 1.082086, 0.968773, 1.062574
17.02511, 1.075071, 0.9768696, 1.069809
17.03605, 1.057599, 0.9835323, 1.077096
17.04734, 1.060104, 0.9894506, 1.084583
17.05861, 1.160196, 1.000773, 1.092077
17.07015, 1.152585, 1.011969, 1.099732
17.08183, 1.156018, 1.022164, 1.107486
17.09209, 1.151939, 1.017815, 1.114355
17.10299, 1.158194, 1.016229, 1.121665
17.11399, 1.163814, 1.033155, 1.12897
17.12547, 1.217569, 1.046315, 1.136653
17.13671, 1.224119, 1.059549, 1.144315
17.14756, 1.229801, 1.070416, 1.151611
17.15879, 1.225587, 1.084174, 1.15919
17.16957, 1.212415, 1.098626, 1.166485
17.18115, 1.210746, 1.115682, 1.174364
17.19204, 1.231159, 1.130898, 1.181783
17.20305, 1.247963, 1.147694, 1.189234
17.21444, 1.276498, 1.164069, 1.197128
17.2249, 1.281653, 1.178756, 1.204281
17.2361, 1.267042, 1.188004, 1.211745
17.24718, 1.2897, 1.198735, 1.219304
17.25836, 1.314348, 1.211573, 1.226879
17.26937, 1.364134, 1.226774, 1.23441
17.2804, 1.305645, 1.234047, 1.241874
17.29143, 1.100133, 1.231424, 1.249426
17.30281, 1.185246, 1.232885, 1.257295
17.31364, 1.197318, 1.235154, 1.264744
17.32502, 1.227734, 1.238631, 1.27261
17.33595, 1.233861, 1.242134, 1.28026
17.34704, 1.232855, 1.242898, 1.287905
17.35831, 1.230482, 1.243216, 1.295593
17.36942, 1.235191, 1.243486, 1.303307
17.38063, 1.233431, 1.243878, 1.311188
17.39156, 1.24974, 1.245744, 1.318711
17.40271, 1.242715, 1.247343, 1.326382
17.41374, 1.257002, 1.248635, 1.334047
17.42512, 1.321506, 1.252312, 1.341911
17.43603, 1.337428, 1.255358, 1.349432
17.44769, 1.350635, 1.258807, 1.357469
17.45826, 1.33921, 1.262416, 1.364789
17.46919, 1.342192, 1.265041, 1.37235
17.48179, 1.335217, 1.266084, 1.381074
17.49252, 1.326333, 1.264194, 1.38855
17.50296, 1.316318, 1.264728, 1.395704
17.51442, 1.325005, 1.275971, 1.40356
17.52514, 1.35837, 1.284627, 1.411015
17.53646, 1.364702, 1.292997, 1.418898
17.54771, 1.366917, 1.299956, 1.426664
17.55864, 1.359357, 1.306231, 1.434141
17.56977, 1.351295, 1.312153, 1.44185
17.58099, 1.358849, 1.318571, 1.449651
17.59181, 1.349058, 1.324264, 1.457091
17.60278, 1.359755, 1.33058, 1.464511
17.61407, 1.354777, 1.335832, 1.472302
17.6252, 1.369344, 1.342164, 1.479989
17.63642, 1.346802, 1.346654, 1.487842
17.64718, 1.342198, 1.347688, 1.495248
17.65829, 1.184865, 1.34006, 1.502833
17.66881, 1.23037, 1.334047, 1.510012
17.68037, 1.25598, 1.329885, 1.517818
17.69145, 1.252691, 1.32541, 1.525393
17.70234, 1.220524, 1.319676, 1.532923
17.71384, 1.429189, 1.324818, 1.540783
17.72478, 1.532719, 1.335639, 1.548267
17.73578, 1.55541, 1.347159, 1.555834
17.74692, 1.590441, 1.358762, 1.563422
17.75787, 1.601726, 1.370614, 1.570849
17.76917, 1.596287, 1.382082, 1.57854
17.78035, 1.593175, 1.393773, 1.586165
17.79132, 1.608726, 1.406644, 1.593629
17.80233, 1.609354, 1.41917, 1.601186
17.81369, 1.606944, 1.432064, 1.608889
17.82446, 1.675819, 1.447867, 1.616187
17.83573, 1.66876, 1.463566, 1.623764
17.84694, 1.74611, 1.482405, 1.631381
17.85794, 1.792332, 1.504681, 1.638846
17.869, 1.96524, 1.535833, 1.646336
17.8803, 1.961743, 1.574677, 1.653918
17.89117, 1.977262, 1.612022, 1.661175
17.9025, 2.056632, 1.652054, 1.668746
17.91352, 2.05658, 1.692249, 1.676099
17.92448, 2.062144, 1.73433, 1.683424
17.9356, 1.786361, 1.752188, 1.690927
17.94704, 1.785704, 1.764838, 1.698567
17.95772, 1.821419, 1.778138, 1.705713
17.96931, 1.869915, 1.792112, 1.71339
17.98011, 1.81984, 1.803017, 1.720497
17.99144, 1.870502, 1.816728, 1.728042
18.00223, 1.924251, 1.833282, 1.735061
18.01342, 1.906749, 1.848183, 1.74248
18.02436, 1.913008, 1.863366, 1.749682
18.0357, 1.935086, 1.879773, 1.757123
18.04664, 1.944531, 1.893208, 1.764244
18.05785, 1.910821, 1.905311, 1.771414
18.06883, 1.937004, 1.914856, 1.778555
18.08026, 2.0008, 1.92528, 1.785997
18.09106, 1.871023, 1.920569, 1.792936
18.1025, 1.89053, 1.917008, 1.800491
18.11329, 1.912349, 1.913762, 1.807425
18.12453, 2.019801, 1.911921, 1.814636
18.13552, 2.02314, 1.910249, 1.821648
18.14676, 2.023818, 1.908333, 1.828826
18.15763, 1.960671, 1.917048, 1.835698
18.16904, 1.98185, 1.926855, 1.842954
18.18003, 1.737308, 1.92265, 1.849931
18.19135, 1.754883, 1.916898, 1.857041
18.20214, 1.710546, 1.911434, 1.863787
18.21393, 1.730683, 1.904443, 1.871152
18.22562, 1.738421, 1.895151, 1.878431
18.2359, 1.733526, 1.88649, 1.884791
18.24742, 1.731711, 1.877425, 1.891883
18.25823, 1.766323, 1.868987, 1.898596
18.26943, 1.794833, 1.861502, 1.905461
18.28039, 1.909608, 1.861441, 1.912202
18.29129, 1.932881, 1.861235, 1.918914
18.30223, 1.930839, 1.857737, 1.92556
18.31375, 1.935378, 1.860955, 1.932404
18.32442, 2.073589, 1.870108, 1.938854
18.33594, 1.984748, 1.873728, 1.945729
18.34713, 2.136374, 1.879557, 1.952417
18.35808, 2.217487, 1.889274, 1.958884
18.36913, 2.249464, 1.900556, 1.965461
18.38008, 2.239071, 1.914476, 1.971892
18.39106, 2.29177, 1.929972, 1.978343
18.40208, 2.2919, 1.957702, 1.984847
18.41309, 2.292289, 1.984572, 1.991328
18.42452, 2.282638, 2.013177, 1.99793
18.43555, 2.238198, 2.038553, 2.004278
18.44683, 2.26242, 2.064753, 2.010734
18.45754, 2.32488, 2.09432, 2.016815
18.46902, 2.351173, 2.125293, 2.023342
18.47973, 2.360295, 2.154992, 2.029444
18.49121, 2.46854, 2.188677, 2.035951
18.50207, 2.473594, 2.216877, 2.042054
18.51321, 2.441847, 2.242325, 2.048271
18.52421, 2.441814, 2.267874, 2.054352
18.5354, 2.409375, 2.291574, 2.060548
18.54641, 2.38067, 2.306927, 2.066582
18.55772, 2.400079, 2.327694, 2.072781
18.56897, 2.433598, 2.342555, 2.078868
18.57984, 2.503222, 2.356842, 2.08459
18.59094, 2.609023, 2.37482, 2.090449
18.60215, 2.596868, 2.39271, 2.096403
18.61305, 2.592246, 2.407733, 2.102248
18.62443, 2.531267, 2.419702, 2.108237
18.63531, 2.583455, 2.43426, 2.113799
18.64661, 2.485432, 2.4444, 2.119664
18.65741, 2.271855, 2.446083, 2.125265
18.66891, 2.274458, 2.446684, 2.131163
18.67971, 2.162034, 2.438542, 2.136738
18.69103, 2.19491, 2.430729, 2.142561
18.70188, 2.199678, 2.422698, 2.148018
18.71314, 2.209448, 2.409744, 2.153698
18.72413, 2.296602, 2.400894, 2.159119
18.73543, 2.355912, 2.396597, 2.164644
18.74634, 2.405387, 2.394776, 2.169964
18.75755, 2.345786, 2.391596, 2.175458
18.76866, 2.446024, 2.394864, 2.180854
18.77982, 2.477851, 2.398753, 2.186158
18.79077, 2.477558, 2.400951, 2.191316
18.80218, 2.504467, 2.401013, 2.196697
18.81302, 2.533361, 2.39723, 2.201684
18.82427, 2.577549, 2.396264, 2.206936
18.8352, 2.625067, 2.397905, 2.211994
18.84656, 2.628003, 2.402742, 2.217185
18.85734, 2.621206, 2.404629, 2.222049
18.86862, 2.587697, 2.409742, 2.227173
18.87957, 2.675732, 2.429936, 2.232034
18.89089, 2.699365, 2.451181, 2.237115
18.902, 2.696106, 2.477885, 2.242003
18.91313, 2.717038, 2.503992, 2.24688
18.92416, 2.849782, 2.536497, 2.251629
18.93528, 2.911655, 2.571607, 2.256457
18.94631, 2.887902, 2.601172, 2.261164
18.95751, 2.872868, 2.62702, 2.265869
18.96845, 2.974333, 2.655467, 2.270486
18.98004, 2.878734, 2.682114, 2.275274
18.99069, 3.105408, 2.715084, 2.279633
19.00214, 3.086194, 2.745501, 2.284303
19.01291, 3.011806, 2.772213, 2.288562
19.0242, 3.053889, 2.799684, 2.293083
19.03512, 3.075303, 2.826781, 2.297395
19.0464, 3.075113, 2.85166, 2.301816
19.05731, 2.946199, 2.867716, 2.306046
19.07226, 3.067783, 2.889705, 2.311829
19.07948, 3.029586, 2.910124, 2.314529
19.09064, 3.050955, 2.933287, 2.318842
19.1021, 3.204635, 2.959733, 2.323104
19.113, 3.190744, 2.984301, 2.326983
19.12412, 3.076582, 3.003325, 2.330992
19.13511, 3.074346, 3.02119, 2.334935
19.14651, 3.089119, 3.033157, 2.339036
19.15725, 3.282806, 3.051715, 2.342697
19.16858, 3.201734, 3.067406, 2.346533
19.17943, 3.16621, 3.082073, 2.35021
19.19063, 2.973116, 3.082013, 2.354043
19.20174, 2.947271, 3.085439, 2.357748
19.21329, 2.910007, 3.07567, 2.361547
19.22387, 2.933659, 3.068043, 2.365057
19.23542, 2.895408, 3.062223, 2.368811
19.24619, 3.051008, 3.062079, 2.372253
19.2573, 3.019732, 3.0593, 2.375809
19.26841, 3.03788, 3.057439, 2.379131
19.28017, 3.215978, 3.070928, 2.382726
19.29107, 2.958328, 3.065455, 2.38604
19.30379, 2.890849, 3.058518, 2.389822
19.31319, 2.969552, 3.054448, 2.392561
19.32502, 3.026322, 3.045532, 2.395976
19.33528, 3.014634, 3.036727, 2.398943
19.34655, 2.90366, 3.028081, 2.40211
19.35737, 2.847182, 3.016723, 2.405079
19.36863, 2.824827, 3.003508, 2.408169
19.3793, 2.942284, 2.986482, 2.410946
19.39071, 2.901209, 2.971456, 2.413839
19.40171, 2.794352, 2.952863, 2.416707
19.41278, 2.796272, 2.944021, 2.419478
19.42402, 2.811381, 2.937226, 2.422258
19.43512, 2.809735, 2.932212, 2.425012
19.44604, 2.825888, 2.926824, 2.427616
19.45728, 2.868507, 2.925479, 2.43013
19.46842, 2.815202, 2.913689, 2.432655
19.47947, 2.813044, 2.903354, 2.435228
19.49042, 2.749633, 2.888942, 2.437603
19.50185, 2.746575, 2.865472, 2.439986
19.51267, 2.707286, 2.85292, 2.442278
19.5239, 2.677045, 2.842229, 2.444654
19.53493, 2.574344, 2.822469, 2.446874
19.54637, 3.255798, 2.833943, 2.449131
19.55693, 2.344795, 2.800451, 2.451201
19.56854, 3.560616, 2.833299, 2.453383
19.57927, 3.102803, 2.84608, 2.455402
19.59044, 3.117494, 2.860713, 2.457384
19.60158, 2.862986, 2.856748, 2.459358
19.6129, 3.145563, 2.868966, 2.46129
19.62364, 2.976551, 2.878076, 2.463068
19.63484, 3.157997, 2.896163, 2.464906
19.64606, 3.18384, 2.914785, 2.466661
19.65708, 3.260893, 2.937343, 2.468251
19.66835, 3.15686, 2.953892, 2.469864
19.67941, 3.167031, 2.968818, 2.471507
19.69027, 3.208962, 2.988506, 2.472993
19.70187, 3.256128, 3.01066, 2.474535
19.71255, 3.238585, 3.035108, 2.475919
19.72394, 3.318729, 3.063716, 2.477358
19.73488, 3.369504, 3.096827, 2.478587
19.7461, 3.395366, 3.132743, 2.479879
19.75701, 3.630005, 3.185526, 2.481063
19.76847, 3.841831, 3.214828, 2.482281
19.77923, 3.696932, 3.282434, 2.483332
19.79046, 3.930106, 3.300909, 2.484408
19.80143, 3.973912, 3.344465, 2.485458
19.81278, 4.06883, 3.392031, 2.486488
19.82363, 3.922114, 3.444988, 2.487354
19.8349, 4.216059, 3.498513, 2.4883
19.84615, 4.314142, 3.565392, 2.489107
19.85701, 4.333878, 3.624186, 2.489861
19.8682, 4.138795, 3.671934, 2.490534
19.87921, 3.733979, 3.695588, 2.49103
19.89025, 3.598978, 3.717694, 2.491647
19.90158, 3.607449, 3.739715, 2.492228
19.91252, 3.695673, 3.764051, 2.492659
19.92369, 3.810156, 3.791752, 2.493116
19.9348, 3.816302, 3.820638, 2.493534
19.94615, 4.968953, 3.903149, 2.49385
19.95679, 4.816901, 3.975519, 2.494162
19.96841, 4.371342, 4.024318, 2.494364
19.97922, 3.915633, 4.0386, 2.49446
19.99037, 4.102735, 4.051645, 2.494574
20.00141, 4.078763, 4.070737, 2.494601
