0.0117584, 1.025112, 1.025112, 2.03161
0.0216515, 1.019568, 1.02234, 2.031595
0.0327183, 1.018933, 1.021205, 2.0316
0.0441737, 1.016494, 1.020027, 2.031553
0.0549953, 0.9459219, 1.005206, 2.031512
0.06626511, 0.9425786, 0.994768, 2.03135
0.07740881, 0.9468608, 0.9879241, 2.031295
0.0886585, 0.9463979, 0.9827333, 2.031135
0.1004606, 0.9700121, 0.9813198, 2.031173
0.1107003, 0.9887829, 0.9820662, 2.031162
0.1217887, 0.9864534, 0.982465, 2.031129
0.1327515, 1.01146, 0.9848812, 2.031097
0.1440707, 1.015604, 0.9872445, 2.031067
0.1549678, 1.016963, 0.9893673, 2.030969
0.1663706, 1.014941, 0.9910722, 2.030983
0.177463, 1.022581, 0.9930415, 2.031036
0.1882383, 1.022958, 0.9948012, 2.03105
0.199426, 1.014348, 0.9958871, 2.031065
0.2105118, 1.148732, 1.003932, 2.031061
0.2216597, 1.210625, 1.014266, 2.031054
0.2326886, 0.9765654, 1.011839, 2.031057
0.2439789, 0.8584242, 1.003782, 2.031116
0.2550676, 1.212495, 1.01346, 2.031175
0.2771089, 1.04688, 1.014979, 2.031237
0.2882966, 1.092847, 1.022326, 2.031079
0.2995349, 0.9827279, 1.024333, 2.031077
0.310479, 1.20464, 1.037222, 2.031102
0.3216065, 0, 0.9899019, 2.031147
0.4991447, 0.9302292, 0.9879128, 2.030764
0.510513, 0.7788885, 0.9774181, 2.030684
0.521458, 0.8665231, 0.9714215, 2.030668
0.5325363, 0.8546169, 0.9635794, 2.030643
0.5437917, 0.9243402, 0.9590161, 2.030651
0.555285, 0.9150989, 0.9539229, 2.030692
0.5672579, 1.114159, 0.9588839, 2.030835
0.5788082, 0.8978266, 0.9526461, 2.030741
0.5885582, 0.9503019, 0.9490134, 2.030718
0.5990554, 0.9346915, 0.9450306, 2.030638
0.6105052, 0.9254884, 0.9338684, 2.030716
0.6213873, 1.050658, 0.9258701, 2.030765
0.6327995, 1.000651, 0.9270743, 2.030838
0.643852, 1.11537, 0.9399216, 2.030863
0.6548821, 1.079722, 0.933283, 2.030889
0.6659905, 1.037255, 0.9328017, 2.030819
0.6773829, 1.033111, 0.929815, 2.030824
0.6883013, 1.030122, 0.9321848, 2.030771
0.6997342, 1.051107, 0.9245082, 2.030768
0.7106559, 1.055689, 0.9772927, 2.030761
0.7215065, 1.057729, 0.9836677, 2.030732
0.7324631, 1.067611, 0.9981038, 2.030741
0.7432857, 1.074438, 1.0085, 2.030713
0.7544895, 1.063515, 1.018945, 2.03073
0.7656799, 1.081914, 1.026823, 2.030715
0.7765557, 1.077985, 1.034967, 2.03074
0.7879628, 1.092217, 1.03387, 2.030727
0.7991013, 1.082435, 1.043101, 2.030847
0.8099335, 1.076641, 1.049418, 2.030881
0.8212392, 1.083198, 1.056843, 2.030963
0.832344, 1.053203, 1.063229, 2.031016
0.8435783, 1.041255, 1.062759, 2.030978
0.8545248, 1.037109, 1.064582, 2.031038
0.8657832, 1.030236, 1.060325, 2.03103
0.8768442, 1.029962, 1.057837, 2.03111
0.8878316, 1.029685, 1.057459, 2.031005
0.8989095, 1.034891, 1.057547, 2.031086
0.9100639, 1.050757, 1.058579, 2.031111
0.9213013, 1.04433, 1.05824, 2.031169
0.9323125, 1.017215, 1.056317, 2.031244
0.9432432, 1.035864, 1.055223, 2.031257
0.9546649, 1.020447, 1.052865, 2.031266
0.9657335, 1.056828, 1.051985, 2.031292
0.9772895, 1.071601, 1.052389, 2.031285
0.9880619, 1.064848, 1.051536, 2.031332
0.9989086, 1.034039, 1.049338, 2.031268
1.010255, 1.035903, 1.046523, 2.031294
1.021231, 1.034586, 1.04413, 2.031288
1.03231, 1.03104, 1.04185, 2.031301
1.043419, 1.043121, 1.039846, 2.03127
1.054628, 1.069849, 1.040679, 2.031322
1.065713, 1.033047, 1.040268, 2.031308
1.076816, 1.062677, 1.041547, 2.03129
1.087896, 1.096962, 1.044883, 2.031373
1.099195, 1.100726, 1.048421, 2.031382
1.110207, 1.100052, 1.05194, 2.031122
1.121209, 1.100104, 1.0552, 2.031172
1.13221, 1.086236, 1.056974, 2.031281
1.143345, 1.082585, 1.058887, 2.031335
1.154496, 1.073544, 1.061703, 2.031399
1.1656, 1.069649, 1.063393, 2.031331
1.176854, 1.068191, 1.06578, 2.031354
1.187913, 1.069304, 1.066404, 2.031216
1.198989, 0, 1.012823, 2.031291
1.210072, 0, 0.9595811, 2.031335
1.221536, 1.043515, 0.9600549, 2.031295
1.23294, 1.024575, 0.9594884, 2.03129
1.243883, 1.022847, 0.9589014, 2.031175
1.254939, 1.020494, 0.9583741, 2.031158
1.266009, 1.005031, 0.9564697, 2.031183
1.277404, 1.001615, 0.9530579, 2.031204
1.288362, 1.001189, 0.951465, 2.031182
1.299238, 0.9974075, 0.9482015, 2.031069
1.310459, 0.9954872, 0.9431278, 2.031127
1.321009, 0.9934837, 0.9377657, 2.031076
1.332715, 0.993008, 0.9324135, 2.031051
1.343827, 0.9948736, 0.927152, 2.030995
1.35485, 1.001353, 0.9229078, 2.030939
1.3659, 1.023936, 0.9199753, 2.030898
1.377029, 1.033461, 0.9179711, 2.030953
1.387841, 0, 0.8644887, 2.030925
1.399126, 1.041081, 0.8631331, 2.030933
1.409941, 1.026976, 0.8610168, 2.030926
1.420995, 1.030392, 0.9125363, 2.030992
1.432021, 1.03106, 0.9640893, 2.031029
1.443308, 1.030527, 0.9634399, 2.031066
1.454572, 1.001783, 0.9623004, 2.031076
1.465489, 1.10265, 0.9662906, 2.031068
1.476604, 1.111442, 0.9708379, 2.031197
1.487801, 1.113999, 0.9762862, 2.031271
1.498919, 1.13633, 0.9830219, 2.031358
1.509963, 1.13582, 0.9897535, 2.031366
1.521135, 1.133822, 0.9965742, 2.031411
1.532194, 1.122888, 1.002944, 2.031325
1.543469, 1.12028, 1.009284, 2.031289
1.55439, 1.121572, 1.015712, 2.03137
1.565505, 1.160023, 1.02397, 2.031405
1.576558, 1.158293, 1.031817, 2.031454
1.587612, 1.143224, 1.037781, 2.031583
1.598871, 1.121701, 1.042193, 2.031635
1.609918, 1.130845, 1.098736, 2.031683
1.620904, 1.1291, 1.103137, 2.031827
1.632109, 1.144466, 1.109011, 2.031871
1.64328, 1.134865, 1.114235, 2.031933
1.654469, 1.138207, 1.119592, 2.031979
1.665459, 1.166172, 1.126374, 2.03205
1.676795, 1.149484, 1.133759, 2.032079
1.687445, 1.149531, 1.136104, 2.032001
1.698806, 1.162157, 1.138639, 2.032077
1.709943, 1.159699, 1.140924, 2.03214
1.720839, 1.172861, 1.142751, 2.03223
1.732182, 1.153911, 1.143656, 2.032265
1.743258, 1.153297, 1.144629, 2.032255
1.75442, 1.137629, 1.145366, 2.032271
1.76546, 1.107977, 1.144751, 2.032214
1.776505, 1.023498, 1.139848, 2.032184
1.787722, 1.024886, 1.133091, 2.032254
1.798739, 1.018741, 1.126113, 2.032238
1.80976, 1.010745, 1.119489, 2.032248
1.820845, 1.023064, 1.114557, 2.032355
1.831975, 0.9934623, 1.107688, 2.032354
1.843006, 0.992685, 1.100867, 2.032362
1.85423, 0.9975685, 1.093522, 2.032294
1.865407, 1.006265, 1.087092, 2.032299
1.876415, 1.079887, 1.084176, 2.032271
1.887496, 1.214543, 1.086595, 2.032272
1.898707, 1.233487, 1.090795, 2.032269
1.90977, 1.028666, 1.084752, 2.032257
1.920792, 1.007349, 1.077011, 2.032208
1.931872, 0.9956067, 1.068807, 2.03206
1.943311, 0.9913546, 1.059731, 2.032024
1.95437, 0.97807, 1.050939, 2.032006
1.965332, 0.9778687, 1.042168, 2.031991
1.97645, 1.031825, 1.036878, 2.032107
1.987502, 1.047173, 1.033838, 2.032022
2.001882, 1.05115, 1.03522, 2.032048
2.009886, 1.054917, 1.036722, 2.032038
2.020658, 1.052203, 1.038395, 2.032042
2.031872, 1.048665, 1.040291, 2.032032
2.042958, 1.046959, 1.041485, 2.031961
2.054264, 1.059112, 1.044768, 2.031924
2.065189, 1.083232, 1.049295, 2.031896
2.076304, 1.080861, 1.05346, 2.032033
2.087407, 1.139031, 1.060098, 2.032025
2.098609, 1.139752, 1.063091, 2.032007
2.109624, 1.1297, 1.058849, 2.031983
2.120938, 1.168549, 1.055602, 2.031939
2.131843, 1.218748, 1.065106, 2.031979
2.143126, 1.225003, 1.075989, 2.031987
2.154123, 1.255223, 1.08897, 2.031946
2.165142, 1.249185, 1.101861, 2.031934
2.176342, 1.229135, 1.114415, 2.031975
2.187432, 1.207302, 1.125886, 2.031961
2.198434, 1.227725, 1.135681, 2.031933
2.20977, 1.15557, 1.141101, 2.031944
2.220692, 1.161103, 1.146599, 2.032057
2.231744, 1.141487, 1.150927, 2.032065
2.24298, 1.141301, 1.155382, 2.032057
2.254054, 1.140908, 1.159994, 2.032082
2.264941, 1.112878, 1.16329, 2.032106
2.276383, 1.078946, 1.164282, 2.032141
2.287647, 1.079784, 1.16411, 2.032173
2.298548, 1.071641, 1.163649, 2.032195
2.309395, 1.085775, 1.160986, 2.032229
2.320698, 1.064862, 1.157242, 2.032257
2.331895, 1.088012, 1.155157, 2.032272
2.34295, 1.102611, 1.15186, 2.032397
2.35403, 1.09178, 1.145512, 2.032474
2.365487, 1.079899, 1.138257, 2.032503
2.376577, 1.05781, 1.128386, 2.032539
2.387301, 1.052225, 1.118538, 2.032577
2.399278, 1.058152, 1.109989, 2.032558
2.409762, 1.059754, 1.102612, 2.032559
2.421116, 1.057147, 1.094083, 2.032538
2.432229, 1.052871, 1.088948, 2.032605
2.44289, 1.033234, 1.082554, 2.032602
2.454428, 1.015652, 1.076262, 2.032609
2.465549, 1.003596, 1.069377, 2.032609
2.476081, 1.021251, 1.063394, 2.032548
2.487397, 1.01156, 1.058329, 2.032536
2.498576, 0.9914665, 1.053955, 2.032506
2.509646, 0.9935337, 1.049642, 2.032537
2.520606, 0.9906865, 1.045594, 2.032494
2.531605, 0.9981168, 1.041211, 2.032423
2.543017, 0.9973816, 1.037837, 2.032469
2.554309, 0.9831553, 1.032594, 2.032437
2.564947, 0.994846, 1.027206, 2.032414
2.575956, 0.9787556, 1.021555, 2.032277
2.587054, 0.989721, 1.017046, 2.032303
2.598288, 0.974032, 1.012857, 2.032315
2.609406, 0.9621667, 1.008354, 2.03231
2.620404, 0.9390551, 1.002399, 2.032284
2.631798, 0.9098461, 0.9949039, 2.032278
2.642788, 0.9059796, 0.9873456, 2.032244
2.653898, 0.8965129, 0.9795277, 2.032115
2.66505, 0.8802347, 0.9718777, 2.032056
2.676106, 0.8877339, 0.9654818, 2.032106
2.687151, 0.9275569, 0.9616798, 2.032006
2.698288, 1.008597, 0.9610472, 2.032047
2.709404, 0.9566258, 0.9583004, 2.031929
2.720482, 0.909542, 0.9542042, 2.031787
2.731699, 0.9791907, 0.953487, 2.031764
2.742754, 0.960179, 0.9519616, 2.031796
2.753884, 0.9641013, 0.9502608, 2.031854
2.764984, 0.956955, 0.9482395, 2.031822
2.776005, 0.9580726, 0.9469854, 2.031673
2.787198, 0.9571151, 0.9450989, 2.031598
2.798173, 0.9983903, 0.9460806, 2.031568
2.809361, 1.000942, 0.9466416, 2.031545
2.820459, 0.9960483, 0.9477425, 2.031424
2.831572, 1.001715, 0.9497199, 2.031232
2.842837, 1.001341, 0.9528342, 2.031193
2.853804, 1.00373, 0.9575285, 2.031226
2.865019, 1.009803, 0.9627197, 2.031198
2.875896, 1.029346, 0.9693614, 2.031237
2.887022, 1.041277, 0.9774135, 2.031219
2.898311, 1.177552, 0.9919044, 2.031255
2.909282, 1.013909, 0.996222, 2.031074
2.920399, 0.9533845, 0.9934614, 2.031103
2.931574, 1.166734, 1.003967, 2.031133
2.942743, 1.025738, 1.009777, 2.031125
2.953824, 0.7945332, 1.000544, 2.031143
2.96497, 0.6897586, 0.9870228, 2.031125
2.976078, 1.136518, 0.9956436, 2.031195
2.987037, 0.8562437, 0.990608, 2.031218
2.998346, 0.7916279, 0.9822858, 2.031214
3.009198, 0.8895774, 0.9789089, 2.031147
3.020707, 0.9464756, 0.9763132, 2.031114
3.031558, 0.964326, 0.9744824, 2.031198
3.042792, 0.9623987, 0.9728, 2.031163
3.053766, 0.9931952, 0.972374, 2.031246
3.064497, 0.9856138, 0.9715875, 2.031014
3.075991, 1.163477, 0.9795749, 2.031037
3.086941, 1.077935, 0.9829814, 2.031101
3.308907, 0.7950445, 0.9712663, 2.03035
3.322973, 1.119727, 0.9751889, 2.030394
3.33143, 0.8617612, 0.9593993, 2.030422
3.342566, 1.022235, 0.9598156, 2.030402
3.35364, 0.7569776, 0.9499952, 2.030498
3.364671, 0.7841662, 0.9308668, 2.030553
3.375994, 0.9587387, 0.9275168, 2.030528
3.386861, 0.8835574, 0.9319681, 2.030512
3.398114, 0.7965417, 0.9373072, 2.030435
3.408968, 0.8473185, 0.9228473, 2.030448
3.420056, 0.8903666, 0.9245535, 2.030468
3.431353, 0.9142066, 0.9306825, 2.030437
3.442428, 0.9188959, 0.9321483, 2.030449
3.453255, 0.9236442, 0.9310068, 2.030432
3.464775, 0.9169547, 0.9286382, 2.030441
3.475524, 0.9086044, 0.9259484, 2.030465
3.486883, 0.8980471, 0.921191, 2.030426
3.497874, 0.8775941, 0.9157901, 2.030439
3.50893, 0.8772883, 0.9014807, 2.030447
3.520113, 0.8815117, 0.8916596, 2.030415
3.531191, 0.8763508, 0.8957249, 2.030377
3.542162, 0.8741971, 0.8834483, 2.030403
3.553393, 0.8665307, 0.8836868, 2.030432
3.564464, 0.7977632, 0.8724633, 2.030439
3.575667, 0.8006008, 0.8746445, 2.030405
3.586607, 0.8023015, 0.8755512, 2.030427
3.597967, 0.7951339, 0.867371, 2.030454
3.609016, 0.8015987, 0.863273, 2.030447
3.620123, 0.8069221, 0.8637921, 2.030478
3.631321, 0.784705, 0.8606614, 2.030457
3.642072, 0.7697038, 0.8546282, 2.030484
3.65327, 0.7661513, 0.8472254, 2.030494
3.664441, 0.7598578, 0.8392735, 2.030535
3.675961, 0.7582955, 0.8310059, 2.030591
3.686617, 0.7801357, 0.824165, 2.030614
3.69788, 0.7727703, 0.8173734, 2.030572
3.709179, 0.7880882, 0.8118755, 2.030589
3.720011, 0.9484367, 0.8154176, 2.030574
3.731083, 0.8888364, 0.8159949, 2.030591
3.742192, 1.156214, 0.82973, 2.030575
3.753253, 1.215009, 0.846663, 2.030601
3.764553, 1.060014, 0.8559539, 2.030639
3.775395, 1.051015, 0.865178, 2.030601
3.786746, 0.8190781, 0.8662437, 2.03059
3.797727, 0.8733533, 0.8698815, 2.030606
3.80899, 0.8847966, 0.8740062, 2.030604
3.819985, 0.8921786, 0.8788584, 2.030605
3.83131, 0.8601087, 0.881784, 2.030671
3.842071, 0.8551815, 0.8841969, 2.030668
3.853334, 0.8561961, 0.8877714, 2.030709
3.864318, 0.8443162, 0.8915021, 2.03066
3.875483, 0.8354447, 0.8949668, 2.030613
3.886482, 0.822847, 0.8981163, 2.030656
3.897809, 0.8216603, 0.9012846, 2.03067
3.908837, 0.8055209, 0.9025539, 2.030619
3.91974, 0.7972674, 0.9037787, 2.03061
3.931409, 0.7923255, 0.9039906, 2.030548
3.942043, 0.7641841, 0.8947781, 2.030538
3.953372, 0.7623658, 0.8884546, 2.03057
3.964521, 0.7763652, 0.8694621, 2.030646
3.975432, 0.7605252, 0.8467379, 2.030784
3.986632, 0.7592192, 0.8316981, 2.030711
3.997896, 0.7596638, 0.8171307, 2.030611
4.008564, 0.7599538, 0.8141745, 2.030592
4.019884, 0.7764164, 0.8093276, 2.03055
4.03112, 0.7775341, 0.8039645, 2.030558
4.042158, 0.7882887, 0.79877, 2.030564
4.053061, 0.7894954, 0.7952393, 2.030603
4.065146, 0.7820626, 0.7915834, 2.0306
4.075447, 0.7980379, 0.7886754, 2.030625
4.086388, 0.7902703, 0.7859732, 2.030696
4.097828, 0.7681657, 0.7826092, 2.030682
4.108514, 0.7740988, 0.7801718, 2.030695
4.119905, 0.7769294, 0.7779353, 2.030725
4.130855, 0.7686155, 0.77609, 2.030733
4.142232, 0.7639922, 0.7744262, 2.030761
4.153432, 0.7480376, 0.7722118, 2.030713
4.164176, 0.7684087, 0.772423, 2.030705
4.175524, 0.7641075, 0.7725102, 2.030697
4.186513, 0.7827882, 0.7728313, 2.030708
4.19763, 0.7646837, 0.7730392, 2.030713
4.209009, 0.7787094, 0.7740136, 2.030715
4.219759, 0.7947015, 0.7757655, 2.03071
4.231407, 0.8024985, 0.7778928, 2.030757
4.241834, 0.8140689, 0.7797754, 2.030797
4.253168, 0.8161321, 0.7817053, 2.030776
4.264242, 0.8062422, 0.7826029, 2.030788
4.275344, 0.8462774, 0.7854421, 2.030866
4.286477, 0.8508022, 0.788879, 2.030897
4.297628, 0.8277825, 0.7903662, 2.030937
4.308558, 0.8257121, 0.7921383, 2.030949
4.319588, 0.8228413, 0.7948721, 2.030983
4.330909, 0.8294531, 0.7976398, 2.031013
4.342108, 0.8368921, 0.8006379, 2.031034
4.353175, 0.8520736, 0.8048108, 2.031095
4.364339, 0.837153, 0.8084688, 2.031296
4.375344, 0.8371216, 0.8129231, 2.031396
4.386585, 0.9073247, 0.8198689, 2.03145
4.397682, 1.160283, 0.8396777, 2.031482
4.408673, 1.283986, 0.8647376, 2.031488
4.419561, 1.442492, 0.8986281, 2.031535
4.43098, 1.187057, 0.9190454, 2.0316
4.44191, 1.452568, 0.9519388, 2.031628
4.453204, 1.451532, 0.9843906, 2.0316
4.464219, 1.294368, 1.008405, 2.031623
4.475218, 1.286512, 1.031924, 2.031637
4.486314, 1.28581, 1.055903, 2.031637
4.49761, 1.2721, 1.077194, 2.031686
4.508721, 1.239272, 1.096617, 2.031731
4.519701, 1.262032, 1.11833, 2.031765
4.530708, 1.286467, 1.141368, 2.031806
4.541737, 1.272162, 1.163834, 2.031826
4.552929, 1.266216, 1.185672, 2.03176
4.568339, 1.269699, 1.207312, 2.031778
4.575213, 1.272918, 1.228354, 2.031755
4.586301, 1.305686, 1.251781, 2.031732
4.597456, 1.207828, 1.270316, 2.031747
4.608556, 1.202288, 1.285065, 2.031701
4.619639, 1.203877, 1.287244, 2.031693
4.630703, 1.185981, 1.282344, 2.031705
4.641912, 1.174586, 1.268949, 2.031695
4.652885, 1.196597, 1.269426, 2.03159
4.663937, 1.193006, 1.256448, 2.031423
4.675274, 1.173004, 1.242522, 2.031487
4.686122, 1.181886, 1.236897, 2.031494
4.697367, 1.168124, 1.230978, 2.031466
4.708557, 1.144529, 1.223914, 2.031521
4.719782, 1.122299, 1.216424, 2.031509
4.730828, 1.099856, 1.209453, 2.031389
4.741841, 1.105487, 1.201626, 2.031362
4.752833, 1.103311, 1.192468, 2.031298
4.764011, 1.103899, 1.184055, 2.031263
4.775197, 1.105386, 1.176014, 2.031238
4.786196, 1.099417, 1.1675, 2.031235
4.797544, 1.091985, 1.158453, 2.031209
4.808228, 1.079889, 1.147163, 2.031165
4.819454, 1.07459, 1.140501, 2.031143
4.831063, 1.083268, 1.13455, 2.031215
4.841776, 1.095936, 1.129153, 2.0312
4.852712, 1.044709, 1.12209, 2.031206
4.864305, 1.071424, 1.116931, 2.031183
4.87493, 1.40266, 1.127234, 2.031185
4.886008, 1.525298, 1.143849, 2.03124
4.897486, 0, 1.085199, 2.031209
