0.011196, 0.9711871, 0.9711871, 1.102903
0.0217064, 0.9569552, 0.9640712, 1.102875
0.0326308, 0.9475249, 0.9585557, 1.102875
0.0436959, 0.9162688, 0.947984, 1.102841
0.0550507, 0.9038719, 0.9391616, 1.102889
0.0660923, 0.9083072, 0.9340191, 1.10284
0.0784267, 0.9130138, 0.9310184, 1.102864
0.0896886, 0.9356846, 0.9316017, 1.102819
0.1000165, 0.9404775, 0.9325879, 1.102801
0.1119001, 0.9392855, 0.9332577, 1.10287
0.1237052, 0.9567847, 0.9353966, 1.102841
0.1334342, 0.9572368, 0.9372166, 1.102778
0.1444602, 0.9579575, 0.938812, 1.102757
0.1597704, 0.9615196, 0.940434, 1.102765
0.1696259, 0.9678193, 0.9422597, 1.102706
0.1810563, 0.9709483, 0.9440527, 1.102678
0.1893954, 0.9670269, 0.9454042, 1.102665
0.1997658, 0.9629398, 0.9463784, 1.102655
0.2115013, 0.974593, 0.9478633, 1.10276
0.2223564, 0.9326637, 0.9471033, 1.102778
0.2334243, 0.9376122, 0.9454246, 1.1027
0.2446048, 0.9277184, 0.9439628, 1.102749
0.2560312, 0.9285924, 0.9430162, 1.102706
0.2664897, 0.93246, 0.9438257, 1.102688
0.2781627, 0.9156377, 0.944414, 1.102645
0.2889662, 0.9248923, 0.9452432, 1.102646
0.3000502, 0.9715983, 0.9481725, 1.102632
0.311161, 0.9714402, 0.9499602, 1.102616
0.3225895, 0.9666255, 0.9512676, 1.1025
0.3333015, 0.9666255, 0.9526346, 1.102554
0.3445774, 0.965182, 0.9530544, 1.102546
0.3556481, 0.9642302, 0.9534041, 1.102549
0.3668612, 0.9582404, 0.9534181, 1.102597
0.377863, 0.9493451, 0.9528095, 1.10261
0.388848, 0.9486254, 0.9518498, 1.102528
0.3997872, 0.9873288, 0.9526688, 1.102535
0.4114614, 0.9870622, 0.9536705, 1.10245
0.422388, 0.9748287, 0.9542649, 1.102487
0.4334404, 0.9878047, 0.9549255, 1.102627
0.4445904, 0.9780257, 0.9571937, 1.102518
0.455584, 0.9882042, 0.9597233, 1.10252
0.4664956, 0.9839146, 0.9625331, 1.102611
0.4780266, 0.9884115, 0.965524, 1.102642
0.4886517, 0.9455247, 0.9661772, 1.102638
0.4999047, 0.9213886, 0.9664647, 1.102639
0.5110213, 0.9487229, 0.9676563, 1.102639
0.5222715, 0.9325025, 0.9657015, 1.102661
0.5332472, 0.9286895, 0.963564, 1.102672
0.5445039, 0.9487626, 0.9626709, 1.10255
0.5556007, 0.9505644, 0.9618679, 1.10256
0.5666871, 0.9836821, 0.962793, 1.102613
0.5777995, 0.9481358, 0.9619883, 1.102611
0.5890774, 0.9427048, 0.9612115, 1.10268
0.5996492, 0.9737903, 0.9624338, 1.102672
0.6108303, 0.9772794, 0.9638665, 1.102764
0.6225254, 0.978496, 0.9634249, 1.102768
0.6330733, 0.9728936, 0.9627164, 1.10278
0.6443242, 0.9727173, 0.9626108, 1.102811
0.6555409, 0.9929486, 0.962868, 1.102863
0.666481, 0.9796224, 0.9629478, 1.102853
0.6777751, 0.9738814, 0.9622316, 1.102869
0.6886992, 0.9887412, 0.9624729, 1.102888
0.7001528, 1.006559, 0.9633803, 1.102907
0.7108331, 1.020195, 0.9671139, 1.102939
0.7224599, 0.9789785, 0.9699934, 1.102954
0.7329372, 0.9847184, 0.9717932, 1.102982
0.7448059, 0.9832754, 0.9743317, 1.103003
0.7553009, 0.9964222, 0.9777184, 1.10302
0.7664216, 1.035914, 0.9820759, 1.102956
0.777603, 1.039196, 0.9865074, 1.102984
0.7887794, 1.064953, 0.9905709, 1.103027
0.7994707, 1.067846, 0.9965565, 1.103046
0.8111342, 1.070197, 1.002931, 1.103133
0.8221427, 1.048319, 1.006657, 1.103103
0.8335479, 1.040602, 1.009824, 1.102726
0.8442265, 1.042235, 1.013011, 1.102669
0.855987, 1.06611, 1.017671, 1.102624
0.866667, 1.06359, 1.022215, 1.102718
0.8778059, 1.017174, 1.023426, 1.102704
0.8888822, 0.9673747, 1.022814, 1.102769
0.8997511, 0.9696189, 1.022601, 1.102821
0.910903, 0.9294233, 1.019635, 1.102735
0.9220911, 0.9624776, 1.017431, 1.102749
0.9330373, 0.9781861, 1.015331, 1.102805
0.9443237, 0.9759284, 1.015178, 1.102815
0.9553354, 0.9724434, 1.014564, 1.102829
0.9664595, 0.968325, 1.013817, 1.102741
0.9776762, 0.932633, 1.010627, 1.10269
0.9887594, 0.9310874, 1.005386, 1.102739
0.9994617, 0.9381253, 1.000332, 1.102792
1.011135, 0.9298208, 0.9935759, 1.102742
1.022031, 0.9215696, 0.986262, 1.102687
1.033346, 0.9360564, 0.979555, 1.102735
1.043985, 0.9181738, 0.9730477, 1.102679
1.055497, 0.9157256, 0.9668039, 1.102671
1.066248, 0.9268483, 0.9610346, 1.102585
1.077766, 0.9242386, 0.953941, 1.102594
1.091915, 0.915444, 0.9465336, 1.102643
1.103144, 0.9397306, 0.9426614, 1.102656
1.110757, 0.9597384, 0.9422795, 1.102674
1.122297, 0.9728843, 0.9424428, 1.102626
1.133043, 0.9939458, 0.945669, 1.102652
1.144231, 0.9916986, 0.9471301, 1.102606
1.155227, 1.009802, 0.9487109, 1.102613
1.166438, 1.01696, 0.9507625, 1.102665
1.177452, 1.024442, 0.9533625, 1.102702
1.18859, 1.04305, 0.9570988, 1.10274
1.19989, 1.044984, 0.9627164, 1.102706
1.211083, 1.04707, 0.9685155, 1.102662
1.222378, 1.04169, 0.9736937, 1.102666
1.232915, 1.041689, 0.9792871, 1.102692
1.244417, 1.03697, 0.9850572, 1.102682
1.255641, 1.00165, 0.9883369, 1.102664
1.266166, 1.003206, 0.9925884, 1.102818
1.277402, 0.9912232, 0.9963633, 1.102904
1.288723, 0.9724259, 0.9986421, 1.102904
1.299866, 0.9801981, 1.00144, 1.102937
1.310775, 0.9781934, 1.004578, 1.102918
1.322099, 0.9806276, 1.006623, 1.102908
1.332849, 0.9965015, 1.008461, 1.102906
1.344205, 0.9838943, 1.009011, 1.10302
1.355157, 0.9501811, 1.006823, 1.103037
1.36649, 0.9409117, 1.004284, 1.103118
1.377194, 0.9395292, 1.00077, 1.103122
1.388545, 0.9404315, 0.9969436, 1.10308
1.399691, 0.9429612, 0.9928695, 1.103084
1.410948, 0.9630795, 0.9888709, 1.103029
1.421883, 0.9115441, 0.9821989, 1.10307
1.433145, 0.9096072, 0.9753258, 1.1031
1.444082, 0.9010961, 0.9682961, 1.103168
1.455132, 0.9725091, 0.9648371, 1.103185
1.466081, 0.9767702, 0.9618271, 1.10318
1.477541, 0.9831864, 0.9609039, 1.103221
1.488403, 0.998376, 0.9606625, 1.103259
1.499643, 1.015957, 0.9618992, 1.103271
1.510562, 1.017098, 0.9641328, 1.103216
1.52191, 0.9956043, 0.9649031, 1.103168
1.532663, 0.9599974, 0.9639933, 1.103177
1.544169, 1.007369, 0.9653304, 1.10309
1.555429, 1.067877, 0.9688991, 1.103093
1.566467, 1.070221, 0.9732155, 1.103031
1.577282, 1.074751, 0.9794439, 1.103077
1.58852, 1.033399, 0.9840683, 1.103153
1.599385, 1.045287, 0.9893562, 1.103121
1.610518, 1.043004, 0.9944849, 1.103074
1.621783, 1.05087, 0.9998804, 1.103078
1.63299, 1.09278, 1.006365, 1.10309
1.643917, 1.08832, 1.015204, 1.103097
1.655247, 1.090971, 1.024272, 1.103096
1.665988, 1.071172, 1.032776, 1.103062
1.67714, 1.069641, 1.037633, 1.10306
1.688127, 1.055066, 1.041547, 1.103113
1.699417, 1.064117, 1.045594, 1.103111
1.710634, 1.091617, 1.050256, 1.103079
1.7208, 1.064729, 1.052695, 1.103197
1.731762, 1.082994, 1.05599, 1.103194
1.742896, 1.098553, 1.061137, 1.103096
1.754026, 1.094579, 1.067866, 1.103117
1.765171, 1.086559, 1.071826, 1.103031
1.777541, 1.078946, 1.072379, 1.103018
1.788566, 1.089535, 1.073345, 1.103049
1.799446, 1.077333, 1.073474, 1.103072
1.810528, 0, 1.021804, 1.103036
1.821688, 1.09018, 1.024048, 1.103002
1.832827, 1.087967, 1.026296, 1.103014
1.843919, 1.077206, 1.027613, 1.103105
1.855084, 1.065861, 1.026267, 1.103091
1.866014, 1.067683, 1.025235, 1.103079
1.876426, 1.048426, 1.023108, 1.1031
1.887238, 1.052199, 1.02216, 1.103077
1.898428, 1.037777, 1.020566, 1.102989
1.909865, 1.037063, 1.019666, 1.102976
1.92156, 1.033726, 1.018147, 1.102977
1.93286, 1.02803, 1.014967, 1.102965
1.943846, 1.038177, 1.01364, 1.103032
1.955107, 1.02041, 1.010511, 1.103073
1.966175, 1.012914, 1.006229, 1.103023
1.976136, 1.005622, 1.001781, 1.103033
1.987061, 1.003008, 0.9976032, 1.103069
1.998361, 1.008753, 0.9940936, 1.102976
2.009581, 1.001821, 0.9897079, 1.102976
2.02139, 1.009635, 0.986323, 1.102991
2.032557, 1.035933, 1.03812, 1.10299
2.043672, 1.042195, 1.03572, 1.103009
2.055028, 1.034256, 1.033035, 1.103021
2.065887, 1.031528, 1.030751, 1.10289
2.07633, 1.027794, 1.028848, 1.102892
2.087141, 1.089019, 1.029914, 1.102916
2.098338, 1.078797, 1.031433, 1.103084
2.109296, 1.079429, 1.032795, 1.103071
2.121196, 1.062004, 1.034006, 1.1032
2.132463, 1.061715, 1.035239, 1.103232
2.143378, 1.058527, 1.036479, 1.103214
2.154667, 1.041342, 1.037144, 1.103254
2.165546, 1.031627, 1.036817, 1.10315
2.17699, 1.026469, 1.03712, 1.103178
2.188147, 1.037866, 1.038367, 1.103146
2.199498, 1.041504, 1.040161, 1.10317
2.210298, 1.04127, 1.042074, 1.10324
2.220946, 1.037699, 1.043522, 1.103284
2.23171, 1.034111, 1.045136, 1.103311
2.242638, 1.036889, 1.046499, 1.103387
2.253592, 1.048966, 1.04715, 1.103417
2.26503, 1.05516, 1.047799, 1.103347
2.275966, 1.067335, 1.049453, 1.103352
2.287284, 1.075563, 1.051654, 1.103395
2.298425, 1.091352, 1.054832, 1.103404
2.309196, 1.086774, 1.05472, 1.103385
2.321438, 1.092036, 1.055382, 1.103383
2.332637, 1.139061, 1.058364, 1.103391
2.343571, 1.148711, 1.062699, 1.10346
2.3548, 1.176471, 1.068437, 1.10347
2.365635, 1.191539, 1.075087, 1.103529
2.37619, 1.157506, 1.080896, 1.103553
2.386786, 1.168957, 1.087762, 1.103548
2.398129, 1.160309, 1.094454, 1.103475
2.409178, 1.12442, 1.098782, 1.103479
2.421301, 1.126909, 1.103052, 1.103341
2.432284, 1.118029, 1.10689, 1.103333
2.443317, 1.13263, 1.111637, 1.103378
2.454604, 1.143857, 1.117124, 1.103372
2.465632, 1.167581, 1.123659, 1.103305
2.476071, 1.142883, 1.128354, 1.103276
2.487086, 1.153577, 1.133275, 1.103198
2.498328, 1.192827, 1.13955, 1.103288
2.509253, 1.162054, 1.143874, 1.103268
2.520789, 1.145759, 1.146595, 1.10329
2.532328, 1.166091, 1.15056, 1.103273
2.543276, 1.146166, 1.153267, 1.103222
2.554574, 1.120508, 1.152339, 1.103211
2.565691, 1.121984, 1.151003, 1.103137
2.576027, 1.114837, 1.147921, 1.103103
2.586833, 1.123133, 1.144501, 1.103017
2.598052, 1.114745, 1.142363, 1.103026
2.609111, 1.112969, 1.139563, 1.103005
2.620599, 1.100817, 1.136589, 1.102994
2.632219, 1.096003, 1.135168, 1.102973
2.643213, 1.094429, 1.133544, 1.102837
2.654559, 1.091049, 1.132195, 1.102772
2.665426, 1.110197, 1.131073, 1.102753
2.67676, 1.105619, 1.129161, 1.102611
2.687536, 1.099047, 1.125735, 1.102601
2.699181, 1.077558, 1.122468, 1.10271
2.71014, 1.093668, 1.119473, 1.102695
2.721274, 1.085767, 1.11412, 1.102654
2.732251, 1.070842, 1.10956, 1.102658
2.743386, 1.077778, 1.10616, 1.102618
2.754317, 1.091307, 1.102421, 1.102579
2.76589, 1.080988, 1.099162, 1.102674
2.776035, 1.093221, 1.097798, 1.102725
2.786938, 1.071254, 1.095261, 1.102711
2.798177, 1.082864, 1.093663, 1.102623
2.80929, 1.058039, 1.090408, 1.102604
2.821588, 1.058488, 1.087595, 1.102624
2.832394, 1.059968, 1.084945, 1.102616
2.843236, 1.044969, 1.082153, 1.102556
2.854669, 1.052532, 1.079979, 1.102531
2.865692, 1.047766, 1.077646, 1.102456
2.875709, 1.054018, 1.075794, 1.102527
2.88674, 0.9638157, 1.068475, 1.102482
2.89794, 1.00742, 1.063565, 1.102516
2.909217, 1.000049, 1.058616, 1.1025
2.921143, 1.019851, 1.05573, 1.102526
2.932252, 0.991976, 1.050646, 1.102525
2.943294, 1.004768, 1.046596, 1.1025
2.959735, 0.9924195, 1.042674, 1.102509
2.965401, 0.9903843, 1.038305, 1.102542
2.975608, 0.9903843, 1.033259, 1.102535
2.986881, 0.9994033, 1.029179, 1.102554
2.99784, 0.9996569, 1.024501, 1.102602
3.008976, 0.9951317, 1.020695, 1.102611
3.020654, 1.002154, 1.01666, 1.102496
3.032084, 1.050476, 1.016282, 1.102481
3.042992, 1.048609, 1.015788, 1.102487
3.054277, 1.067196, 1.016149, 1.1025
3.065472, 1.078942, 1.017848, 1.102548
3.0758, 1.08522, 1.019482, 1.10265
3.087011, 1.060235, 1.020106, 1.102677
3.097806, 1.051855, 1.019997, 1.102629
3.108957, 1.034548, 1.023534, 1.102636
3.120726, 1.06248, 1.026287, 1.102638
3.131909, 1.038159, 1.028193, 1.102643
3.142962, 1.025523, 1.028476, 1.102789
3.154029, 1.026661, 1.03021, 1.102875
3.164981, 1.018703, 1.030907, 1.102729
3.17547, 0, 0.9812862, 1.102636
3.186557, 1.017275, 0.9826307, 1.102619
3.197983, 1.012518, 0.9837373, 1.102693
3.208892, 1.005705, 0.9840525, 1.102682
3.220607, 1.005217, 0.9843305, 1.102701
3.232241, 1.004654, 0.9848065, 1.102708
3.242886, 0.9964228, 0.9845201, 1.102781
3.254421, 1.000512, 0.9820218, 1.102771
3.265163, 0.9809968, 0.9786412, 1.102732
3.276015, 0.9816294, 0.974363, 1.102659
3.286786, 0.980967, 0.9694642, 1.102649
3.297887, 0.9694439, 0.9636754, 1.102647
3.309008, 0.9572431, 0.9585258, 1.102633
3.320737, 0.9652461, 0.9541953, 1.102722
3.332037, 0.9262554, 0.9487807, 1.10273
3.342748, 0.9207516, 0.9416943, 1.102757
3.353975, 0.9283795, 0.9362053, 1.102743
3.365051, 0.8942715, 0.9296428, 1.102643
3.375594, 0.9112911, 0.9238743, 1.102773
3.386513, 0.8854531, 0.9172117, 1.102753
3.397623, 0.9132487, 0.9628741, 1.102739
3.409132, 0.9237389, 0.9581973, 1.102725
3.420541, 0.9163707, 0.9533899, 1.102728
3.43171, 0.9185306, 0.9490312, 1.102706
3.442714, 0.9076957, 0.9441552, 1.102654
3.454025, 0.9271411, 0.9402796, 1.102617
3.464926, 0.9304736, 0.9369822, 1.10268
3.475381, 1.096126, 0.9417629, 1.102638
3.486431, 0.984018, 0.941914, 1.102636
3.49767, 0.9700269, 0.9413338, 1.102628
3.508823, 0.9922655, 0.9418987, 1.102619
3.520383, 0.9924258, 0.9430478, 1.102605
3.531819, 0.9816274, 0.944267, 1.102608
3.542722, 0.9825153, 0.9451305, 1.102434
3.553988, 0.9796262, 0.9477989, 1.102443
3.565032, 0.9770442, 0.9506136, 1.102431
3.575498, 0.9493214, 0.9516608, 1.102419
3.586586, 0.95592, 0.9547431, 1.102419
3.597519, 0.9789453, 0.9581258, 1.102471
3.608767, 0.9497172, 0.961339, 1.102489
3.620324, 0.9668584, 0.9640195, 1.1025
3.631779, 0.9802445, 0.9668447, 1.102499
3.64274, 0.9830131, 0.9701769, 1.102401
3.654118, 1.007975, 0.9746491, 1.102396
3.665177, 1.015015, 0.980015, 1.102432
3.675369, 1.019636, 0.9846398, 1.102524
3.686322, 1.026162, 0.9894241, 1.10254
3.697622, 1.061768, 0.9877062, 1.102525
3.708744, 1.06703, 0.9918568, 1.102527
3.719648, 1.074361, 0.9970735, 1.102419
3.730898, 1.094083, 1.002164, 1.102426
3.741948, 1.080157, 1.006551, 1.102402
3.753258, 1.064281, 1.010684, 1.102412
3.764253, 1.050987, 1.014107, 1.102278
3.775286, 1.029643, 1.016608, 1.10238
3.786611, 1.051986, 1.020355, 1.102391
3.797548, 1.056575, 1.025718, 1.102234
3.808657, 1.06981, 1.031412, 1.102232
3.820106, 1.081559, 1.036543, 1.102291
3.831443, 1.122357, 1.045175, 1.102305
3.842431, 1.102734, 1.051969, 1.102302
3.853734, 1.098765, 1.057895, 1.102295
3.864702, 1.10224, 1.063856, 1.102326
3.875984, 1.102245, 1.06857, 1.10244
3.886898, 1.094847, 1.072561, 1.102438
3.89846, 1.101465, 1.076653, 1.102439
3.909086, 1.073573, 1.079023, 1.102447
3.920045, 1.076105, 1.07974, 1.102379
3.930891, 1.114295, 1.082103, 1.102435
3.942018, 1.096777, 1.083224, 1.102405
3.953154, 1.120941, 1.084567, 1.102421
3.964209, 1.159322, 1.088525, 1.102432
3.976295, 1.162757, 1.093449, 1.102523
3.98725, 1.165205, 1.09916, 1.102536
3.998521, 1.153751, 1.105365, 1.102628
4.00949, 1.176053, 1.111569, 1.102641
4.020643, 1.129074, 1.115194, 1.102635
4.031672, 1.123337, 1.11787, 1.102648
4.043216, 1.118115, 1.119698, 1.102717
4.053675, 1.10953, 1.119057, 1.10268
4.065065, 1.10539, 1.11919, 1.102691
4.075106, 1.120534, 1.120278, 1.102865
4.086401, 1.127969, 1.121564, 1.102896
4.097382, 1.140813, 1.123493, 1.102898
4.108612, 1.132298, 1.125365, 1.102917
4.119967, 1.129986, 1.126791, 1.102848
4.131629, 1.11924, 1.129075, 1.102863
4.142765, 1.133191, 1.131929, 1.102913
4.153746, 1.138226, 1.133126, 1.102961
4.164773, 1.137935, 1.135183, 1.102933
4.176224, 1.150873, 1.13668, 1.102993
4.18741, 1.151909, 1.136309, 1.103005
4.198413, 1.16392, 1.136368, 1.102908
4.209719, 1.149738, 1.135594, 1.1029
4.220454, 1.13366, 1.13459, 1.1029
4.231824, 1.115519, 1.131563, 1.102904
4.243212, 1.121219, 1.13117, 1.102812
4.253902, 1.152728, 1.13264, 1.10278
4.264983, 1.090352, 1.131252, 1.102764
4.275268, 1.073858, 1.129468, 1.102804
4.286413, 1.02002, 1.125199, 1.102793
4.297405, 1.018736, 1.12011, 1.102928
4.308682, 0.9961818, 1.11352, 1.10291
4.319668, 1.019727, 1.107466, 1.102883
4.331526, 1.034682, 1.102585, 1.102867
4.342705, 1.037165, 1.097944, 1.102867
4.353786, 1.052726, 1.094618, 1.102813
4.36505, 1.028436, 1.089381, 1.102807
4.376124, 1.022677, 1.083603, 1.102789
4.386968, 1.002058, 1.076809, 1.102784
4.398294, 1.005738, 1.069553, 1.102768
4.409669, 1.006459, 1.06228, 1.102756
4.420527, 0.9993049, 1.054049, 1.102821
4.431683, 0.9963897, 1.046382, 1.10281
4.442725, 0.9942608, 1.039412, 1.102905
4.453865, 1.010282, 1.03415, 1.102848
4.464823, 1.01509, 1.028844, 1.102808
4.475116, 1.040591, 1.023237, 1.102875
4.486082, 1.001995, 1.018819, 1.10289
4.49732, 1.015315, 1.015892, 1.102998
4.50848, 1.023116, 1.016047, 1.103034
4.52012, 1.015773, 1.015898, 1.103018
4.531614, 1.007297, 1.016454, 1.103025
4.542669, 0.988982, 1.014917, 1.102914
4.553806, 0.9867098, 1.012518, 1.102878
4.564844, 0.9839399, 1.009857, 1.102843
4.57535, 0.9916073, 1.006801, 1.102883
4.586182, 0.994657, 1.005112, 1.102883
4.597582, 0.9980042, 1.003878, 1.102893
4.608517, 0.9957616, 1.003564, 1.102891
4.619558, 0.9917012, 1.002862, 1.102909
4.630515, 0.9709007, 1.001084, 1.102915
4.641932, 0.96816, 0.9995267, 1.102908
4.653039, 0.9711015, 0.9982623, 1.102851
4.663828, 0.9068987, 0.9938942, 1.102863
4.67502, 0.9086019, 0.9888102, 1.102918
4.686222, 0.9077566, 0.9834436, 1.102924
4.697262, 0.908857, 0.9768569, 1.102862
4.708172, 0.9177994, 0.9726471, 1.102879
4.719544, 0.941547, 0.9689587, 1.102837
4.730651, 0.9271496, 0.9641603, 1.102897
4.741466, 0.9322276, 0.9599832, 1.102903
4.752782, 0.9349938, 0.9563681, 1.102928
4.763866, 0.9352216, 0.95368, 1.102951
4.775885, 0.9383355, 0.9512613, 1.102975
4.786498, 0.9387227, 0.9490005, 1.10299
4.797899, 0.9405653, 0.9464483, 1.103025
4.810694, 0.937438, 0.9435873, 1.103048
4.821161, 0.9475496, 0.9410645, 1.103024
4.835604, 0.9474488, 0.9386489, 1.103091
4.84278, 0.9552274, 0.9368252, 1.103122
4.853464, 0.9581026, 0.9361852, 1.10315
4.865202, 0.9646843, 0.9360114, 1.103182
4.875391, 0.9643707, 0.9356748, 1.103119
4.886672, 0.9780266, 0.9392313, 1.103161
4.897338, 0.9055514, 0.9390788, 1.103186
4.908817, 0.8940327, 0.9383926, 1.103215
4.919927, 0.8942511, 0.9376623, 1.10322
4.93058, 0.8780762, 0.9356762, 1.10326
4.941761, 0.8823408, 0.9327159, 1.103252
4.953143, 0.8848823, 0.9306026, 1.103196
4.963698, 0.8928031, 0.9286313, 1.103213
4.974808, 0.9010186, 0.9269325, 1.103316
4.985982, 0.9044689, 0.9253949, 1.103337
4.997315, 0.9045632, 0.9237064, 1.103302
5.00829, 0.8951067, 0.9215256, 1.103315
