0.0113093, 1.361863, 1.361863, 2.529227
0.0220142, 1.331859, 1.346861, 2.52911
0.0327755, 1.331419, 1.341714, 2.528958
0.0438498, 1.288186, 1.328332, 2.528672
0.0550314, 1.286901, 1.320046, 2.528432
0.0660895, 1.287773, 1.314667, 2.528124
0.077276, 1.180323, 1.295475, 2.527842
0.08835649, 1.28805, 1.294547, 2.527448
0.1000983, 1.179392, 1.281752, 2.527039
0.1115347, 1.532437, 1.30682, 2.526532
0.1217796, 2.02258, 1.371889, 2.526017
0.1329351, 2.024602, 1.426282, 2.525443
0.1439779, 2.079223, 1.476508, 2.524779
0.1549829, 1.903737, 1.507025, 2.524088
0.1662509, 1.920539, 1.534592, 2.523327
0.177208, 2.078744, 1.568602, 2.522573
0.1882797, 2.09647, 1.599653, 2.521759
0.1993973, 2.124572, 1.628815, 2.520822
0.2105084, 2.149832, 1.656237, 2.519874
0.2215587, 2.103282, 1.678589, 2.518922
0.2326549, 2.042833, 1.712638, 2.517877
0.2437192, 1.795313, 1.73581, 2.516656
0.25488, 1.754989, 1.756989, 2.515582
0.2660874, 1.673923, 1.776276, 2.514306
0.2772803, 1.122584, 1.76806, 2.512981
0.2882038, 1.104796, 1.758911, 2.511674
0.299287, 1.097114, 1.754751, 2.510385
0.3105061, 1.086789, 1.744687, 2.508961
0.3216431, 1.156332, 1.743534, 2.507393
0.3328416, 1.173377, 1.725581, 2.505859
0.3438514, 1.191638, 1.684034, 2.504303
0.354854, 1.195666, 1.642588, 2.502666
0.3660575, 1.208564, 1.599055, 2.501029
0.3771275, 1.685913, 1.588164, 2.499326
0.3883622, 1.637564, 1.574015, 2.497492
0.3994144, 1.699312, 1.555043, 2.495649
0.4105404, 1.725578, 1.536499, 2.49378
0.4214896, 1.745854, 1.517563, 2.491873
0.4325586, 1.737988, 1.496971, 2.489872
0.443718, 1.995095, 1.491561, 2.487804
0.4547558, 2.068873, 1.492863, 2.485674
0.4660034, 1.911483, 1.498672, 2.483363
0.4771272, 1.836217, 1.502733, 2.481135
0.4879741, 1.169961, 1.477535, 2.478853
0.4992399, 1.183778, 1.480595, 2.476487
0.5106032, 1.18541, 1.484625, 2.474025
0.5215248, 1.177173, 1.488628, 2.471588
0.532643, 1.191811, 1.493879, 2.469074
0.5436311, 1.203153, 1.49622, 2.46648
0.5548676, 1.212747, 1.498189, 2.463871
0.565917, 1.23383, 1.500298, 2.461208
0.5769191, 1.273726, 1.504201, 2.458502
0.5880638, 1.276309, 1.507589, 2.455712
0.5991607, 1.296209, 1.488104, 2.452857
0.6103927, 1.294592, 1.470955, 2.449944
0.621472, 1.337609, 1.45287, 2.446994
0.6326142, 1.345392, 1.43386, 2.444007
0.6436675, 1.376612, 1.415398, 2.440974
0.6547306, 1.375996, 1.397299, 2.437944
0.6657952, 2.193407, 1.407214, 2.434858
0.6769581, 2.143771, 1.410959, 2.431762
0.6879956, 2.173239, 1.424047, 2.428594
0.6994161, 2.196214, 1.442047, 2.425286
0.7104139, 2.160529, 1.491575, 2.422048
0.7213954, 2.17488, 1.541131, 2.418791
0.7323956, 2.176183, 1.590669, 2.415464
0.7435584, 2.042091, 1.633915, 2.412139
0.7547048, 2.009198, 1.674784, 2.408653
0.7658907, 1.988304, 1.714042, 2.405156
0.7768463, 1.976523, 1.752231, 2.401644
0.7880685, 2.105293, 1.795804, 2.397966
0.7990897, 1.996342, 1.831935, 2.394277
0.8102567, 2.013261, 1.868783, 2.390532
0.8212914, 2.033749, 1.90566, 2.386807
0.8325479, 2.048484, 1.943354, 2.382941
0.8435857, 2.081779, 1.980563, 2.379143
0.8547661, 2.049732, 2.01578, 2.375205
0.8657127, 2.058388, 2.049869, 2.3713
0.8768922, 1.969155, 2.079526, 2.367402
0.8879984, 2.021283, 2.07092, 2.363375
0.8991157, 1.993623, 2.063413, 2.359306
0.9102114, 1.97838, 2.053669, 2.355214
0.9213207, 1.964247, 2.042071, 2.351049
0.9325312, 1.90443, 2.029266, 2.346792
0.9436353, 1.897547, 2.015399, 2.342517
0.9546105, 1.718485, 1.992515, 2.338333
0.9658312, 1.721279, 1.976474, 2.333992
0.9804507, 1.689741, 1.960501, 2.328192
0.9938464, 1.632122, 1.942692, 2.32283
0.99958, 1.654756, 1.926604, 2.320472
1.005933, 1.654756, 1.904077, 2.317922
1.017734, 1.604114, 1.884465, 2.313175
1.029017, 1.607707, 1.864188, 2.308538
1.040065, 1.61033, 1.843017, 2.30401
1.050589, 1.618192, 1.821502, 2.299624
1.061592, 1.503623, 1.792594, 2.294832
1.073135, 1.475383, 1.763877, 2.289903
1.083546, 1.480941, 1.735005, 2.28552
1.094888, 1.462532, 1.709674, 2.280623
1.105804, 1.487519, 1.682985, 2.275852
1.117171, 1.48917, 1.657763, 2.27085
1.128241, 1.518493, 1.634768, 2.265906
1.139005, 1.502221, 1.611667, 2.261007
1.150131, 1.506661, 1.591779, 2.255962
1.161318, 1.509974, 1.5724, 2.250943
1.172379, 1.505375, 1.561745, 2.245816
1.183695, 1.505177, 1.55094, 2.240555
1.194606, 1.505666, 1.541736, 2.235437
1.205726, 1.486169, 1.534438, 2.23025
1.217018, 1.503704, 1.526886, 2.225031
1.227906, 1.448755, 1.516586, 2.219815
1.238931, 1.438134, 1.508287, 2.214457
1.250286, 1.43124, 1.499463, 2.208933
1.261235, 1.420152, 1.489954, 2.20353
1.272289, 1.423557, 1.480223, 2.198174
1.283504, 1.469918, 1.478537, 2.192616
1.294653, 1.460068, 1.477772, 2.187165
1.305702, 1.458469, 1.476648, 2.181561
1.317049, 1.443461, 1.475694, 2.175842
1.327968, 1.530004, 1.477819, 2.170299
1.338858, 1.548034, 1.480762, 2.164645
1.350377, 1.403424, 1.475008, 2.158805
1.361612, 1.391837, 1.469489, 2.152979
1.372972, 1.364965, 1.462404, 2.146988
1.384426, 1.355702, 1.454691, 2.140906
1.395605, 1.364467, 1.447646, 2.135145
1.40693, 1.359311, 1.440352, 2.129138
1.418324, 1.321638, 1.431151, 2.123095
1.429576, 1.310052, 1.422345, 2.117067
1.441027, 1.314256, 1.412873, 2.110812
1.452384, 1.294149, 1.405142, 2.104696
1.463598, 1.318202, 1.399146, 2.098583
1.474898, 1.277261, 1.391447, 2.092371
1.486279, 1.279716, 1.384425, 2.086066
1.497593, 1.210489, 1.373772, 2.079689
1.509026, 1.216518, 1.361102, 2.0733
1.520389, 1.216068, 1.348902, 2.066863
1.531629, 1.205105, 1.336233, 2.06048
1.542879, 1.211841, 1.324652, 2.054084
1.554206, 1.222703, 1.309287, 2.04757
1.565437, 1.255512, 1.294661, 2.041112
1.576632, 1.255846, 1.287282, 2.034721
1.587421, 1.254652, 1.280423, 2.028464
1.598737, 1.25503, 1.274926, 2.021881
1.610019, 1.296885, 1.271986, 2.015265
1.620952, 1.29213, 1.268369, 2.008874
1.632272, 1.361984, 1.268502, 2.002332
1.6432, 1.365602, 1.270701, 1.995796
1.654079, 1.373828, 1.273889, 1.989304
1.665375, 1.355783, 1.275966, 1.982566
1.676426, 1.342428, 1.27838, 1.975995
1.687785, 1.336976, 1.279318, 1.969146
1.698868, 1.332597, 1.282085, 1.962428
1.710046, 1.322172, 1.284208, 1.955641
1.721081, 1.327087, 1.290038, 1.948827
1.732114, 1.331977, 1.295811, 1.94206
1.743332, 1.174862, 1.29375, 1.935073
1.754291, 1.300188, 1.298505, 1.9283
1.765169, 1.147872, 1.295306, 1.921619
1.776548, 1.300861, 1.299214, 1.914633
1.787633, 1.370416, 1.304959, 1.907725
1.798745, 1.307213, 1.307527, 1.900765
1.809868, 1.355906, 1.31259, 1.89377
1.821094, 1.328376, 1.316257, 1.886691
1.832028, 1.324178, 1.317622, 1.879881
1.843265, 1.344855, 1.320258, 1.872784
1.854365, 1.349524, 1.319635, 1.865853
1.865147, 1.351014, 1.318906, 1.85899
1.876454, 1.356179, 1.318023, 1.851708
1.887566, 0.9765549, 1.299062, 1.844574
1.898716, 0.9771122, 1.280796, 1.83725
1.909703, 0.9793609, 1.262915, 1.830141
1.920889, 0.9824184, 1.245406, 1.822948
1.932014, 0.979705, 1.228283, 1.815718
1.943232, 0.9810796, 1.210983, 1.808426
1.954237, 0.9574647, 1.192257, 1.801266
1.965394, 0.9756382, 1.182296, 1.794021
1.976668, 0.9669867, 1.165636, 1.786758
1.987334, 0.9648297, 1.156484, 1.779781
1.998786, 0.9707187, 1.139977, 1.772263
2.009778, 0.9581815, 1.119365, 1.765051
2.020795, 0.9655882, 1.102284, 1.757815
2.03203, 0.9791132, 1.083444, 1.750416
2.043032, 0.9560993, 1.06483, 1.743181
2.054192, 0.9816204, 1.047702, 1.735797
2.065379, 0.984299, 1.029674, 1.728432
2.076394, 0.9941168, 1.011904, 1.72111
2.087613, 0.9741898, 0.9930629, 1.713656
2.098643, 0.9820398, 0.974356, 1.706264
2.109766, 0.9745272, 0.9742546, 1.698879
2.121251, 0.980211, 0.9744096, 1.691198
2.131954, 0.979458, 0.9744145, 1.683962
2.142827, 0.9391811, 0.9722525, 1.676626
2.154361, 0.9226515, 0.9693998, 1.668852
2.165293, 0.9099161, 0.9658417, 1.661508
2.176521, 0.8923481, 0.9625858, 1.653903
2.187471, 0.8843749, 0.9580227, 1.646498
2.198528, 0.8843441, 0.9538905, 1.638991
2.209467, 0.8672113, 0.9490095, 1.631578
2.220819, 0.8664928, 0.9437982, 1.623847
2.231818, 0.8586667, 0.9388226, 1.61632
2.246515, 0.8517409, 0.9331303, 1.606269
2.254389, 0.8494759, 0.9266484, 1.600895
2.265089, 0.8544222, 0.9215646, 1.593508
2.276337, 0.862143, 0.9155906, 1.585812
2.287327, 0.8621792, 0.9094847, 1.57826
2.29844, 0.8558291, 0.9025702, 1.570603
2.309677, 0.8647265, 0.8970971, 1.562885
2.320656, 0.8441225, 0.8902012, 1.55527
2.331848, 0.8507387, 0.8840117, 1.547535
2.343058, 0.8546237, 0.8777324, 1.539796
2.354059, 0.8645087, 0.871985, 1.532183
2.365022, 0.8701853, 0.8685352, 1.524548
2.37608, 0.899102, 0.8673577, 1.516981
2.387511, 0.9079451, 0.8672592, 1.509058
2.398331, 0.9082804, 0.8680558, 1.501531
2.409375, 0.9205723, 0.8698657, 1.493909
2.420639, 0.9088494, 0.871091, 1.486074
2.431672, 0.9380288, 0.8746319, 1.478444
2.442733, 0.9623022, 0.8794224, 1.470802
2.454006, 0.9643823, 0.8847081, 1.462945
2.46502, 0.9828876, 0.8912654, 1.455322
2.476684, 0.9899667, 0.89829, 1.447079
2.487497, 0.9952496, 0.9053313, 1.43956
2.498395, 1.008182, 0.9126333, 1.43186
2.509512, 0.998058, 0.9194273, 1.424172
2.520703, 0.9776179, 0.9255167, 1.416436
2.531582, 0.975982, 0.9310795, 1.408992
2.54268, 0.9826636, 0.9380066, 1.401312
2.55396, 0.927774, 0.9418584, 1.39348
2.564934, 0.9147429, 0.9448644, 1.385893
2.576081, 0.9304258, 0.9481602, 1.378197
2.587238, 0.9241621, 0.950859, 1.37045
2.598322, 0.9170333, 0.9517556, 1.362791
2.609347, 0.8702355, 0.9498701, 1.35515
2.620583, 0.8676868, 0.9478405, 1.347385
2.631614, 0.8725005, 0.945437, 1.339776
2.642803, 0.8490713, 0.942448, 1.332075
2.654033, 0.8433999, 0.9377166, 1.324363
2.664949, 0.837882, 0.9314955, 1.31688
2.676237, 0.8003058, 0.9232917, 1.309159
2.687226, 0.8006894, 0.9141818, 1.301618
2.698261, 0.7902378, 0.9041953, 1.294125
2.709383, 0.7808483, 0.8934752, 1.286424
2.720509, 0.7866129, 0.8823968, 1.278691
2.731664, 0.7958875, 0.8722882, 1.271005
2.74273, 0.8150627, 0.8641605, 1.263527
2.753871, 0.80182, 0.8554524, 1.255845
2.76456, 0.7856295, 0.8456007, 1.248567
2.776406, 0.7846034, 0.8384421, 1.240551
2.787289, 0.7767203, 0.8315409, 1.233136
2.797949, 0.782263, 0.8241328, 1.225881
2.809495, 0.7898494, 0.8174173, 1.217995
2.820515, 0.7946309, 0.8112971, 1.210584
2.831648, 0.7889075, 0.8072307, 1.203065
2.842754, 0.7802038, 0.8028564, 1.195512
2.853703, 0.7840928, 0.798436, 1.188072
2.864649, 0.7715209, 0.7945585, 1.180722
2.876059, 0.7691885, 0.7908479, 1.17305
2.887316, 0.7752972, 0.7877187, 1.165479
2.898429, 0.7747965, 0.7864431, 1.158027
2.909122, 0.758881, 0.7843527, 1.150994
2.9203, 0.7531297, 0.7824973, 1.143429
2.93155, 0.7563307, 0.7812714, 1.135926
2.942462, 0.74677, 0.7792793, 1.128719
2.953676, 0.7482464, 0.7768972, 1.121277
2.964661, 0.748723, 0.7735802, 1.113994
2.975857, 0.7415299, 0.7705657, 1.106527
2.986907, 0.7412203, 0.7683452, 1.099236
2.998133, 0.7374628, 0.7659882, 1.091861
3.009092, 0.7456771, 0.7644361, 1.084669
3.02031, 0.7314168, 0.7618939, 1.077381
3.031337, 0.734808, 0.7591418, 1.070012
3.042472, 0.7339785, 0.7561091, 1.062738
3.053788, 0.725162, 0.7529219, 1.055381
3.064872, 0.7160506, 0.7497143, 1.048172
3.075863, 0.714146, 0.7462169, 1.041116
3.08696, 0.7156298, 0.7434223, 1.033929
3.098158, 0.7086148, 0.7403936, 1.026682
3.109495, 0.7160274, 0.7374301, 1.019308
3.12058, 0.7202566, 0.7347031, 1.012226
3.131604, 0.7174993, 0.7326341, 1.00509
3.142529, 0.7168431, 0.7308197, 0.9980986
3.153761, 0.7031512, 0.7281607, 0.991078
3.164839, 0.6932172, 0.7254831, 0.9840466
3.175818, 0.6900583, 0.7225738, 0.9771646
3.18694, 0.6921096, 0.7197431, 0.9701769
3.19811, 0.6959667, 0.717465, 0.9631554
3.209307, 0.6853249, 0.7146702, 0.9560643
3.220155, 0.6881999, 0.712207, 0.9494215
3.231338, 0.6758315, 0.7087148, 0.9423645
3.242428, 0.6659203, 0.7054399, 0.9354317
3.253529, 0.6648679, 0.701943, 0.9285248
3.264643, 0.6473053, 0.6976093, 0.9218661
3.276009, 0.6443638, 0.6935694, 0.9149111
3.286989, 0.611675, 0.6883506, 0.9082236
3.297817, 0.6451983, 0.6849032, 0.9016547
3.309123, 0.6146317, 0.6798533, 0.8948459
3.320134, 0.6199576, 0.6754205, 0.888228
3.331396, 0.5976751, 0.6695029, 0.8815114
3.342306, 0.6538481, 0.6661824, 0.8750249
3.353598, 0.6124353, 0.6609292, 0.8682661
3.364593, 0.6222092, 0.6561975, 0.8617179
3.375581, 0.6152208, 0.651801, 0.8552411
3.387116, 0.6179819, 0.6480392, 0.8483942
3.398095, 0.6183882, 0.6444557, 0.8419622
3.408933, 0.6205586, 0.6408781, 0.8355543
3.420228, 0.6206696, 0.6371133, 0.8289851
3.431253, 0.6190095, 0.6337975, 0.8226694
3.44226, 0.6185119, 0.6303131, 0.816367
3.453687, 0.6165733, 0.6273502, 0.8097516
3.464972, 0.6040628, 0.6242573, 0.8033704
3.475784, 0.5854248, 0.6202852, 0.7972522
3.486672, 0.5805357, 0.6169466, 0.7910437
3.497953, 0.5763285, 0.6135449, 0.7847248
3.508999, 0.573655, 0.6116439, 0.7785169
3.52015, 0.5670366, 0.6077358, 0.7723591
3.5313, 0.5621004, 0.6051093, 0.7661478
3.542162, 0.5587735, 0.6020501, 0.7601694
3.554118, 0.5549728, 0.5999149, 0.7537013
3.56463, 0.5466358, 0.5945543, 0.7480047
3.575516, 0.546001, 0.5912327, 0.7422089
3.586996, 0.5439165, 0.587318, 0.7360364
3.597796, 0.5493019, 0.584022, 0.7302017
3.608948, 0.54116, 0.5801809, 0.724264
3.620384, 0.541977, 0.5763603, 0.7182178
3.631125, 0.5355304, 0.5721089, 0.7125855
3.64223, 0.5362865, 0.5678898, 0.7067991
3.653294, 0.5345637, 0.5636675, 0.7010493
3.664446, 0.5345631, 0.5594701, 0.6953785
3.675855, 0.5367116, 0.555477, 0.6894751
3.686887, 0.5366814, 0.5521079, 0.6838563
3.697897, 0.5360729, 0.5496403, 0.6782789
3.709039, 0.5504135, 0.5481341, 0.6726706
3.720151, 0.5525666, 0.546946, 0.6669878
3.731104, 0.5473703, 0.5456318, 0.6616927
3.742371, 0.5471984, 0.5446399, 0.6561436
3.753948, 0.5370662, 0.5433882, 0.6505382
3.764495, 0.5313508, 0.5420171, 0.6454598
3.77557, 0.5259663, 0.5405668, 0.6401547
3.787119, 0.5233768, 0.5394038, 0.6346316
3.797453, 0.5209598, 0.5381517, 0.6297283
3.808851, 0.5127268, 0.5365922, 0.6242821
3.819947, 0.504063, 0.5343302, 0.6191114
3.831106, 0.4988919, 0.5322169, 0.6139897
3.842091, 0.499113, 0.5300737, 0.608904
3.853369, 0.4768991, 0.5271422, 0.6036613
3.86443, 0.4771957, 0.5241876, 0.5986296
3.875515, 0.4728132, 0.5211001, 0.5937049
3.886966, 0.4570826, 0.5172261, 0.5885799
3.897758, 0.4479657, 0.5127888, 0.5837449
3.908787, 0.4381451, 0.507862, 0.5789182
3.920053, 0.4341241, 0.5027645, 0.5740201
3.930902, 0.4332331, 0.4969055, 0.5692614
3.94211, 0.4365044, 0.4911024, 0.5644308
3.953224, 0.4425756, 0.4858627, 0.5596561
3.964324, 0.4413826, 0.4805719, 0.5550393
3.975408, 0.4382726, 0.4756322, 0.5504023
3.986735, 0.429948, 0.470562, 0.5457101
3.997505, 0.4300445, 0.4657659, 0.5412381
4.00881, 0.4306847, 0.4611313, 0.5366636
4.019816, 0.4221047, 0.4561886, 0.5321503
4.031007, 0.4139738, 0.4512509, 0.5278588
4.042017, 0.4004553, 0.4460706, 0.5235671
4.053364, 0.4004788, 0.4411499, 0.5191803
4.064151, 0.4028552, 0.436337, 0.5151079
4.075489, 0.3994913, 0.4324666, 0.5108328
4.086586, 0.3920973, 0.4282117, 0.5066214
4.097404, 0.3926704, 0.4242045, 0.5027083
4.108631, 0.3920962, 0.4209552, 0.4985344
4.11996, 0.381568, 0.4176354, 0.4944215
4.130914, 0.3788409, 0.4146701, 0.4905127
4.141969, 0.3799686, 0.4119624, 0.486617
4.153577, 0.3761167, 0.4091066, 0.4824948
4.164187, 0.3769907, 0.4061309, 0.4788385
4.175377, 0.3782867, 0.4029164, 0.4750149
4.186562, 0.3751343, 0.399604, 0.4711651
4.197481, 0.3705029, 0.3962155, 0.4675145
4.208775, 0.3693009, 0.3931831, 0.4636878
4.219966, 0.3660597, 0.3899839, 0.4600477
4.230871, 0.3677924, 0.3868393, 0.45647
4.242134, 0.3661824, 0.3840432, 0.4529223
4.253528, 0.3714398, 0.3819165, 0.4493966
4.264179, 0.3652931, 0.3801584, 0.44612
4.275363, 0.3636052, 0.3783147, 0.4427302
4.286551, 0.35685, 0.3760144, 0.4393457
4.297692, 0.3539383, 0.3737368, 0.4360775
4.308703, 0.3521498, 0.3717394, 0.4329354
4.319818, 0.3506434, 0.369638, 0.4297797
4.33089, 0.3501918, 0.3675428, 0.426672
4.342045, 0.3482632, 0.3658776, 0.4234963
4.353387, 0.3442656, 0.3641488, 0.4204206
4.364186, 0.3435232, 0.3623265, 0.4175036
4.375304, 0.3398912, 0.3605152, 0.4145783
4.386372, 0.3407534, 0.3587034, 0.411763
4.397504, 0.3358861, 0.3565833, 0.4089051
4.408842, 0.3376848, 0.3547108, 0.4060788
4.419787, 0.3350797, 0.3529397, 0.403419
4.430881, 0.3321081, 0.35108, 0.400752
4.441995, 0.326672, 0.3491107, 0.3981155
4.453135, 0.3198521, 0.3467136, 0.3955234
4.464117, 0.3175574, 0.3442824, 0.3930029
4.475365, 0.3156082, 0.3414908, 0.3903921
4.486423, 0.3050015, 0.3384762, 0.3879191
4.497403, 0.3039, 0.335491, 0.3855252
4.508655, 0.3030333, 0.3328001, 0.3830767
4.519903, 0.3048414, 0.3303453, 0.3807347
4.530867, 0.3048603, 0.3279808, 0.3784415
4.54178, 0.3019828, 0.3255478, 0.376225
4.553789, 0.2993252, 0.3230044, 0.3737693
4.564003, 0.2980499, 0.3204938, 0.3718079
4.575161, 0.2993838, 0.3182497, 0.3698189
4.586189, 0.2926889, 0.315708, 0.3678199
4.597259, 0.2893016, 0.3131785, 0.3658867
4.608649, 0.2849987, 0.3103908, 0.3639064
4.619429, 0.2856018, 0.3078765, 0.3620903
4.630756, 0.2860863, 0.3052966, 0.3602354
4.641852, 0.2860955, 0.3028474, 0.3584268
4.652997, 0.2867748, 0.3005807, 0.3566866
4.663974, 0.2856327, 0.2985288, 0.3550612
4.675447, 0.2822893, 0.2966506, 0.3534409
4.686281, 0.2829429, 0.2949199, 0.3518983
4.697335, 0.2824783, 0.2932634, 0.3503556
4.708407, 0.2822029, 0.2921235, 0.3489567
4.719752, 0.2776961, 0.2908133, 0.3475819
4.730601, 0.2783709, 0.2895802, 0.346272
4.741695, 0.2754731, 0.2881117, 0.3450106
4.752909, 0.2725613, 0.2864968, 0.343765
4.764106, 0.272603, 0.2850278, 0.3425025
4.775205, 0.2725872, 0.2836909, 0.3413352
4.786591, 0.2727698, 0.2824269, 0.3402592
4.797393, 0.2692641, 0.280921, 0.3392733
4.808534, 0.2685262, 0.2797128, 0.3383807
4.823422, 0.2666213, 0.2785788, 0.3371808
4.830718, 0.2668961, 0.2776737, 0.3365815
4.841646, 0.2668961, 0.2767384, 0.3357951
4.852935, 0.2684959, 0.2758589, 0.3350261
4.863946, 0.269437, 0.2750259, 0.3343508
4.875194, 0.2695214, 0.2741633, 0.3337492
4.886242, 0.265803, 0.2731718, 0.3331755
4.897282, 0.2629829, 0.2722065, 0.3326786
4.908523, 0.2633601, 0.2712273, 0.3322071
4.91964, 0.2644663, 0.2703267, 0.331911
4.930586, 0.2649216, 0.2694626, 0.3314736
4.941882, 0.2651916, 0.2688374, 0.3311818
4.952814, 0.2689736, 0.2683676, 0.3309582
4.963845, 0.2691885, 0.2680534, 0.3307796
4.975037, 0.2676837, 0.2678095, 0.3307676
4.986001, 0.2641616, 0.2673874, 0.3306928
4.997152, 0.2644368, 0.2669798, 0.3305819
5.008429, 0.2634369, 0.2665132, 0.3306149
5.019551, 0.2637265, 0.2662363, 0.3306913
5.030536, 0.2626902, 0.2659445, 0.3307739
5.041587, 0.2617436, 0.2657006, 0.3310071
5.052846, 0.2586864, 0.2652901, 0.331297
5.063746, 0.2570781, 0.2647992, 0.3316045
5.075238, 0.2570484, 0.2642269, 0.3319978
5.086074, 0.2554286, 0.2635264, 0.3323811
5.097013, 0.2553526, 0.262818, 0.332874
5.108306, 0.2569883, 0.2623773, 0.3333288
5.11944, 0.2555532, 0.2620058, 0.3339111
5.130552, 0.2556825, 0.2616219, 0.3344954
5.141848, 0.2550666, 0.2611519, 0.3352062
5.152792, 0.2542119, 0.2606165, 0.3360062
5.163774, 0.2539085, 0.2600523, 0.3365682
5.1751, 0.2539008, 0.2592986, 0.3374096
5.186072, 0.2554213, 0.2586103, 0.3381696
5.196967, 0.2550917, 0.2579807, 0.3390071
5.208368, 0.2548221, 0.2575137, 0.3399988
5.219546, 0.2549675, 0.2570403, 0.3410563
5.230453, 0.2548569, 0.2566113, 0.3420327
5.241633, 0.2558787, 0.2562189, 0.3431677
5.252715, 0.2564554, 0.2559071, 0.3443306
5.263688, 0.2583855, 0.2557393, 0.3455397
5.274886, 0.2581402, 0.2557119, 0.3468256
5.286347, 0.2569274, 0.2557044, 0.3483706
5.29721, 0.2579355, 0.2557487, 0.3497556
5.308209, 0.2576248, 0.2558586, 0.3512232
5.319362, 0.2578381, 0.2559828, 0.3527222
5.330378, 0.2587084, 0.2560689, 0.3541713
5.341512, 0.2577983, 0.2561811, 0.3556508
5.352755, 0.2593543, 0.2563647, 0.3572956
5.363871, 0.2587917, 0.2565509, 0.3589825
5.374945, 0.25885, 0.2567828, 0.3607331
5.385941, 0.2610998, 0.2571424, 0.3625373
5.397097, 0.2609358, 0.2574942, 0.364422
5.408177, 0.2615455, 0.2578004, 0.3663225
5.419311, 0.2593534, 0.2580135, 0.3682675
5.430273, 0.2597127, 0.258258, 0.3701642
5.441402, 0.2585162, 0.2584354, 0.372233
5.452607, 0.2604819, 0.2587167, 0.374349
5.463624, 0.2607923, 0.2589623, 0.3765331
5.47482, 0.2611381, 0.2591965, 0.3787311
5.485918, 0.2626678, 0.2594106, 0.3809846
5.496832, 0.266358, 0.2598215, 0.3832583
5.508119, 0.2658063, 0.2602654, 0.3856329
5.519004, 0.2700942, 0.2608733, 0.3879476
5.530503, 0.2701468, 0.2614995, 0.3904878
5.541784, 0.2710762, 0.2621613, 0.3930052
5.552246, 0.2732216, 0.262887, 0.3954207
5.563665, 0.2747419, 0.2637342, 0.3981626
5.57476, 0.2738818, 0.2644606, 0.4008259
5.585859, 0.2735957, 0.2652008, 0.4035676
5.596862, 0.2756406, 0.2660403, 0.4063234
5.608121, 0.2772826, 0.2668495, 0.4091817
5.619108, 0.2810996, 0.2678576, 0.4120471
5.630312, 0.2819529, 0.268878, 0.4150053
5.641572, 0.2844653, 0.2701336, 0.4180158
5.652301, 0.2927783, 0.2717869, 0.4209096
5.663665, 0.2939678, 0.2735595, 0.4240282
5.674797, 0.2957871, 0.2753247, 0.4271775
5.685579, 0.299167, 0.2772434, 0.4302449
5.697186, 0.2992303, 0.279148, 0.4336473
5.708062, 0.3006816, 0.2810487, 0.4368489
5.719198, 0.304923, 0.282977, 0.4401656
5.730197, 0.3051059, 0.284942, 0.4435295
5.741171, 0.3050239, 0.2866885, 0.4469559
5.752301, 0.3056846, 0.2884654, 0.4503154
5.763531, 0.3063338, 0.2902282, 0.4538555
5.774827, 0.3070612, 0.2919202, 0.4574826
5.78566, 0.3051551, 0.2934409, 0.4610058
5.796739, 0.3061657, 0.2950551, 0.4647948
5.808106, 0.3078343, 0.296767, 0.4685215
5.818929, 0.3146185, 0.2987159, 0.4721894
5.830235, 0.3162304, 0.3006633, 0.4760252
5.841213, 0.3215192, 0.3026843, 0.4798049
5.852377, 0.3294719, 0.3050603, 0.4837167
5.863424, 0.3313359, 0.3074038, 0.4875808
5.874633, 0.3335865, 0.3094442, 0.4916542
5.885417, 0.3428737, 0.3118895, 0.4957853
5.89673, 0.3520776, 0.314704, 0.499779
5.907795, 0.3482238, 0.3171569, 0.5039026
5.919066, 0.3531942, 0.3198551, 0.5083548
5.930223, 0.3541769, 0.3225299, 0.5126058
5.941292, 0.3576307, 0.3251652, 0.5169206
5.952374, 0.3616223, 0.3279911, 0.5212501
5.963375, 0.3620556, 0.3308426, 0.5254428
5.974468, 0.3615535, 0.3336361, 0.5297859
5.985792, 0.3613672, 0.3363878, 0.5342797
5.996713, 0.3599059, 0.33903, 0.538724
6.007967, 0.3614663, 0.3418455, 0.5433622
6.018824, 0.3606431, 0.3445694, 0.547821
6.030067, 0.3634835, 0.3473518, 0.5525445
6.041112, 0.3725035, 0.3502461, 0.5571007
6.052272, 0.3796387, 0.3534165, 0.5618696
6.063241, 0.386232, 0.3566521, 0.5666201
6.074605, 0.3902126, 0.3596892, 0.5715814
6.085407, 0.3961892, 0.3629318, 0.5763904
6.096789, 0.3921293, 0.365859, 0.5814084
6.107638, 0.3986377, 0.3686472, 0.5862313
6.122062, 0.3987487, 0.3709807, 0.5928753
6.133275, 0.405542, 0.3738467, 0.5979924
6.141026, 0.4073437, 0.3765541, 0.6015415
6.152429, 0.4089199, 0.3792913, 0.6068192
6.163445, 0.4101984, 0.3819197, 0.6119248
6.174533, 0.4115644, 0.3844168, 0.6171743
6.185767, 0.4201576, 0.3873219, 0.6224451
6.196575, 0.4220182, 0.3903451, 0.6276021
6.207926, 0.4300695, 0.3937802, 0.6330596
6.218898, 0.4329392, 0.3974319, 0.6382958
6.230004, 0.4325291, 0.400985, 0.6437086
6.240957, 0.4327156, 0.4045886, 0.6491269
6.252421, 0.4333912, 0.408084, 0.6548521
6.263283, 0.4345255, 0.4111851, 0.6602821
6.274491, 0.442225, 0.4143144, 0.6659068
6.285413, 0.4414752, 0.4170766, 0.6715193
6.296909, 0.4386455, 0.4194982, 0.6772443
6.307858, 0.4370618, 0.4215419, 0.6828126
6.31869, 0.4392725, 0.4238991, 0.6883959
6.329966, 0.4371648, 0.4258254, 0.694193
6.341058, 0.4421924, 0.4279976, 0.699789
6.352241, 0.4316311, 0.429302, 0.70557
6.363263, 0.433652, 0.4306174, 0.7112631
6.374357, 0.4350661, 0.4319247, 0.7170219
6.38567, 0.4468167, 0.4337556, 0.7229338
6.396956, 0.4479942, 0.4355771, 0.7288324
6.407655, 0.4495233, 0.4370454, 0.7344813
6.419071, 0.4506121, 0.4384751, 0.7405449
6.42977, 0.4532961, 0.4396364, 0.746216
6.44107, 0.4534155, 0.4406602, 0.7523132
6.452142, 0.456251, 0.4418463, 0.7583411
6.463023, 0.4562396, 0.4430225, 0.7642044
6.474527, 0.4563581, 0.4441708, 0.7705044
6.485213, 0.4571542, 0.4453022, 0.7763456
6.496849, 0.4727444, 0.4468282, 0.7828018
6.507514, 0.4789279, 0.4487008, 0.7886637
6.518637, 0.477467, 0.4506419, 0.7947223
6.529807, 0.4721272, 0.4523951, 0.8009117
6.540968, 0.4801699, 0.45444, 0.8071243
6.552187, 0.4943488, 0.4572992, 0.8134048
6.563036, 0.4924219, 0.4598107, 0.8194838
6.574288, 0.4911148, 0.4627849, 0.8258583
6.585207, 0.4980217, 0.4660034, 0.8320888
6.596473, 0.4966564, 0.4690829, 0.838575
6.607693, 0.4962558, 0.4715549, 0.8450394
6.618505, 0.5011297, 0.4742117, 0.8512155
6.629786, 0.5016438, 0.4768178, 0.8577818
6.641029, 0.5040934, 0.4794918, 0.8644037
6.651822, 0.5076625, 0.4822102, 0.87051
6.663235, 0.5085126, 0.484965, 0.8772812
6.674173, 0.5072491, 0.4875149, 0.8837891
6.685382, 0.5031701, 0.4898614, 0.8905074
6.696417, 0.5043867, 0.4922628, 0.8972051
6.707526, 0.4760686, 0.4932086, 0.9039233
6.718583, 0.5035179, 0.4947473, 0.9105417
6.72963, 0.524536, 0.4970277, 0.9172764
6.74079, 0.5271503, 0.4995119, 0.9241453
6.751879, 0.5513873, 0.5034748, 0.9309749
6.762951, 0.5518067, 0.5070567, 0.9376714
6.774083, 0.5522304, 0.5099508, 0.9445778
6.785113, 0.5578274, 0.513221, 0.9514684
6.79646, 0.5557258, 0.5164515, 0.9585766
6.807295, 0.5562156, 0.5193612, 0.9654768
6.818578, 0.5553551, 0.5222961, 0.9727181
6.829651, 0.5651492, 0.5257408, 0.9797776
6.840895, 0.5583824, 0.5286034, 0.9869666
6.851799, 0.5781431, 0.5324284, 0.9939686
6.862972, 0.5889903, 0.5366732, 1.001191
6.874036, 0.5991864, 0.5412494, 1.008253
6.885209, 0.6242668, 0.5470371, 1.015469
6.896436, 0.6242622, 0.5528877, 1.022965
6.907416, 0.619692, 0.5587138, 1.030122
6.918617, 0.6191182, 0.5644504, 1.037448
6.929534, 0.6233442, 0.5718142, 1.044604
6.940835, 0.6525818, 0.5792674, 1.051969
6.951715, 0.6800791, 0.5870445, 1.059118
6.962879, 0.6791726, 0.5946456, 1.06642
6.974057, 0.6672208, 0.6004373, 1.07378
6.985298, 0.6675407, 0.6062241, 1.081197
6.996394, 0.7041262, 0.6138188, 1.088626
7.007299, 0.6863765, 0.6202463, 1.095853
7.018521, 0.635048, 0.6242124, 1.103245
7.029436, 0.6354753, 0.6281754, 1.110475
7.040697, 0.6339124, 0.6321033, 1.117821
7.051652, 0.6321257, 0.6354521, 1.125168
7.062949, 0.6335208, 0.639209, 1.132692
7.073908, 0.6370814, 0.6421559, 1.139985
7.085104, 0.6394601, 0.6446794, 1.14745
7.096123, 0.6484541, 0.6471428, 1.154814
7.107356, 0.6453026, 0.6481946, 1.162335
7.118183, 0.6454035, 0.6492517, 1.169576
7.129622, 0.6576159, 0.6511479, 1.177254
7.140656, 0.6638454, 0.6533843, 1.184725
7.151727, 0.669039, 0.655669, 1.192179
7.162992, 0.6594008, 0.6560099, 1.199744
7.173891, 0.6493189, 0.6544719, 1.207114
7.185113, 0.6442335, 0.6527249, 1.214681
7.196233, 0.6464963, 0.6516887, 1.222137
7.207188, 0.650511, 0.6508372, 1.229543
7.218475, 0.6521968, 0.6482407, 1.237208
7.229313, 0.6590511, 0.6468744, 1.244533
7.240835, 0.6528277, 0.6477634, 1.252384
7.251713, 0.6453637, 0.6482579, 1.259803
7.262775, 0.6443281, 0.6487786, 1.267281
7.27405, 0.6440195, 0.6493733, 1.274984
7.284904, 0.6509444, 0.6502445, 1.282371
7.296548, 0.6418795, 0.6504844, 1.290328
7.307224, 0.6348166, 0.6502522, 1.297611
7.318415, 0.6206462, 0.6488619, 1.305324
7.32946, 0.6292965, 0.6480616, 1.312898
7.340606, 0.6341879, 0.6475008, 1.320546
7.351645, 0.6403421, 0.6466371, 1.328122
7.362609, 0.6336951, 0.6451296, 1.33562
7.374174, 0.6263387, 0.6429946, 1.343562
7.384825, 0.6208225, 0.6410657, 1.350884
7.396217, 0.6312935, 0.6401644, 1.358702
7.40722, 0.6344141, 0.6396734, 1.366284
7.418402, 0.6346678, 0.639082, 1.374068
7.429506, 0.7678027, 0.6449466, 1.381713
7.443811, 0.6460546, 0.6446394, 1.391541
7.45164, 0.6115615, 0.642265, 1.39693
7.462596, 0.6138033, 0.6403137, 1.404528
7.474047, 0.6184945, 0.6389703, 1.412459
7.485058, 0.6483111, 0.6391695, 1.420058
7.495986, 0.6485724, 0.6393971, 1.427539
7.507325, 0.6451088, 0.6391053, 1.435362
7.518132, 0.6681424, 0.6404185, 1.442833
7.52948, 0.6671841, 0.6420368, 1.450666
7.540386, 0.6690326, 0.6444561, 1.45824
7.551723, 0.6644962, 0.6462162, 1.466029
7.562625, 0.6611161, 0.6475626, 1.473555
7.573863, 0.6641809, 0.6487545, 1.481288
7.584733, 0.6756644, 0.650853, 1.488794
7.59612, 0.679917, 0.6535319, 1.496606
7.607117, 0.6844211, 0.6567118, 1.504174
7.618182, 0.6889095, 0.6595926, 1.511799
7.629255, 0.6834213, 0.662043, 1.519419
7.640375, 0.6874443, 0.6646818, 1.527179
7.651257, 0.6798429, 0.6602839, 1.534822
7.662663, 0.6832179, 0.662142, 1.542684
7.673639, 0.6832266, 0.6657253, 1.55023
7.684829, 0.715969, 0.6708336, 1.557916
7.696088, 0.7088124, 0.6753495, 1.565635
7.707061, 0.7072238, 0.6782951, 1.573156
7.718092, 0.7074817, 0.6812406, 1.58067
7.72907, 0.7045347, 0.6842119, 1.588048
7.740305, 0.7045899, 0.6860342, 1.595849
7.75135, 0.7173499, 0.6885425, 1.603344
7.76248, 0.7168592, 0.6909338, 1.610922
7.773499, 0.7108675, 0.6932524, 1.618452
7.784944, 0.7160889, 0.6960011, 1.626211
7.795748, 0.7175827, 0.6986712, 1.633493
7.80707, 0.7333632, 0.7015561, 1.641152
7.817944, 0.7410612, 0.7046133, 1.648563
7.82933, 0.7478413, 0.7077843, 1.656251
7.840273, 0.7497212, 0.7108248, 1.663685
7.851429, 0.7619711, 0.7147524, 1.671367
7.86232, 0.7567383, 0.7182171, 1.678682
7.874081, 0.7556439, 0.7220072, 1.68644
7.88466, 0.75188, 0.7254402, 1.69352
7.895972, 0.7466636, 0.7286121, 1.701093
7.906994, 0.75915, 0.7307711, 1.708446
7.917995, 0.7568502, 0.733173, 1.715781
7.929098, 0.7572969, 0.7356766, 1.723166
7.940485, 0.7436795, 0.7374865, 1.730703
7.951207, 0.7440422, 0.739462, 1.737846
7.962458, 0.7431277, 0.7413889, 1.74528
7.973667, 0.7476073, 0.7429017, 1.752585
7.984858, 0.7689283, 0.7455052, 1.759933
7.995728, 0.7688526, 0.7484044, 1.767137
8.007126, 0.7803808, 0.751619, 1.774589
8.017828, 0.7894288, 0.7552113, 1.781525
8.029278, 0.786573, 0.7578718, 1.788987
8.040192, 0.7869177, 0.7601646, 1.796062
8.051346, 0.8002268, 0.7627839, 1.803325
8.062413, 0.8062589, 0.7656108, 1.810491
8.073643, 0.8070449, 0.7678645, 1.817707
8.084528, 0.8220215, 0.7711287, 1.824719
8.095822, 0.8222783, 0.7744604, 1.83199
8.106861, 0.816077, 0.7776703, 1.839073
8.118074, 0.8224, 0.7814571, 1.846385
8.129126, 0.8252882, 0.784764, 1.85343
8.140525, 0.8190426, 0.7878736, 1.860612
8.151007, 0.8285953, 0.7914385, 1.867209
8.162447, 0.8201693, 0.795263, 1.874446
8.173493, 0.819967, 0.7990593, 1.881491
8.184674, 0.8140365, 0.8026047, 1.888526
8.195605, 0.8142467, 0.8059366, 1.895383
8.206794, 0.806633, 0.8078219, 1.902374
8.218014, 0.793838, 0.8090712, 1.909393
8.229282, 0.79824, 0.8099642, 1.916384
8.240009, 0.8000178, 0.8104936, 1.92302
8.251376, 0.8032983, 0.81133, 1.93007
8.262306, 0.8277418, 0.8133711, 1.93677
8.273949, 0.8217337, 0.8144464, 1.943827
8.284583, 0.8351574, 0.8158914, 1.950319
8.295522, 0.8351365, 0.8172959, 1.956979
8.306833, 0.8373421, 0.8180619, 1.963852
8.317719, 0.8661249, 0.8202542, 1.970486
8.329161, 0.8618994, 0.8225453, 1.97737
8.340154, 0.8551431, 0.8241825, 1.983966
8.351359, 0.8323343, 0.8245348, 1.99071
8.362222, 0.8382359, 0.8254945, 1.9972
8.373491, 0.8379894, 0.8259642, 2.003902
8.384391, 0.868911, 0.8284013, 2.010341
8.395754, 0.8789992, 0.8313529, 2.016897
8.406707, 0.8784111, 0.8345715, 2.023314
8.417926, 0.8730806, 0.8375133, 2.029924
8.429146, 0.8617737, 0.8402703, 2.03638
8.440249, 0.8544579, 0.8433013, 2.042771
8.450807, 0.8293381, 0.8448561, 2.048732
8.462322, 0.8272743, 0.8462189, 2.055316
8.473262, 0.8408702, 0.8480975, 2.06158
8.484444, 0.855433, 0.8494821, 2.067897
8.495682, 0.8772377, 0.8522573, 2.074121
8.506523, 0.8515982, 0.8530793, 2.080163
8.517689, 0.8770259, 0.8551738, 2.08636
8.52861, 0.8905268, 0.8578331, 2.092427
8.540328, 0.8945343, 0.8592536, 2.09888
8.551521, 0.8885466, 0.860586, 2.105086
8.561881, 0.8821139, 0.8619345, 2.110728
8.573607, 0.8965827, 0.865147, 2.116998
8.584633, 0.8677649, 0.8666235, 2.122928
8.595596, 0.8634024, 0.8678942, 2.128881
8.606843, 0.8853495, 0.8687161, 2.13486
8.617666, 0.878049, 0.8686686, 2.140635
8.628856, 0.9116127, 0.8703287, 2.146566
8.640083, 0.9127664, 0.8723129, 2.15245
8.651065, 0.9109341, 0.8747709, 2.158185
8.662186, 0.8916427, 0.8766302, 2.163933
8.673336, 0.8879098, 0.8795587, 2.169711
8.68435, 0.8896405, 0.8826771, 2.175339
8.695614, 0.8963098, 0.8854491, 2.181048
8.706624, 0.9046313, 0.8879089, 2.186585
8.717898, 0.9033403, 0.889214, 2.192183
8.728913, 0.9027141, 0.8917698, 2.197601
8.739833, 0.9530923, 0.8955731, 2.202981
8.751158, 0.9973772, 0.9009156, 2.208459
8.762191, 0.9348431, 0.902931, 2.213804
8.773167, 0.8904747, 0.9030274, 2.219113
8.784349, 0.9117248, 0.9045079, 2.224478
8.795425, 0.8897179, 0.9041646, 2.229775
8.806499, 0.8737382, 0.9044632, 2.234993
8.817693, 0.9095642, 0.9067713, 2.240324
8.829063, 0.9207478, 0.9085412, 2.245623
8.839849, 0.9120674, 0.9102421, 2.250628
8.850798, 0.9252301, 0.9109229, 2.255581
8.862204, 0.9238514, 0.9114772, 2.260789
8.87314, 0.9143568, 0.9116483, 2.26568
8.884389, 0.9275246, 0.9134423, 2.270734
8.895576, 0.9365383, 0.9158738, 2.275689
8.906745, 0.912191, 0.9170014, 2.280627
8.917854, 0.9216936, 0.9182706, 2.285477
8.928865, 0.9408212, 0.9200801, 2.290264
8.939686, 0.9385154, 0.9218388, 2.294985
8.95111, 0.9520672, 0.9243064, 2.299722
8.962055, 0.9513702, 0.9242203, 2.304335
8.973356, 0.94613, 0.9216579, 2.308998
8.984127, 0.9747739, 0.9236544, 2.313422
8.99558, 0.9772439, 0.9279929, 2.318154
9.006277, 0.9824573, 0.9315296, 2.322477
9.017609, 0.9966376, 0.9368756, 2.327045
9.028843, 0.9937229, 0.9428749, 2.331596
9.039555, 1.144329, 0.9546131, 2.33585
9.050902, 1.018286, 0.95949, 2.340305
9.062037, 1.007875, 0.9642804, 2.344624
9.072971, 0.9845108, 0.9672444, 2.348929
9.084394, 0.9824967, 0.9701767, 2.353288
9.095346, 0.9834273, 0.9736302, 2.357401
9.106446, 0.9901718, 0.9767626, 2.361549
9.117527, 0.991684, 0.9795198, 2.365542
9.128724, 0.9814736, 0.9829839, 2.369654
9.139753, 0.9786696, 0.9858328, 2.373619
9.150615, 0.9772497, 0.9876542, 2.377503
9.161994, 0.9799023, 0.9897236, 2.381502
9.172817, 0.9799023, 0.9911154, 2.385219
9.184405, 0.9867278, 0.9928833, 2.389198
9.195326, 0.9836245, 0.994758, 2.392943
9.206276, 0.9910627, 0.9955724, 2.396606
9.217575, 0.9822503, 0.9958228, 2.400345
9.228691, 1.004479, 0.9969238, 2.403925
9.239473, 1.009483, 0.9975661, 2.407395
9.250972, 1.023442, 0.9990522, 2.411068
9.261817, 1.032997, 0.9934856, 2.414438
9.273138, 1.045626, 0.9948525, 2.417855
9.283976, 1.044496, 0.9966836, 2.421131
9.295241, 1.042462, 0.9995812, 2.424574
9.306287, 1.038651, 1.002389, 2.427785
9.317548, 1.034258, 1.00493, 2.431034
9.328561, 1.03236, 1.00704, 2.434192
9.339604, 1.031884, 1.00905, 2.437275
9.350777, 1.025247, 1.011238, 2.440274
9.361814, 1.001485, 1.012379, 2.443255
9.372961, 0.998876, 1.013461, 2.446155
9.384094, 0.9918045, 1.014056, 2.449051
9.39531, 0.9829062, 1.014206, 2.451918
9.406418, 0.9859082, 1.014165, 2.454701
9.417274, 1.029019, 1.016435, 2.457345
9.428534, 1.00112, 1.016937, 2.460098
9.439846, 1.000867, 1.017868, 2.462778
9.450743, 1.009933, 1.018141, 2.465308
9.461768, 1.011274, 1.018231, 2.467831
9.472762, 0.9948553, 1.016801, 2.47032
9.484348, 0.9888479, 1.014594, 2.472869
9.495459, 0.9936587, 1.011995, 2.475244
9.506269, 0.9946454, 1.009503, 2.477507
9.51736, 0.9874811, 1.006754, 2.479836
9.528607, 0.9986676, 1.004755, 2.482128
9.539708, 1.022061, 1.004145, 2.484308
9.550678, 1.033905, 1.004222, 2.486415
9.561696, 1.042519, 1.004754, 2.48848
9.572834, 1.006895, 1.003836, 2.490577
9.583724, 1.015083, 1.004516, 2.492545
9.595141, 1.004775, 1.004811, 2.494485
9.606241, 1.002283, 1.005335, 2.496393
9.617471, 1.003004, 1.00634, 2.498285
9.628314, 0.9775484, 1.005922, 2.500055
9.639486, 0.9850788, 1.003725, 2.501802
9.650583, 1.008419, 1.00409, 2.50349
9.66188, 1.013705, 1.004732, 2.505162
9.672749, 1.023363, 1.005403, 2.506817
9.683936, 1.033671, 1.006523, 2.508387
9.694966, 1.033906, 1.008476, 2.509885
9.706259, 1.046318, 1.011349, 2.511401
9.717202, 1.021432, 1.012738, 2.512805
9.728285, 1.02324, 1.014167, 2.514164
9.739635, 1.031436, 1.016365, 2.515527
9.750711, 1.036106, 1.018237, 2.516843
9.761652, 1.038919, 1.01908, 2.518029
9.772938, 0.9946792, 1.017119, 2.519128
9.784233, 0.9779819, 1.013892, 2.520254
9.795091, 0.9700831, 1.012051, 2.52117
9.806102, 1.092928, 1.015944, 2.522174
9.817115, 1.047036, 1.018057, 2.523143
9.828288, 1.060919, 1.020988, 2.523998
9.839169, 1.123773, 1.027027, 2.524831
9.85054, 1.023845, 1.029342, 2.525553
9.861585, 1.026158, 1.031396, 2.526266
9.873198, 1.030884, 1.032519, 2.526945
9.883664, 1.005967, 1.032132, 2.527503
9.894999, 1.002736, 1.031101, 2.527971
9.905982, 1.009876, 1.029911, 2.528402
9.917159, 1.001242, 1.028278, 2.528822
9.92818, 1.006823, 1.026303, 2.529168
9.939482, 1.003126, 1.025388, 2.529481
9.950336, 1.004382, 1.024445, 2.529665
9.961617, 1.013373, 1.023541, 2.529849
9.973051, 1.021087, 1.022791, 2.529971
9.983772, 1.047127, 1.023201, 2.530035
9.99477, 1.042629, 1.025598, 2.530172
10.00606, 1.059831, 1.029691, 2.530158
10.01701, 1.075835, 1.034979, 2.530128
10.02839, 1.083987, 1.034531, 2.530012
10.0391, 1.052959, 1.034828, 2.52984
10.0507, 1.069187, 1.035241, 2.529581
10.06133, 1.100275, 1.034066, 2.529312
10.07265, 1.107629, 1.038255, 2.529002
10.08668, 1.123643, 1.04313, 2.528489
10.09473, 1.143955, 1.048783, 2.528195
10.10605, 1.144975, 1.055734, 2.527696
10.11696, 1.132696, 1.062232, 2.527141
10.12816, 1.152048, 1.06934, 2.526534
10.13916, 1.142178, 1.076387, 2.525841
10.15053, 1.108796, 1.081486, 2.5249
10.16137, 1.10028, 1.086343, 2.524108
10.17265, 1.103055, 1.091277, 2.523318
10.18413, 1.046901, 1.092953, 2.522389
10.19503, 1.042717, 1.094035, 2.521392
10.20578, 1.052414, 1.094299, 2.520544
10.21694, 1.004536, 1.092395, 2.519475
10.22799, 1.025719, 1.090689, 2.518404
10.23932, 0.9812179, 1.085958, 2.517201
10.25017, 1.014792, 1.082498, 2.516029
10.26153, 1.011723, 1.080436, 2.514733
10.27241, 1.018274, 1.077891, 2.513484
10.28364, 1.015586, 1.073656, 2.512113
10.29478, 1.014191, 1.068984, 2.510648
10.30608, 1.028448, 1.064225, 2.509222
10.31694, 1.024434, 1.058249, 2.507807
10.32809, 1.024967, 1.052248, 2.506236
10.33924, 1.025159, 1.046871, 2.504644
10.35016, 1.04481, 1.041509, 2.503014
10.36137, 1.047266, 1.036764, 2.501323
10.37247, 1.043581, 1.033503, 2.4994
10.38369, 1.04841, 1.030909, 2.497586
10.39472, 1.02733, 1.027123, 2.495755
10.40622, 1.025599, 1.026058, 2.493695
10.41701, 1.002846, 1.024065, 2.491751
10.42804, 0.9922838, 1.021058, 2.489779
10.43927, 0.9832171, 1.019992, 2.487664
10.45047, 0.9383582, 1.015624, 2.485528
10.46132, 0.9507983, 1.014103, 2.48342
10.47259, 0.9437456, 1.010551, 2.481265
10.48347, 0.9567226, 1.007801, 2.47904
10.49464, 0.9571314, 1.004744, 2.476742
10.50556, 0.9575971, 1.001845, 2.474461
10.51683, 1.008986, 1.001584, 2.472149
10.52808, 0.9451405, 0.9974189, 2.469604
10.53896, 0.9906762, 0.9957311, 2.467164
10.55038, 1.043519, 0.9966586, 2.464558
10.56119, 0.9160702, 0.9912043, 2.462048
10.71677, 1.174103, 0.9976689, 2.420321
10.72791, 1.358822, 1.013247, 2.417004
10.73893, 1.248175, 1.023476, 2.413632
10.75016, 0.9505743, 1.018585, 2.410041
10.76132, 0.9642248, 1.015429, 2.406522
10.77257, 0.9454781, 1.011423, 2.402992
10.78357, 0.7820068, 1.000381, 2.399335
10.79449, 0.882914, 0.9949129, 2.39574
10.80578, 0.7407238, 0.9827883, 2.392031
10.81667, 0.8509443, 0.9784176, 2.388348
10.82801, 0.9983218, 0.9807938, 2.384457
10.83878, 0.9214839, 0.9796807, 2.38074
10.85042, 1.044949, 0.9840919, 2.376662
10.86127, 1.007416, 0.9866062, 2.372819
10.87218, 1.030994, 0.990276, 2.368859
10.88357, 0.9872913, 0.9891914, 2.364663
10.89455, 0.9619465, 0.9900316, 2.360599
10.9056, 0.8329113, 0.9821433, 2.356367
10.91709, 0.9443666, 0.9771857, 2.352038
10.92771, 0.9361279, 0.9781886, 2.347992
10.93873, 0.92208, 0.9655874, 2.343744
10.95009, 0.912412, 0.943267, 2.339449
10.96109, 0.9070422, 0.9262103, 2.33507
10.97221, 0.9038705, 0.923875, 2.330659
10.98325, 0.8915932, 0.9202434, 2.326161
10.99458, 0.8824994, 0.9170945, 2.321563
11.00534, 0.8750193, 0.9217451, 2.317151
11.0167, 0.880926, 0.9216458, 2.312463
11.02769, 0.8962318, 0.9294211, 2.307887
11.03884, 0.9015592, 0.9319519, 2.303194
11.05025, 0.9061367, 0.9273427, 2.298322
11.0612, 0.9060403, 0.9265705, 2.293653
11.07191, 0.9313464, 0.9208905, 2.289061
11.08336, 0.9407826, 0.9175588, 2.284111
11.09449, 0.9421816, 0.9131182, 2.279263
11.10541, 0.9091222, 0.9092097, 2.27446
11.11663, 0.932157, 0.9077203, 2.269543
11.12766, 0.9292304, 0.9125363, 2.264527
11.13879, 0.9085191, 0.9107439, 2.2595
11.14986, 0.9201602, 0.9099455, 2.254623
11.16108, 0.9167522, 0.9096791, 2.24951
11.17192, 0.9169347, 0.9099053, 2.244541
11.18335, 0.9253255, 0.9108194, 2.239196
11.19446, 0.9227659, 0.9117643, 2.233967
11.20541, 0.9317948, 0.9137743, 2.228773
11.21655, 0.9266399, 0.9159813, 2.223475
11.22753, 0.9280226, 0.9186314, 2.21825
11.23886, 0.9347938, 0.9213248, 2.212832
11.25014, 0.9245277, 0.9227396, 2.207299
11.26079, 0.9223282, 0.9237781, 2.202063
11.2721, 0.9115654, 0.9240495, 2.196495
11.28311, 0.8890138, 0.9231981, 2.190969
11.29432, 0.8851243, 0.920887, 2.185379
11.30535, 0.8871918, 0.9182075, 2.179685
11.31655, 0.8416467, 0.9131807, 2.174031
11.32759, 0.8690904, 0.9111792, 2.168445
11.33883, 0.8306946, 0.906106, 2.162694
11.34976, 0.8428294, 0.901786, 2.157079
11.36086, 0.832863, 0.8980031, 2.151336
11.37214, 0.8546078, 0.8947255, 2.145478
11.38305, 0.8593503, 0.8918554, 2.139678
11.39424, 0.8762657, 0.889822, 2.133756
11.40539, 0.8461832, 0.8858649, 2.127877
11.41657, 0.8497466, 0.882214, 2.121891
11.42761, 0.8487989, 0.8780642, 2.115944
11.43878, 0.8508523, 0.8742748, 2.109904
11.44974, 0.8519679, 0.8704721, 2.103976
11.46088, 0.8440942, 0.8659371, 2.097846
11.47498, 0.8510412, 0.8622628, 2.090091
11.48315, 0.8563874, 0.8589658, 2.085555
11.49441, 0.8501271, 0.8558938, 2.079301
11.50527, 0.8594514, 0.8544157, 2.073278
11.51647, 0.8677941, 0.8535492, 2.066986
11.52759, 0.8773066, 0.8530549, 2.060815
11.53844, 0.8763673, 0.854791, 2.05465
11.54973, 0.907959, 0.8567344, 2.048224
11.56071, 0.9088236, 0.8606408, 2.042047
11.57198, 0.9073294, 0.8638659, 2.035528
11.58311, 0.9103991, 0.8677427, 2.029144
11.59436, 0.9277667, 0.8714005, 2.022628
11.60547, 0.9248883, 0.8746775, 2.016218
11.61627, 0.9481766, 0.878273, 2.009904
11.62764, 0.9444571, 0.8831867, 2.003236
11.6386, 0.9568696, 0.8885428, 1.996783
11.64976, 0.9618589, 0.8941959, 1.990206
11.66106, 0.9288208, 0.8980943, 1.983441
11.67218, 0.9234701, 0.9016693, 1.976809
11.68308, 0.9217222, 0.9055508, 1.970259
11.6943, 0.9231113, 0.9091542, 1.963515
11.70538, 0.9218652, 0.9124281, 1.95682
11.71648, 0.9226602, 0.9160548, 1.950094
11.7276, 0.921141, 0.9191393, 1.943316
11.73854, 0.9174089, 0.92162, 1.936638
11.74974, 0.9190772, 0.9237086, 1.929791
11.76093, 0.9138275, 0.9255816, 1.922934
11.7717, 0.9064957, 0.9255084, 1.916305
11.78293, 0.896507, 0.9248926, 1.909376
11.79412, 0.8744074, 0.9232465, 1.902402
11.80523, 0.8731941, 0.9213862, 1.895464
11.81618, 0.8831006, 0.9191529, 1.888674
11.82783, 0.8939027, 0.9176036, 1.88135
11.83833, 0.8562218, 0.9130058, 1.874786
11.84964, 0.8880252, 0.9101843, 1.86771
11.86052, 0.8051316, 0.9025974, 1.860868
11.87195, 0.8559685, 0.8973029, 1.853685
11.88292, 0.8841984, 0.8950718, 1.846785
11.89424, 0.8573691, 0.8917667, 1.839666
11.90504, 0.8828162, 0.8898214, 1.832841
11.91624, 0.9076653, 0.8890492, 1.825784
11.92745, 0.894533, 0.8876826, 1.818787
11.9385, 0.8999085, 0.8865449, 1.8118
11.94955, 0.9609238, 0.8885341, 1.804751
11.9609, 0.8278285, 0.8840551, 1.797469
11.97188, 0.9341895, 0.8848107, 1.790398
11.98307, 0.9163921, 0.8849389, 1.783191
11.99407, 0.9388883, 0.8865585, 1.776013
12.00522, 0.9599118, 0.8897287, 1.768771
12.01601, 0.7847149, 0.8852442, 1.761742
12.02748, 0.9108759, 0.8871282, 1.754172
12.0383, 1.00001, 0.8929737, 1.747125
12.04949, 0.9241386, 0.8944856, 1.739776
12.06047, 0.8614931, 0.894749, 1.732618
12.07184, 0.8811594, 0.8944057, 1.725066
12.08272, 0.8619257, 0.8972454, 1.717875
12.0941, 0.8623011, 0.897562, 1.710315
12.10498, 0.8868434, 0.8976942, 1.702978
12.11607, 0.8669858, 0.8981751, 1.695644
12.12745, 0.8574397, 0.8969062, 1.688152
12.13854, 0.8586075, 0.8944533, 1.680777
12.14938, 0.8408985, 0.8917716, 1.673619
12.16056, 0.8554578, 0.8895491, 1.666118
12.17146, 0.8356833, 0.8832871, 1.658762
12.18292, 0.8451301, 0.8841521, 1.651027
12.19389, 0.8414103, 0.8795131, 1.643616
12.20508, 0.8377758, 0.8755824, 1.635896
12.21605, 0.8159278, 0.8694344, 1.628411
12.22717, 0.8206326, 0.8624704, 1.620795
12.23815, 1.024875, 0.8744785, 1.613328
12.24945, 0.8518885, 0.8715291, 1.605447
12.26048, 0.8203694, 0.8625471, 1.597916
12.27172, 0.8649604, 0.8595881, 1.590329
12.28268, 0.8588542, 0.8594562, 1.582785
12.29413, 0.8729433, 0.8590455, 1.575002
12.30491, 0.8784606, 0.8598722, 1.567721
12.31603, 0.9260293, 0.8630587, 1.560171
12.32714, 0.9681476, 0.8671239, 1.552619
12.33836, 0.8641774, 0.8669835, 1.544894
12.34938, 0.8545226, 0.8668377, 1.537357
12.36068, 0.8942502, 0.8686198, 1.529746
12.37166, 0.8722088, 0.8701854, 1.522182
12.38278, 0.8828901, 0.8715571, 1.514483
12.39406, 0.8591861, 0.8727322, 1.506714
12.40507, 0.869862, 0.8739687, 1.499149
12.41597, 0.8586125, 0.8748288, 1.491756
12.42703, 0.8850098, 0.8771905, 1.484117
12.43826, 0.8707415, 0.8799312, 1.47637
12.44937, 0.8501704, 0.881408, 1.468649
12.46049, 0.8851775, 0.8744231, 1.460931
12.4714, 0.8609577, 0.8748766, 1.45337
12.4828, 0.8973252, 0.8787244, 1.445527
12.49409, 0.9959449, 0.8852736, 1.437713
12.50539, 0.8609331, 0.8853776, 1.429901
12.51592, 0.7794263, 0.8807017, 1.422599
12.52727, 0.7729207, 0.8754247, 1.41476
12.53798, 0.7713766, 0.8676921, 1.407391
12.54907, 0.8173214, 0.8601508, 1.399643
12.56031, 0.9051957, 0.8622017, 1.391824
12.57163, 0.8083203, 0.8598916, 1.384
12.58247, 0.9000005, 0.8601791, 1.376611
12.59386, 0.7685762, 0.8549973, 1.368826
12.60479, 0.7996353, 0.8508345, 1.361336
12.61598, 0.8120582, 0.8484781, 1.353661
12.62687, 0.7411555, 0.8420428, 1.346232
12.63824, 0.8077976, 0.8395022, 1.33849
12.64936, 0.9071777, 0.8406105, 1.330846
12.66057, 0.7954967, 0.8368483, 1.32309
12.67122, 0.8619939, 0.8374394, 1.315759
12.68244, 0.7106323, 0.8287122, 1.308023
12.69359, 0.7461429, 0.8229715, 1.300318
12.70474, 0.7633, 0.8162702, 1.292568
12.71576, 0.8132804, 0.8071369, 1.28492
12.72717, 0.7452906, 0.8013548, 1.277058
12.73783, 0.7601514, 0.800391, 1.269789
12.74934, 0.7288671, 0.7981883, 1.261871
12.76029, 0.6885761, 0.7940482, 1.254401
12.77148, 0.7724797, 0.7918061, 1.246714
12.78264, 0.7481977, 0.7839562, 1.239149
12.7936, 0.7789177, 0.7824861, 1.231682
12.80472, 0.6881382, 0.771893, 1.224098
12.81885, 0.6762357, 0.7672759, 1.214456
12.82676, 0.6579753, 0.760193, 1.209178
12.83811, 0.6876682, 0.7539734, 1.201386
12.84913, 0.6664749, 0.7502394, 1.193877
12.86021, 0.6748526, 0.7435921, 1.186246
12.87144, 0.729629, 0.7347147, 1.178646
12.88253, 0.6464279, 0.7272613, 1.171165
12.8934, 0.6379336, 0.7160583, 1.163809
12.90471, 0.6606773, 0.7135605, 1.156106
12.91581, 0.6689694, 0.7097018, 1.148627
12.92685, 0.6567931, 0.7043765, 1.141238
12.93803, 0.658012, 0.6966131, 1.13374
12.94912, 0.6852341, 0.6936103, 1.126343
12.96008, 0.6851211, 0.6898588, 1.119137
12.9714, 0.6849954, 0.6876652, 1.11164
12.98234, 0.6851947, 0.6874961, 1.104357
12.99368, 0.6903907, 0.6833917, 1.09687
13.0044, 0.6821823, 0.6800909, 1.089786
13.01571, 0.6922973, 0.6757599, 1.082245
13.02688, 0.6870933, 0.6757077, 1.074914
13.03793, 0.6875917, 0.6762754, 1.067578
13.04913, 0.6871986, 0.6777366, 1.06029
13.06003, 0.6588531, 0.6762959, 1.053218
13.07127, 0.65617, 0.6757807, 1.045897
13.08221, 0.6547099, 0.6747735, 1.03895
13.09356, 0.6485925, 0.6707217, 1.031515
13.10445, 0.6469213, 0.6707464, 1.024469
13.11563, 0.6433581, 0.6710176, 1.017324
13.12681, 0.6432306, 0.6701453, 1.010118
13.13779, 0.6849161, 0.6709427, 1.003086
13.14885, 0.6878676, 0.6724963, 0.9959946
13.16019, 0.6727727, 0.6732343, 0.9887685
13.17113, 0.6677632, 0.6723608, 0.981804
13.18224, 0.6618893, 0.6711991, 0.974795
13.19333, 0.6570744, 0.669803, 0.9679154
13.20493, 0.657624, 0.6684245, 0.9605621
13.21552, 0.6583454, 0.6668223, 0.9539995
13.22696, 0.6597287, 0.6656996, 0.9468565
13.23764, 0.6603341, 0.6641014, 0.9402026
13.2488, 0.6493333, 0.6622134, 0.9332674
13.25992, 0.6470577, 0.6601866, 0.926562
13.27138, 0.6473985, 0.6581967, 0.9194742
13.28219, 0.6412996, 0.6573189, 0.912925
13.29351, 0.644594, 0.6567402, 0.9060113
13.3046, 0.6461841, 0.6563139, 0.8991521
13.31568, 0.6387895, 0.6558237, 0.8925135
13.32679, 0.6394268, 0.655449, 0.8859696
13.33775, 0.641495, 0.6553558, 0.8793721
13.34875, 0.6286852, 0.6546286, 0.8728678
13.3601, 0.6189388, 0.6513296, 0.8661323
13.37107, 0.6109479, 0.6474836, 0.8596438
13.38238, 0.6198506, 0.6448375, 0.8529776
13.39357, 0.6167915, 0.642289, 0.8464119
13.40442, 0.6052265, 0.6394559, 0.8400908
13.4154, 0.5914599, 0.6361752, 0.8337094
13.42693, 0.5964968, 0.6331187, 0.8269756
13.43751, 0.5909305, 0.629748, 0.8209541
13.44877, 0.5885864, 0.6261909, 0.8144308
13.45984, 0.5764127, 0.6219949, 0.8080865
13.47102, 0.5631552, 0.617686, 0.8017085
13.48222, 0.5501961, 0.6128429, 0.7954276
13.49333, 0.5896415, 0.609955, 0.7891881
13.50436, 0.6123359, 0.6085069, 0.7831016
13.5159, 0.5573593, 0.6041452, 0.776613
13.52677, 0.5540001, 0.5995359, 0.7705587
13.5376, 0.5495744, 0.5950752, 0.7646905
13.54884, 0.5360971, 0.5899087, 0.7585214
13.56019, 0.5118507, 0.5834265, 0.7523334
13.57106, 0.5231937, 0.5781519, 0.7464818
13.58209, 0.5063986, 0.5725249, 0.7405749
13.59323, 0.5076799, 0.5673615, 0.7345747
13.60422, 0.5023958, 0.5614887, 0.7287164
13.61549, 0.500213, 0.5556598, 0.7227722
13.6264, 0.5012293, 0.5504599, 0.717007
13.6377, 0.4980581, 0.5457898, 0.7110438
13.64897, 0.4951702, 0.5407235, 0.7051987
13.65996, 0.494487, 0.5359014, 0.6995059
13.67077, 0.4946597, 0.531205, 0.6939409
13.68221, 0.4920872, 0.5269887, 0.6882174
13.69326, 0.4852825, 0.5230951, 0.6825819
13.70411, 0.4841776, 0.5197942, 0.6770609
13.71541, 0.4838898, 0.5145066, 0.671351
13.72639, 0.4907486, 0.5084272, 0.6658588
13.73758, 0.4831698, 0.5047177, 0.6603199
13.74862, 0.4827896, 0.5011572, 0.6549035
13.75979, 0.4721248, 0.4972847, 0.6494579
13.77096, 0.4657855, 0.4937691, 0.6441147
13.78194, 0.4598953, 0.4911713, 0.6389022
13.79295, 0.4594018, 0.4879817, 0.6337059
13.80412, 0.4566171, 0.4854927, 0.6284892
13.81521, 0.4591782, 0.4830676, 0.6233081
13.82644, 0.4578468, 0.4808401, 0.6181198
13.83744, 0.4532575, 0.4784924, 0.6130984
13.84863, 0.4530708, 0.4760845, 0.6079705
13.85963, 0.4405893, 0.473211, 0.6029797
13.87083, 0.4405176, 0.4704784, 0.5979506
13.8819, 0.4343333, 0.4674706, 0.5929742
13.89303, 0.4235159, 0.4639135, 0.5880254
13.90403, 0.4339609, 0.4610072, 0.5832283
13.91531, 0.4355442, 0.4585202, 0.5782529
13.92623, 0.4271082, 0.4556667, 0.5735379
13.93743, 0.4250139, 0.4527229, 0.5687394
13.94848, 0.421569, 0.449264, 0.5640248
13.95981, 0.4183149, 0.4460212, 0.5592473
13.97073, 0.418762, 0.4428198, 0.5546891
13.9819, 0.4172296, 0.4400751, 0.5500574
13.99296, 0.4149367, 0.4375327, 0.5455189
14.00417, 0.4147264, 0.4352742, 0.5410355
14.01525, 0.4155883, 0.4330835, 0.5365392
14.0264, 0.4116361, 0.4308345, 0.532074
14.03741, 0.4096732, 0.4283593, 0.5277763
14.04881, 0.4060884, 0.4257714, 0.5233499
14.05956, 0.407442, 0.4234806, 0.5192017
14.07077, 0.4041028, 0.4210322, 0.5149099
14.08181, 0.4044994, 0.4192277, 0.5106719
14.09292, 0.4101849, 0.4177111, 0.5064937
14.10396, 0.4116898, 0.4165789, 0.5023888
14.11515, 0.4098417, 0.4158952, 0.4982938
14.12626, 0.4095141, 0.4146729, 0.4942483
14.13746, 0.4096845, 0.4133799, 0.4902102
14.14837, 0.4026756, 0.4121583, 0.4863229
14.16302, 0.4044854, 0.4111319, 0.481177
14.17418, 0.4039035, 0.4102487, 0.477317
14.18165, 0.4037829, 0.4095221, 0.474761
14.19306, 0.4073532, 0.4089516, 0.4708973
14.20395, 0.3952218, 0.4078512, 0.4672584
14.21504, 0.4001608, 0.4071124, 0.4636394
14.22639, 0.3935808, 0.4060551, 0.4599781
14.23749, 0.3918312, 0.4048673, 0.4565027
14.24837, 0.360963, 0.4023336, 0.4530681
14.25969, 0.3402128, 0.3988606, 0.4495433
14.27046, 0.3388168, 0.395497, 0.4462464
14.28183, 0.3588883, 0.3930693, 0.4428236
14.29286, 0.3429457, 0.3900115, 0.4395089
14.30398, 0.3375866, 0.3866659, 0.4362471
14.31493, 0.3383949, 0.3830763, 0.433049
14.32631, 0.3317969, 0.3790817, 0.4298108
14.33736, 0.3269973, 0.3749395, 0.4267614
14.34847, 0.3287331, 0.3709005, 0.4236934
14.35967, 0.3304934, 0.3669409, 0.4205787
14.37069, 0.3315746, 0.3633858, 0.4174394
14.38183, 0.3310992, 0.3597165, 0.4144692
14.39291, 0.3296467, 0.3560037, 0.4115634
14.40413, 0.3233876, 0.3519839, 0.4087313
14.41528, 0.3224804, 0.3477403, 0.4058945
14.4262, 0.3251442, 0.3442364, 0.4031841
14.43713, 0.3221161, 0.3403342, 0.4005139
14.4484, 0.320014, 0.3366558, 0.3978632
14.45957, 0.3197094, 0.3330497, 0.3952488
14.47089, 0.3155328, 0.3307782, 0.3926762
14.48167, 0.3169487, 0.329615, 0.3902283
14.49293, 0.3163671, 0.3284926, 0.3877217
14.50381, 0.3163521, 0.3263657, 0.3853241
14.51515, 0.3097174, 0.3247043, 0.3831921
14.52623, 0.3100082, 0.3233254, 0.3808895
14.53728, 0.3099355, 0.3219024, 0.3785502
14.5484, 0.3085839, 0.3207417, 0.3763388
14.55942, 0.3086621, 0.319825, 0.3740579
14.57037, 0.3101194, 0.3188943, 0.3719298
14.58167, 0.3105454, 0.3178969, 0.3698217
14.59274, 0.3038844, 0.3165124, 0.3678018
14.60389, 0.3170916, 0.315812, 0.365845
14.61503, 0.3104284, 0.3148511, 0.3638775
14.6262, 0.3065546, 0.3140095, 0.3619946
14.63705, 0.2946597, 0.3126184, 0.3602569
14.64845, 0.2936892, 0.3110457, 0.3584616
14.65938, 0.2933175, 0.3096057, 0.3568078
14.67059, 0.2910771, 0.3081589, 0.3552154
14.68179, 0.2902268, 0.3066848, 0.3536374
14.69285, 0.2868584, 0.3052511, 0.3521913
14.7037, 0.2852128, 0.3036643, 0.3507295
14.71512, 0.2870075, 0.3021963, 0.3492779
14.72598, 0.2870272, 0.30073, 0.3479307
14.73697, 0.2879603, 0.2996422, 0.3466242
14.74826, 0.2883714, 0.2985604, 0.3453605
14.75939, 0.2890949, 0.2975184, 0.3442471
14.77055, 0.2893151, 0.296555, 0.3430747
14.78159, 0.2883696, 0.2955403, 0.3419926
14.79277, 0.2879901, 0.2944339, 0.3409356
14.80375, 0.2861633, 0.2932148, 0.3399523
14.81481, 0.2858852, 0.2923148, 0.339049
14.826, 0.2811098, 0.2905157, 0.3381016
14.83702, 0.2763727, 0.2888129, 0.3372814
14.84812, 0.2746996, 0.2872202, 0.3365134
14.85917, 0.2738024, 0.2861773, 0.3358125
14.87034, 0.2740639, 0.2851961, 0.3352266
14.88143, 0.2713395, 0.2840972, 0.334663
14.89258, 0.2701907, 0.2830529, 0.3341895
14.90424, 0.2588298, 0.281483, 0.3336979
14.91489, 0.2677398, 0.2805271, 0.3333087
14.92591, 0.266833, 0.279608, 0.3329445
14.93721, 0.264551, 0.2784852, 0.3326056
14.94818, 0.2640843, 0.2773381, 0.3323336
14.95938, 0.2585404, 0.2758671, 0.3320669
14.97029, 0.2567565, 0.2742863, 0.3318634
14.98131, 0.2591954, 0.2727914, 0.3317927
14.99267, 0.2579251, 0.2712218, 0.3317297
15.00352, 0.2598471, 0.2697957, 0.3317601
15.0148, 0.2579468, 0.2682936, 0.3317596
15.02572, 0.2576101, 0.2668659, 0.3319142
15.03717, 0.2587527, 0.2655093, 0.3320649
15.04835, 0.2544555, 0.2641765, 0.3322759
15.0594, 0.2518823, 0.262952, 0.3326018
15.07014, 0.2479667, 0.2616154, 0.3329505
15.08158, 0.251779, 0.2605142, 0.3333067
15.09261, 0.2536335, 0.2594927, 0.3336654
15.10355, 0.2548136, 0.2586664, 0.3341222
15.1148, 0.253898, 0.2578518, 0.3346443
15.12594, 0.251595, 0.2574901, 0.3352116
15.13705, 0.2517692, 0.2566915, 0.3358795
15.14794, 0.2518122, 0.2559405, 0.3365636
15.1593, 0.2520662, 0.2553162, 0.3372532
15.17031, 0.2517962, 0.2547018, 0.3380096
15.18129, 0.251426, 0.2543461, 0.3388276
15.19233, 0.2507528, 0.2540459, 0.3397022
15.20345, 0.250599, 0.2536161, 0.3406906
15.21483, 0.2518832, 0.253314, 0.3417198
15.22565, 0.2500724, 0.2528253, 0.3427365
15.23678, 0.2522219, 0.252539, 0.3438461
15.24794, 0.2515365, 0.2522354, 0.3450101
15.25935, 0.2522907, 0.2519122, 0.3462222
15.27028, 0.2519061, 0.2517847, 0.3473794
15.28118, 0.2506809, 0.2517247, 0.348671
15.29248, 0.2519957, 0.2519261, 0.3499989
15.30369, 0.2515337, 0.2519138, 0.3513836
15.31472, 0.2509554, 0.25178, 0.3528367
15.32604, 0.2502756, 0.2515531, 0.3543101
15.33681, 0.2502044, 0.2513684, 0.3558341
15.34796, 0.2492122, 0.2512493, 0.3574813
15.3588, 0.2526021, 0.2512909, 0.3591064
15.37054, 0.2546314, 0.2514319, 0.3608472
15.38124, 0.2570393, 0.2516805, 0.3625521
15.39236, 0.2571695, 0.2519492, 0.3643912
15.40361, 0.2586066, 0.2523082, 0.366297
15.41459, 0.2607806, 0.2528096, 0.3682101
15.42548, 0.2603272, 0.253296, 0.3701512
15.43681, 0.2621287, 0.2538083, 0.3722085
15.44792, 0.2633886, 0.2544741, 0.3742953
15.45878, 0.2610333, 0.2549147, 0.3763591
15.47009, 0.2647044, 0.2555731, 0.3785807
15.48111, 0.269317, 0.2564244, 0.3807347
15.49234, 0.285545, 0.2581063, 0.3830619
15.50351, 0.2717785, 0.2591612, 0.3854648
15.51447, 0.2744003, 0.2602814, 0.3878312
15.52969, 0.2885268, 0.2621311, 0.3912542
15.53672, 0.2864337, 0.263905, 0.3928282
15.54793, 0.2864337, 0.2657129, 0.395267
15.55937, 0.2885661, 0.267631, 0.3979079
15.56989, 0.2892853, 0.2696347, 0.4003318
15.5812, 0.2898813, 0.2714986, 0.4030793
15.5923, 0.2906967, 0.2733019, 0.4058326
15.60353, 0.2960643, 0.2752531, 0.4086627
15.6147, 0.3018997, 0.2774896, 0.4117104
15.62609, 0.3072181, 0.2799202, 0.4147363
15.63701, 0.3018092, 0.2819716, 0.4177386
15.6478, 0.2957988, 0.2837452, 0.4207519
15.65862, 0.2959616, 0.2854369, 0.4237568
15.66993, 0.2935635, 0.2869456, 0.4269063
15.68104, 0.2926178, 0.2885248, 0.430133
15.69223, 0.2890186, 0.2897406, 0.4333321
15.70322, 0.2906891, 0.2908092, 0.4365
15.71449, 0.2925449, 0.2911592, 0.4399661
15.72547, 0.2958955, 0.292365, 0.443358
15.73671, 0.2949267, 0.2933913, 0.4468601
15.7478, 0.3060625, 0.2942681, 0.4502926
15.75889, 0.306518, 0.2952723, 0.4538153
15.77006, 0.3059955, 0.2962504, 0.4574116
15.78097, 0.3388939, 0.2987668, 0.4609128
15.79221, 0.3495219, 0.3017786, 0.4646233
15.80306, 0.3450153, 0.3045354, 0.4683127
15.81439, 0.3414424, 0.3070727, 0.4720457
15.82543, 0.3348548, 0.3090122, 0.4758335
15.8364, 0.3361189, 0.3107231, 0.4796823
15.84773, 0.3375914, 0.3122418, 0.4836029
15.85873, 0.3391421, 0.3141084, 0.4874795
15.86993, 0.3365471, 0.3161458, 0.4914081
15.88125, 0.3381145, 0.3182535, 0.4955116
15.89196, 0.3403856, 0.3205946, 0.4994077
15.90328, 0.3388487, 0.3229061, 0.5036246
15.91446, 0.3367751, 0.325294, 0.5077872
15.92548, 0.3368094, 0.3276, 0.5118629
15.93659, 0.3416186, 0.3300537, 0.5160965
15.94771, 0.3415545, 0.3323366, 0.5203364
15.9587, 0.3446341, 0.334822, 0.524604
15.96971, 0.3480948, 0.3369236, 0.5289313
15.9811, 0.3560773, 0.3394016, 0.533521
15.99217, 0.3415984, 0.3411817, 0.5379539
16.00311, 0.3475692, 0.3416155, 0.5424154
16.01442, 0.3661785, 0.3424483, 0.5470726
16.02532, 0.3574401, 0.3430695, 0.5515501
16.03651, 0.3750279, 0.3447488, 0.5561723
16.04756, 0.3728935, 0.3466507, 0.5608516
16.05877, 0.3621322, 0.3479514, 0.5655975
16.0696, 0.3642475, 0.3492842, 0.5702266
16.08114, 0.3729108, 0.3509726, 0.5752175
16.09191, 0.3822379, 0.3532572, 0.5799029
16.10304, 0.3804319, 0.3553731, 0.5848287
16.11409, 0.3802642, 0.357367, 0.5897097
16.12557, 0.3776649, 0.3593078, 0.5948367
16.13634, 0.377606, 0.3613493, 0.5996906
16.14778, 0.3769915, 0.3633584, 0.6048695
16.15881, 0.3727708, 0.364916, 0.6099176
16.16978, 0.3772466, 0.3667006, 0.614977
16.18126, 0.3792724, 0.3684326, 0.6203122
16.19215, 0.3800467, 0.3700301, 0.6253912
16.20295, 0.3869865, 0.3715756, 0.6304908
16.21459, 0.3849653, 0.373744, 0.6360539
16.22547, 0.3898076, 0.3758559, 0.641274
16.2363, 0.3960634, 0.3773502, 0.6464836
16.24779, 0.3861475, 0.3787855, 0.6521347
16.25903, 0.3846207, 0.3792651, 0.6576653
16.26974, 0.3844013, 0.3798406, 0.6629647
16.2809, 0, 0.3617339, 0.6685283
16.29212, 0.4423649, 0.3656398, 0.6741274
16.30299, 0.40611, 0.3672997, 0.6795976
16.31446, 0.4152311, 0.3689494, 0.6853725
16.32514, 0.4287748, 0.3713666, 0.6907873
16.3364, 0.4340599, 0.3740563, 0.6965919
16.34741, 0.4242236, 0.3763843, 0.7022604
16.35866, 0.4199491, 0.3785014, 0.7081385
16.36951, 0.4465288, 0.3819783, 0.7137004
16.38103, 0.4457905, 0.3856292, 0.7198575
16.39175, 0.4376574, 0.3886498, 0.7255237
16.40302, 0.4519931, 0.3922859, 0.7314087
16.41405, 0.4523043, 0.3958987, 0.7373838
16.4253, 0.4533131, 0.399215, 0.7435184
16.4372, 0.4565383, 0.4027937, 0.7499688
16.44777, 0.4576491, 0.4061858, 0.755684
16.45828, 0.4599809, 0.4093816, 0.7614318
16.46971, 0.4627128, 0.4132099, 0.7676913
16.48117, 0.4654215, 0.41725, 0.7740327
16.49202, 0.4678369, 0.4214218, 0.7800183
16.50285, 0.4664933, 0.4447464, 0.786038
16.51414, 0.4655707, 0.4459067, 0.7923927
16.52504, 0.4715272, 0.4491776, 0.7987264
16.53632, 0.4741045, 0.4521213, 0.8051237
16.5474, 0.4790218, 0.4546337, 0.811466
16.55844, 0.4786705, 0.4568642, 0.8177725
16.5696, 0.4916684, 0.4602364, 0.8242998
16.58143, 0.5005355, 0.4642657, 0.8310967
16.59171, 0.5091341, 0.467396, 0.8370181
16.60285, 0.5069475, 0.4704539, 0.8432592
16.61441, 0.5068136, 0.4739117, 0.8501253
16.62524, 0.5088062, 0.4767524, 0.8564228
16.63616, 0.5184765, 0.480061, 0.8628411
16.64754, 0.5184894, 0.4833198, 0.8697279
16.6582, 0.5347373, 0.4872298, 0.8760629
16.66956, 0.5288534, 0.49079, 0.882972
16.6805, 0.5259678, 0.4940893, 0.8895166
16.69173, 0.5227638, 0.4970919, 0.8962027
16.70273, 0.5202099, 0.4998313, 0.9028639
16.71426, 0.5221323, 0.502546, 0.9098133
16.72495, 0.516556, 0.5050491, 0.9162883
16.73611, 0.5278531, 0.5081633, 0.9230748
16.74739, 0.5396003, 0.5115669, 0.9299883
16.75835, 0.5604434, 0.5158839, 0.9366992
16.76945, 0.5698783, 0.5204267, 0.9435613
16.78057, 0.5744839, 0.5252174, 0.9504082
16.79179, 0.5673644, 0.5290022, 0.9573798
16.80284, 0.5642812, 0.5321895, 0.964223
16.81384, 0.614298, 0.5374476, 0.9710525
16.82525, 0.5889221, 0.5415464, 0.9782518
16.83613, 0.5904954, 0.5457305, 0.9850583
16.8473, 0.6046675, 0.5505235, 0.9920787
16.85826, 0.5968401, 0.5544417, 0.9990267
16.86954, 0.5845172, 0.5577431, 1.006276
16.88076, 0.5811128, 0.5600618, 1.013389
16.89456, 0.5888363, 0.563061, 1.022278
16.90586, 0.5878839, 0.5661568, 1.029578
16.91398, 0.59423, 0.5697301, 1.034868
16.92488, 0.6196373, 0.5747014, 1.041959
16.93606, 0.6417885, 0.5806843, 1.049232
16.94715, 0.586583, 0.5841857, 1.056457
16.95834, 0.6147923, 0.5885326, 1.063749
16.96945, 0.6703545, 0.5950703, 1.07106
16.98052, 0.7573986, 0.6049181, 1.078279
16.99163, 0.7211394, 0.6124812, 1.085601
17.00266, 0.7514197, 0.621328, 1.092961
17.01422, 0.7403818, 0.6299788, 1.100654
17.02501, 0.681676, 0.6358486, 1.10784
17.03595, 0.6946573, 0.6398665, 1.115124
17.04731, 0.6994367, 0.6453922, 1.122809
17.05842, 0.7182761, 0.6517813, 1.130239
17.06935, 0.6956979, 0.6563328, 1.137525
17.08067, 0.6782519, 0.6604034, 1.145085
17.09167, 0.6636649, 0.6643608, 1.152443
17.10266, 0.7518767, 0.6728989, 1.159784
17.11395, 0.6889537, 0.6779048, 1.167349
17.12479, 0.6722169, 0.6821214, 1.174675
17.13611, 0.647567, 0.6847883, 1.182327
17.147, 0.6958445, 0.6885986, 1.18969
17.15815, 0.6587099, 0.6894447, 1.197219
17.16937, 0.6334746, 0.6917893, 1.204733
17.18054, 0.6893921, 0.6955193, 1.212252
17.19167, 0.671829, 0.695593, 1.2197
17.20274, 0.6611263, 0.6907793, 1.227111
17.21356, 0.6086917, 0.6851569, 1.234434
17.22492, 0.6603944, 0.6806056, 1.242211
17.2359, 0.6346805, 0.6753206, 1.249702
17.24695, 0.6946931, 0.6759714, 1.257267
17.25806, 0.6605963, 0.6742684, 1.264835
17.26937, 0.6943547, 0.6740143, 1.272625
17.28053, 0.6846459, 0.6723328, 1.280282
17.29162, 0.6886512, 0.6719804, 1.287764
17.30253, 0.6982492, 0.6729802, 1.295198
17.31383, 0.7059799, 0.675096, 1.302924
17.32489, 0.7023878, 0.6726216, 1.310434
17.33629, 0.7091753, 0.6736327, 1.318197
17.34715, 0.6658556, 0.6733146, 1.325572
17.35806, 0.6701341, 0.6744429, 1.333017
17.36927, 0.7211084, 0.6757061, 1.340655
17.38043, 0.7337802, 0.6794597, 1.348285
17.39131, 0.6963747, 0.6826047, 1.355692
17.40239, 0.7710035, 0.6866853, 1.363229
17.41381, 0.7537313, 0.6907804, 1.37099
17.42495, 0.6904358, 0.6922458, 1.3786
17.43579, 0.681456, 0.695884, 1.385964
17.4471, 0.6847097, 0.6970998, 1.393644
17.45812, 0.6406768, 0.6973996, 1.401213
17.46923, 0.6492774, 0.6951288, 1.408854
17.48056, 0.6114131, 0.6926697, 1.416467
17.49137, 0.6682242, 0.6913632, 1.423904
17.50291, 0.686932, 0.6914774, 1.43195
17.51388, 0.6380351, 0.6889466, 1.43949
17.52466, 0.6361574, 0.685842, 1.447003
17.5361, 0.6550968, 0.6832979, 1.454843
17.54679, 0.6729328, 0.6818251, 1.462131
17.55822, 0.6640439, 0.6795686, 1.469949
17.56937, 0.6552975, 0.6790407, 1.477609
17.58044, 0.5076628, 0.6709171, 1.485221
17.59143, 0.5110683, 0.6604151, 1.492784
17.60246, 0.4986454, 0.6486584, 1.500281
17.61355, 0.5811511, 0.6428972, 1.507901
17.6249, 0.7437769, 0.6415359, 1.515677
17.63582, 0.5561365, 0.6316561, 1.523152
17.64703, 0.5367247, 0.6239706, 1.530841
17.65798, 0.510604, 0.615428, 1.538344
17.66901, 0.5730634, 0.6098456, 1.545945
17.68076, 0.5362225, 0.604623, 1.55405
17.69135, 0.6397005, 0.6041441, 1.561263
17.70233, 0.6255757, 0.6048523, 1.568662
17.71365, 0.6302248, 0.6029523, 1.576386
17.72504, 0.6309657, 0.600154, 1.584177
17.73577, 0.5737669, 0.5969406, 1.591489
17.7467, 0.5255384, 0.5914097, 1.598949
17.75807, 0.5580294, 0.5865563, 1.606708
17.76909, 0.5389948, 0.5798594, 1.614142
17.78017, 0.5441709, 0.5738658, 1.621752
17.79136, 0.535279, 0.5678649, 1.629277
17.80229, 0.5630381, 0.5706336, 1.636764
17.81362, 0.552912, 0.5727258, 1.644445
17.82439, 0.6087545, 0.5782312, 1.651712
17.8357, 0.575646, 0.577956, 1.659411
17.84678, 0.5595512, 0.5687447, 1.666768
17.85794, 0.5690789, 0.5693918, 1.674316
17.86918, 0.5679985, 0.5709555, 1.681853
17.88023, 0.6048688, 0.5756688, 1.689254
17.89102, 0.6181227, 0.5779217, 1.696503
17.90244, 0.6117452, 0.5816979, 1.704126
17.91324, 0.5734153, 0.5783836, 1.711331
17.92478, 0.5933557, 0.5767726, 1.719019
17.93555, 0.6420429, 0.5773636, 1.726157
17.94696, 0.6271787, 0.5771742, 1.733809
17.95785, 0.5349385, 0.5752328, 1.74103
17.96906, 0.5459419, 0.576253, 1.748352
17.97995, 0.5600015, 0.5763516, 1.755472
17.99122, 0.8133833, 0.590071, 1.762817
18.00215, 0.8056451, 0.6031447, 1.769887
18.01343, 0.8609773, 0.6194296, 1.777157
18.0245, 0.9278179, 0.6376686, 1.784089
18.03562, 0.8482429, 0.6524352, 1.791197
18.04693, 0.8741214, 0.6657035, 1.798375
18.05791, 0.8725641, 0.6805494, 1.805395
18.069, 0.8887488, 0.6970093, 1.812409
18.0799, 0.8676492, 0.7119378, 1.819364
18.09131, 0.872945, 0.7271851, 1.826652
18.10265, 0.8501626, 0.7394499, 1.833915
18.11341, 0.8180591, 0.7494466, 1.840745
18.12442, 0.9163123, 0.764675, 1.847672
18.13576, 0.8933839, 0.7806734, 1.854856
18.14657, 0.9203107, 0.7970212, 1.861723
18.15792, 0.8824201, 0.8090401, 1.868901
18.1689, 0.8803149, 0.8216969, 1.875838
18.17975, 0.8598594, 0.837943, 1.882886
18.19117, 0.8693195, 0.8541119, 1.890125
18.20249, 0.8713338, 0.8696785, 1.897293
18.21311, 0.9110876, 0.8745637, 1.903941
18.22451, 1.000211, 0.884292, 1.910949
18.23568, 0.6358518, 0.8730357, 1.917883
18.24674, 0.8658682, 0.8699382, 1.924674
18.25746, 0.647034, 0.8598777, 1.931226
18.26896, 0.9373909, 0.8630412, 1.938247
18.28009, 1.249826, 0.8819043, 1.944893
18.29128, 1.11096, 0.8930149, 1.951689
18.30216, 0.9795104, 0.898608, 1.958164
18.31342, 1.007671, 0.9053443, 1.964944
18.32456, 0.8981245, 0.9077424, 1.97159
18.33541, 0.8871946, 0.9111991, 1.978046
18.34651, 0.922139, 0.9114903, 1.984603
18.35781, 0.8965901, 0.9116507, 1.99126
18.36876, 0.8835406, 0.9098122, 1.997743
18.3797, 0.8935925, 0.9103708, 2.004155
18.39102, 0.8745663, 0.9100834, 2.010821
18.40219, 0.8755208, 0.9108664, 2.017438
18.41313, 0.9358975, 0.9141954, 2.023869
18.42426, 0.9346107, 0.9173592, 2.030351
18.4354, 0.9506534, 0.9193375, 2.036809
18.44633, 0.9592062, 0.9172872, 2.043123
18.45766, 0.9397146, 0.9324803, 2.049648
18.46862, 1.0571, 0.942042, 2.05593
18.47996, 1.192142, 0.9692974, 2.062392
18.49077, 0.9982682, 0.9723412, 2.068532
18.50207, 0.9874521, 0.9592225, 2.074982
18.51317, 0.9919748, 0.9532733, 2.081253
18.52444, 1.000718, 0.9543337, 2.087521
18.53523, 0.8441929, 0.9461597, 2.093513
18.5465, 1.035938, 0.9530504, 2.099684
18.55761, 0.9506602, 0.9562238, 2.105785
18.56887, 1.02102, 0.9611678, 2.111911
18.57964, 0.9804609, 0.9653614, 2.117802
18.59105, 0.993551, 0.9708619, 2.123993
18.60215, 0.9803943, 0.975202, 2.129906
18.61318, 0.9926073, 0.981104, 2.135747
18.62442, 0.9017462, 0.9824153, 2.14169
18.6352, 0.9921737, 0.9852291, 2.147327
18.64648, 1.052831, 0.9911402, 2.153212
18.65766, 1.176138, 1.002414, 2.159021
18.66879, 0.65407, 0.9871576, 2.164804
18.67959, 1.280206, 1.004182, 2.170397
18.69073, 1.13537, 1.008096, 2.176083
18.70185, 1.072002, 1.002089, 2.181759
18.71302, 1.08457, 1.006404, 2.187429
18.72416, 1.040652, 1.009064, 2.192903
18.73524, 1.471094, 1.03302, 2.198424
18.74654, 1.232492, 1.044608, 2.203929
18.7575, 1.038338, 1.054316, 2.209293
18.76864, 1.13063, 1.05905, 2.214758
18.77957, 1.222895, 1.072662, 2.220056
18.79095, 1.255595, 1.084391, 2.225594
18.80176, 1.334154, 1.102075, 2.230787
18.81303, 1.153647, 1.11008, 2.236178
18.82447, 1.084306, 1.115276, 2.241577
18.83528, 1.023614, 1.116826, 2.246574
18.84639, 1.016549, 1.122566, 2.251782
18.85747, 0.9846346, 1.122189, 2.256792
18.86856, 0.9908686, 1.119091, 2.261793
18.88, 1.015126, 1.111041, 2.267019
18.89085, 0.9502749, 1.125851, 2.271798
18.90208, 1.083033, 1.115992, 2.27666
18.91307, 1.019132, 1.11018, 2.281367
18.92408, 1.263637, 1.119762, 2.286052
18.93537, 0.9875739, 1.114912, 2.290675
18.94619, 1.144805, 1.12012, 2.295241
18.95736, 1.135557, 1.103343, 2.299789
18.96852, 1.113112, 1.097374, 2.304341
18.97982, 1.128612, 1.101888, 2.308734
18.99091, 1.166091, 1.103661, 2.313213
19.00187, 1.148066, 1.099919, 2.317495
19.01285, 1.183755, 1.096327, 2.321931
19.02418, 1.136872, 1.086463, 2.326576
19.03515, 1.271208, 1.092341, 2.331043
19.04604, 1.127958, 1.094524, 2.335441
19.05731, 0.999362, 1.093311, 2.339957
19.06837, 1.054037, 1.095186, 2.344369
19.07955, 0.9200643, 1.091957, 2.348856
19.09081, 0.915085, 1.088168, 2.353308
19.10168, 0.9379343, 1.084308, 2.357573
19.11296, 1.030742, 1.088332, 2.361902
19.12396, 1.102169, 1.089289, 2.366025
19.135, 1.071505, 1.091907, 2.37015
19.14632, 1.036912, 1.080571, 2.374293
19.15725, 1.208924, 1.091638, 2.378256
19.16854, 1.070899, 1.087943, 2.382246
19.17946, 0.9745865, 1.079895, 2.386102
19.19051, 1.13118, 1.080798, 2.389912
19.20182, 0.6665886, 1.057697, 2.393841
19.21276, 0.6823568, 1.03351, 2.397524
19.22416, 0.6198696, 1.0071, 2.401259
19.23494, 0.6862975, 0.9822273, 2.404859
19.24632, 0.6439794, 0.9575828, 2.408537
19.25725, 0.6681591, 0.9274303, 2.41206
19.26836, 0.7958698, 0.9108259, 2.415524
19.27964, 0.9722852, 0.9094721, 2.418955
19.29096, 1.003832, 0.9069618, 2.422391
19.30149, 0.6240003, 0.8921586, 2.42544
19.31294, 0.6712596, 0.8799673, 2.428782
19.32739, 1.05297, 0.885719, 2.432872
19.33489, 0.6601984, 0.8671918, 2.434943
19.34605, 0.6601984, 0.8450933, 2.438048
19.35735, 0.666588, 0.8248474, 2.441043
19.36835, 1.21648, 0.8338258, 2.443991
19.3793, 1.092211, 0.8279902, 2.446752
19.39065, 0.720854, 0.8104879, 2.449663
19.4015, 0.7492623, 0.7992217, 2.452458
19.41296, 0.6232562, 0.7738255, 2.455292
19.42398, 0.6847071, 0.7747315, 2.457984
19.43524, 0.6912088, 0.7751741, 2.460664
19.44631, 0.6565117, 0.7770063, 2.463257
19.45705, 0.6825984, 0.7768213, 2.465628
19.46836, 0.7201878, 0.7806317, 2.468121
19.47931, 0.7518991, 0.7848186, 2.470545
19.49058, 0.793433, 0.7846968, 2.472941
19.5015, 0.7741901, 0.7747921, 2.47518
19.51283, 0.7431896, 0.7617599, 2.477413
19.52375, 0.8151346, 0.7713166, 2.479541
19.53612, 0.7200668, 0.7737569, 2.481692
19.54597, 0.7820082, 0.7602088, 2.48339
19.55701, 0.7532802, 0.764863, 2.485295
19.5682, 0.7454337, 0.7691247, 2.487274
19.57944, 0.8328418, 0.7774374, 2.489129
19.59046, 0.9123189, 0.7622293, 2.490983
19.6016, 0.738338, 0.7445357, 2.492841
19.61288, 0.8252218, 0.7497541, 2.49471
19.62424, 0.8995692, 0.7572695, 2.496582
19.63487, 0.9139792, 0.7718056, 2.498154
19.64632, 0.8594143, 0.780541, 2.499923
19.65714, 0.8798813, 0.7899746, 2.501486
19.66806, 0.8780941, 0.8010538, 2.503113
19.6793, 0.8758957, 0.8107187, 2.504712
19.69024, 1.506173, 0.8500179, 2.50626
19.70145, 1.469765, 0.8859112, 2.507857
19.71288, 1.378384, 0.9151587, 2.509339
19.72383, 1.48976, 0.9509372, 2.510608
19.73483, 1.686506, 0.998103, 2.511929
19.74575, 1.679469, 1.04132, 2.51316
19.75725, 1.168485, 1.063741, 2.514343
19.76829, 1.115379, 1.080409, 2.515463
19.77905, 1.081395, 1.096815, 2.516409
19.79043, 0.9084337, 1.104965, 2.51738
19.80147, 0.7503898, 1.100842, 2.518263
19.81266, 0.7592939, 1.093191, 2.51911
19.82368, 1.061752, 1.109362, 2.519816
19.83488, 1.012157, 1.118708, 2.520542
19.84612, 0.9470498, 1.121083, 2.521183
19.8571, 1.004692, 1.125618, 2.521888
19.86811, 0.9983817, 1.132567, 2.522459
19.87912, 0.9863871, 1.137892, 2.523063
19.8905, 0.9847537, 1.143225, 2.523621
19.90156, 0.7611309, 1.137487, 2.524181
19.91268, 0.6185076, 1.093104, 2.524588
19.92356, 0.7077844, 1.055004, 2.524819
19.93481, 0.7141225, 1.021791, 2.525014
19.94565, 0.7390557, 0.9842563, 2.525244
19.95694, 0.705704, 0.9352161, 2.52543
19.96809, 0.7084584, 0.8866656, 2.52555
19.97925, 0.7053096, 0.8635068, 2.525696
19.99022, 0.7498388, 0.8452297, 2.525754
20.00145, 0.7509599, 0.828708, 2.525808
