44.22709, 8.338334, 6.644297
44.25863, 8.030651, 6.638377
44.26976, 7.637268, 6.577095
44.28082, 7.1476, 6.495535
44.29211, 5.63625, 6.39567
44.30274, 5.215089, 6.361514
44.31418, 4.572143, 6.18615
44.32523, 4.01258, 6.004817
44.33605, 3.847677, 5.863373
44.34748, 3.696977, 5.686024
44.35852, 3.606845, 5.519293
44.36945, 3.626578, 5.408349
44.38142, 3.62025, 5.263068
44.39234, 4.270354, 5.303055
44.40311, 4.968188, 5.409136
44.41438, 4.791852, 5.256135
44.42571, 5.675299, 5.34471
44.43681, 5.323374, 5.398146
44.44713, 5.233952, 5.437979
44.45869, 5.160048, 5.340767
44.46958, 4.938332, 5.398091
44.48099, 5.131738, 5.452135
44.55855, 1.175569, 5.340897
44.56969, 1.210013, 5.241157
44.5804, 1.260088, 5.129877
44.5918, 1.318218, 5.02297
44.60276, 1.269391, 4.889305
44.61418, 1.26676, 4.608899
44.62524, 1.314132, 4.369481
44.63645, 1.316773, 4.153735
44.64728, 1.333592, 3.920244
44.65874, 1.281434, 3.69527
44.66961, 1.273423, 3.483142
44.68191, 1.146452, 3.283104
44.69148, 1.130645, 3.132917
44.70368, 1.175729, 2.998272
44.71441, 1.126112, 2.883404
44.72876, 1.10633, 2.786529
44.7396, 1.214792, 2.698766
44.7495, 1.265761, 2.617726
44.75934, 1.215433, 2.538012
44.77007, 1.169724, 2.456117
44.78056, 1.092412, 2.371856
44.79862, 1.075141, 2.265349
44.81313, 1.006061, 2.133277
44.82349, 1.129772, 2.011208
44.83325, 1.178824, 1.861326
44.84294, 1.194329, 1.723691
44.85437, 1.286436, 1.592107
44.86541, 1.286749, 1.462997
44.8765, 1.244233, 1.33986
44.88731, 1.159451, 1.207451
44.89879, 1.189497, 1.207915
44.91072, 1.137822, 1.205509
44.92278, 1.105983, 1.200372
44.93235, 1.102739, 1.193189
44.94287, 1.103185, 1.187649
44.95442, 1.102103, 1.18216
44.96542, 1.11303, 1.175457
44.97671, 1.09738, 1.168144
44.98751, 1.119141, 1.160995
44.99851, 1.128732, 1.155905
45.00994, 4.725698, 1.270981
45.0209, 4.852837, 1.394527
45.03191, 4.742747, 1.514931
45.04311, 4.715069, 1.632909
45.05398, 4.85458, 1.757191
45.06527, 5.215807, 1.894173
45.08764, 5.115217, 2.024188
45.09901, 6.38239, 2.194742
45.1097, 5.093038, 2.323995
45.12057, 4.866316, 2.447215
45.13237, 3.716503, 2.534685
45.14413, 3.391304, 2.61189
45.15452, 3.342577, 2.689774
45.16521, 3.315686, 2.762638
45.17676, 2.878644, 2.819299
45.18894, 2.894338, 2.875966
45.20047, 3.106827, 2.936646
45.21523, 3.135341, 2.998265
45.22747, 3.186768, 3.063016
45.23893, 3.462856, 3.139796
45.24825, 3.398842, 3.213441
45.25648, 3.22061, 3.282867
45.26662, 3.021173, 3.346707
45.27745, 3.025978, 3.410815
45.28798, 3.078683, 3.476665
45.29941, 3.144526, 3.544746
45.31309, 3.191986, 3.614044
45.32388, 3.115791, 3.681324
45.33533, 3.147792, 3.748946
45.34539, 3.183573, 3.817441
45.35505, 3.18111, 3.765954
45.36548, 3.126897, 3.708423
45.37657, 3.179168, 3.656304
45.38748, 3.158469, 3.604417
45.39849, 3.173502, 3.548381
45.40968, 3.487031, 3.490755
45.42121, 3.41473, 3.434072
45.43185, 3.454402, 3.336473
45.44323, 3.658559, 3.288657
45.45422, 3.785962, 3.252645
45.46534, 3.66845, 3.251043
45.4766, 4.024557, 3.272151
45.48746, 3.929897, 3.291729
45.49871, 4.158785, 3.319832
45.50994, 4.541996, 3.375277
45.52089, 4.590387, 3.431812
45.53193, 4.570974, 3.480617
45.54318, 4.630835, 3.530467
45.5542, 4.452571, 3.57266
45.56538, 4.452651, 3.605653
45.57654, 4.462116, 3.641096
45.5875, 4.481944, 3.68314
45.59885, 4.251863, 3.724163
45.61041, 4.187533, 3.762882
45.62164, 4.099135, 3.796897
45.63267, 4.024577, 3.826232
45.64411, 3.749097, 3.844802
45.65515, 3.635122, 3.862113
45.66684, 3.70712, 3.880758
45.67809, 3.732837, 3.899066
45.68984, 3.730172, 3.917369
45.7005, 4.110176, 3.950145
45.71195, 4.127335, 3.98175
45.72379, 3.905733, 4.006659
45.73433, 4.10228, 4.037618
45.74591, 3.621623, 4.042104
45.75704, 4.337498, 4.072863
45.76837, 4.237297, 4.09896
45.7798, 3.809951, 4.104006
45.79162, 3.901255, 4.107849
45.80619, 3.792971, 4.112
45.81589, 3.968204, 4.110121
45.82628, 3.920185, 4.109797
45.83556, 3.89187, 4.1009
45.84609, 4.014719, 4.083324
45.85727, 3.948271, 4.061921
45.86837, 4.032276, 4.043964
45.87994, 4.04834, 4.024547
45.89106, 3.864956, 4.00496
45.90202, 3.795657, 3.98306
45.91299, 3.790604, 3.960677
45.92395, 3.865603, 3.940132
45.93513, 3.652436, 3.920151
45.94642, 3.888258, 3.910175
45.95728, 3.917157, 3.904109
45.96876, 4.051326, 3.905001
45.97959, 4.124978, 3.91753
45.99088, 4.116711, 3.933583
46.00188, 4.390517, 3.956363
46.01303, 4.398911, 3.978566
46.02405, 4.597546, 4.007478
46.0351, 4.612234, 4.024213
46.04673, 4.607948, 4.040234
46.05783, 5.398985, 4.090009
46.0684, 4.838599, 4.114553
46.07938, 4.863905, 4.155962
46.09051, 4.715437, 4.168561
46.1019, 4.753259, 4.185759
46.11294, 4.795737, 4.218619
46.12406, 4.779362, 4.247889
46.13502, 4.72587, 4.278986
46.3461, 3.627973, 4.267645
46.35671, 3.739983, 4.261638
46.36755, 4.266851, 4.274137
46.37901, 4.247029, 4.28188
46.38999, 4.283807, 4.293065
46.40179, 4.353093, 4.303759
46.41374, 4.150671, 4.307169
46.4231, 4.016326, 4.312215
46.43404, 3.72326, 4.309802
46.44481, 3.901228, 4.31349
46.45632, 3.901156, 4.314675
46.46719, 4.145586, 4.331113
46.47855, 4.124506, 4.338988
46.49084, 4.230181, 4.349422
46.50122, 4.315213, 4.358218
46.51334, 4.401431, 4.367433
46.52319, 4.378721, 4.376167
46.53417, 4.643962, 4.384615
46.54533, 5.013918, 4.405115
46.55704, 4.603247, 4.405305
46.56792, 3.996544, 4.384782
46.57885, 4.731559, 4.388903
46.59034, 4.096218, 4.345477
46.60277, 4.195617, 4.324045
46.61267, 4.274855, 4.30441
46.62446, 4.451719, 4.295619
46.63516, 4.419706, 4.284501
46.6461, 4.390292, 4.270986
46.65755, 4.377712, 4.257598
46.66829, 4.015435, 4.233917
46.67975, 3.95707, 4.244887
46.69129, 3.700775, 4.24358
46.7028, 4.224161, 4.242157
46.71286, 3.503988, 4.217389
46.73533, 7.068645, 4.310216
46.74622, 2.572479, 4.250863
46.7575, 2.559899, 4.197836
46.76851, 1.869704, 4.126283
46.77969, 1.459093, 4.05081
46.792, 1.424269, 3.968245
46.80346, 1.235688, 3.879396
46.81295, 1.088933, 3.777508
46.82381, 0.9907015, 3.673048
46.83802, 0.9653499, 3.56422
46.84903, 0.9620597, 3.452448
46.85955, 0.9707451, 3.338092
46.86864, 0.9051286, 3.222306
46.87907, 0.9168598, 3.098069
46.88979, 0.9418642, 2.962334
46.90081, 0.8101925, 2.835899
46.91205, 0.7993856, 2.729327
46.92465, 0.7342984, 2.596085
46.93553, 0.6802384, 2.482219
46.94611, 0.6694536, 2.36468
46.95663, 0.6607888, 2.244211
46.96799, 0.6418526, 2.117216
46.97888, 0.6292723, 1.990868
46.9899, 0.6276052, 1.865445
47.00084, 0.6241989, 1.740328
47.01195, 0.6244752, 1.627296
47.02302, 0.6274471, 1.516308
47.03412, 0.6257309, 1.413807
47.04568, 0.6402283, 1.294343
47.05664, 0.6432442, 1.198985
47.06752, 0.6410865, 0.9847326
47.0784, 0.642122, 0.9203873
47.08977, 0.642993, 0.8564904
47.10091, 0.6354578, 0.8153489
47.11198, 0.6351441, 0.7878839
47.12283, 0.6350538, 0.7615768
47.13418, 0.6281632, 0.7413259
47.14523, 0.6468258, 0.726589
47.1565, 0.639213, 0.7148727
47.16757, 0.6355841, 0.7038805
47.17852, 0.6358829, 0.693008
47.18998, 0.6357703, 0.6818421
47.20166, 0.6399084, 0.6730015
47.21305, 0.6374131, 0.6636866
47.22347, 0.631571, 0.6533434
47.23429, 0.6284694, 0.6472861
47.24582, 0.6266671, 0.6415288
47.257, 0.6255627, 0.6379042
47.26874, 0.6207014, 0.6359196
47.28268, 0.6199089, 0.6342682
47.29363, 0.6201056, 0.632912
47.30417, 0.6228714, 0.6322793
47.31453, 0.6206813, 0.631993
47.32452, 0.6192117, 0.6317132
47.33699, 0.6163937, 0.631453
47.3488, 0.6247787, 0.6314631
47.35903, 0.6256577, 0.6314035
47.37181, 0.6350212, 0.6317132
47.38329, 0.6384485, 0.6316538
47.39421, 0.6400959, 0.6315489
47.40512, 0.6423174, 0.6315899
47.41546, 0.6456943, 0.631709
47.42569, 0.6453499, 0.6317876
47.43715, 0.6458802, 0.632135
47.44769, 0.6465705, 0.6325159
47.45993, 0.7841911, 0.6374872
47.47021, 0.6625141, 0.6386322
47.4828, 0.592984, 0.6368374
47.49238, 0.6166943, 0.6360868
47.5027, 0.6152995, 0.6354106
47.51389, 0.6094843, 0.6345307
47.52346, 0.5951378, 0.6331762
47.53247, 0.5960794, 0.6317152
47.54334, 0.5967648, 0.6303604
47.5532, 0.5947533, 0.6291331
47.56301, 0.5921374, 0.6279221
47.57505, 0.594251, 0.6268415
47.58656, 0.5983913, 0.6259358
47.59743, 0.6014305, 0.6252935
47.60817, 0.5962036, 0.6245033
47.61826, 0.5928969, 0.6235963
47.62959, 0.5796759, 0.6221564
47.64105, 0.5858951, 0.6209969
47.65186, 0.5857261, 0.6198807
47.6634, 0.5855491, 0.6188526
47.67428, 0.586581, 0.6175793
47.68517, 0.5858275, 0.6162516
47.69631, 0.554678, 0.6135734
47.70774, 0.594944, 0.6121233
47.71977, 0.5236237, 0.6082409
47.7313, 0.5320615, 0.6045657
47.74212, 0.5486715, 0.6013316
47.75444, 0.5350203, 0.597654
47.7652, 0.5488062, 0.5944182
47.77415, 0.5485353, 0.5911503
47.78521, 0.5476064, 0.5832642
47.7962, 0.5473184, 0.5794243
47.80737, 0.5590393, 0.5782928
47.81867, 0.5633101, 0.5765134
47.83049, 0.5796047, 0.5753236
47.84132, 0.6066799, 0.5752302
47.853, 0.6141868, 0.5758651
47.86329, 0.6056289, 0.5761834
47.87378, 0.6693563, 0.5786031
47.88547, 0.9534498, 0.5905597
47.8967, 1.041997, 0.605555
47.90801, 1.206766, 0.6259722
47.91924, 1.006165, 0.6395646
47.93053, 1.033782, 0.6539763
47.9422, 1.235852, 0.6752979
47.95363, 1.340883, 0.7002308
47.96503, 1.557781, 0.7328343
47.9765, 1.880491, 0.7759875
47.9876, 2.354534, 0.8349478
47.99903, 2.462177, 0.8975021
48.01117, 2.381424, 0.9573302
48.0224, 2.309039, 1.014771
48.03339, 2.248356, 1.071226
48.0448, 2.12023, 1.122069
48.05616, 2.340217, 1.182623
48.06749, 2.507115, 1.248458
48.07833, 2.313006, 1.307269
48.09011, 2.672152, 1.378507
48.10334, 2.707098, 1.45045
48.11516, 2.747089, 1.523735
48.12618, 2.987613, 1.605068
48.13618, 2.865259, 1.682333
48.14547, 2.807664, 1.757287
48.15545, 2.916376, 1.835723
48.16686, 3.172923, 1.922167
48.17772, 3.120499, 2.005961
48.18887, 3.020233, 2.086162
48.19992, 2.866561, 2.161527
48.2123, 2.883202, 2.235322
48.22207, 2.942467, 2.301622
48.23337, 3.003076, 2.366991
48.24495, 3.041645, 2.428154
48.25627, 3.021705, 2.495338
48.26633, 3.072023, 2.56328
48.27762, 3.022077, 2.622821
48.28888, 2.91722, 2.675365
48.29989, 3.090564, 2.726458
48.31101, 3.144241, 2.768583
48.32203, 3.200883, 2.796795
48.33632, 3.36905, 2.827024
48.34616, 3.353228, 2.859417
48.35645, 3.401212, 2.895823
48.36657, 3.503197, 2.937651
48.37749, 2.739132, 2.958281
48.38869, 2.793315, 2.973384
48.39961, 3.108375, 2.993426
48.41262, 3.219054, 3.023628
48.42273, 3.591542, 3.054275
48.43343, 2.744581, 3.055524
48.4444, 2.380303, 3.043298
48.45519, 1.16957, 2.982697
48.46646, 1.172617, 2.926275
48.47841, 1.151291, 2.871063
48.48864, 1.097742, 2.810441
48.5, 1.08381, 2.740804
48.51161, 1.088383, 2.673068
48.52256, 1.084707, 2.60855
48.53373, 1.085452, 2.54918
48.5449, 1.077869, 2.489002
48.55636, 1.085932, 2.427117
48.56756, 1.07425, 2.362823
48.57864, 1.064724, 2.296926
48.58972, 1.062424, 2.231616
48.60145, 1.07499, 2.165049
48.61192, 1.076562, 2.100198
48.62326, 1.077173, 2.038863
48.6344, 1.077669, 1.971767
48.64541, 1.070646, 1.902647
48.6563, 1.083074, 1.832053
48.66764, 1.066956, 1.755317
48.67857, 1.062539, 1.678961
48.6898, 1.059582, 1.600906
48.7007, 1.075581, 1.519986
48.71266, 1.079998, 1.464681
48.72307, 1.088838, 1.407865
48.73403, 1.079171, 1.340225
48.74517, 1.100763, 1.269615
48.7565, 1.117012, 1.187131
48.76794, 4.656069, 1.250847
48.77869, 5.111899, 1.341901
48.78971, 4.963253, 1.468357
48.8473, 1.85655, 1.491154
48.85722, 1.366783, 1.498338
48.86799, 1.350805, 1.506773
48.88018, 1.32266, 1.514735
48.88977, 1.286978, 1.521354
48.90083, 1.27923, 1.527838
48.91253, 1.272276, 1.534066
48.92293, 3.530763, 1.615829
48.93398, 3.711926, 1.703362
48.94542, 3.790842, 1.793915
48.95634, 3.662781, 1.880517
48.9675, 3.70183, 1.968497
48.97919, 3.85107, 2.061033
48.98953, 3.853414, 2.153595
49.00175, 3.71627, 2.241565
49.01326, 3.669451, 2.327958
49.02278, 3.496585, 2.408822
49.03432, 3.165863, 2.478248
49.04536, 3.263314, 2.55146
49.0561, 2.980598, 2.615396
49.06748, 3.023269, 2.680852
49.07895, 3.361785, 2.757058
49.08972, 3.516478, 2.838275
49.10151, 3.468167, 2.917586
49.11237, 3.426517, 2.995831
49.12291, 3.426494, 3.073355
49.1341, 3.321935, 3.146852
49.14499, 3.313705, 3.102107
49.15631, 3.336151, 3.042915
49.16709, 3.220009, 2.984807
49.1784, 3.073702, 3.025379
49.1897, 2.92357, 3.077271
49.2006, 2.777854, 3.12484
49.21254, 2.710734, 3.171109
49.22305, 2.673439, 3.217324
49.23412, 2.673009, 3.263783
49.24514, 2.60481, 3.308201
49.25626, 2.45372, 3.2723
49.26724, 2.489001, 3.231536
49.27869, 5.934687, 3.302997
49.35616, 4.906397, 3.344451
49.36922, 8.062804, 3.489817
49.37959, 7.537437, 3.612696
49.38966, 5.744452, 3.67573
49.44481, 7.540844, 3.803216
49.45607, 7.030721, 3.915259
49.46712, 5.720823, 3.9894
49.47856, 5.808243, 4.077479
49.48965, 5.111968, 4.139102
49.50041, 4.973605, 4.205535
49.512, 4.676996, 4.260659
49.52269, 4.185473, 4.288116
49.53423, 4.136732, 4.308791
49.54513, 3.812556, 4.32027
49.55598, 8.013087, 4.473156
49.579, 7.279659, 4.601595
49.58937, 5.869459, 4.686513
49.60052, 4.656514, 4.731273
49.61212, 4.804872, 4.78023
49.62275, 5.203254, 4.846338
49.63395, 5.185462, 4.91673
49.64502, 5.304043, 4.996079
49.65582, 4.842801, 5.064911
49.66705, 4.837926, 5.135817
49.67847, 5.061529, 5.215419
49.68969, 4.775006, 5.285486
49.70036, 4.876004, 5.361193
49.71146, 4.429171, 5.427041
49.72235, 4.898355, 5.507353
49.73512, 7.183014, 5.548964
49.74576, 8.71468, 5.675906
49.75572, 7.113343, 5.644258
49.76706, 6.612825, 5.613437
49.77794, 6.475571, 5.637808
49.79008, 6.702212, 5.609853
49.81134, 9.241922, 5.68356
49.83601, 9.839416, 5.820847
49.85625, 7.227299, 5.868148
49.86788, 7.785093, 5.957253
49.87848, 7.28395, 6.034264
49.89037, 6.295509, 6.088214
49.90026, 6.727846, 6.17296
49.91156, 5.947101, 6.233305
49.92244, 4.895456, 6.269402
49.9336, 9.137804, 6.306892
49.9454, 7.455488, 6.312753
49.9562, 7.283531, 6.359889
49.96708, 4.787743, 6.364264
49.97807, 5.804002, 6.397568
49.98912, 7.184419, 6.463607
50.00028, 7.101325, 6.527469
50.04509, 4.726186, 6.508207
50.05585, 1.174348, 6.385925
50.067, 1.171387, 6.263707
50.07811, 1.540854, 6.146351
50.08915, 1.479505, 6.036501
50.10018, 1.590632, 5.926989
50.11135, 1.897137, 5.842588
50.12221, 1.906665, 5.742865
50.13323, 2.20112, 5.576802
50.1446, 2.557219, 5.371553
50.15588, 2.825432, 5.228623
50.16669, 3.839184, 5.136168
50.17772, 4.939897, 5.084979
50.189, 4.6323, 5.015982
50.20027, 3.82673, 4.835475
50.21269, 4.293407, 4.650609
50.22239, 4.431653, 4.557421
50.23336, 5.728677, 4.488874
50.2447, 4.775861, 4.405271
50.25579, 5.06241, 4.364167
50.26695, 4.879165, 4.302545
50.27853, 5.161077, 4.276344
50.28884, 5.529383, 4.297475
50.30021, 4.735959, 4.150747
50.31237, 9.210312, 4.209241
50.32214, 9.483389, 4.282569
50.33352, 6.079158, 4.325616
50.34461, 7.553997, 4.38395
50.35576, 8.568468, 4.430085
50.40097, 4.513505, 4.343824
50.41159, 5.562988, 4.371718
50.42227, 5.752629, 4.524327
50.43344, 5.092848, 4.655043
50.44446, 4.158322, 4.742292
50.45575, 4.32869, 4.837265
50.46659, 5.490755, 4.967268
50.47791, 5.457585, 5.08595
50.48901, 5.454731, 5.204218
50.50012, 4.096669, 5.267403
50.51178, 4.136124, 5.320033
50.52242, 4.560349, 5.377863
50.53373, 3.504832, 5.366719
50.54504, 4.783335, 5.3615
50.5554, 4.975132, 5.372928
50.5667, 5.839735, 5.440028
50.57787, 5.973591, 5.496034
50.58936, 7.988021, 5.614579
50.6221, 9.610124, 5.74396
50.63343, 7.52313, 5.835536
50.64431, 8.151744, 5.938514
50.67783, 9.817244, 6.103117
50.69989, 6.675696, 6.153604
50.71085, 6.360171, 6.181297
50.7222, 6.911264, 6.253807
50.73321, 9.009873, 6.247126
50.74512, 7.388063, 6.177282
50.75631, 7.330254, 6.218985
50.76739, 8.614894, 6.254348
50.77763, 9.0967, 6.271956
50.78879, 9.806939, 6.448404
50.79998, 7.644599, 6.517791
50.81158, 6.971388, 6.558416
50.82256, 6.417039, 6.602556
50.83325, 4.681108, 6.619982
50.84481, 3.876709, 6.604916
50.85545, 5.428712, 6.602848
50.8665, 4.212253, 6.561337
50.87798, 4.773663, 6.538635
50.88848, 5.83669, 6.596635
50.90008, 3.770756, 6.584456
50.91118, 4.577272, 6.585021
50.92365, 3.768088, 6.593795
50.93628, 3.217605, 6.541604
50.94651, 2.930748, 6.473458
50.9579, 2.982289, 6.37821
50.96775, 3.276165, 6.288295
50.97769, 3.201488, 6.128745
50.9874, 3.413025, 5.922174
50.99829, 2.612317, 5.758481
51.00978, 2.750068, 5.578424
51.0205, 3.096761, 5.354408
51.03206, 3.468432, 5.247499
51.04351, 3.710184, 5.159167
51.05419, 4.382991, 5.074891
51.06532, 4.333639, 4.919016
51.07649, 4.506342, 4.822959
51.08756, 4.406416, 4.725499
51.09858, 5.616946, 4.625566
51.10974, 6.104522, 4.525827
51.12055, 6.05057, 4.400615
51.13183, 7.415944, 4.392993
51.14365, 8.255451, 4.435795
51.1542, 7.496192, 4.471766
51.16538, 5.749846, 4.507391
51.17722, 5.518173, 4.562107
51.18987, 5.952161, 4.579555
51.19841, 7.428146, 4.686752
51.20979, 8.189238, 4.800604
51.22071, 7.276483, 4.848598
51.23162, 6.642137, 4.944311
51.24322, 6.329249, 5.00271
51.25394, 5.944749, 5.075265
51.26513, 5.734081, 5.159148
51.27625, 4.687913, 5.217721
51.28736, 3.968204, 5.250585
51.29853, 2.886032, 5.23758
51.3096, 2.66594, 5.219728
51.32102, 2.76759, 5.198214
51.3321, 2.326943, 5.188701
51.34326, 2.776765, 5.189591
51.35454, 3.716366, 5.210245
51.3655, 3.464129, 5.210102
51.37681, 2.480898, 5.169126
51.38828, 2.53733, 5.107603
51.39941, 3.461971, 5.078547
51.41076, 3.825011, 5.055837
51.42166, 4.32769, 5.053212
51.43525, 4.074126, 5.001785
51.44659, 3.328429, 4.909248
51.45658, 3.364938, 4.819727
51.46833, 3.482838, 4.688624
51.47868, 3.819648, 4.540764
51.48916, 3.359278, 4.402867
51.49902, 3.918848, 4.341834
51.51039, 3.908746, 4.288187
51.52212, 4.521022, 4.240482
51.53257, 4.552663, 4.144632
51.54422, 4.215511, 4.012175
51.55499, 3.938863, 3.900921
51.56574, 4.481494, 3.8289
51.57692, 5.402496, 3.798008
51.58781, 5.147316, 3.771427
51.59924, 5.082435, 3.749706
51.61021, 4.857007, 3.755342
51.62126, 4.841006, 3.784436
51.64353, 8.555804, 3.973428
51.68829, 9.413974, 4.198362
51.69884, 8.866158, 4.401648
51.71053, 8.318136, 4.601354
51.72132, 9.541924, 4.826859
51.75474, 9.56005, 5.021649
51.85469, 9.175221, 5.212018
51.86591, 8.803355, 5.422767
51.87703, 9.483768, 5.654315
51.88848, 8.597506, 5.8255
51.89936, 7.436951, 5.945898
51.91144, 7.05547, 6.036824
51.92302, 5.366745, 6.079911
51.93479, 5.005687, 6.135819
51.94667, 2.153601, 6.095441
51.9571, 1.560056, 6.031349
51.97023, 1.80249, 5.96411
51.98133, 1.601992, 5.905534
51.991, 1.580794, 5.827599
52.00072, 1.444673, 5.745462
52.01072, 1.330639, 5.639116
52.02049, 1.314539, 5.531179
52.03231, 1.236605, 5.431882
52.04519, 1.202534, 5.340671
52.05543, 1.147368, 5.229534
52.06548, 1.017269, 5.08336
52.0765, 0.9496754, 4.943439
52.08733, 0.9134979, 4.804474
52.09646, 0.8965656, 4.67246
52.10773, 0.8446976, 4.539249
52.11888, 0.8107241, 4.28108
52.13008, 0.7904303, 3.993629
52.14096, 0.7688942, 3.72372
52.15217, 0.7313049, 3.470826
52.16413, 0.6993412, 3.176073
52.17463, 0.6997247, 2.880729
52.18643, 0.6816769, 2.59761
52.1965, 0.6838251, 2.326959
52.20761, 0.6743888, 2.033313
52.21867, 0.6758389, 1.769258
52.22956, 0.6673607, 1.543605
52.24089, 0.6736096, 1.330876
52.2521, 0.6759077, 1.174515
52.26461, 0.6740441, 1.030127
52.27454, 0.6730415, 0.980775
52.28534, 0.6709012, 0.9511365
52.29647, 0.6685601, 0.9133388
52.3076, 0.6661911, 0.8821455
52.31871, 0.6686997, 0.8517423
52.33026, 0.6768746, 0.826149
52.34147, 0.6636485, 0.803916
52.35245, 0.6714225, 0.7824787
52.36504, 0.6666812, 0.7634813
52.37885, 0.6620454, 0.745465
52.38982, 0.6540826, 0.7290222
52.40051, 0.6562778, 0.7169892
52.41153, 0.6577149, 0.7072572
52.42126, 0.6601074, 0.6988108
52.43031, 0.650767, 0.6906175
52.44161, 0.6438181, 0.6839215
52.45255, 0.6489757, 0.6785299
52.46396, 0.6427293, 0.6736065
52.47747, 0.6387134, 0.6692671
52.48824, 0.6485133, 0.6665075
52.49799, 0.6447889, 0.6646891
52.50988, 0.6501949, 0.6630381
52.52141, 0.6478616, 0.6619109
52.53227, 0.6454607, 0.6606321
52.54219, 0.6542732, 0.6599616
52.55249, 0.6580891, 0.6593699
52.56379, 0.659656, 0.6591131
52.57541, 0.6621256, 0.6587304
52.58628, 0.6636121, 0.6583205
52.59695, 0.6629887, 0.6579521
52.60825, 0.7053929, 0.6590304
52.61931, 0.6538416, 0.6584617
52.63071, 0.606842, 0.6564045
52.64155, 0.6089081, 0.6544951
52.65286, 0.6055589, 0.6523904
52.66402, 0.6036639, 0.64995
52.67531, 0.596984, 0.6477279
52.68604, 0.5911058, 0.6450507
52.69702, 0.5897699, 0.6424869
52.70795, 0.5857223, 0.6399429
52.71925, 0.585754, 0.6376652
52.73174, 0.5818328, 0.6351837
52.74423, 0.5807812, 0.6326193
52.75515, 0.5779071, 0.6298793
52.7657, 0.5745832, 0.6273399
52.77576, 0.5741907, 0.625019
52.78648, 0.5750385, 0.6225544
52.79816, 0.5784889, 0.6204131
52.80951, 0.5770617, 0.618358
52.82101, 0.533196, 0.6145141
52.83209, 0.5510988, 0.611391
52.84296, 0.5572125, 0.6082916
52.8555, 0.5485258, 0.6049805
52.86592, 0.5643339, 0.6022763
52.87663, 0.5810514, 0.5998355
52.88814, 0.5896911, 0.5975556
52.89857, 0.5951592, 0.5954057
52.90929, 0.5926694, 0.5930904
52.92065, 0.6495621, 0.5926221
52.93274, 0.5849712, 0.5900215
52.94311, 0.6694593, 0.5888237
53.09867, 1.614942, 0.6208604
53.10933, 1.568397, 0.6529123
53.12024, 1.598461, 0.6858974
53.13143, 1.612013, 0.7194459
53.14238, 2.143357, 0.7707689
53.15351, 2.354458, 0.8293514
53.16461, 3.36011, 0.9216515
53.17582, 3.123795, 1.006119
53.18677, 2.873195, 1.082368
53.19841, 0, 1.062843
53.20913, 3.553747, 1.161907
53.22018, 3.811186, 1.269587
53.23132, 3.656698, 1.372213
53.24348, 3.608848, 1.473355
53.25365, 4.079693, 1.590205
53.26481, 4.840834, 1.732399
53.27549, 5.184092, 1.885918
53.28744, 5.884954, 2.062848
53.29836, 6.533254, 2.26285
53.3091, 7.150027, 2.482814
53.32032, 8.127055, 2.735142
53.33135, 7.559904, 2.968855
53.3424, 6.045382, 3.151557
53.35326, 9.030907, 3.433218
53.59014, 5.14327, 3.585004
53.60085, 4.27508, 3.707668
53.61078, 6.514808, 3.905073
53.62186, 5.201268, 4.056797
53.63209, 6.614379, 4.257777
53.64312, 6.915054, 4.465963
53.65402, 6.468416, 4.627746
53.66531, 7.965081, 4.840969
53.67776, 8.051795, 5.056079
53.68947, 8.486753, 5.285238
53.70079, 8.4538, 5.495585
53.71211, 7.994603, 5.68359
53.72288, 7.342566, 5.816339
53.73439, 8.065953, 5.981077
53.74455, 7.162556, 6.124055
53.75502, 6.422676, 6.338144
53.76718, 6.294593, 6.429506
53.77748, 6.730933, 6.526831
53.78746, 5.073543, 6.574059
53.79773, 3.824143, 6.581236
53.8088, 3.340873, 6.556608
53.81986, 3.384965, 6.508079
53.8316, 3.743359, 6.460054
53.84225, 4.413397, 6.411003
53.85311, 4.292993, 6.336328
53.86427, 5.930473, 6.295676
53.87541, 5.851187, 6.219813
53.8875, 5.59868, 6.154439
53.89814, 5.136802, 6.124153
53.90867, 4.99195, 5.98952
53.91988, 4.545226, 5.969586
53.9645, 6.405027, 6.040584
53.97554, 6.58427, 6.0429
53.98643, 4.738635, 6.027479
53.99775, 3.936525, 5.938217
54.00876, 3.74031, 5.832392
54.01981, 3.514127, 5.733916
54.03104, 3.458038, 5.583681
54.042, 3.570099, 5.434291
54.05323, 3.568281, 5.270342
54.06437, 3.191611, 5.094935
54.07552, 2.892601, 4.924869
54.08658, 2.872253, 4.775858
54.09775, 3.332857, 4.618089
54.11244, 3.021024, 4.480038
54.1228, 3.044084, 4.367418
54.13523, 2.919027, 4.2549
54.14686, 2.937334, 4.128446
54.15796, 2.208833, 4.032956
54.16962, 2.341747, 3.983543
54.17912, 2.230455, 3.946529
54.18891, 2.445783, 3.915223
54.19898, 2.1781, 3.863047
54.20838, 2.139194, 3.78724
54.21952, 2.261879, 3.719537
54.22926, 2.19557, 3.59504
54.23978, 2.428602, 3.480954
54.251, 2.223811, 3.368458
54.26157, 2.259903, 3.272561
54.27232, 2.430721, 3.187187
54.28411, 2.281043, 3.111714
54.29416, 2.225558, 2.972398
54.30421, 2.138058, 2.824192
54.31544, 2.101611, 2.736291
54.32671, 2.154341, 2.676885
54.33764, 2.09688, 2.622104
54.34881, 2.184993, 2.577799
54.35987, 2.243052, 2.537299
54.37102, 3.394712, 2.531453
54.38223, 2.626699, 2.500067
54.39354, 2.863333, 2.489125
54.40445, 3.083389, 2.495484
54.41524, 3.588744, 2.519367
54.42743, 3.316813, 2.518832
54.43819, 3.02728, 2.519041
54.4488, 3.15708, 2.522808
54.45993, 2.783199, 2.51828
54.47105, 2.788831, 2.51333
54.48262, 3.855332, 2.568213
54.49413, 6.216608, 2.697375
54.5051, 3.400805, 2.736387
54.51553, 5.358381, 2.833473
54.52657, 4.247905, 2.902467
54.64198, 9.507381, 3.148073
54.65183, 3.730707, 3.197034
54.6623, 3.819564, 3.251167
54.67401, 3.132105, 3.274617
54.68496, 2.976776, 3.299716
54.69628, 3.071601, 3.326773
54.70783, 3.854835, 3.374243
54.71944, 3.711901, 3.421939
54.73037, 4.98727, 3.513996
54.74261, 4.654716, 3.597885
54.75335, 4.350397, 3.672844
54.76454, 6.035654, 3.802221
54.85317, 9.528025, 4.049926
54.88677, 9.188579, 4.283379
55.31549, 9.383619, 4.521398
55.32649, 9.055149, 4.710078
55.405, 8.715589, 4.913042
55.41552, 8.382344, 5.097009
55.42727, 8.241079, 5.268931
55.51536, 9.629347, 5.470285
55.52649, 9.545954, 5.677923
55.53749, 9.245916, 5.885211
55.55973, 8.416167, 6.060514
55.5708, 6.352712, 6.179497
55.58181, 5.777156, 6.279108
55.5931, 5.807632, 6.344185
55.60422, 6.105679, 6.340487
55.61539, 6.217779, 6.434386
55.62625, 6.551123, 6.474144
55.63843, 7.158009, 6.571147
55.64914, 7.181233, 6.493608
55.66014, 7.589264, 6.622227
55.67149, 7.563307, 6.747018
55.68386, 7.777395, 6.901861
55.69427, 7.917455, 7.06655
55.70576, 9.304082, 7.2743
55.71669, 9.018185, 7.446412
55.72805, 7.776592, 7.581902
55.73927, 6.699638, 7.63898
55.75101, 6.296642, 7.693711
55.76213, 6.198573, 7.755317
55.77374, 2.412378, 7.634542
55.78496, 1.792177, 7.376679
55.79665, 1.382765, 7.116486
55.80757, 1.252021, 6.845432
55.82178, 1.156077, 6.58213
55.8325, 1.127887, 6.329206
55.8429, 1.160077, 6.088464
55.85441, 1.14577, 5.851954
55.86559, 1.024401, 5.565123
55.87577, 1.000274, 5.280266
55.88676, 0.9836943, 5.004859
55.8973, 0.8750699, 4.753489
55.90847, 0.842405, 4.569812
55.91985, 0.7739039, 4.403038
55.93056, 0.7527113, 4.23454
55.94172, 0.7359659, 4.05555
55.95312, 0.7347323, 3.872782
55.96487, 0.7208416, 3.678439
55.97511, 0.6906001, 3.462859
55.98679, 0.685836, 3.246345
55.99738, 0.6905514, 3.016388
56.00819, 0.6891333, 2.787249
56.01953, 0.6799171, 2.550666
56.03073, 0.6614307, 2.308799
56.04225, 0.6644148, 2.02081
56.0534, 0.6651843, 1.742376
56.06379, 0.6601627, 1.505162
56.07511, 0.6542347, 1.303649
56.08613, 0.6507694, 1.115453
56.09765, 0.6430765, 0.9302698
56.10858, 0.643532, 0.8713083
56.12017, 0.6436347, 0.8330235
56.13115, 0.6413358, 0.8083093
56.14184, 0.6384513, 0.7878569
56.15784, 0.6573694, 0.7712334
56.16809, 0.6563394, 0.7555151
56.17864, 0.6524728, 0.738595
56.18935, 0.6489046, 0.7220328
56.19978, 0.6527062, 0.709643
56.20812, 0.6510448, 0.698002
56.21832, 0.6446691, 0.6867011
56.22855, 0.6444682, 0.6790144
56.23973, 0.6630068, 0.6730345
56.25017, 0.6627712, 0.66933
56.26092, 0.6619145, 0.6663035
56.27179, 0.6617505, 0.6638297
56.28325, 0.6567664, 0.6612309
56.29416, 0.6568856, 0.6590989
56.30556, 0.6549013, 0.657909
56.31839, 0.6409228, 0.6564119
56.3289, 0.6416981, 0.6547834
56.3394, 0.6407893, 0.653172
56.35138, 0.6436213, 0.6519622
56.36311, 0.6533465, 0.6516927
56.37263, 0.6182545, 0.650154
56.38439, 0.6302705, 0.6489902
56.39571, 0.610081, 0.6473208
56.40516, 0.6034592, 0.6456283
56.41643, 0.6030204, 0.6440366
56.42842, 0.6014025, 0.6426475
56.43832, 0.601164, 0.6412352
56.4494, 0.5978584, 0.6397094
56.46078, 0.5954437, 0.6381796
56.47194, 0.5996166, 0.6368851
56.48283, 0.5994622, 0.6349549
56.49392, 0.5995386, 0.6330615
56.50672, 0.6015202, 0.6313631
56.51748, 0.6030089, 0.6298332
56.52761, 0.6029907, 0.628176
56.53859, 0.6005901, 0.6264942
56.54984, 0.596542, 0.62489
56.56099, 0.5985526, 0.6233595
56.57243, 0.6022784, 0.6213351
56.5836, 0.6034647, 0.6193582
56.5947, 0.6030159, 0.617395
56.60646, 0.6013849, 0.6153828
56.61759, 0.6037128, 0.6136143
56.62897, 0.6068655, 0.6119469
56.64014, 0.6064217, 0.6103309
56.65125, 0.607051, 0.609202
56.66287, 0.617109, 0.6083823
56.67385, 0.6385421, 0.6083074
56.6854, 0.594933, 0.6066844
56.69663, 0.5857052, 0.6044297
56.70778, 0.5980514, 0.6037562
56.71909, 0.5952141, 0.6025878
56.73, 0.5898206, 0.6019124
56.74168, 0.5864394, 0.6013451
56.75254, 0.5831602, 0.6006832
56.76385, 0.5891962, 0.6002763
56.77494, 0.59256, 0.5999895
56.7872, 0.5880494, 0.5996625
56.79698, 0.5987587, 0.599773
56.80808, 0.602649, 0.5998741
56.82116, 0.6178233, 0.6004861
56.8308, 0.615923, 0.6010323
56.84184, 0.6335703, 0.6021006
56.85305, 0.64266, 0.6034223
56.86385, 0.7167096, 0.6072129
56.87629, 1.059764, 0.6225187
56.8876, 1.047078, 0.6375365
56.89751, 1.120244, 0.6549262
56.90826, 1.238029, 0.6761179
56.91941, 1.143407, 0.694116
56.93029, 1.287567, 0.7169344
56.94278, 1.342019, 0.7416222
56.95267, 1.402231, 0.7682396
56.96374, 1.301702, 0.7914008
56.97507, 1.339155, 0.8158252
56.98588, 1.365966, 0.8411224
56.99692, 1.317486, 0.8644683
57.008, 1.381692, 0.8892399
57.01926, 1.454281, 0.9178848
57.03046, 1.746801, 0.956588
57.04296, 3.997136, 1.069891
57.0638, 3.059755, 1.152042
57.07495, 3.158358, 1.23766
57.0871, 3.333789, 1.329238
57.09742, 3.442286, 1.424543
57.10834, 3.650058, 1.526571
57.12004, 3.931191, 1.637859
57.13102, 3.818152, 1.745529
57.14128, 3.852051, 1.853972
57.1525, 4.044146, 1.968689
57.16362, 4.337063, 2.092663
57.17494, 4.281823, 2.21486
57.18618, 4.175727, 2.332932
57.19698, 4.290471, 2.454526
57.20823, 4.119625, 2.567956
57.21927, 4.10792, 2.669561
57.23049, 4.844742, 2.79615
57.24149, 5.335515, 2.936659
57.25232, 5.854832, 3.090553
57.26378, 6.115993, 3.256305
57.27523, 6.684526, 3.436204
57.286, 6.506625, 3.608357
57.29674, 2.676971, 3.650849
57.30783, 7.62827, 3.861734
57.40794, 0, 3.817096
57.41948, 0, 3.771564
57.43007, 0, 3.727647
57.4421, 0, 3.681591
57.45304, 0, 3.633115
57.4651, 4.30728, 3.718464
57.47937, 5.126964, 3.756125
57.48907, 3.802271, 3.780875
57.49986, 2.973857, 3.774725
57.51218, 3.59957, 3.783585
57.52347, 3.914175, 3.799314
57.53425, 4.331614, 3.822033
57.54373, 6.760526, 3.916344
57.55527, 6.960579, 4.021092
57.5659, 8.010695, 4.159713
57.57644, 8.935395, 4.322755
57.58618, 9.371969, 4.490585
57.59535, 9.045539, 4.649375
57.60577, 8.93584, 4.808045
57.61517, 9.120959, 4.969062
57.62556, 9.064397, 5.133887
57.63603, 8.97147, 5.296005
57.64706, 9.413628, 5.448302
57.6581, 8.218697, 5.544408
57.81368, 8.372024, 5.628314
57.8249, 9.229801, 5.732108
57.83594, 8.293378, 5.785737
57.84716, 6.958724, 5.800807
57.86097, 7.20894, 5.951872
57.87085, 7.580757, 5.950288
57.88026, 7.35346, 6.195404
57.89149, 6.904422, 6.425551
57.90266, 6.633932, 6.646682
57.91368, 5.880349, 6.842694
57.92521, 5.463696, 7.024817
57.93642, 5.436861, 7.062469
57.94842, 5.186622, 7.064458
57.95908, 5.180284, 7.110391
57.96989, 5.531621, 7.19565
57.98127, 6.106581, 7.279217
57.99254, 6.218837, 7.35604
58.00435, 6.609855, 7.431981
58.0153, 6.920807, 7.437323
58.02676, 7.145026, 7.443471
58.03833, 8.224098, 7.450584
58.04974, 8.797415, 7.445985
58.06106, 9.337204, 7.444826
58.07232, 7.76002, 7.401976
58.08472, 8.658033, 7.392716
58.84067, 7.64023, 7.343359
59.04046, 8.59284, 7.32764
59.05466, 7.495999, 7.278458
59.0663, 7.273387, 7.207117
59.07645, 7.547483, 7.184743
59.08736, 7.322151, 7.149747
59.09745, 7.914448, 7.105902
59.10872, 7.971479, 7.095172
59.12027, 8.148671, 7.134837
59.13071, 9.341124, 7.20591
59.14152, 9.321315, 7.263929
59.15251, 8.302761, 7.295572
59.16264, 7.774473, 7.324574
59.17316, 8.317899, 7.380707
59.18328, 8.924465, 7.482177
59.1949, 9.223607, 7.607507
59.20515, 9.110089, 7.729949
59.21621, 8.76571, 7.849252
59.22776, 8.241149, 7.951281
59.23866, 7.986827, 8.033121
59.24979, 7.858283, 8.091511
59.26081, 7.522612, 8.13497
59.27219, 4.489795, 8.064301
59.3051, 3.608561, 7.953894
59.31788, 3.173316, 7.821503
59.32803, 2.713078, 7.637802
59.33853, 2.639128, 7.432526
59.34946, 2.674061, 7.210421
59.36081, 2.836243, 7.046295
59.37198, 3.241774, 6.865753
59.38314, 2.908471, 6.708028
59.39417, 2.980286, 6.520943
59.40569, 2.972112, 6.370147
59.41634, 2.776559, 6.220253
59.42733, 2.604814, 6.055497
59.43829, 1.859977, 5.873424
59.44968, 1.783933, 5.669074
59.4609, 1.768387, 5.462304
59.47202, 1.687733, 5.24694
59.483, 1.70994, 4.992567
59.49438, 1.739087, 4.739826
59.50558, 1.767386, 4.52198
59.51704, 1.73247, 4.32058
59.52811, 1.70468, 4.100139
59.53928, 1.728736, 3.860281
59.55094, 1.768283, 3.61177
59.56421, 1.789471, 3.367749
59.57417, 1.852483, 3.137309
59.58614, 1.89746, 2.925853
59.59533, 1.905064, 2.723127
59.6071, 1.908758, 2.52481
59.61765, 1.904887, 2.337552
59.62916, 1.904631, 2.25138
59.64005, 1.936589, 2.195648
59.65137, 1.908162, 2.153476
59.66242, 1.92939, 2.127353
59.67344, 1.938928, 2.104013
59.68461, 1.925487, 2.079061
59.69553, 1.870175, 2.046859
59.70676, 1.820128, 1.99947
59.71777, 1.791587, 1.962241
59.72872, 1.807322, 1.923142
59.74025, 1.799277, 1.884048
59.75101, 1.798719, 1.851453
59.7623, 1.905598, 1.828146
59.77387, 1.848656, 1.827768
59.78469, 1.762363, 1.827049
59.79543, 1.85288, 1.829866
59.80669, 1.674437, 1.829423
59.81773, 2.355495, 1.850941
59.82901, 2.744499, 1.884455
59.84042, 2.883741, 1.921667
59.85094, 3.041674, 1.965307
59.86239, 3.294478, 2.0183
59.87447, 2.764939, 2.05284
59.8852, 2.411913, 2.074294
59.89604, 2.975894, 2.113842
59.90639, 4.882277, 2.214835
59.9175, 3.104618, 2.255073
59.92871, 1.943808, 2.256365
59.94012, 5.203404, 2.366186
59.95122, 4.31408, 2.446493
59.96235, 4.165132, 2.521843
59.97355, 4.297266, 2.600532
59.985, 3.832572, 2.664679
59.99577, 2.143498, 2.671816
60.0092, 2.33572, 2.685042
60.021, 2.705368, 2.711038
60.0312, 2.655023, 2.7372
60.04195, 2.863624, 2.771983
60.05209, 3.557323, 2.830841
60.0618, 3.536072, 2.888466
60.07541, 3.898466, 2.958439
60.08512, 4.327003, 3.042715
60.09487, 3.342762, 3.09062
60.10568, 4.024134, 3.163136
60.11714, 4.812871, 3.26482
60.1277, 3.679124, 3.325695
60.13926, 3.914422, 3.400361
60.15066, 3.221045, 3.429212
60.16129, 3.329781, 3.448722
60.17242, 2.97013, 3.451602
60.18327, 2.536045, 3.434747
60.19455, 2.540333, 3.409609
60.20565, 2.58287, 3.40354
60.21786, 2.629878, 3.410805
60.22974, 4.101476, 3.448325
60.23912, 2.788511, 3.378533
60.25039, 2.398154, 3.354984
60.26109, 2.233364, 3.364636
60.27231, 2.352787, 3.269615
60.28316, 2.84772, 3.220737
60.29434, 2.929682, 3.179555
60.30552, 3.61025, 3.156655
60.31648, 3.758654, 3.154191
60.32769, 3.855385, 3.211253
60.33903, 3.714518, 3.257213
60.35004, 3.393025, 3.280135
60.36138, 3.457502, 3.306885
60.37212, 3.1856, 3.317617
60.38333, 3.384547, 3.311858
60.39446, 3.522843, 3.311417
60.40554, 2.905222, 3.278309
60.41691, 2.84209, 3.228812
60.42779, 3.869927, 3.246384
60.43914, 6.742385, 3.336992
60.45045, 3.786888, 3.302793
60.46153, 3.726169, 3.304361
60.4726, 4.117394, 3.311126
60.48416, 4.349679, 3.348747
60.49648, 7.205256, 3.47793
61.53914, 4.379255, 3.524901
61.55029, 2.926943, 3.537931
61.70591, 5.109848, 3.623581
61.71698, 3.172621, 3.64324
61.7279, 5.808256, 3.749186
61.73933, 5.912333, 3.809548
61.75123, 9.029054, 4.017566
61.76332, 4.256738, 4.079518
61.77274, 4.576487, 4.157622
61.78356, 4.33754, 4.223781
61.79459, 4.998643, 4.295478
61.80585, 5.027146, 4.365394
61.81713, 5.616238, 4.43226
62.20575, 9.442059, 4.621707
62.21686, 8.446073, 4.77473
63.57171, 9.540944, 4.968944
63.6052, 8.262459, 5.131258
63.61729, 8.229695, 5.290331
63.62732, 8.72028, 5.474821
63.63842, 7.43042, 5.609683
63.64924, 7.544957, 5.743753
63.66066, 8.15865, 5.918868
63.67168, 8.625967, 6.111663
63.68268, 8.210043, 6.256333
63.6939, 7.078284, 6.26753
63.70504, 6.288302, 6.350911
63.71621, 6.589389, 6.446351
63.72909, 7.384153, 6.555243
63.73854, 7.548563, 6.661872
63.74924, 7.448314, 6.669974
63.76115, 7.748798, 6.782292
63.77246, 7.203788, 6.924853
63.78371, 6.864753, 6.98335
63.79391, 6.929461, 7.108578
63.80506, 6.08754, 7.117887
63.81594, 6.224376, 7.128289
63.82706, 6.304312, 7.037464
63.83829, 7.109689, 7.132562
63.84955, 6.833484, 7.207795
63.8604, 6.67829, 7.28582
63.872, 6.385996, 7.332065
63.8828, 5.929847, 7.362155
63.89399, 6.416228, 7.388822
63.90503, 6.834889, 7.301916
63.91687, 6.235968, 7.228245
63.92835, 7.054301, 7.145357
63.93808, 6.963927, 7.102073
63.94916, 6.122109, 7.031821
63.96054, 5.853732, 6.936269
63.97178, 6.581546, 6.907973
63.98273, 6.758853, 6.88177
63.99402, 6.921125, 6.840519
64.00514, 7.250223, 6.794662
64.01588, 6.798679, 6.747616
64.02724, 6.860082, 6.740343
64.03851, 8.751177, 6.822439
64.05011, 9.031309, 6.903836
64.06069, 9.356921, 6.969595
64.16023, 9.641408, 7.039356
64.17143, 9.83629, 7.118955
64.18236, 9.662546, 7.182747
64.21568, 8.127812, 7.213548
64.22722, 9.156055, 7.289925
64.23812, 8.20348, 7.332392
64.24924, 7.882246, 7.392215
64.26305, 8.176017, 7.45727
64.27308, 8.27367, 7.522915
64.28265, 7.945514, 7.550776
64.29385, 9.363266, 7.635102
64.30446, 7.549335, 7.664137
64.31923, 7.306784, 7.694829
64.32965, 8.299949, 7.773833
64.33901, 8.001465, 7.826674
64.34852, 9.863141, 7.927616
64.36013, 9.625653, 8.040606
64.44714, 8.15893, 8.077427
64.45827, 8.1731, 8.117732
64.46927, 7.530426, 8.164676
64.48037, 9.574381, 8.288698
64.49195, 8.60331, 8.356091
64.50311, 7.281598, 8.373515
64.51402, 5.968563, 8.341763
64.5249, 4.74386, 8.258218
64.5358, 5.998831, 8.231556
64.5469, 5.711895, 8.193283
64.55807, 5.144804, 8.073071
64.56943, 3.956751, 7.903919
64.60284, 7.861113, 7.854059
64.61362, 4.538737, 7.68397
64.62459, 4.494743, 7.505919
64.63598, 4.365674, 7.329356
64.64708, 3.669373, 7.180742
64.6595, 3.661678, 6.997596
64.67035, 4.46966, 6.873136
64.68249, 3.999043, 6.743696
64.69322, 3.617331, 6.591739
64.70313, 4.799893, 6.475947
64.71426, 4.484102, 6.360567
64.72528, 4.194514, 6.188275
64.73666, 3.340971, 6.047997
64.7479, 3.248015, 5.912704
64.75935, 3.356045, 5.747908
64.77059, 3.358188, 5.593132
64.78273, 3.222409, 5.371774
64.79589, 4.34685, 5.195814
64.8073, 3.902279, 5.053926
64.81706, 2.611565, 4.868541
64.82803, 2.201869, 4.690923
64.83827, 1.90155, 4.435162
64.84772, 1.755999, 4.206918
64.85977, 1.831417, 4.025245
64.87064, 1.930905, 3.890657
64.88123, 1.94373, 3.797319
64.89255, 2.102945, 3.667456
64.90318, 3.265608, 3.585914
64.9146, 3.342817, 3.525847
64.92704, 6.988142, 3.626894
64.93653, 3.107643, 3.468445
64.94794, 2.181271, 3.389863
64.95925, 0, 3.240038
65.14717, 9.112627, 3.39827
65.15752, 2.338857, 3.353919
65.20185, 7.003918, 3.465327
65.21296, 5.186568, 3.489224
65.22423, 5.200097, 3.529259
65.23508, 5.158194, 3.580621
65.24631, 4.774065, 3.57976
65.25751, 7.699965, 3.686956
65.34623, 7.589163, 3.800111
65.35745, 8.105441, 3.958926
65.38166, 7.143491, 4.088776
65.39213, 6.747757, 4.201833
65.57004, 9.369454, 4.402208
65.58146, 9.271698, 4.603851
65.59368, 9.042098, 4.76036
65.60622, 8.420114, 4.910954
65.61649, 9.891953, 5.153634
65.77025, 9.99473, 5.413396
65.80373, 8.713002, 5.640444
65.815, 6.800741, 5.808602
65.82701, 4.859035, 5.909523
65.83715, 7.998231, 6.111766
65.84824, 7.779501, 6.306292
65.85921, 6.747065, 6.461096
65.87079, 8.579579, 6.638228
65.93725, 7.266942, 6.769032
65.94782, 4.752219, 6.694501
65.95911, 5.216989, 6.764813
65.97034, 5.096649, 6.861992
65.98527, 5.227352, 7.036238
65.99432, 4.95209, 6.897553
66.00413, 5.090207, 6.989265
66.01418, 5.04619, 6.924007
66.02476, 4.694382, 6.907601
66.03542, 1.380274, 6.780273
66.04666, 1.262989, 6.650434
66.05832, 1.243538, 6.53275
66.06849, 1.220466, 6.316766
66.07995, 1.117821, 6.101055
66.09133, 1.180129, 5.870211
66.10188, 1.161535, 5.670813
66.11321, 1.14346, 5.484003
66.1244, 1.072892, 5.20745
66.13509, 1.060807, 4.933754
66.15076, 0.9599883, 4.664351
66.16142, 1.016078, 4.417549
66.17289, 0.9947521, 4.120976
66.18407, 1.036577, 3.822371
66.19434, 1.057694, 3.567194
66.20737, 1.055599, 3.375689
66.2174, 1.094893, 3.250217
66.22791, 1.145494, 3.021793
66.23811, 1.111129, 2.799514
66.24899, 1.088995, 2.610912
66.25987, 1.122445, 2.36234
66.26832, 1.143743, 2.158234
66.2784, 1.170056, 2.038828
66.2894, 1.16179, 1.903655
66.3001, 1.094886, 1.770263
66.3114, 1.203752, 1.636143
66.32235, 1.217026, 1.511641
66.33389, 1.140622, 1.379988
66.34469, 1.136069, 1.249651
66.35635, 3.553921, 1.211635
66.36807, 3.121799, 1.269686
66.37911, 2.986678, 1.327142
66.38948, 2.737383, 1.376937
66.39995, 2.330259, 1.41393
66.4112, 2.303281, 1.453446
66.42208, 2.236187, 1.488647
66.43342, 2.232255, 1.524338
66.44454, 2.95034, 1.584568
66.45557, 3.13183, 1.653199
66.4669, 3.316059, 1.728374
66.47784, 8.666306, 1.985251
66.48994, 4.94055, 2.116067
66.50728, 4.101405, 2.219622
66.52229, 6.503152, 2.401841
66.53309, 3.89546, 2.496433
66.54319, 4.333532, 2.605698
66.5545, 3.471519, 2.684919
66.56676, 3.649088, 2.768372
66.57681, 2.17894, 2.803966
66.58733, 2.184977, 2.840498
66.5991, 2.232156, 2.877489
66.60962, 2.179258, 2.912006
66.62086, 2.25497, 2.948169
66.63253, 3.322314, 3.020187
66.64301, 3.817952, 3.110956
66.65439, 4.564606, 3.222984
66.66499, 4.049829, 3.317411
66.67643, 4.093083, 3.415826
66.68753, 4.619474, 3.53194
66.69856, 3.882936, 3.542907
66.70949, 3.529389, 3.556493
66.72079, 3.066849, 3.559166
66.73191, 3.081188, 3.570626
66.743, 2.988044, 3.592552
66.75415, 2.753935, 3.607574
66.76513, 2.943383, 3.631147
66.7764, 3.959146, 3.68871
66.78732, 4.135419, 3.728213
66.79854, 4.349841, 3.768813
66.80962, 4.695665, 3.8148
66.82089, 5.02458, 3.693409
66.83209, 5.581281, 3.714767
66.84276, 5.392541, 3.757805
66.85388, 5.080024, 3.710367
66.86503, 5.69437, 3.770331
66.87753, 5.857618, 3.821134
66.88729, 5.256272, 3.880625
66.89955, 5.078505, 3.928273
66.91073, 7.169123, 4.094612
66.9216, 2.971744, 4.120838
66.93295, 4.548892, 4.198062
66.94407, 1.455293, 4.17393
66.95537, 1.342803, 4.143525
66.9671, 1.208343, 4.073059
66.97818, 1.072655, 3.981549
66.98983, 1.089228, 3.865703
67.00101, 1.066433, 3.766257
67.01252, 0.9337429, 3.660945
67.0258, 0.8477411, 3.535221
67.03728, 0.8047366, 3.432614
67.04743, 0.7855189, 3.341152
67.05789, 0.7755166, 3.264774
67.06953, 0.7484831, 3.187017
67.08069, 0.742342, 3.11216
67.0923, 0.7312008, 3.044736
67.10334, 0.7112274, 2.970331
67.11435, 0.7071112, 2.86193
67.12531, 0.6978526, 2.747344
67.13643, 0.6917495, 2.625408
67.1478, 0.6889551, 2.491851
67.15893, 0.6914493, 2.347413
67.17025, 0.6894072, 2.18435
67.18088, 0.6882758, 2.027542
67.19193, 0.6738213, 1.880668
67.2038, 0.6664677, 1.713072
67.21507, 0.6657233, 1.540008
67.22514, 0.6665247, 1.387017
67.23669, 0.6656384, 1.239921
67.24754, 0.6669374, 1.023182
67.25877, 0.6710067, 0.9464903
67.26982, 0.6604215, 0.8168747
67.28108, 0.6513246, 0.7900757
67.29279, 0.6447251, 0.7668065
67.30328, 0.6409482, 0.7478933
67.31432, 0.6401528, 0.7334766
67.32711, 0.6370093, 0.7184026
67.33919, 0.6331798, 0.7039608
67.35072, 0.6375811, 0.6940888
67.36084, 0.638325, 0.6871082
67.37123, 0.6572039, 0.6821905
67.3821, 0.6591787, 0.6779791
67.39301, 0.6493807, 0.6737746
67.4032, 0.6516611, 0.6705472
67.41382, 0.6509408, 0.6675004
67.42492, 0.6485568, 0.6647456
67.43526, 0.6507607, 0.6627301
67.44666, 0.6367303, 0.6603841
67.45765, 0.6319088, 0.6581859
67.46857, 0.6273194, 0.6560382
67.47993, 0.6285248, 0.6540239
67.49101, 0.6303544, 0.6519873
67.50222, 0.6222168, 0.6497477
67.51322, 0.6231782, 0.6475777
67.5281, 0.6373837, 0.6463632
67.53813, 0.6751534, 0.6466528
67.54893, 0.6241383, 0.6452665
67.55984, 0.6509222, 0.6447465
67.5695, 0.5872062, 0.642132
67.57996, 0.5990429, 0.6398689
67.59089, 0.5958523, 0.6373637
67.60197, 0.5879731, 0.6349488
67.61326, 0.5881698, 0.6328436
67.6248, 0.5907413, 0.6310441
67.63614, 0.5915529, 0.6293976
67.64629, 0.5847835, 0.627552
67.66008, 0.5863718, 0.6258641
67.67332, 0.590712, 0.6244485
67.6841, 0.5931308, 0.6229668
67.69387, 0.5813775, 0.6210686
67.70311, 0.5791457, 0.6184666
67.71487, 0.5704486, 0.615509
67.72713, 0.5610225, 0.6125637
67.73524, 0.5610225, 0.6095424
67.74515, 0.5646138, 0.6066648
67.75655, 0.5664685, 0.6039286
67.7679, 0.5636602, 0.6010252
67.77848, 0.5860806, 0.5993369
67.78935, 0.6063976, 0.5984865
67.80057, 0.6316691, 0.5986316
67.81414, 0.659025, 0.5996482
67.82374, 0.6830405, 0.6014044
67.83431, 0.679404, 0.6033106
67.84561, 0.7131264, 0.6063089
67.85623, 0.7169206, 0.6089602
67.8675, 0.7206499, 0.6104767
67.87866, 0.7487837, 0.6146315
67.8896, 0.7767484, 0.6188257
67.90064, 0.7951319, 0.6257566
67.91185, 0.8297384, 0.6334465
67.9229, 0.8524601, 0.6420001
67.9339, 0.9194738, 0.6530501
67.94579, 1.027891, 0.6677075
67.95597, 1.052098, 0.683086
67.96732, 1.109761, 0.7003596
67.97833, 1.130813, 0.7185606
67.98961, 1.158053, 0.7376166
68.00102, 1.151774, 0.7563187
68.01177, 1.610177, 0.7902202
68.02625, 2.138302, 0.8421177
68.03755, 3.284794, 0.932306
68.04874, 3.094968, 1.016457
68.05927, 2.992643, 1.097511
68.06992, 3.229691, 1.186466
68.08062, 3.558138, 1.28625
68.0909, 3.413682, 1.381157
68.10181, 3.305319, 1.472546
68.11244, 2.736649, 1.544232
68.12347, 3.148765, 1.628977
68.13441, 3.705252, 1.73143
68.14771, 3.462098, 1.824866
68.15825, 3.590452, 1.92178
68.1689, 3.728726, 2.023423
68.18066, 4.316988, 2.143552
68.1919, 4.607897, 2.273251
68.20168, 4.608, 2.40283
68.21213, 4.752862, 2.536299
68.22361, 5.496654, 2.693629
68.23437, 5.580467, 2.85314
68.24689, 5.197011, 2.998716
68.25713, 5.329162, 3.147939
68.26791, 5.536837, 3.301852
68.27921, 6.389497, 3.480572
68.29111, 9.672546, 3.76792
68.43482, 2.603795, 3.817721
68.44592, 3.124469, 3.884176
68.63608, 2.864618, 3.941061
68.64784, 3.940068, 4.034005
68.65818, 2.73091, 4.071362
68.66953, 4.309035, 4.143721
68.68031, 3.08714, 4.137132
68.69192, 4.160832, 4.172661
68.70292, 4.887911, 4.235837
68.71388, 4.191616, 4.2679
68.72514, 3.911333, 4.279674
68.73624, 3.684318, 4.288695
68.74781, 5.321847, 4.355913
68.75801, 8.975763, 4.563883
68.76974, 9.876092, 4.788128
68.78072, 9.124177, 4.968759
68.83578, 9.993077, 5.186458
68.84695, 8.314754, 5.343935
68.85828, 8.897484, 5.516227
68.86967, 6.77246, 5.598076
68.88239, 6.452655, 5.659568
68.89258, 6.619249, 5.72661
68.90346, 9.018392, 5.868794
68.91508, 9.040484, 5.986921
68.92683, 8.635607, 6.088759
68.93835, 7.753643, 6.173981
68.94769, 7.327226, 6.240583
68.9583, 8.036607, 6.323908
72.64526, 6.176254, 5.989403
72.65637, 5.283196, 5.909431
72.66777, 6.924255, 5.905452
73.18597, 6.587448, 5.9232
73.19656, 7.20222, 5.889357
73.36678, 6.685906, 5.96658
73.37775, 5.758642, 6.026472
73.38818, 5.945004, 6.005208
73.39912, 5.683531, 5.989973
73.41, 5.690581, 5.892915
73.42208, 5.833624, 5.805
73.43417, 5.742307, 5.746818
73.44402, 6.075649, 5.712593
73.45513, 6.264997, 5.800322
73.4673, 6.392229, 5.866872
73.47745, 7.463787, 5.981513
73.4887, 7.364154, 6.077143
73.49998, 6.914614, 6.147967
73.51113, 7.429474, 6.231448
73.52248, 7.866899, 6.330061
73.53389, 7.950277, 6.431994
73.54602, 8.189812, 6.534713
73.55746, 9.766967, 6.682764
73.70068, 8.908742, 6.79504
73.71127, 9.343378, 6.973886
73.72253, 8.911157, 7.142533
73.73363, 6.727097, 7.227756
73.74475, 7.73149, 7.169688
73.75574, 5.990905, 7.050211
73.76695, 5.527175, 6.94438
73.77803, 5.43299, 6.919604
73.78961, 5.334881, 6.921327
73.80138, 4.660196, 6.845859
73.8139, 7.022277, 6.860353
73.82585, 7.374407, 6.866092
73.83586, 7.916657, 6.907117
73.84482, 7.194107, 6.954966
73.85493, 7.076821, 6.992693
73.86647, 7.375647, 7.049097
73.87648, 7.422687, 7.106834
73.88786, 7.728267, 7.169989
73.899, 8.719106, 7.269216
73.92092, 8.142228, 7.338101
73.94328, 8.054132, 7.397739
73.95464, 6.268816, 7.393625
73.96529, 4.52851, 7.295783
73.97659, 4.658034, 7.205579
73.98764, 5.473458, 7.15754
73.9985, 4.985221, 7.076065
74.00969, 4.370728, 6.959526
74.02102, 3.283158, 6.803956
74.03308, 2.691056, 6.620664
74.04376, 2.778038, 6.387699
74.05505, 2.56604, 6.176276
74.06503, 2.845619, 5.959683
74.07627, 4.851039, 5.824346
74.08748, 6.157336, 5.805354
74.17664, 8.878408, 5.843584
74.19127, 8.824774, 5.938046
74.20226, 8.949191, 6.052114
74.21306, 9.739396, 6.195661
74.23364, 7.739827, 6.275825
74.24388, 8.433965, 6.401617
74.255, 7.778181, 6.426814
74.26559, 7.762504, 6.43975
74.27654, 9.475049, 6.491697
74.28758, 9.181419, 6.55794
74.29842, 9.566046, 6.640914
74.30879, 8.447818, 6.676653
74.32008, 8.209991, 6.702897
74.33214, 8.364679, 6.724111
74.34247, 4.839502, 6.59479
74.35352, 4.89423, 6.486524
74.36545, 4.814864, 6.378548
74.37543, 4.798839, 6.329549
74.38679, 4.635765, 6.333125
74.39781, 4.538394, 6.329137
74.40891, 4.687346, 6.302933
74.41997, 4.708015, 6.293693
74.43128, 4.618534, 6.301953
74.4423, 5.006923, 6.359412
74.45359, 6.153009, 6.47481
74.46433, 6.714233, 6.606017
74.47545, 7.115417, 6.757663
74.48663, 8.023188, 6.930249
74.49857, 9.891382, 7.09826
74.50914, 7.436524, 7.1409
74.92186, 8.689665, 7.134609
74.93272, 7.403503, 7.087234
74.94349, 5.407647, 6.969182
74.95469, 4.7088, 6.801496
74.96712, 7.712521, 6.800586
74.99902, 9.158212, 6.824728
75.00986, 6.215148, 6.772627
75.02128, 6.655984, 6.735743
75.03204, 7.869795, 6.682235
75.04322, 7.571424, 6.628569
75.0544, 7.4946, 6.55952
75.06709, 6.717405, 6.50184
75.0766, 6.666346, 6.450386
75.08797, 6.413646, 6.385351
75.09975, 6.232505, 6.431784
75.11057, 6.810534, 6.495661
75.12185, 6.79962, 6.56182
75.13298, 6.240374, 6.60987
75.14336, 5.919872, 6.652674
75.15515, 3.814249, 6.628537
75.16693, 4.745324, 6.630469
75.17711, 5.697338, 6.663447
75.1882, 6.301724, 6.719553
75.19948, 5.952412, 6.75107
75.21063, 8.12649, 6.816852
75.244, 7.369363, 6.83869
75.25513, 8.25347, 6.876625
75.26624, 8.903927, 6.905983
75.27718, 8.607929, 6.863201
75.28821, 8.526413, 6.89953
75.29951, 8.331784, 6.887601
75.31926, 8.297467, 6.9174
75.32991, 7.430171, 6.984818
75.34038, 7.639467, 7.082506
75.35008, 6.908773, 7.055715
75.39422, 6.655727, 6.972298
75.40585, 3.577839, 6.884387
75.41673, 5.795375, 6.8557
75.46155, 9.507876, 6.910303
75.47213, 8.954819, 6.956416
75.48325, 7.544613, 6.958084
75.5389, 9.522935, 7.051601
75.54992, 8.426667, 7.110278
75.56101, 9.171905, 7.20222
75.5724, 9.478061, 7.310405
75.58398, 4.989142, 7.249692
75.5946, 3.832223, 7.150779
75.60652, 3.926584, 7.073653
75.61687, 3.510008, 6.993324
75.62765, 5.135433, 7.037364
75.66093, 3.1303, 6.983529
75.67179, 3.132879, 6.898047
75.68446, 5.277201, 6.863896
75.69518, 5.291086, 6.841852
75.70577, 5.713363, 6.761415
75.71648, 5.260785, 6.691129
75.72774, 4.518596, 6.566633
75.73999, 4.779604, 6.429155
75.78493, 8.867495, 6.437808
75.8187, 8.142738, 6.425019
75.83012, 8.887639, 6.443547
75.84139, 6.319581, 6.377617
75.8528, 3.603901, 6.250075
75.86436, 3.702694, 6.118849
75.87827, 3.762692, 6.01398
75.88802, 4.394372, 5.938601
75.90031, 5.165226, 5.991515
75.91025, 5.110095, 5.968672
75.92104, 5.104933, 5.821907
75.93271, 4.63644, 5.677961
75.94374, 4.151876, 5.56487
75.95479, 4.139172, 5.385411
75.96596, 4.365297, 5.250032
75.97725, 3.701196, 5.067675
75.98801, 3.605814, 4.871934
75.99978, 3.412708, 4.819386
76.01051, 3.268196, 4.800585
76.02175, 7.482947, 4.91913
76.03417, 1.222491, 4.842879
76.04572, 2.205074, 4.745201
76.05643, 7.512119, 4.891261
76.13235, 0, 4.786832
76.14814, 0, 4.610925
76.15868, 0, 4.434556
76.16895, 0, 4.24411
76.18121, 0, 4.06875
76.19193, 0, 3.918131
76.20235, 1.706265, 3.815686
76.21407, 2.856524, 3.615321
76.22459, 3.263655, 3.452685
76.2354, 1.231212, 3.19747
76.24599, 3.391068, 3.099853
76.25571, 2.664853, 3.068551
76.27773, 4.628318, 3.099406
76.28706, 5.754306, 3.165792
76.29883, 8.333976, 3.297112
76.3516, 9.133481, 3.429388
76.43953, 8.268441, 3.534666
76.44969, 8.034466, 3.632317
76.46066, 7.140043, 3.71577
76.47201, 5.197271, 3.750617
76.48289, 5.149154, 3.784283
76.49406, 6.533376, 3.856552
76.50512, 7.588668, 3.986135
76.51627, 7.771249, 4.124983
76.52738, 8.589453, 4.297541
76.53863, 6.597945, 4.408533
76.55012, 6.395567, 4.372287
76.56066, 6.934553, 4.562689
76.57149, 7.265314, 4.731364
76.58282, 6.238089, 4.688896
76.59399, 7.938738, 4.953521
76.60477, 8.150629, 5.225209
76.61646, 7.014203, 5.459015
76.62744, 8.658795, 5.747642
76.6386, 8.996583, 6.047528
77.53252, 9.144413, 6.352342
77.54321, 6.266162, 6.504338
77.55424, 6.173111, 6.614891
77.56739, 7.418365, 6.753381
77.57691, 6.713338, 6.936119
77.5873, 6.872843, 7.052178
77.5983, 6.86725, 7.192258
77.60987, 6.059953, 7.239979
77.62103, 5.569219, 7.233809
77.63267, 5.925836, 7.153539
77.64346, 6.244844, 7.05725
77.6538, 5.88238, 6.977715
77.66698, 5.726146, 6.900771
77.67773, 5.448017, 6.84437
77.68814, 5.106915, 6.841359
77.70068, 5.067283, 6.838629
77.71147, 5.270398, 6.79653
77.72288, 5.323892, 6.721038
77.73309, 6.678091, 6.684599
77.74468, 6.690192, 6.62129
77.75553, 5.782691, 6.594115
77.7663, 5.581438, 6.566977
77.77596, 5.717058, 6.526393
77.78706, 5.883142, 6.480321
77.79832, 5.887263, 6.468627
77.80946, 5.980987, 6.403369
77.82033, 5.813806, 6.325475
77.83124, 8.084402, 6.361148
77.90938, 9.915541, 6.403039
77.95379, 7.3573, 6.348397
78.26472, 8.513026, 6.327351
78.28823, 9.275606, 6.427666
78.29916, 9.134828, 6.52639
78.31078, 9.407442, 6.592692
78.33096, 9.778309, 6.694858
78.3431, 9.693173, 6.788869
78.39852, 9.983612, 6.892747
78.91154, 7.924664, 6.954905
78.9216, 8.036959, 7.037163
78.93201, 8.922272, 7.137044
78.9429, 9.126963, 7.233115
78.95435, 7.346051, 7.281904
78.96658, 7.385018, 7.337199
78.97771, 7.297105, 7.398836
78.98914, 7.049563, 7.463591
78.9986, 6.992523, 7.527765
79.00888, 7.682185, 7.608159
79.02058, 7.396919, 7.677259
79.03214, 7.394386, 7.701135
79.0427, 6.53541, 7.695976
79.05433, 6.661876, 7.725283
79.06553, 7.565429, 7.791416
79.08601, 8.657309, 7.889424
79.09688, 7.808431, 7.9536
79.10821, 9.026148, 8.058229
79.11985, 9.663251, 8.180972
79.13038, 9.742181, 8.311917
79.31932, 8.632916, 8.330202
79.33025, 7.882106, 8.26242
79.34184, 6.992248, 8.250252
79.35267, 7.066173, 8.202024
79.36358, 7.015068, 8.126672
79.3751, 6.856959, 8.050743
79.38617, 6.78285, 7.963257
79.39764, 6.792101, 7.863717
79.40877, 6.470675, 7.7563
79.42021, 5.550821, 7.608541
79.43147, 5.502171, 7.527791
79.44213, 5.417383, 7.440471
79.45325, 5.820534, 7.33708
79.46406, 5.838624, 7.227469
79.47783, 5.599912, 7.169264
79.48976, 5.608466, 7.110045
79.50063, 5.363719, 7.045599
79.51244, 5.822441, 7.004695
79.52375, 5.298521, 6.948229
79.53393, 6.146405, 6.897036
79.54385, 5.18547, 6.823321
79.55418, 5.762238, 6.768917
79.56593, 6.092775, 6.754162
79.5761, 5.869508, 6.72775
79.58692, 5.877432, 6.671483
79.5971, 2.706117, 6.47311
79.60791, 2.761396, 6.304876
79.61934, 2.782863, 6.096766
79.63101, 2.782819, 5.867418
79.6424, 2.695395, 5.632525
79.6535, 2.662271, 5.433504
79.66418, 2.733071, 5.261869
79.67488, 2.931274, 5.126503
79.68676, 2.940696, 4.988987
79.69817, 2.889816, 4.851479
79.70885, 2.797615, 4.716167
79.72088, 2.913852, 4.587201
79.73061, 2.895444, 4.457312
79.74065, 2.923344, 4.339067
79.7508, 2.687407, 4.24362
79.76175, 2.695028, 4.150049
79.77316, 2.739573, 4.060789
79.78366, 2.734246, 3.957912
79.79563, 2.867178, 3.858864
79.80657, 2.81822, 3.766141
79.81595, 2.981831, 3.678587
79.82789, 3.040021, 3.60113
79.8397, 3.049672, 3.508705
79.85031, 3.114329, 3.435898
79.86053, 3.102826, 3.334446
79.87144, 3.170583, 3.267283
79.88264, 3.208489, 3.182158
79.89394, 3.301983, 3.089132
79.90528, 3.371381, 3.005861
79.92902, 4.75387, 2.968409
80.30302, 8.037029, 3.146106
80.31443, 7.768966, 3.313025
80.32554, 9.069388, 3.522576
80.52736, 2.58839, 3.516095
80.53858, 3.239642, 3.534236
80.7177, 3.475395, 3.56134
80.72869, 3.710605, 3.593925
80.73908, 2.765511, 3.588399
80.75098, 2.849184, 3.585349
80.76147, 2.514053, 3.572823
80.77255, 3.257653, 3.588158
80.78368, 7.382514, 3.737113
80.79556, 6.492512, 3.857015
80.80685, 5.7195, 3.950221
80.81711, 6.192782, 4.067066
80.82788, 5.869604, 4.172885
80.83898, 9.987606, 4.414486
80.85037, 6.527219, 4.540918
80.86143, 6.395874, 4.658542
80.87267, 6.278491, 4.773884
80.88549, 6.461043, 4.889858
80.89559, 6.938576, 5.019809
80.90584, 6.903649, 5.148276
80.91818, 8.229927, 5.318795
80.92873, 9.226355, 5.522913
80.94029, 8.963508, 5.71601
81.03894, 9.682529, 5.931811
81.28518, 9.716462, 6.145627
81.29624, 7.992359, 6.299659
81.30739, 6.127356, 6.345442
81.3187, 6.319507, 6.288191
81.33049, 7.280767, 6.271917
81.34127, 4.965719, 6.135128
81.35211, 3.72975, 6.173173
81.36384, 3.574638, 6.18434
81.37415, 3.524648, 6.185982
81.3861, 4.011031, 6.195996
81.39731, 3.898197, 6.233752
81.40755, 5.152385, 6.310525
81.41864, 5.034513, 6.394541
81.4294, 5.023211, 6.453393
81.44104, 5.232228, 6.381716
81.45221, 4.364297, 6.310776
81.46345, 4.61352, 6.273911
81.47385, 4.780156, 6.226823
81.48534, 5.205854, 6.204698
81.49683, 5.451081, 6.053481
81.5961, 9.354868, 6.147736
81.60718, 8.865503, 6.230057
81.61852, 9.293469, 6.330556
81.63062, 9.412834, 6.428949
81.64116, 8.54187, 6.482392
81.65273, 7.485334, 6.501782
81.67428, 7.802934, 6.487549
81.69669, 8.997057, 6.479906
81.70784, 7.780886, 6.440485
81.71922, 7.151389, 6.356114
81.72964, 7.064791, 6.267725
81.7746, 7.493125, 6.251083
81.78571, 4.2322, 6.187912
81.79618, 3.847607, 6.105515
81.80754, 4.459593, 6.011476
81.81925, 4.146451, 5.984168
81.83033, 3.960599, 5.991862
81.84116, 3.7102, 5.996382
81.85219, 3.859831, 6.007555
81.86357, 3.751616, 5.998908
81.87413, 4.130972, 6.006667
81.8854, 3.684693, 5.957743
81.89639, 3.555026, 5.908427
81.90761, 4.332711, 5.885411
81.91924, 3.753988, 5.836136
81.9304, 3.360988, 5.802692
81.94213, 2.407988, 5.729174
81.95203, 3.019528, 5.670487
81.9634, 3.293314, 5.606736
81.97417, 3.453878, 5.540162
81.98675, 3.532417, 5.34608
81.9986, 3.754189, 5.175703
82.00859, 3.413308, 4.979698
82.01918, 3.186847, 4.772165
82.02968, 2.956979, 4.586002
82.04088, 2.703668, 4.426613
82.05161, 2.845815, 4.261376
82.06268, 2.762543, 4.053559
82.07402, 4.153411, 3.932643
82.08483, 3.750894, 3.819293
82.09589, 3.625613, 3.704654
82.10728, 3.352094, 3.56662
82.11941, 3.266346, 3.534425
82.1293, 3.079551, 3.508823
82.14033, 3.121644, 3.464224
82.15144, 3.092553, 3.429094
82.1629, 2.940938, 3.395106
82.174, 2.843932, 3.36623
82.18513, 2.865936, 3.3331
82.1965, 2.723586, 3.298832
82.20754, 3.38843, 3.274081
82.21823, 3.427681, 3.265514
82.22958, 3.291692, 3.256736
82.24051, 3.977809, 3.244906
82.25274, 4.006744, 3.253331
82.26437, 4.212741, 3.281723
82.27758, 3.77526, 3.327299
82.28876, 3.495564, 3.343167
82.29879, 3.429054, 3.347691
82.30969, 3.670409, 3.354909
82.32043, 3.920613, 3.367849
82.33053, 3.9244, 3.373523
82.33996, 3.671871, 3.382142
82.35119, 3.854099, 3.404383
82.36165, 3.970763, 3.438176
82.37199, 3.775734, 3.473912
82.38309, 3.550391, 3.497398
82.39458, 3.532615, 3.523067
82.40508, 3.506758, 3.501512
82.41605, 3.293247, 3.486257
82.42702, 3.296268, 3.475279
82.43854, 3.295611, 3.473396
82.4495, 3.223206, 3.471958
82.46076, 3.128271, 3.473582
82.47178, 3.551091, 3.487897
82.48373, 3.290067, 3.494481
82.49386, 3.317987, 3.507049
82.50574, 3.320746, 3.522943
82.51636, 3.518509, 3.544695
82.52706, 3.529566, 3.571561
82.53806, 3.498418, 3.575227
82.5499, 3.614743, 3.581463
82.56051, 3.638446, 3.593021
82.57169, 3.590548, 3.580112
82.58276, 3.63965, 3.567876
82.59372, 3.590041, 3.547119
82.6049, 3.599574, 3.541263
82.61582, 3.639339, 3.546055
82.62698, 3.7112, 3.55546
82.63849, 4.022424, 3.567194
82.64977, 3.94524, 3.568015
82.66039, 3.925963, 3.568067
82.67162, 3.876605, 3.574891
82.68361, 3.922885, 3.577184
82.69433, 3.86228, 3.573568
82.70596, 3.838989, 3.575676
82.71666, 3.656007, 3.579197
82.72824, 3.703588, 3.584896
82.73965, 3.668018, 3.590271
82.75049, 3.801928, 3.607227
82.76191, 3.765838, 3.62288
82.7734, 3.831539, 3.640744
82.78738, 3.855208, 3.661811
82.7991, 5.305561, 3.734387
82.82067, 9.350917, 3.927714
82.83155, 6.078012, 4.020646
82.84196, 6.813972, 4.137178
82.85189, 6.13918, 4.231126
82.86134, 6.267518, 4.32276
82.87215, 5.729412, 4.396088
82.88297, 6.186384, 4.485687
82.8947, 5.96481, 4.564023
82.90506, 5.982666, 4.642164
82.9162, 5.596001, 4.709012
82.92792, 5.819129, 4.781661
82.94264, 5.856592, 4.857213
82.95469, 5.73978, 4.928553
82.96596, 6.322936, 5.018006
82.97707, 6.068652, 5.096588
82.98776, 5.898417, 5.159121
82.99818, 6.338205, 5.238886
83.00871, 6.450742, 5.323046
83.01822, 6.616263, 5.414368
83.02716, 6.498475, 5.500221
83.03866, 6.549393, 5.589791
83.04801, 7.52442, 5.712639
83.05923, 6.649623, 5.812426
83.07057, 6.487519, 5.905224
83.0816, 6.822359, 6.010369
83.09092, 5.746062, 6.075173
83.10229, 6.33856, 6.160931
83.11298, 6.462147, 6.248618
83.12453, 6.404618, 6.333598
83.13676, 6.238927, 6.36471
83.14637, 6.018584, 6.253632
83.15778, 6.139432, 6.255679
83.16876, 6.286725, 6.238105
83.17989, 5.979064, 6.232768
83.19096, 5.960948, 6.222549
83.2019, 6.028806, 6.232529
83.21294, 6.053091, 6.228086
83.22444, 5.021718, 6.196649
83.2364, 5.522438, 6.181308
83.24659, 5.18558, 6.167627
83.25764, 4.869714, 6.13598
83.26862, 4.808795, 6.101053
83.27973, 4.819815, 6.070388
83.29369, 4.907119, 6.023194
83.30526, 4.955932, 5.986104
83.31495, 4.605857, 5.943017
83.32504, 4.963476, 5.897193
83.33668, 4.59593, 5.835366
83.34779, 5.119952, 5.785489
83.35828, 4.522752, 5.719632
83.36896, 4.326215, 5.645525
83.38042, 4.345643, 5.539567
83.3916, 4.17305, 5.457014
83.40337, 4.019061, 5.374732
83.41437, 3.931135, 5.278358
83.42618, 3.799311, 5.213466
83.43734, 3.766609, 5.127734
83.44909, 3.597664, 5.032252
83.46069, 3.496644, 4.935319
83.4723, 3.412492, 4.841105
83.48244, 3.254674, 4.748975
83.49384, 3.257814, 4.652921
83.50528, 3.087818, 4.54629
83.51663, 3.12125, 4.451029
83.52806, 3.104529, 4.355815
83.54077, 3.066117, 4.257059
83.55218, 2.916836, 4.152517
83.56315, 2.979273, 4.084435
83.57278, 2.888386, 3.996633
83.58376, 2.908567, 3.920733
83.59574, 2.922371, 3.855822
83.60647, 2.912975, 3.792628
83.61712, 2.978797, 3.731261
83.6283, 3.028368, 3.668635
83.63927, 3.11584, 3.607299
83.65114, 2.853192, 3.548877
83.66357, 2.868114, 3.479031
83.67372, 2.961695, 3.424556
83.68459, 2.998524, 3.353842
83.6952, 2.99063, 3.302772
83.70627, 3.084185, 3.26137
83.71765, 3.043937, 3.21798
83.72857, 3.082659, 3.181634
83.73985, 3.084831, 3.150493
83.75221, 3.032964, 3.120554
83.7638, 3.157944, 3.099175
83.77359, 3.139391, 3.078268
83.78484, 3.08549, 3.061195
83.79697, 2.860748, 3.039999
83.81091, 2.832779, 3.020675
83.82202, 2.897286, 3.008762
83.83099, 2.864461, 2.99565
83.84189, 2.837056, 2.987292
83.85304, 3.02364, 2.984038
83.86375, 2.937742, 2.978479
83.87357, 2.911573, 2.973327
83.8835, 2.929769, 2.973758
83.89392, 2.865762, 2.969975
83.90395, 2.90403, 2.970496
83.9154, 2.931643, 2.971265
83.92643, 2.955509, 2.97237
83.93753, 2.966425, 2.974152
83.9486, 2.989647, 2.974513
83.96032, 3.035609, 2.974755
83.97279, 3.012251, 2.971302
83.98302, 2.97728, 2.975438
83.99475, 2.973848, 2.978962
84.00631, 2.987863, 2.979835
84.01648, 2.844746, 2.974709
84.02766, 2.858808, 2.970315
84.03957, 2.999042, 2.967476
84.04933, 3.022221, 2.966752
84.06053, 2.967673, 2.96292
84.07058, 3.040696, 2.961448
84.08239, 3.083245, 2.963124
84.09288, 3.137759, 2.962451
84.10396, 3.295196, 2.967645
84.11508, 3.817577, 2.992048
84.12663, 3.219148, 3.003994
84.13876, 3.671837, 3.031963
84.14838, 3.396574, 3.048606
84.15954, 3.404588, 3.06661
84.18162, 3.859109, 3.100678
84.19318, 5.699034, 3.189858
84.20415, 5.57085, 3.277628
84.21552, 5.296468, 3.357125
84.22675, 4.740693, 3.417489
84.23794, 5.072022, 3.491031
84.24952, 4.835104, 3.5554
84.26059, 4.51365, 3.608134
84.2722, 4.343081, 3.654386
84.283, 4.481273, 3.704881
84.2941, 4.851159, 3.766931
84.30547, 5.052119, 3.834148
84.31972, 4.977219, 3.899647
84.33047, 5.070524, 3.969422
84.33962, 5.012063, 4.037363
84.3503, 6.016405, 4.138314
84.36136, 6.346439, 4.255037
84.37258, 6.369128, 4.372048
84.38416, 6.616486, 4.49263
84.39654, 6.73526, 4.616397
84.407, 7.108101, 4.754412
84.41701, 6.147556, 4.857974
84.42808, 6.239819, 4.963193
84.44011, 6.540745, 5.076626
84.45053, 6.38359, 5.179573
84.46178, 5.654096, 5.24079
84.47237, 5.704798, 5.323645
84.48371, 4.772462, 5.360332
84.49477, 4.782037, 5.406515
84.50597, 4.873189, 5.455468
84.51683, 4.911293, 5.49054
84.52854, 5.018039, 5.46784
84.53973, 4.872631, 5.444566
84.55194, 4.760293, 5.426694
84.5629, 4.779974, 5.428003
84.57269, 4.754333, 5.417414
84.58353, 4.70771, 5.413167
84.59513, 4.517673, 5.413301
84.6072, 4.668507, 5.424149
84.61715, 4.532391, 5.425852
84.62854, 4.546398, 5.415694
84.63921, 4.613955, 5.401088
84.65004, 4.780997, 5.394547
84.66119, 4.729041, 5.383164
84.67207, 4.64139, 5.370808
84.68352, 4.710022, 5.327262
84.6945, 4.476239, 5.264922
84.70595, 4.386345, 5.19883
84.71729, 4.342136, 5.123018
84.72887, 4.350094, 5.043512
84.73973, 4.294472, 4.949725
84.75095, 4.224205, 4.885613
84.76194, 4.014436, 4.811434
84.77287, 3.835223, 4.72125
84.78441, 4.224623, 4.649284
84.79523, 4.006817, 4.594375
84.80601, 4.062943, 4.539647
84.81748, 4.260946, 4.522596
84.83282, 4.136529, 4.501079
84.84467, 4.079546, 4.474624
84.85699, 4.164307, 4.449724
84.86641, 4.159706, 4.421113
84.87812, 4.058528, 4.393976
84.88779, 4.421494, 4.382683
84.93792, 5.356015, 4.401885
84.94881, 2.883977, 4.339539
84.95798, 3.213403, 4.289729
84.96783, 2.706385, 4.229353
84.97897, 2.6735, 4.162854
84.99011, 2.708362, 4.102052
85.00205, 2.767408, 4.042753
85.01219, 2.875536, 3.984806
85.02333, 2.719271, 3.916081
85.03438, 2.805357, 3.851959
85.04652, 2.769895, 3.789575
85.05725, 2.706648, 3.722796
85.06863, 2.967839, 3.672516
85.07886, 3.257533, 3.634889
85.08993, 3.334996, 3.601318
85.10149, 3.358109, 3.568252
85.11226, 3.352339, 3.536848
85.12326, 3.318663, 3.506663
85.13438, 3.181284, 3.478891
85.14546, 3.046059, 3.452586
85.15668, 3.280455, 3.421113
85.16747, 3.259563, 3.396205
85.17876, 2.755213, 3.352614
85.18993, 2.647455, 3.298831
85.20187, 2.606656, 3.247835
85.21274, 2.56086, 3.197212
85.22377, 2.810032, 3.15207
85.23437, 2.897247, 3.109988
85.24526, 3.007442, 3.074951
85.25652, 2.950301, 3.025912
85.26791, 2.829509, 2.941695
85.27869, 2.844544, 2.94038
85.28991, 2.890325, 2.929611
85.30079, 2.939218, 2.937372
85.31293, 2.903613, 2.945042
85.32318, 2.688002, 2.944364
85.33461, 2.056538, 2.920668
85.34805, 2.557111, 2.910054
85.35728, 2.551308, 2.904456
85.36877, 2.313461, 2.888059
85.38042, 2.505082, 2.879232
85.39217, 2.448235, 2.870618
85.40453, 2.703809, 2.861817
85.4163, 2.845821, 2.848094
85.42738, 2.917632, 2.834181
85.43858, 2.892288, 2.818654
85.44926, 2.77701, 2.799476
85.4603, 2.793788, 2.78198
85.47191, 2.887308, 2.772181
85.485, 2.909318, 2.767623
85.50154, 2.80704, 2.751842
85.51318, 2.965028, 2.742024
85.52376, 3.171575, 2.755903
85.53482, 2.9427, 2.765745
85.54679, 3.017311, 2.779433
85.55695, 3.446142, 2.808943
85.56844, 3.533829, 2.833069
85.57973, 3.593773, 2.856287
85.59039, 3.665733, 2.87823
85.60211, 3.9581, 2.911823
85.6133, 4.268318, 2.959784
85.62367, 4.444162, 3.013104
85.63505, 4.967879, 3.082356
85.6459, 4.980497, 3.150399
85.65767, 4.216204, 3.194152
85.66858, 4.090656, 3.240907
85.67948, 4.867963, 3.334621
85.69035, 3.802974, 3.376149
85.70114, 4.312181, 3.434845
85.71254, 3.86454, 3.486548
85.72355, 4.622134, 3.557116
85.73472, 4.56594, 3.627706
85.74676, 4.691312, 3.693957
85.75692, 3.667644, 3.721351
85.76869, 3.857858, 3.752692
85.78029, 4.732636, 3.814036
85.79099, 6.996829, 3.954697
85.80234, 7.959084, 4.126873
85.81421, 6.243987, 4.238763
85.82441, 5.416264, 4.322328
85.83493, 4.897324, 4.392004
85.84579, 5.205871, 4.466699
85.85684, 5.194315, 4.534124
85.8715, 4.43474, 4.583858
85.88148, 3.875503, 4.612465
85.89215, 4.019939, 4.631592
85.9021, 4.738065, 4.671733
85.91348, 5.623037, 4.739375
85.92511, 5.415166, 4.79769
85.93591, 5.100368, 4.835765
85.9473, 8.472832, 4.975916
85.95885, 8.553012, 5.112878
86.71619, 3.225188, 5.054788
86.72732, 3.342126, 5.000176
86.73841, 2.380686, 4.938993
86.74992, 2.128619, 4.873591
86.76107, 2.332672, 4.789081
86.77193, 2.226585, 4.736535
86.78314, 3.125819, 4.69699
86.7951, 2.858377, 4.663451
86.8053, 2.204657, 4.582869
86.81647, 2.74532, 4.522181
86.82743, 2.395812, 4.445664
86.83842, 2.492045, 4.406478
86.84952, 2.366956, 4.356781
86.86084, 2.331951, 4.276758
86.87254, 7.598557, 4.296816
86.89436, 4.963265, 4.196956
86.90586, 9.966563, 4.321042
86.91692, 5.34566, 4.318688
86.92734, 3.865353, 4.284289
86.93899, 3.044259, 4.212235
86.94952, 3.557262, 4.157667
86.96083, 3.001252, 4.109884
86.97426, 2.720284, 4.071377
86.98569, 4.028853, 4.071674
86.99718, 3.222398, 4.021152
87.00651, 1.300616, 3.877071
87.01719, 1.644336, 3.751376
87.19253, 1.72118, 3.638737
87.2038, 2.086868, 3.425872
87.21472, 1.906732, 3.204329
87.2266, 1.819722, 3.15748
87.23708, 1.512689, 3.096499
87.24795, 2.3718, 3.096203
87.26034, 2.624882, 3.112745
87.27047, 2.874328, 3.1308
87.28128, 5.523874, 3.24071
87.29264, 4.922785, 3.300609
87.30375, 2.806536, 3.298881
87.31468, 2.913302, 3.322502
87.32652, 3.284744, 3.340483
87.33712, 3.431781, 3.375015
87.34827, 2.413752, 3.372405
87.36012, 2.336807, 3.3714
87.37166, 2.165004, 3.365835
87.38155, 2.401455, 3.192598
87.39307, 2.43784, 3.108418
87.40429, 2.691457, 2.865914
87.41603, 3.138123, 2.79233
87.42677, 3.143603, 2.768271
87.43792, 3.332498, 2.777879
87.44914, 3.536742, 2.777195
87.46221, 3.476053, 2.793022
87.4725, 4.483238, 2.851787
87.48315, 6.540322, 2.935503
87.49396, 7.832715, 3.08918
87.50468, 5.709475, 3.236142
87.51605, 5.272933, 3.357095
87.52702, 4.855741, 3.461581
87.53965, 5.278773, 3.567977
87.55173, 5.120155, 3.675092
87.56354, 5.373713, 3.793558
87.57363, 5.942571, 3.941221
87.58351, 5.801039, 4.055529
87.59373, 6.033553, 4.169151
87.60378, 5.703765, 4.263465
87.6176, 4.502911, 4.229434
87.62857, 5.209457, 4.238989
87.63871, 4.675396, 4.301284
87.64965, 4.711092, 4.361211
87.65926, 4.768868, 4.410682
87.67042, 4.696865, 4.452851
87.68172, 4.354877, 4.517555
87.69259, 4.223122, 4.580432
87.70473, 4.265055, 4.650434
87.71451, 4.284422, 4.7132
87.72656, 4.172408, 4.771019
87.73752, 3.786121, 4.807508
87.74792, 4.117588, 4.840157
87.75896, 4.199886, 4.875366
87.77044, 4.307093, 4.907853
87.78117, 4.195002, 4.929795
87.79231, 4.27358, 4.956378
87.80346, 4.151397, 4.945318
87.81452, 4.311263, 4.871016
87.82657, 3.622859, 4.730687
87.83782, 3.580408, 4.659719
87.84897, 3.407059, 4.597522
87.86083, 3.664504, 4.557815
87.87262, 3.193721, 4.488313
87.88219, 3.223753, 4.4251
87.8938, 3.215788, 4.353169
87.90535, 3.225277, 4.262592
87.91608, 3.241171, 4.177263
87.9255, 3.250001, 4.084478
87.93685, 3.326916, 4.00525
87.94843, 3.487602, 3.971406
87.95937, 3.691751, 3.920816
87.97058, 3.694277, 3.888112
87.98382, 3.849594, 3.859395
87.99629, 3.839877, 3.828429
88.00652, 3.558297, 3.790477
88.01577, 3.469646, 3.760969
88.02766, 3.393925, 3.733329
88.03778, 3.253657, 3.699616
88.05051, 3.052203, 3.658542
88.06264, 3.118924, 3.623426
88.07296, 2.808937, 3.590853
88.08289, 2.872346, 3.549345
88.09485, 2.921863, 3.506744
88.10554, 2.436771, 3.4444
88.11777, 2.478859, 3.387195
88.12836, 2.480267, 3.327418
88.14147, 2.490177, 3.272044
88.15289, 2.401235, 3.208376
88.16343, 2.506359, 3.17116
88.17394, 2.408119, 3.132083
88.18574, 2.485026, 3.101349
88.19619, 2.646954, 3.067431
88.20794, 2.531253, 3.045348
88.21907, 2.656331, 3.026434
88.22855, 2.661175, 3.007947
88.23819, 2.67397, 2.98957
88.24902, 2.687288, 2.971107
88.25923, 2.625169, 2.95028
88.26984, 2.597072, 2.925951
88.28052, 2.677965, 2.898963
88.29289, 2.591238, 2.86228
88.3045, 2.600404, 2.825817
88.31573, 2.611881, 2.78456
88.3279, 2.653767, 2.745023
88.33899, 2.101896, 2.696477
88.35013, 1.99481, 2.647316
88.36052, 2.135464, 2.605367
88.37067, 2.201788, 2.570305
88.38174, 2.145036, 2.540066
88.393, 2.081271, 2.505477
88.40434, 2.00172, 2.47857
88.41452, 2.714458, 2.473307
88.42575, 2.726831, 2.466806
88.43632, 2.821184, 2.47962
88.44779, 2.790173, 2.489997
88.45776, 2.825888, 2.501518
88.46883, 2.639943, 2.50651
88.48008, 2.82113, 2.520507
88.49034, 2.864268, 2.532437
88.50038, 2.918677, 2.549455
88.51153, 2.908279, 2.563564
88.52139, 2.71457, 2.565818
88.53522, 2.657993, 2.570042
88.54633, 2.683077, 2.570934
88.55708, 2.593119, 2.568665
88.56731, 2.582829, 2.565627
88.57742, 2.531062, 2.56042
88.58836, 2.535826, 2.557441
88.59932, 2.595271, 2.557381
88.61045, 2.598607, 2.554736
88.6219, 2.816937, 2.56226
88.63303, 2.729635, 2.566567
88.64474, 2.648335, 2.567783
88.6582, 2.662235, 2.568065
88.66784, 2.598103, 2.584605
88.67889, 2.610699, 2.605134
88.69088, 2.460703, 2.615976
88.70133, 2.546658, 2.627471
88.71178, 2.743123, 2.647408
88.72281, 2.678803, 2.667325
88.7346, 2.637475, 2.688517
88.74619, 2.599131, 2.684673
88.75681, 2.472247, 2.676187
88.7681, 2.534866, 2.666643
88.77918, 2.528726, 2.657928
88.79069, 2.996516, 2.663615
88.80192, 3.016472, 2.676166
88.8139, 3.070236, 2.68447
88.8245, 3.055091, 2.690831
88.83595, 3.014891, 2.694038
88.84718, 2.926689, 2.694652
88.85852, 2.933258, 2.701941
88.8698, 2.988591, 2.712961
88.88103, 2.916838, 2.720753
88.89224, 2.927099, 2.731886
88.90334, 2.819877, 2.739788
88.91477, 2.770798, 2.747779
88.92697, 2.760251, 2.75526
88.93851, 2.65414, 2.757222
88.94824, 2.697039, 2.760503
88.95947, 2.639514, 2.754589
88.97033, 2.631526, 2.751318
88.98154, 2.608341, 2.749985
88.99267, 2.720545, 2.751929
89.00408, 4.889838, 2.82832
89.01516, 4.009279, 2.874939
89.02612, 4.320552, 2.936934
89.0372, 4.22971, 2.993036
89.04834, 6.228392, 3.109211
89.0596, 4.372727, 3.165676
89.07079, 3.430784, 3.192119
89.08214, 3.406482, 3.219031
89.09312, 3.360943, 3.248654
89.10429, 3.349271, 3.275801
89.11518, 3.365416, 3.303691
89.12636, 3.44186, 3.318536
89.13758, 3.417274, 3.331896
89.14864, 3.416378, 3.343434
89.16089, 3.361683, 3.353654
89.17191, 3.338989, 3.364457
89.18634, 3.304609, 3.377055
89.19547, 3.311661, 3.389668
89.20563, 3.210763, 3.397074
89.21516, 3.222818, 3.407273
89.22464, 3.208342, 3.416648
89.23595, 3.231926, 3.430382
89.24652, 3.065777, 3.440215
89.25739, 2.9427, 3.446297
89.2686, 3.128384, 3.462105
89.28035, 2.971483, 3.471253
89.29108, 2.894727, 3.47976
89.30269, 2.795871, 3.485239
89.31371, 2.933607, 3.496081
89.32484, 2.85344, 3.500511
89.3351, 2.843197, 3.432289
89.34627, 2.837597, 3.393233
89.35757, 2.718669, 3.339837
89.3689, 2.716829, 3.289407
89.37973, 2.723173, 3.172567
89.3907, 2.782324, 3.119554
89.40307, 2.824606, 3.099348
89.41263, 2.772204, 3.078205
89.42403, 3.016536, 3.066725
89.43526, 3.463229, 3.070523
89.44615, 3.163592, 3.063796
89.45716, 3.325668, 3.059922
89.46843, 3.319655, 3.056669
89.47945, 3.224796, 3.050282
89.49084, 3.193832, 3.044687
89.5015, 3.210684, 3.04041
89.51381, 2.888937, 3.026555
89.52586, 2.868021, 3.011767
89.53778, 2.950584, 3.003094
89.54891, 2.8203, 2.989677
89.56027, 2.765048, 2.9749
89.57062, 2.832127, 2.961574
89.58147, 2.891674, 2.95577
89.59292, 2.80548, 2.951196
89.60416, 2.725087, 2.937753
89.61436, 2.776451, 2.931252
89.6252, 2.723669, 2.92555
89.63664, 2.74359, 2.923808
89.64748, 2.795379, 2.9192
89.66029, 2.789727, 2.917076
89.67041, 2.880219, 2.91831
89.68064, 2.914779, 2.920883
89.69217, 2.934129, 2.928065
89.70617, 3.078692, 2.940127
89.71721, 3.037898, 2.950618
89.72807, 3.274275, 2.967016
89.73785, 3.232303, 2.980606
89.74745, 3.220776, 2.995558
89.75902, 3.19852, 3.001624
89.76933, 3.24957, 2.994503
89.78037, 3.297614, 2.99897
89.79174, 3.198924, 2.994745
89.80254, 3.206398, 2.99097
89.81354, 3.243169, 2.991582
89.82519, 3.108617, 2.988742
89.83569, 3.08697, 2.984618
89.84693, 3.275832, 2.997514
89.85881, 3.295377, 3.01176
89.86933, 3.300004, 3.023407
89.88057, 3.13694, 3.033962
89.89283, 3.005249, 3.041969
89.90299, 3.15276, 3.052657
89.91347, 3.197389, 3.062847
89.92495, 3.240167, 3.077336
89.93654, 3.245319, 3.094677
89.94672, 3.258794, 3.110755
89.95818, 3.143276, 3.124742
89.96947, 3.306175, 3.143495
89.98048, 3.316334, 3.160861
89.99112, 3.462966, 3.183302
90.00265, 3.403966, 3.20076
90.01373, 3.503689, 3.220391
90.02556, 3.480371, 3.238599
90.03777, 3.563285, 3.254752
90.04749, 3.448196, 3.268429
90.05798, 3.695103, 3.282456
90.07043, 3.818521, 3.301997
90.08112, 3.94677, 3.326196
90.09336, 3.807673, 3.346502
90.10324, 3.827157, 3.365754
90.11405, 3.832122, 3.383571
90.1256, 4.067563, 3.412526
90.13785, 4.173845, 3.444774
90.27083, 9.729182, 3.660975
90.28226, 8.217795, 3.83128
90.2942, 7.994829, 3.994876
90.30505, 7.24548, 4.127198
90.31631, 8.783604, 4.310138
90.32687, 7.283325, 4.442916
90.33828, 7.099607, 4.575005
90.34777, 7.635201, 4.729337
90.35982, 6.683447, 4.847026
90.36997, 6.160165, 4.945786
90.38142, 5.197816, 5.01104
90.39256, 4.902352, 5.066275
90.40386, 4.743892, 5.115778
90.41454, 4.634847, 5.165497
90.42608, 4.407943, 5.202223
90.43656, 4.530942, 5.24271
90.44773, 4.276529, 5.269829
90.46022, 4.210568, 5.296716
90.47157, 4.20284, 5.320021
90.48277, 4.633787, 5.358468
90.49472, 4.909745, 5.40335
90.60423, 9.828988, 5.616043
90.6166, 7.398864, 5.739502
90.70255, 8.794875, 5.90538
90.71407, 5.881932, 5.969885
90.72529, 6.51924, 6.060271
90.73647, 5.301269, 6.109407
90.74738, 3.761224, 6.107045
90.75824, 4.322982, 6.115558
90.76925, 8.186535, 6.249315
90.78094, 6.800581, 6.151695
90.79234, 9.921626, 6.208489
90.81777, 7.132822, 6.179756
90.83208, 3.320735, 6.048932
90.84715, 3.651406, 5.877859
90.85851, 3.499662, 5.751737
90.86868, 3.257968, 5.623682
90.87904, 3.322512, 5.479925
90.88932, 7.072193, 5.492883
90.89964, 6.952873, 5.519307
90.91071, 6.112052, 5.549781
90.92125, 5.281982, 5.562435
90.93322, 8.651814, 5.692698
90.94485, 8.033765, 5.805996
90.95546, 7.112177, 5.896138
90.9649, 6.987998, 5.978039
90.97604, 7.398628, 6.082108
90.98804, 5.297733, 6.118347
90.99874, 8.1513, 6.249963
91.00937, 7.349889, 6.340499
91.02036, 7.436816, 6.424735
91.03185, 6.579971, 6.316434
91.04288, 6.408009, 6.283406
91.05345, 6.316092, 6.200779
91.0648, 5.996619, 6.204602
91.07868, 6.53019, 6.204967
91.08912, 6.377834, 6.240853
91.09919, 5.634326, 6.303289
91.10942, 5.890664, 6.355546
91.12034, 5.670452, 6.271676
91.13113, 5.985795, 6.244516
91.14268, 6.170275, 6.119471
91.1534, 6.1961, 6.088247
91.16457, 5.976878, 6.176785
91.17596, 6.48783, 6.271332
91.18768, 6.506788, 6.37157
91.19808, 6.574426, 6.482119
91.20921, 7.863977, 6.633501
91.2203, 9.328783, 6.708721
91.35651, 9.153749, 6.782084
91.36809, 7.60636, 6.831894
91.38108, 9.060295, 6.957838
91.392, 8.843592, 6.964231
91.43562, 9.615154, 7.016944
91.45817, 9.72421, 7.104012
91.46909, 9.514989, 7.188245
91.49181, 7.04377, 7.176416
91.503, 7.475762, 7.249018
91.51411, 3.528094, 7.094911
91.52531, 3.560655, 6.968603
91.53629, 3.209092, 6.827679
91.54741, 2.762838, 6.700441
91.55853, 2.70928, 6.57715
91.56984, 2.507284, 6.45019
91.58064, 2.159389, 6.322282
91.593, 1.222634, 6.145364
91.60427, 1.1833, 5.972213
91.61451, 1.132098, 5.822138
91.62666, 0.9619356, 5.657847
91.63639, 0.9384902, 5.500115
91.64759, 0.9022877, 5.330665
91.6598, 0.8904043, 5.154669
91.67017, 0.7606242, 4.973486
91.68099, 0.7113174, 4.797967
91.69197, 0.6956592, 4.604896
91.70294, 0.7024055, 4.411416
91.71404, 0.5316365, 4.20999
91.72501, 0.537626, 3.965778
91.73663, 0.5259093, 3.672349
91.7474, 0.521663, 3.384613
91.75838, 0.4899509, 3.147399
91.76948, 0.5079511, 2.862321
91.78073, 0.4880508, 2.583803
91.7916, 0.4893574, 2.27961
91.80302, 0.4920495, 1.971871
91.81366, 0.4868058, 1.670932
91.82523, 0.4879448, 1.452404
91.83617, 0.4886718, 1.219501
91.847, 0.4861691, 1.118104
91.85819, 0.4880143, 1.015682
91.86962, 0.4890844, 0.9250153
91.88076, 0.4878163, 0.8491812
91.8955, 0.4844097, 0.7750189
91.9046, 0.467076, 0.7070119
91.91619, 0.468857, 0.6506608
91.92725, 0.4661271, 0.625444
91.93755, 0.4652124, 0.6015077
91.94794, 0.4786415, 0.5797258
91.95702, 0.4784353, 0.5636091
91.96761, 0.4772472, 0.5482343
91.97866, 0.4822674, 0.5342337
91.98988, 0.4817237, 0.520611
92.00089, 0.480286, 0.5112664
92.01189, 0.4809322, 0.5035869
92.02543, 0.4834555, 0.4965134
92.03535, 0.4831291, 0.4892042
92.04594, 0.4930379, 0.4879176
92.05641, 0.4988071, 0.4866236
92.06727, 0.4987393, 0.485718
92.07861, 0.5021178, 0.4850665
92.08991, 0.5202452, 0.4860763
92.10096, 0.5110872, 0.4861808
92.11265, 0.5176422, 0.4871672
92.12289, 0.523873, 0.4883178
92.13396, 0.5244195, 0.4893968
92.14506, 0.5317088, 0.4908935
92.15648, 0.523482, 0.4920782
92.16764, 0.5254734, 0.4933049
92.17989, 0.5267775, 0.4946585
92.19001, 0.5317386, 0.496116
92.20055, 0.5336487, 0.4976014
92.21175, 0.5396603, 0.4993296
92.22298, 0.6015363, 0.5032339
92.23436, 0.6031199, 0.5077686
92.2456, 0.62599, 0.5130064
92.25697, 0.6890727, 0.520438
92.26873, 0.7006273, 0.5282851
92.27838, 0.7311112, 0.5367008
92.29, 0.75659, 0.5459726
92.30151, 0.7500178, 0.5550649
92.31243, 0.7439624, 0.5637881
92.32339, 0.7543097, 0.5728743
92.33482, 0.7751713, 0.5827038
92.34723, 0.7601445, 0.5920109
92.35723, 0.7934886, 0.6023454
92.36861, 0.8415676, 0.6142933
92.38035, 0.9208413, 0.6285535
92.3949, 0.9109139, 0.6422903
92.40574, 1.04274, 0.6604236
92.41672, 1.061746, 0.679078
92.4287, 1.114698, 0.6988931
92.43842, 1.297215, 0.7250974
92.44856, 1.974914, 0.7736731
92.45907, 1.567501, 0.8084607
92.47073, 1.9216, 0.8550333
92.4799, 1.458514, 0.8859268
92.49033, 1.58656, 0.9213628
92.5018, 1.737735, 0.9617715
92.51115, 1.831251, 1.005254
92.52155, 1.7999, 1.047526
92.53279, 1.862138, 1.091809
92.54373, 1.81133, 1.134198
92.55507, 1.773548, 1.173265
92.56675, 1.751971, 1.21156
92.57717, 1.737895, 1.248623
92.58842, 1.800473, 1.28567
92.59914, 1.882876, 1.325079
92.61054, 1.894839, 1.36387
92.62164, 1.974055, 1.404452
92.63274, 2.157488, 1.451367
92.64503, 2.239521, 1.501219
92.65567, 2.386216, 1.555616
92.66593, 2.431514, 1.610828
92.67704, 2.482533, 1.668241
92.68835, 2.626307, 1.729334
92.70026, 2.5999, 1.787946
92.71013, 2.721956, 1.847983
92.72163, 3.033183, 1.918725
92.73267, 3.329154, 1.994939
92.74355, 3.306757, 2.069772
92.75462, 3.486624, 2.148837
92.76608, 3.472712, 2.221353
92.77697, 3.503607, 2.27231
92.78808, 3.498336, 2.336671
92.80076, 3.594967, 2.39245
92.8127, 3.569047, 2.462801
92.82407, 3.114314, 2.513726
92.92625, 2.399719, 2.535792
92.937, 2.757852, 2.566679
92.95061, 0, 2.506682
93.04425, 0, 2.444611
93.05527, 0, 2.384233
93.06625, 0, 2.325115
93.07745, 0, 2.266716
93.08862, 3.165653, 2.314308
93.09968, 3.573457, 2.373408
93.11096, 2.953896, 2.409108
93.12191, 3.284104, 2.455417
93.13609, 3.983946, 2.522414
93.14687, 3.288374, 2.56011
93.15594, 3.788556, 2.611744
93.16626, 3.370289, 2.644547
93.17715, 3.681985, 2.686229
93.1888, 5.729337, 2.794456
93.2009, 8.097472, 2.976829
93.21194, 7.451993, 3.138565
93.22151, 7.139944, 3.285831
93.23311, 8.230643, 3.45908
93.24504, 8.682822, 3.637536
93.25529, 8.416718, 3.807868
93.26598, 8.928587, 3.989267
93.27775, 9.349599, 4.185163
93.28989, 9.716705, 4.392267
93.30025, 7.594612, 4.528809
93.31194, 6.893024, 4.638744
93.3224, 7.577441, 4.772357
93.33318, 9.186077, 4.974749
93.84603, 5.06002, 5.063426
93.85755, 3.908733, 5.101789
93.86865, 4.19285, 5.24155
93.87942, 3.609423, 5.361864
93.89046, 4.106954, 5.498763
93.90191, 4.527075, 5.649665
93.9129, 5.572433, 5.835413
93.92442, 5.456092, 5.91176
93.93562, 5.01979, 5.959971
93.94633, 5.317198, 6.038748
93.95758, 5.191645, 6.102333
93.96943, 5.442895, 6.150965
93.98122, 5.546596, 6.226239
93.99075, 5.345104, 6.278124
94.00272, 6.412764, 6.37954
94.01283, 7.259151, 6.498779
94.02374, 7.331301, 6.552177
94.03513, 5.874761, 6.478087
94.04648, 5.874694, 6.42551
94.06074, 5.626878, 6.375075
94.07132, 5.906051, 6.297589
94.08253, 6.152751, 6.213253
94.09316, 6.093153, 6.135801
94.10264, 5.849605, 6.033168
94.11273, 5.880833, 5.917543
94.12306, 6.230732, 5.801344
94.13402, 6.820359, 5.775536
94.14581, 6.681667, 5.768491
94.15755, 6.353805, 5.727703
94.16904, 5.94204, 5.619568
94.18101, 6.160721, 5.656259
94.19303, 5.928341, 5.723579
94.20316, 5.96906, 5.782785
94.21405, 5.466769, 5.844697
94.22633, 5.900191, 5.904472
94.237, 6.113482, 5.957352
94.24802, 5.303151, 5.948376
94.25868, 5.327018, 5.944074
94.27068, 5.56801, 5.962348
94.28032, 5.766248, 5.977316
94.29029, 6.161559, 6.009646
94.30244, 6.915169, 6.058722
94.31348, 5.974639, 6.07299
94.32315, 6.013784, 6.095279
94.3334, 5.927404, 6.0791
94.34418, 5.87744, 6.033043
94.35551, 5.284199, 5.964806
94.36631, 5.440707, 5.950338
94.37737, 5.600097, 5.941185
94.38868, 6.164697, 5.959112
94.40025, 6.299415, 5.972224
94.41094, 6.296006, 5.976999
94.42281, 5.995298, 5.973737
94.43423, 5.82133, 5.972795
94.44578, 5.606677, 5.963656
94.45553, 5.602045, 5.9427
94.46645, 5.565629, 5.900876
94.47816, 6.075702, 5.880677
94.48905, 6.488497, 5.885167
94.49966, 5.583653, 5.87322
94.51112, 5.244602, 5.842682
94.52297, 5.120806, 5.815764
94.53338, 5.452012, 5.79853
94.54416, 5.404935, 5.796469
94.55597, 5.47678, 5.782355
94.57027, 5.447814, 5.760166
94.58083, 5.184603, 5.756215
94.59133, 5.32362, 5.756102
94.60232, 5.354788, 5.748994
94.6123, 5.615073, 5.743955
94.62222, 5.601414, 5.725283
94.64102, 5.142871, 5.666206
94.65555, 4.869308, 5.629362
94.66793, 4.880396, 5.591582
94.67883, 4.687629, 5.550256
94.69063, 5.161809, 5.526402
94.70094, 5.253939, 5.525393
94.71181, 5.077348, 5.513281
94.72234, 4.589983, 5.479611
94.73377, 4.633515, 5.428571
94.74555, 4.446038, 5.366792
94.75811, 4.764559, 5.315744
94.76865, 4.658903, 5.271197
94.77849, 4.534596, 5.228306
94.78916, 8.097667, 5.311339
94.80023, 8.065221, 5.393445
94.81177, 7.903331, 5.471368
94.82272, 8.151264, 5.540554
94.83363, 9.286229, 5.633811
94.84473, 8.980985, 5.747056
94.85625, 7.692409, 5.82865
94.86759, 9.944497, 5.98944
94.91119, 9.815505, 6.13489
95.02326, 9.280471, 6.264074
95.06766, 9.559669, 6.40017
95.07859, 8.318357, 6.495855
95.08992, 8.926526, 6.620586
95.10129, 7.696023, 6.699667
95.11237, 8.27551, 6.797024
95.12594, 8.986413, 6.909402
95.13685, 8.984757, 7.022181
95.14732, 8.516914, 7.134649
95.15849, 7.464285, 7.221148
95.17009, 8.244308, 7.333278
95.1797, 7.243691, 7.418481
95.32256, 8.669539, 7.535406
95.3447, 9.137803, 7.664868
95.3558, 7.088867, 7.731918
95.36729, 5.258795, 7.754212
95.37815, 5.557945, 7.785026
95.38917, 5.454629, 7.818646
95.40035, 5.442721, 7.841251
95.41152, 4.908994, 7.849587
95.42277, 4.194999, 7.838267
95.43372, 3.948275, 7.699954
95.4445, 4.252211, 7.572854
95.45612, 4.298929, 7.452707
95.46706, 4.467496, 7.329916
95.47885, 4.314335, 7.164186
95.48898, 4.295683, 7.008009
95.50025, 4.49393, 6.901392
95.51165, 4.36038, 6.715255
95.52254, 4.705628, 6.544926
95.53364, 4.327743, 6.379835
95.54494, 4.224662, 6.202002
95.55619, 3.981258, 6.057432
95.56767, 3.939793, 5.891207
95.57836, 3.94821, 5.76628
95.58962, 4.008111, 5.624033
95.60079, 4.045224, 5.459327
95.61287, 4.111153, 5.296874
95.62331, 4.143216, 5.151083
95.63432, 4.436958, 5.050172
95.64545, 5.225904, 4.949559
95.65688, 5.448992, 4.889735
95.67403, 5.941591, 4.798804
95.68842, 3.851837, 4.622605
95.69884, 4.914435, 4.550124
95.71026, 6.958377, 4.606776
95.72153, 6.155415, 4.626692
95.73246, 7.960582, 4.710224
95.74368, 5.808584, 4.722419
95.75354, 6.03681, 4.760013
95.76426, 5.922385, 4.817592
95.77489, 6.654904, 4.907814
95.78602, 7.375362, 5.011919
95.79819, 6.449731, 5.083612
95.80855, 6.767216, 5.160269
95.81939, 6.346709, 5.228015
95.83076, 7.881712, 5.347549
95.84264, 9.212651, 5.50484
95.85352, 7.041646, 5.594215
95.86404, 6.770081, 5.663031
95.87591, 7.302457, 5.762187
95.88757, 6.971606, 5.853753
95.89941, 5.88142, 5.917091
95.90893, 5.901009, 5.982466
95.92035, 6.727675, 6.075114
95.93053, 5.576505, 6.127394
95.94186, 5.51832, 6.176497
95.95264, 4.860564, 6.201478
95.96437, 5.01793, 6.230635
95.97543, 5.011385, 6.249782
95.98617, 4.97539, 6.241432
95.99709, 5.031644, 6.22752
96.00845, 5.33126, 6.207176
96.01969, 5.020169, 6.24612
96.03075, 5.26258, 6.257725
96.04251, 5.223649, 6.199901
96.05351, 5.283265, 6.170829
96.06462, 4.982073, 6.071546
96.07607, 5.31811, 6.055197
96.08763, 5.210896, 6.027666
96.09878, 5.117634, 6.000841
96.10979, 4.857317, 5.940921
96.12086, 5.55981, 5.880403
96.13242, 5.564837, 5.850906
96.14806, 5.545598, 5.810186
96.15784, 4.9995, 5.765279
96.17205, 5.232897, 5.676985
96.18236, 5.37443, 5.549044
96.1926, 5.205827, 5.487851
96.20679, 4.009559, 5.395833
97.05565, 6.622135, 5.373155
97.06705, 5.081779, 5.310161
97.07829, 3.107544, 5.217698
97.08896, 3.772876, 5.14676
97.10036, 2.722862, 5.013267
97.11132, 2.425518, 4.908234
97.12239, 1.721154, 4.781662
97.13371, 1.495551, 4.669494
97.14501, 1.479494, 4.551546
97.15611, 1.128493, 4.422117
97.16714, 1.064334, 4.291748
97.17817, 0.9759611, 4.156559
97.18892, 0.8315557, 4.006568
97.20035, 0.7608853, 3.864593
97.21159, 0.7482119, 3.714114
97.22337, 0.6857023, 3.562849
97.23359, 0.6719905, 3.409139
97.24494, 0.6422263, 3.264478
97.25594, 0.5956114, 3.107062
97.26675, 0.6072012, 2.953605
97.27818, 0.579643, 2.802339
97.28901, 0.542515, 2.658512
97.3007, 0.5401852, 2.491191
97.31139, 0.4825204, 2.321781
97.32244, 0.4564353, 2.152142
97.33508, 0.4556801, 2.000681
97.34585, 0.4551409, 1.841423
97.35598, 0.4623855, 1.677688
97.36663, 0.4651707, 1.519666
97.37777, 0.4672766, 1.40159
97.38923, 0.4654469, 1.196367
97.40179, 0.4650415, 1.042476
97.41249, 0.460742, 0.9542492
97.42309, 0.4588599, 0.843782
97.43407, 0.4571839, 0.7682593
97.4446, 0.4554278, 0.7025897
97.45609, 0.4576598, 0.6604732
97.46688, 0.4592187, 0.6259288
97.47763, 0.4578141, 0.5918728
97.48905, 0.452719, 0.569347
97.50017, 0.4557759, 0.5490617
97.51182, 0.4606009, 0.5318831
97.52277, 0.4629242, 0.5195954
97.53345, 0.4584173, 0.5095131
97.54463, 0.4672489, 0.5001476
97.55565, 0.4808666, 0.4933198
97.56653, 0.4822854, 0.4869963
97.57806, 0.4865106, 0.4818058
97.589, 0.4975216, 0.4785361
97.60049, 0.50349, 0.4750791
97.61128, 0.5178985, 0.4730209
97.62206, 0.4997898, 0.4715967
97.63341, 0.5086968, 0.4705471
97.64438, 0.5225925, 0.4718829
97.65549, 0.5340036, 0.4744685
97.66669, 0.5338284, 0.4770735
97.67803, 0.5364387, 0.4797834
97.6891, 0.5488713, 0.4826662
97.69981, 0.5572807, 0.4857365
97.71133, 0.5697665, 0.4891529
97.72201, 0.6819472, 0.4963695
97.73342, 0.6586379, 0.5028228
97.74479, 0.6972241, 0.5107055
97.75703, 0.8371964, 0.5233168
97.76669, 0.791041, 0.5344454
97.77763, 0.8469402, 0.5474958
97.78886, 0.8015418, 0.5589586
97.80058, 0.8674746, 0.572567
97.81143, 1.027945, 0.5915715
97.82238, 1.039691, 0.6111372
97.8337, 1.049893, 0.6309411
97.84434, 1.068671, 0.65121
97.85553, 1.07478, 0.6716052
97.86662, 1.086319, 0.6925352
97.87891, 1.187447, 0.7165418
97.89007, 1.197352, 0.7404246
97.90257, 1.326333, 0.7685595
97.91109, 1.316853, 0.7962376
97.92344, 1.504635, 0.829808
97.93331, 1.592089, 0.8660946
97.94395, 1.647627, 0.9037522
97.95505, 1.657664, 0.9423479
97.96609, 1.615716, 0.9792486
97.97749, 1.65365, 1.01695
97.98856, 1.815718, 1.059674
97.99964, 1.602737, 1.095305
98.01073, 1.623362, 1.131535
98.02195, 1.598386, 1.166519
98.03352, 1.785627, 1.207464
98.04399, 1.815663, 1.248994
98.05601, 1.889357, 1.289241
98.06633, 1.876368, 1.329832
98.07706, 1.867631, 1.368845
98.08855, 2.071649, 1.409994
98.09946, 2.039722, 1.451617
98.11064, 2.018931, 1.490683
98.12146, 2.067008, 1.532865
98.13281, 2.056396, 1.572496
98.14387, 2.134034, 1.609366
98.15659, 2.208599, 1.648329
98.16656, 2.226678, 1.687555
98.17774, 2.261357, 1.727311
98.18871, 2.490957, 1.774517
98.20033, 2.557812, 1.823567
98.21149, 2.789652, 1.876974
98.22146, 2.916011, 1.934263
98.23268, 2.875961, 1.985917
98.24657, 2.873944, 2.03782
98.25716, 2.953269, 2.086108
98.26772, 2.879585, 2.129024
98.27857, 2.921292, 2.171479
98.28871, 2.921193, 2.213597
98.29884, 2.869564, 2.255392
98.31023, 2.841456, 2.294986
98.32125, 2.845295, 2.329305
98.33324, 6.556591, 2.494433
98.34444, 6.171191, 2.646028
98.35445, 5.939642, 2.790736
98.36588, 6.582243, 2.950623
98.37734, 5.589175, 3.076407
98.3883, 4.848821, 3.175056
98.39958, 4.628457, 3.266792
98.4101, 4.693464, 3.360986
98.4215, 4.203124, 3.432036
98.436, 4.42307, 3.511481
98.44639, 4.575236, 3.596691
98.45647, 4.514087, 3.67826
98.46851, 4.763958, 3.768512
98.47855, 4.864125, 3.859515
98.49052, 4.912496, 3.949645
98.50049, 4.509705, 4.025746
98.51182, 4.46758, 4.099287
98.52353, 5.070133, 4.185259
98.53417, 4.972541, 4.26575
98.5442, 5.129636, 4.34375
98.5545, 5.540985, 4.431249
98.56513, 5.929562, 4.533035
98.57679, 5.929756, 4.634895
98.58768, 2.376167, 4.615659
98.59926, 3.557934, 4.63827
98.76505, 1.81715, 4.601466
98.77602, 6.527251, 4.721668
98.78673, 4.489212, 4.775656
98.79815, 3.791857, 4.807336
98.80923, 4.191515, 4.85221
98.82036, 4.965486, 4.799173
98.83168, 3.913247, 4.723908
98.84263, 5.604834, 4.712748
98.85399, 4.626955, 4.647572
98.86586, 6.172701, 4.667023
98.88816, 8.937979, 4.803328
98.89842, 9.028915, 4.95001
98.90894, 8.865658, 5.089083
98.92005, 6.702818, 5.172406
98.93226, 7.383615, 5.271091
98.94235, 7.733632, 5.376371
98.95345, 8.03248, 5.493651
98.96474, 7.69503, 5.591353
98.97591, 7.475146, 5.678387
98.98692, 7.563893, 5.766767
99.00185, 7.723792, 5.873903
99.01265, 8.581163, 6.011023
99.02286, 8.843021, 6.136786
99.21992, 6.852077, 6.199437
99.23091, 7.874414, 6.29093
99.24223, 5.877828, 6.302157
99.25291, 1.907916, 6.168103
99.26397, 1.217467, 6.011026
99.27533, 1.231775, 5.97288
99.28621, 1.211451, 5.894664
99.29731, 1.198456, 5.874041
99.30838, 1.199845, 5.69646
99.32114, 1.190315, 5.586497
99.33336, 1.217165, 5.500674
99.34295, 1.215577, 5.401476
99.35338, 1.17441, 5.275107
99.36431, 1.151769, 5.183058
99.37514, 1.123074, 5.033666
99.38675, 1.117078, 4.91667
99.39772, 1.123032, 4.748348
99.40898, 1.125147, 4.487921
99.42071, 1.108367, 4.223902
99.43176, 1.111996, 3.965447
99.44268, 1.092439, 3.778434
99.45428, 1.087858, 3.568576
99.46544, 1.103446, 3.347569
99.47798, 1.116719, 3.117044
99.48946, 1.108245, 2.897485
99.50047, 1.122097, 2.685717
99.51139, 1.13849, 2.471536
99.52158, 1.13499, 2.25191
99.53224, 1.135175, 2.00371
99.54377, 1.142996, 1.747043
99.55944, 1.131468, 1.556356
99.57035, 1.120539, 1.331227
99.58005, 1.111099, 1.172336
99.5903, 1.081179, 1.144778
99.60049, 1.069652, 1.139851
99.61034, 1.07402, 1.134592
99.62077, 1.047963, 1.129143
99.63187, 1.056564, 1.124413
99.64398, 1.052872, 1.119514
