0.0105061, 1.835052, 1.835052, 2.546018
0.0216607, 1.820338, 1.827695, 2.545936
0.0328038, 1.865186, 1.840192, 2.54575
0.0439559, 1.817673, 1.834562, 2.545569
0.0569226, 1.86769, 1.841188, 2.545149
0.0661946, 1.780511, 1.831075, 2.544874
0.0770868, 1.791054, 1.825358, 2.544627
0.088395, 1.795478, 1.821623, 2.544222
0.0994935, 1.792109, 1.818344, 2.543821
0.1105805, 1.792546, 1.815764, 2.5433
0.1220469, 1.79367, 1.813755, 2.542714
0.132793, 1.812875, 1.813682, 2.542418
0.1441067, 1.812856, 1.813618, 2.541765
0.1548704, 1.801674, 1.812765, 2.540722
0.1660926, 1.800106, 1.811921, 2.539997
0.1772617, 1.849607, 1.814277, 2.539127
0.1881855, 1.812035, 1.814145, 2.538352
0.1995263, 1.84318, 1.815758, 2.537428
0.2121804, 1.698522, 1.809587, 2.536533
0.2215238, 1.664717, 1.802344, 2.535715
0.2326566, 1.712806, 1.796232, 2.534635
0.2438357, 1.653316, 1.787881, 2.533538
0.254824, 1.627305, 1.775986, 2.532358
0.2661052, 1.620082, 1.766107, 2.53115
0.2770963, 1.609004, 1.753173, 2.529929
0.2881805, 1.596406, 1.743967, 2.52859
0.2995226, 1.55652, 1.732241, 2.52694
0.3103907, 1.539352, 1.719434, 2.525508
0.3214088, 1.544384, 1.707048, 2.524029
0.3328129, 1.55597, 1.695219, 2.522515
0.3437687, 1.509126, 1.680992, 2.520939
0.3547947, 1.569559, 1.668826, 2.519568
0.3675655, 1.607344, 1.658551, 2.517631
0.3768942, 1.618644, 1.649399, 2.515712
0.3882491, 1.618693, 1.640328, 2.513922
0.3994255, 1.637494, 1.629723, 2.511643
0.4103807, 1.687427, 1.623492, 2.509742
0.4215332, 1.695285, 1.616098, 2.507737
0.4327158, 1.709669, 1.616655, 2.505705
0.443767, 1.696799, 1.618259, 2.5036
0.4548574, 1.709998, 1.618119, 2.501428
0.4658704, 1.705439, 1.620725, 2.499188
0.4769109, 1.741821, 1.626451, 2.497102
0.4882527, 1.766445, 1.633769, 2.494727
0.4991539, 1.809482, 1.643793, 2.492408
0.5103911, 1.820425, 1.654994, 2.489927
0.5241004, 1.799672, 1.667151, 2.486892
0.5324768, 1.845543, 1.682461, 2.485141
0.5436709, 1.792866, 1.694885, 2.482575
0.5547501, 1.806717, 1.707422, 2.480061
0.565915, 1.909888, 1.727461, 2.477433
0.5770037, 1.930682, 1.745517, 2.474759
0.5880692, 1.860226, 1.758161, 2.47209
0.5991551, 1.87648, 1.771053, 2.469307
0.6103124, 1.85306, 1.782771, 2.466419
0.6214899, 1.849286, 1.793361, 2.46352
0.6325834, 1.849603, 1.80147, 2.460583
0.6436787, 1.640218, 1.798716, 2.457577
0.6548529, 2.806521, 1.853559, 2.454527
0.6664034, 3.209659, 1.929202, 2.451268
0.6785669, 2.79693, 1.983548, 2.447852
0.6880324, 2.30813, 2.013683, 2.444991
0.6993241, 2.148297, 2.034007, 2.441694
0.7103925, 2.150966, 2.053233, 2.438337
0.7213354, 2.267003, 2.076108, 2.434997
0.7324355, 2.173355, 2.093755, 2.431595
0.7435306, 2.2008, 2.113811, 2.428144
0.7546999, 2.272155, 2.135142, 2.424567
0.7656916, 2.154489, 2.153223, 2.421247
0.7768173, 1.812971, 2.153536, 2.417674
0.787972, 2.00471, 2.158277, 2.413978
0.7992637, 1.997644, 2.161625, 2.410312
0.810257, 1.914647, 2.164346, 2.406642
0.8214118, 1.975883, 2.169316, 2.402812
0.8346456, 2.025923, 2.177959, 2.398113
0.843835, 1.937908, 2.18239, 2.394928
0.8546018, 1.943236, 2.187072, 2.391279
0.8658017, 1.995098, 2.204816, 2.387313
0.8768706, 2.002582, 2.164619, 2.38341
0.8878264, 2.051184, 2.106696, 2.379377
0.8991166, 2.047295, 2.069214, 2.375234
0.9101893, 1.887196, 2.048167, 2.371593
0.9211882, 1.93441, 2.037473, 2.367522
0.9324243, 1.957095, 2.027779, 2.362967
0.943605, 1.933737, 2.011116, 2.358734
0.9545547, 1.883972, 1.996647, 2.354599
0.9658116, 1.848946, 1.979054, 2.350241
0.9768265, 1.782856, 1.954589, 2.34589
0.9899395, 1.911934, 1.942461, 2.340728
0.9989442, 2.022299, 1.952928, 2.337135
1.010039, 1.977754, 1.95158, 2.332607
1.02126, 1.952225, 1.949309, 2.32804
1.032323, 1.93028, 1.95009, 2.323546
1.043484, 1.963796, 1.949486, 2.31893
1.054525, 1.929052, 1.944642, 2.31427
1.065771, 1.962824, 1.945888, 2.309311
1.076901, 1.901178, 1.943785, 2.3046
1.087937, 1.907032, 1.939382, 2.299849
1.09909, 1.925894, 1.935547, 2.29518
1.110008, 1.965994, 1.931288, 2.290408
1.121201, 1.927883, 1.925317, 2.285455
1.132491, 1.904013, 1.926158, 2.28043
1.145217, 1.853229, 1.922099, 2.274676
1.154588, 1.962752, 1.922382, 2.270491
1.165529, 1.96574, 1.923982, 2.265949
1.177253, 1.915243, 1.925546, 2.260457
1.187669, 1.938026, 1.93, 2.255626
1.198899, 1.967161, 1.939215, 2.250054
1.209975, 2.076916, 1.947464, 2.244808
1.221227, 2.140384, 1.953369, 2.239432
1.232406, 2.195169, 1.964239, 2.234065
1.24326, 2.213661, 1.977311, 2.228813
1.2546, 2.253477, 1.993471, 2.223266
1.265473, 2.015101, 1.996036, 2.217872
1.276776, 1.951486, 1.997158, 2.21227
1.287966, 1.921099, 1.995072, 2.20645
1.300996, 1.937765, 1.996901, 2.199877
1.3099, 1.930141, 1.998057, 2.195367
1.321252, 1.936725, 1.998598, 2.189855
1.332247, 1.959591, 1.998278, 2.184308
1.343238, 2.036746, 2.003721, 2.178662
1.35452, 2.040311, 2.010536, 2.172812
1.365703, 1.938888, 2.014819, 2.167023
1.376476, 1.930757, 2.013219, 2.161389
1.387749, 1.901456, 2.010005, 2.1554
1.398926, 1.843812, 2.006433, 2.149475
1.409868, 1.796699, 1.999367, 2.1434
1.421114, 1.808646, 1.991441, 2.137359
1.432076, 1.828018, 1.978996, 2.131401
1.443342, 1.829656, 1.96346, 2.12528
1.456627, 1.821955, 1.944799, 2.118094
1.465507, 1.821101, 1.925171, 2.113224
1.476603, 1.880828, 1.906539, 2.107107
1.487663, 1.939351, 1.902751, 2.101062
1.498881, 1.941144, 1.902234, 2.094805
1.509938, 1.98257, 1.905308, 2.08877
1.520913, 1.979964, 1.907418, 2.082623
1.532136, 1.910046, 1.906413, 2.076109
1.543142, 1.941901, 1.906672, 2.069716
1.554582, 1.892867, 1.903336, 2.06324
1.565412, 1.859665, 1.894481, 2.057045
1.576506, 1.929846, 1.888958, 2.050647
1.587677, 1.997431, 1.891885, 2.044182
1.598829, 1.971918, 1.893943, 2.037788
1.61166, 1.923171, 1.895029, 2.030221
1.620985, 2.043263, 1.905002, 2.024742
1.632083, 2.061011, 1.918217, 2.018312
1.643171, 2.053339, 1.930452, 2.011759
1.654496, 2.131329, 1.945617, 2.005008
1.665306, 2.111613, 1.959715, 1.998661
1.676511, 2.032444, 1.97024, 1.991971
1.687788, 2.0872, 1.983545, 1.98508
1.698751, 2.066103, 1.992809, 1.978487
1.709779, 1.903438, 1.991013, 1.971993
1.721031, 1.979699, 1.992941, 1.965189
1.731937, 1.948622, 1.991243, 1.958444
1.743104, 1.912642, 1.987877, 1.951487
1.754499, 1.912995, 1.988025, 1.944503
1.766913, 1.910012, 1.98643, 1.93688
1.776413, 2.016814, 1.992628, 1.931014
1.787598, 1.9946, 1.999374, 1.924069
1.798955, 1.934151, 1.99959, 1.916989
1.809632, 1.912057, 1.995321, 1.910284
1.820962, 1.973408, 1.995395, 1.903176
1.832146, 2.290468, 2.01376, 1.896082
1.843274, 1.999237, 2.011559, 1.889322
1.854524, 1.886, 2.002808, 1.882199
1.865509, 1.793055, 1.989794, 1.875697
1.876808, 1.806027, 1.973529, 1.868518
1.887569, 1.809816, 1.958439, 1.861555
1.898556, 1.850538, 1.949344, 1.854529
1.909639, 1.844318, 1.9372, 1.847149
1.922667, 1.733312, 1.92056, 1.838727
1.932013, 1.801281, 1.915453, 1.832649
1.943071, 1.780236, 1.905479, 1.825488
1.954107, 1.789437, 1.89752, 1.818337
1.965273, 1.808342, 1.892305, 1.811046
1.976426, 1.79881, 1.886596, 1.803692
1.987457, 1.78172, 1.880181, 1.796409
1.998496, 1.78057, 1.868369, 1.789125
2.009616, 1.673315, 1.852305, 1.782027
2.021285, 1.774989, 1.844347, 1.774317
2.031842, 1.772483, 1.837368, 1.767525
2.042815, 1.728325, 1.825114, 1.760193
2.054223, 1.617063, 1.791444, 1.752604
2.065408, 1.618508, 1.772407, 1.745102
2.0781, 1.608893, 1.758552, 1.736489
2.087434, 1.5944, 1.748619, 1.730353
2.098571, 1.605189, 1.738577, 1.722886
2.109635, 1.608148, 1.728493, 1.715516
2.120793, 1.610429, 1.716488, 1.708023
2.131786, 1.66669, 1.707607, 1.700471
2.142879, 1.663341, 1.704108, 1.692974
2.154097, 1.575989, 1.692844, 1.685399
2.165361, 1.565918, 1.682128, 1.677856
2.176153, 1.664451, 1.675879, 1.670523
2.187423, 1.632154, 1.667069, 1.663218
2.198519, 1.654469, 1.659852, 1.655697
2.209547, 1.580101, 1.649771, 1.648167
2.220782, 1.573666, 1.639426, 1.640534
2.233526, 1.572501, 1.634385, 1.631847
2.242924, 1.501463, 1.620709, 1.625436
2.254, 1.47102, 1.605636, 1.617885
2.265322, 1.475381, 1.592988, 1.610129
2.276292, 1.433329, 1.583802, 1.602455
2.287341, 1.443472, 1.57505, 1.594825
2.298446, 1.415513, 1.565381, 1.587177
2.309643, 1.396556, 1.555489, 1.579434
2.320909, 1.38708, 1.544583, 1.571656
2.33167, 1.378444, 1.533098, 1.564385
2.342745, 1.395557, 1.522354, 1.556908
2.354094, 1.444678, 1.511254, 1.549077
2.365026, 1.509796, 1.503576, 1.541343
2.376047, 1.510544, 1.500304, 1.533689
2.392122, 1.478637, 1.49594, 1.522687
2.398395, 1.368549, 1.481145, 1.518343
2.409696, 1.18034, 1.458554, 1.510525
2.420672, 1.399656, 1.445814, 1.502929
2.431739, 1.448062, 1.439212, 1.495571
2.44293, 1.31242, 1.426149, 1.487907
2.453984, 1.28151, 1.4116, 1.480309
2.464938, 1.272934, 1.400173, 1.472758
2.476209, 1.271611, 1.390203, 1.465006
2.487338, 1.271864, 1.380027, 1.457337
2.498383, 1.283827, 1.372552, 1.449717
2.509289, 1.284531, 1.364605, 1.442182
2.520665, 1.280464, 1.357852, 1.434582
2.531663, 1.291467, 1.352598, 1.426975
2.544548, 1.284621, 1.347475, 1.417974
2.554045, 1.366963, 1.346901, 1.411424
2.565037, 1.361279, 1.345187, 1.40457
2.575955, 1.212808, 1.333594, 1.397111
2.587245, 1.28667, 1.322437, 1.388916
2.598312, 1.304768, 1.312148, 1.381333
2.609348, 1.30355, 1.303394, 1.37355
2.620575, 1.280437, 1.298989, 1.365843
2.631617, 1.305949, 1.305269, 1.358304
2.642697, 1.299548, 1.300264, 1.350719
2.653811, 1.249062, 1.290313, 1.343125
2.665164, 1.256151, 1.2875, 1.335377
2.676023, 1.23749, 1.285299, 1.327948
2.687372, 1.198494, 1.281577, 1.32061
2.700152, 1.196441, 1.277819, 1.311913
2.709384, 1.198359, 1.274143, 1.305572
2.720543, 1.172876, 1.268596, 1.297978
2.73155, 1.19977, 1.264358, 1.29046
2.742594, 1.216063, 1.261138, 1.283112
2.753838, 1.215533, 1.257341, 1.27548
2.764984, 1.2027, 1.253245, 1.267719
2.776091, 1.234952, 1.246644, 1.260186
2.787068, 1.239655, 1.240563, 1.252729
2.798219, 1.237442, 1.241795, 1.2452
2.809286, 1.21345, 1.238134, 1.237708
2.820448, 1.208542, 1.233322, 1.230183
2.831598, 1.21102, 1.228696, 1.222668
2.842589, 1.240413, 1.226695, 1.215453
2.855616, 1.180572, 1.220426, 1.206755
2.864941, 1.158534, 1.213375, 1.200474
2.87592, 1.138875, 1.207866, 1.193148
2.887184, 1.172141, 1.203665, 1.185419
2.898207, 1.144263, 1.199004, 1.178072
2.909203, 0.9697458, 1.187567, 1.170746
2.920479, 1.04059, 1.179774, 1.163254
2.931499, 0.9356897, 1.166641, 1.155899
2.942601, 0.9230784, 1.154151, 1.148539
2.953692, 0.9339427, 1.140859, 1.141208
2.96516, 0.927249, 1.126419, 1.133646
2.975875, 0.9339304, 1.112339, 1.126773
2.986974, 0.9443265, 1.09942, 1.11946
2.998231, 0.917803, 1.083562, 1.112094
3.010837, 0.9310739, 1.068133, 1.103909
3.020204, 0.9192219, 1.052222, 1.097811
3.031482, 0.9155746, 1.037329, 1.090511
3.042436, 0.9329978, 1.023552, 1.083417
3.053495, 0.9586297, 1.010932, 1.076477
3.06472, 0.9520112, 0.9965119, 1.069276
3.075702, 0.9361688, 0.9842917, 1.06222
3.086822, 0.9243661, 0.9725834, 1.055092
3.098153, 0.916646, 0.9614719, 1.047876
3.109054, 0.9167458, 0.9487022, 1.04095
3.120118, 0.9425676, 0.9386175, 1.033935
3.131413, 0.9433666, 0.9372986, 1.026709
3.142362, 0.9463956, 0.9325889, 1.019812
3.153512, 0.9332293, 0.9324659, 1.012709
3.166478, 0.9401441, 0.9333191, 1.004664
3.175754, 0.9355791, 0.9334009, 0.9988794
3.186744, 0.9450756, 0.9342922, 0.9918279
3.198031, 0.9320616, 0.9341987, 0.9848059
3.209265, 0.9100853, 0.9324867, 0.9776967
3.220142, 0.9223155, 0.9327124, 0.9709687
3.231298, 0.9274622, 0.9325317, 0.9640628
3.242791, 0.9181327, 0.9324773, 0.9569938
3.253527, 0.9254467, 0.9329709, 0.9513448
3.264651, 0.9259114, 0.9326165, 0.9446399
3.275649, 0.9290232, 0.9311363, 0.9380204
3.286718, 0.9344525, 0.9302583, 0.9308568
3.298024, 0.9373219, 0.930316, 0.9237441
3.309091, 0.9081508, 0.9295052, 0.9171724
3.32186, 0.8923488, 0.9282904, 0.909553
3.331221, 0.888407, 0.9268734, 0.9039605
3.342307, 0.8864543, 0.9240677, 0.897406
3.353508, 0.8885145, 0.921325, 0.8907834
3.364746, 0.9045836, 0.9192344, 0.884194
3.375709, 0.9085108, 0.9179984, 0.877811
3.386791, 0.8840733, 0.9151949, 0.8714588
3.398085, 0.8892897, 0.9128804, 0.8649907
3.409055, 1.095334, 0.9203933, 0.8586777
3.420205, 0.8452769, 0.9160541, 0.852199
3.431353, 0.8103074, 0.9110652, 0.8458558
3.442481, 0.8633199, 0.9081154, 0.8395561
3.453341, 0.8964909, 0.9065668, 0.8338576
3.464606, 0.8825995, 0.9047901, 0.8276978
3.477361, 0.7876551, 0.8979005, 0.8205937
3.486835, 0.772108, 0.8902103, 0.8154661
3.497989, 0.7765387, 0.8825861, 0.8093359
3.508933, 0.7670919, 0.8742181, 0.8033201
3.520194, 0.7532257, 0.8650132, 0.7971811
3.531266, 0.7313867, 0.8561749, 0.7912058
3.542268, 0.7391646, 0.8485157, 0.7852849
3.556675, 0.7370281, 0.8409468, 0.7775533
3.567356, 0.7432893, 0.8337886, 0.7718393
3.575624, 0.7212352, 0.8254247, 0.7674841
3.586547, 0.7342203, 0.8169066, 0.7616959
3.597879, 0.7159063, 0.8072764, 0.7558619
3.608898, 0.7066987, 0.7984077, 0.7500953
3.620289, 0.7042568, 0.789156, 0.7441605
3.633113, 0.7068452, 0.7697315, 0.7373898
3.642228, 0.6984105, 0.7623882, 0.7327359
3.653309, 0.693199, 0.7565328, 0.7270449
3.664598, 0.6929712, 0.7480153, 0.7212268
3.675512, 0.686249, 0.7375032, 0.7156809
3.686595, 0.6911386, 0.7279301, 0.7100708
3.697738, 0.6759993, 0.7223474, 0.7044822
3.708877, 0.6460043, 0.7160422, 0.6989849
3.719935, 0.6387081, 0.7091507, 0.6934909
3.731031, 0.6362294, 0.7026075, 0.6879819
3.742133, 0.6281462, 0.6963536, 0.6824419
3.753545, 0.628908, 0.6912296, 0.6768781
3.764872, 0.6213581, 0.6853393, 0.6713147
3.775664, 0.62059, 0.6795174, 0.6660476
3.788219, 0.6221873, 0.6734623, 0.660013
3.797698, 0.6008886, 0.667445, 0.6554377
3.808875, 0.6009163, 0.6607798, 0.649928
3.819818, 0.6033043, 0.6551496, 0.6447436
3.83128, 0.6022052, 0.649925, 0.6393976
3.842183, 0.6078733, 0.6451058, 0.634332
3.853281, 0.6082481, 0.6401759, 0.6291607
3.864425, 0.610374, 0.6357741, 0.6242646
3.875587, 0.5982872, 0.6310285, 0.6191442
3.886585, 0.6037352, 0.6265668, 0.6144094
3.898023, 0.5972033, 0.6221145, 0.6093042
3.908676, 0.5941823, 0.6172667, 0.6046191
3.920052, 0.585068, 0.6127201, 0.5996001
3.931096, 0.576498, 0.6092447, 0.5947411
3.944283, 0.5876497, 0.6066918, 0.5890199
3.953169, 0.5846474, 0.6041127, 0.5851806
3.964413, 0.5812078, 0.6017658, 0.5804735
3.975267, 0.5915854, 0.5998996, 0.5758422
3.986417, 0.5539164, 0.5965275, 0.5711808
3.997689, 0.5787364, 0.5944349, 0.5663725
4.008652, 0.5699102, 0.591821, 0.5618479
4.019782, 0.5728369, 0.5904184, 0.5573089
4.030926, 0.5703942, 0.5888923, 0.5528075
4.042073, 0.5708127, 0.5872678, 0.5485303
4.053134, 0.5722836, 0.5857717, 0.5441343
4.064293, 0.5662484, 0.5836905, 0.5398036
4.075306, 0.5623775, 0.5813969, 0.5355415
4.086786, 0.5623009, 0.5789933, 0.5311399
4.099428, 0.564563, 0.577307, 0.5263674
4.108784, 0.5656654, 0.5754036, 0.5229
4.119578, 0.564957, 0.5737912, 0.5189034
4.131116, 0.5620655, 0.5721854, 0.5147509
4.14212, 0.5581083, 0.5708374, 0.5106969
4.153346, 0.5584037, 0.5699327, 0.5066752
4.164262, 0.557128, 0.5684066, 0.5029057
4.17676, 0.57287, 0.5678178, 0.4985603
4.186355, 0.5556045, 0.5665376, 0.4956632
4.197659, 0.5358995, 0.5637533, 0.4918521
4.208543, 0.5883489, 0.5654749, 0.4882177
4.219773, 0.5675863, 0.5649174, 0.4845206
4.230841, 0.5793668, 0.5653902, 0.4809623
4.24213, 0.5842279, 0.5659598, 0.4773134
4.254915, 0.5614364, 0.5655119, 0.4732811
4.264172, 0.5448679, 0.5642146, 0.4704122
4.275398, 0.5347522, 0.562338, 0.4672655
4.286339, 0.5431431, 0.5611828, 0.4639496
4.297511, 0.5345102, 0.5597895, 0.4604501
4.308515, 0.5259385, 0.5579714, 0.4572298
4.319792, 0.5215503, 0.5558207, 0.454115
4.330825, 0.5153356, 0.5533043, 0.4510025
4.341811, 0.5024073, 0.5501767, 0.4479184
4.353014, 0.4978003, 0.5469635, 0.4448454
4.364078, 0.4916508, 0.5436406, 0.4417403
4.375347, 0.4680366, 0.5391222, 0.4389485
4.38633, 0.455609, 0.5340463, 0.4360954
4.397439, 0.4467049, 0.527738, 0.4332044
4.410074, 0.4336686, 0.5216413, 0.430056
4.419666, 0.4334094, 0.5165168, 0.4276998
4.430881, 0.4352287, 0.5088608, 0.4249582
4.44196, 0.43217, 0.50209, 0.4223396
4.452859, 0.4346429, 0.4948538, 0.4198056
4.46411, 0.434546, 0.4873697, 0.4171835
4.475192, 0.3466577, 0.4766307, 0.4147179
4.486191, 0.3894992, 0.4688623, 0.412281
4.497756, 0.373753, 0.4608123, 0.41001
4.508424, 0.3724903, 0.4522797, 0.4077795
4.51967, 0.3707365, 0.4440909, 0.4055565
4.530721, 0.3689028, 0.4362392, 0.403433
4.541712, 0.3691898, 0.4286212, 0.4014869
4.553111, 0.3661635, 0.4211625, 0.3993437
4.56863, 0.3632702, 0.4142057, 0.3963824
4.575268, 0.3639683, 0.4075141, 0.3952268
4.586385, 0.3622054, 0.4010418, 0.3932955
4.597398, 0.3613441, 0.3957072, 0.391431
4.608717, 0.357425, 0.390798, 0.3892806
4.619627, 0.3589286, 0.3864092, 0.3875219
4.630774, 0.3593357, 0.3826925, 0.3858591
4.641809, 0.3386814, 0.3779562, 0.3842325
4.652878, 0.3609826, 0.3742438, 0.3830901
4.664042, 0.3532472, 0.3702977, 0.3815449
4.67512, 0.3671447, 0.3669228, 0.3800704
4.686096, 0.344621, 0.3624265, 0.3786677
4.697355, 0.3363481, 0.3619111, 0.3772585
4.708552, 0.3330629, 0.3590892, 0.3758848
4.721514, 0.3359537, 0.3571993, 0.3742223
4.730916, 0.3310437, 0.3551269, 0.3732186
4.741836, 0.3201309, 0.3525966, 0.3720118
4.75288, 0.3332525, 0.3508141, 0.3708869
4.763923, 0.3335272, 0.349031, 0.3697587
4.775037, 0.3412511, 0.3477854, 0.3691608
4.787045, 0.3462319, 0.3469334, 0.3681385
4.797221, 0.3375935, 0.3456147, 0.3673929
4.808417, 0.3253099, 0.3437699, 0.3666416
4.819541, 0.3628441, 0.3438449, 0.365895
4.832194, 0.3470572, 0.3433265, 0.3650415
4.841692, 0.3470248, 0.3427313, 0.3645143
4.852757, 0.3530106, 0.3424151, 0.363843
4.863909, 0.3159948, 0.3412808, 0.3634427
4.876852, 0.3265983, 0.3395616, 0.3627645
4.886051, 0.3265769, 0.338228, 0.3623026
4.897233, 0.3213, 0.3359358, 0.3618216
4.908405, 0.3457982, 0.3359947, 0.3614447
4.919561, 0.3432519, 0.3363398, 0.3606268
4.930604, 0.3374016, 0.3365568, 0.3602557
4.941754, 0.3252459, 0.3360214, 0.3599817
4.952722, 0.3151929, 0.3352288, 0.3596649
4.963749, 0.3165094, 0.3350478, 0.3594713
4.975092, 0.3171549, 0.3342429, 0.3593772
4.986104, 0.3177199, 0.3334525, 0.3592583
4.997193, 0.3185689, 0.3323184, 0.3592107
5.008219, 0.3189835, 0.330956, 0.3592668
5.019436, 0.3179284, 0.3299727, 0.3594343
5.032351, 0.3145547, 0.329435, 0.3598202
5.041567, 0.3115467, 0.3268701, 0.3599487
5.052607, 0.3099512, 0.3250148, 0.3600003
5.063969, 0.3095785, 0.3231425, 0.3602536
5.074914, 0.3116044, 0.3210722, 0.3605431
5.085978, 0.3117338, 0.3208591, 0.3609649
5.097014, 0.3069222, 0.3198754, 0.361408
5.108196, 0.3019961, 0.3186463, 0.3618827
5.119378, 0.3039472, 0.3177787, 0.3624539
5.130474, 0.3050666, 0.3157421, 0.3629956
5.141652, 0.3180014, 0.3144796, 0.3637527
5.152685, 0.3192487, 0.313572, 0.3645353
5.164189, 0.3238854, 0.3135039, 0.3652912
5.175028, 0.3208978, 0.3137892, 0.3660563
5.187558, 0.3217309, 0.3140503, 0.3670422
5.197163, 0.317949, 0.31409, 0.3678162
5.208175, 0.3233696, 0.3143725, 0.3687395
5.219294, 0, 0.298444, 0.3698393
5.230403, 0.3213547, 0.2985626, 0.3709151
5.241469, 0.3223064, 0.2987815, 0.3719918
5.252845, 0.3212975, 0.2991186, 0.3731229
5.263543, 0.3213975, 0.2996111, 0.3742939
5.274887, 0.3222518, 0.3002262, 0.3755009
5.285787, 0.3225649, 0.3008755, 0.3767474
5.297004, 0.3226032, 0.3014254, 0.3778765
5.308468, 0.3231696, 0.3019972, 0.3792953
5.319195, 0.3235568, 0.3028289, 0.3805804
5.330642, 0.3291565, 0.3041869, 0.3827338
5.343306, 0.3775102, 0.3078651, 0.3845534
5.352734, 0.3917293, 0.3121982, 0.3857244
5.363616, 0.4155656, 0.3170764, 0.3873748
5.374906, 0.479906, 0.3251093, 0.3889279
5.38585, 0.4804838, 0.3329392, 0.3906559
5.397018, 0.4794091, 0.3408648, 0.3924671
5.40813, 0.478736, 0.3487151, 0.3943526
5.419173, 0.4741017, 0.3565227, 0.3967001
5.430582, 0.4752569, 0.3641171, 0.3985415
5.441418, 0.4644071, 0.3873374, 0.4005085
5.452432, 0.460245, 0.3942819, 0.4025958
5.463715, 0.3549059, 0.3959119, 0.4047886
5.474874, 0.3373363, 0.3967138, 0.4068546
5.485816, 0.343639, 0.3978259, 0.4090816
5.499131, 0.3644339, 0.399935, 0.4117485
5.508184, 0.3414462, 0.4008791, 0.413627
5.519105, 0.3795967, 0.4037288, 0.4160321
5.530256, 0.3963827, 0.4073894, 0.4184479
5.541339, 0.3890833, 0.4106657, 0.4209598
5.552485, 0.3841745, 0.4134166, 0.4240655
5.566603, 0.3791173, 0.4134969, 0.4273806
5.575161, 0.3793213, 0.4128765, 0.4294937
5.585744, 0.3768872, 0.4109426, 0.4321496
5.596668, 0.3763265, 0.4057636, 0.4346379
5.608015, 0.3755581, 0.4005173, 0.4375492
5.618996, 0.3740128, 0.3952475, 0.4404044
5.630231, 0.3731977, 0.3899706, 0.4430769
5.641488, 0.3702258, 0.3847768, 0.4460446
5.654139, 0.3691652, 0.3794722, 0.449849
5.663449, 0.3680592, 0.3746548, 0.4523886
5.674844, 0.3748196, 0.3703836, 0.4556108
5.685772, 0.3820845, 0.3717425, 0.4588664
5.696757, 0.378245, 0.3737879, 0.4620843
5.707969, 0.3816597, 0.3756889, 0.4653956
5.719102, 0.377656, 0.37635, 0.4687207
5.730178, 0.3719441, 0.3778749, 0.4719556
5.741244, 0.39411, 0.3786006, 0.4753422
5.752354, 0.3972362, 0.3786432, 0.4788339
5.763498, 0.3947704, 0.3789276, 0.4823384
5.774675, 0.4063733, 0.3800375, 0.486441
5.785625, 0.4108377, 0.3816236, 0.4899819
5.796873, 0.407011, 0.3830081, 0.4937126
5.809786, 0.4149257, 0.38491, 0.4979616
5.819031, 0.4193777, 0.3870625, 0.5009414
5.83028, 0.4216481, 0.389367, 0.5043221
5.841246, 0.4211752, 0.3917251, 0.508103
5.852333, 0.4217786, 0.3941542, 0.5122066
5.863538, 0.4202297, 0.3966544, 0.5161141
5.874609, 0.4217328, 0.3992828, 0.5199018
5.885684, 0.4229358, 0.4020266, 0.5238292
5.896744, 0.4316238, 0.4048668, 0.5276931
5.907941, 0.4285277, 0.4071889, 0.5317402
5.918998, 0.4282943, 0.4096913, 0.5359176
5.930206, 0.4278746, 0.4120021, 0.5403955
5.941428, 0.4317239, 0.4147055, 0.5446461
5.95235, 0.4468264, 0.4184496, 0.5488145
5.965447, 0.44983, 0.4212356, 0.5539661
5.974639, 0.4504399, 0.4238957, 0.5576897
5.985482, 0.4548508, 0.4268998, 0.5619873
5.996777, 0.4551173, 0.429337, 0.5665616
6.008022, 0.4574554, 0.4316679, 0.5711402
6.01897, 0.4600127, 0.4343179, 0.5758258
6.029925, 0.45926, 0.4365346, 0.5804163
6.041161, 0.4679617, 0.4389638, 0.5848736
6.052187, 0.4800434, 0.4418836, 0.5895157
6.063258, 0.4933434, 0.445492, 0.5942635
6.074478, 0.4914766, 0.4489769, 0.5990788
6.08549, 0.4947604, 0.4527035, 0.60381
6.096608, 0.5109408, 0.4571639, 0.6085344
6.107938, 0.5151452, 0.4617743, 0.6134704
6.120316, 0.5167766, 0.466032, 0.6189243
6.129963, 0.517833, 0.4704973, 0.6232381
6.141122, 0.5335258, 0.4757589, 0.6282637
6.152216, 0.5330681, 0.4810185, 0.6332825
6.163377, 0.5304967, 0.4859571, 0.6382903
6.174416, 0.5460874, 0.4909202, 0.6433629
6.185524, 0.5473246, 0.4957949, 0.6485133
6.196593, 0.5469401, 0.5006199, 0.6536796
6.207852, 0.5577778, 0.5057662, 0.6589481
6.218869, 0.559931, 0.5110069, 0.6641732
6.230026, 0.5525835, 0.5157633, 0.669479
6.241169, 0.553423, 0.5204338, 0.6748172
6.25216, 0.5532184, 0.5251318, 0.6801445
6.263443, 0.5632777, 0.5298976, 0.6856474
6.276126, 0.5659867, 0.5341947, 0.691849
6.285455, 0.5627133, 0.5376632, 0.6964895
6.29667, 0.5725282, 0.5417157, 0.7020762
6.307749, 0.5852002, 0.5462378, 0.7075341
6.318728, 0.5811386, 0.5497476, 0.7130476
6.329893, 0.5872971, 0.5533553, 0.7185368
6.341074, 0.5884373, 0.5569383, 0.7241133
6.352046, 0.5952977, 0.5608115, 0.7297119
6.363144, 0.6006169, 0.5641661, 0.7359169
6.374366, 0.6247649, 0.5687509, 0.7417352
6.385478, 0.6338268, 0.5739174, 0.7475442
6.396489, 0.6434257, 0.5787843, 0.753332
6.407641, 0.6532938, 0.5840828, 0.7592263
6.418828, 0.6550416, 0.5894879, 0.7651795
6.431824, 0.655784, 0.5943882, 0.7721514
6.44144, 0.6487172, 0.5988275, 0.7773257
6.452211, 0.6664094, 0.6045188, 0.7833438
6.463103, 0.6797402, 0.6108347, 0.7892776
6.47437, 0.6763842, 0.616993, 0.7954645
6.48528, 0.6777626, 0.6227172, 0.8014255
6.496647, 0.6763106, 0.6282334, 0.8077286
6.50771, 0.6636498, 0.6332802, 0.813911
6.518548, 0.6855894, 0.6389333, 0.819988
6.529798, 0.683387, 0.6438426, 0.8261542
6.54098, 0.6970856, 0.64964, 0.8323408
6.552094, 0.6944113, 0.6549956, 0.8386638
6.56313, 0.7018444, 0.660666, 0.8449167
6.574425, 0.6978443, 0.6657933, 0.8513871
6.587035, 0.7004911, 0.670787, 0.8586366
6.596388, 0.6846538, 0.6737815, 0.864158
6.607534, 0.7028061, 0.6772305, 0.8707631
6.618522, 0.7245617, 0.6812873, 0.8769816
6.629676, 0.7104986, 0.6841475, 0.8835251
6.640966, 0.6986112, 0.686326, 0.8901473
6.651937, 0.696954, 0.6883845, 0.8963367
6.663114, 0.6839418, 0.6901458, 0.9028949
6.674383, 0.6965504, 0.6916528, 0.9095832
6.685359, 0.7009063, 0.6927111, 0.9161692
6.696352, 0.7098059, 0.6943822, 0.9229046
6.707547, 0.7153425, 0.6962612, 0.9296659
6.718548, 0.7217799, 0.6985346, 0.936183
6.729824, 0.7286421, 0.7017843, 0.9430118
6.742619, 0.7491115, 0.7049603, 0.9507506
6.752004, 0.749899, 0.7082859, 0.9567055
6.763106, 0.741933, 0.7105283, 0.9634654
6.774251, 0.7240233, 0.7120089, 0.9708002
6.785235, 0.733075, 0.7135705, 0.977635
6.796276, 0.7357304, 0.7154647, 0.9844889
6.807483, 0.7330693, 0.7170936, 0.9914718
6.818551, 0.8054072, 0.7231314, 0.9981225
6.829754, 0.8593214, 0.7309572, 1.005108
6.840699, 0.8807555, 0.7387668, 1.011985
6.851948, 0.8911055, 0.7477971, 1.019044
6.86278, 0.9036788, 0.7580506, 1.025885
6.874101, 0.9059571, 0.7685007, 1.033042
6.885213, 0.9013373, 0.7793704, 1.040043
6.898341, 0.9043481, 0.7897603, 1.048402
6.907478, 0.881909, 0.7988104, 1.054544
6.918518, 0.9023222, 0.8084362, 1.061625
6.929565, 0.901507, 0.8177444, 1.068795
6.940681, 0.8890809, 0.8261094, 1.075996
6.951948, 0.8587432, 0.8326145, 1.083267
6.963, 0.7913681, 0.8347274, 1.090476
6.974002, 0.9031249, 0.8423887, 1.097782
6.985152, 0.9360087, 0.8520924, 1.105147
6.996292, 0.9745924, 0.8646209, 1.112478
7.007343, 0.9614788, 0.8760411, 1.119841
7.018448, 0.9618661, 0.8873479, 1.127197
7.029468, 0.962795, 0.8988342, 1.134578
7.04079, 1.005305, 0.9088291, 1.142104
7.053586, 0.9688354, 0.9143049, 1.150362
7.062887, 0.9445389, 0.9174939, 1.156545
7.074103, 0.9295195, 0.9194146, 1.163827
7.08514, 0.9196853, 0.920215, 1.171204
7.096236, 0.9107187, 0.9204531, 1.178565
7.107541, 0.9105169, 0.9209121, 1.186197
7.118374, 0.9295973, 0.9221746, 1.193486
7.129893, 0.9302639, 0.9245923, 1.201258
7.140812, 0.9929227, 0.9291223, 1.208801
7.151588, 0.9909422, 0.933594, 1.216106
7.16282, 0.9912245, 0.9387013, 1.22373
7.174136, 1.039458, 0.9477369, 1.231513
7.185028, 1.052141, 0.9607756, 1.238983
7.196172, 1.069028, 0.9690707, 1.246551
7.209147, 1.074587, 0.9759997, 1.255344
7.21834, 1.06124, 0.980332, 1.261623
7.229562, 1.049451, 0.9847306, 1.269308
7.240821, 1.033515, 0.988313, 1.276991
7.25166, 1.058589, 0.9931027, 1.284364
7.262806, 1.032612, 0.994468, 1.292002
7.274051, 1.059891, 0.9990208, 1.299627
7.284959, 1.140122, 1.0088, 1.307072
7.296038, 1.166396, 1.020644, 1.314638
7.30739, 1.187158, 1.034017, 1.322384
7.318433, 1.181311, 1.047547, 1.329921
7.329441, 1.243605, 1.064201, 1.337675
7.340644, 1.274656, 1.081454, 1.345366
7.351752, 1.33304, 1.101593, 1.352993
7.364541, 1.368259, 1.12036, 1.361796
7.37402, 1.38044, 1.139835, 1.368304
7.385104, 1.416802, 1.161114, 1.375932
7.396152, 1.397406, 1.179011, 1.383918
7.407433, 1.440652, 1.198436, 1.391681
7.418193, 1.398701, 1.21492, 1.399167
7.429328, 1.395901, 1.230986, 1.406843
7.440547, 1.465778, 1.251213, 1.414569
7.451648, 1.403101, 1.268895, 1.42222
7.462784, 1.398619, 1.287151, 1.429799
7.47384, 5.492987, 1.50887, 1.437424
7.484809, 5.466258, 1.730553, 1.445002
7.496126, 5.053506, 1.930233, 1.452726
7.507382, 5.271455, 2.1368, 1.460458
7.519943, 5.036137, 2.330287, 1.469106
7.529448, 4.789647, 2.510412, 1.47561
7.540398, 4.746498, 2.688671, 1.483127
7.551803, 4.147902, 2.833886, 1.491182
7.562674, 3.667534, 2.953529, 1.498685
7.573831, 3.622705, 3.068013, 1.506313
7.584961, 3.417977, 3.170498, 1.513924
7.596139, 3.346258, 3.268789, 1.521598
7.606957, 3.284974, 3.362198, 1.529009
7.618184, 3.249935, 3.454824, 1.536759
7.629318, 3.236804, 3.544632, 1.544405
7.640419, 3.596588, 3.654526, 1.552
7.651716, 3.555699, 3.762516, 1.559735
7.662809, 3.489844, 3.863719, 1.567307
7.675699, 3.40978, 3.964054, 1.5764
7.684846, 3.526768, 4.070461, 1.582576
7.696071, 3.730506, 3.982337, 1.590258
7.707011, 3.616558, 3.889852, 1.597625
7.71814, 3.568125, 3.815583, 1.605234
7.729225, 3.725049, 3.738263, 1.612745
7.740338, 4.064212, 3.689666, 1.620328
7.751488, 3.955619, 3.647965, 1.628036
7.762627, 3.959131, 3.608596, 1.635583
7.773683, 3.890803, 3.595741, 1.6431
7.784708, 3.56864, 3.590797, 1.650622
7.795915, 1.256052, 3.472464, 1.658233
7.806998, 1.232187, 3.363174, 1.665605
7.818276, 1.321051, 3.261914, 1.673206
7.832128, 1.318291, 3.16358, 1.68256
7.840821, 1.285143, 3.06534, 1.688455
7.851523, 1.293169, 2.968158, 1.695662
7.862566, 1.311929, 2.853925, 1.70313
7.873639, 1.348454, 2.743563, 1.710574
7.884912, 1.358477, 2.636995, 1.718282
7.895871, 1.387531, 2.535882, 1.725624
7.906857, 1.380445, 2.428566, 1.732938
7.917976, 1.432818, 2.313682, 1.740401
7.929195, 1.429444, 2.204326, 1.74788
7.940227, 1.452619, 2.098551, 1.754811
7.951296, 1.600605, 1.992329, 1.762135
7.962743, 1.576071, 1.867922, 1.769733
7.973851, 1.487849, 1.744533, 1.777064
7.98645, 1.631473, 1.62815, 1.785363
7.995895, 1.520583, 1.509639, 1.79157
8.006845, 1.499916, 1.406203, 1.798825
8.018687, 1.524621, 1.419631, 1.80655
8.02902, 1.637864, 1.439915, 1.813953
8.040253, 1.633361, 1.455531, 1.821298
8.051446, 1.574754, 1.468354, 1.828548
8.062484, 1.576486, 1.482921, 1.835755
8.073655, 1.593471, 1.497936, 1.843015
8.084623, 1.632751, 1.513977, 1.850132
8.095799, 1.641675, 1.528639, 1.857344
8.106832, 1.57458, 1.539444, 1.863932
8.118141, 1.573196, 1.548727, 1.871176
8.129202, 1.594889, 1.559449, 1.878427
8.141863, 1.575535, 1.566585, 1.886706
8.151228, 1.545856, 1.572406, 1.892672
8.162767, 1.554114, 1.57748, 1.900038
8.173521, 1.568462, 1.575873, 1.906851
8.184563, 1.570209, 1.57558, 1.9138
8.195746, 1.54944, 1.57866, 1.920854
8.206964, 1.543355, 1.574254, 1.927673
8.218104, 1.527489, 1.574599, 1.934584
8.229067, 1.536714, 1.576439, 1.94141
8.240192, 1.620126, 1.581214, 1.948278
8.251297, 1.620856, 1.580364, 1.955089
8.262621, 1.641928, 1.580792, 1.96204
8.273559, 1.670472, 1.585578, 1.968691
8.28463, 1.634032, 1.588455, 1.975253
8.297762, 1.64105, 1.590834, 1.983184
8.30679, 1.626718, 1.590532, 1.988714
8.317861, 1.610638, 1.58898, 1.995371
8.32886, 1.649658, 1.592734, 2.001943
8.339966, 1.615425, 1.594846, 2.008555
8.351295, 1.674042, 1.598803, 2.015287
8.362226, 1.745172, 1.607285, 2.021916
8.373446, 1.797955, 1.61989, 2.028541
8.384722, 1.948741, 1.639621, 2.035264
8.395643, 1.956319, 1.659014, 2.041664
8.406821, 1.959733, 1.67849, 2.048073
8.41783, 2.059894, 1.704013, 2.054485
8.428941, 2.048583, 1.729275, 2.06083
8.44021, 2.015406, 1.75367, 2.06729
8.452888, 2.035069, 1.778588, 2.074645
8.46258, 2.045768, 1.79987, 2.080278
8.473453, 2.006235, 1.819139, 2.086448
8.484429, 1.944593, 1.834273, 2.09273
8.495784, 1.949757, 1.848237, 2.099117
8.506672, 1.913829, 1.862227, 2.105201
8.517793, 1.889525, 1.874651, 2.111387
8.528866, 1.935097, 1.89007, 2.117645
8.539896, 1.805489, 1.899812, 2.123717
8.551144, 1.81109, 1.907884, 2.129671
8.562268, 1.788615, 1.916543, 2.135773
8.573236, 1.687024, 1.917192, 2.141705
8.584468, 1.689712, 1.914419, 2.147755
8.595692, 1.690329, 1.909038, 2.153767
8.611409, 1.710978, 1.89715, 2.162123
8.617678, 1.725107, 1.885589, 2.165446
8.629192, 1.724336, 1.87382, 2.171396
8.639964, 1.7913, 1.86039, 2.176984
8.651168, 1.830143, 1.849468, 2.182793
8.662178, 1.859417, 1.841668, 2.188378
8.673368, 1.997263, 1.839778, 2.194101
8.684524, 2.119373, 1.843458, 2.199777
8.695524, 2.116037, 1.848948, 2.205456
8.706461, 2.065223, 1.85498, 2.210916
8.717772, 2.055984, 1.860291, 2.216518
8.728795, 2.093063, 1.869253, 2.22196
8.73995, 2.144506, 1.882002, 2.227411
8.751128, 2.143798, 1.892437, 2.232831
8.763854, 2.129122, 1.908619, 2.239055
8.773331, 2.017212, 1.918925, 2.243609
8.784435, 2.024628, 1.930725, 2.248791
8.795499, 1.943242, 1.943536, 2.254009
8.806835, 2.024421, 1.960272, 2.259419
8.817941, 1.949151, 1.973213, 2.264588
8.828924, 1.948929, 1.98511, 2.269648
8.839908, 1.882078, 1.992958, 2.274707
8.850894, 1.834195, 1.998451, 2.27971
8.862129, 1.900926, 2.003932, 2.284799
8.873251, 1.788027, 2.001827, 2.289788
8.88431, 1.792641, 1.998488, 2.29477
8.895386, 1.802977, 1.988774, 2.299656
8.906369, 1.956434, 1.980627, 2.304421
8.919312, 1.936802, 1.971665, 2.31001
8.928643, 1.849605, 1.960884, 2.314048
8.939756, 1.848812, 1.950526, 2.318803
8.950981, 1.707327, 1.931239, 2.323831
8.962525, 1.458436, 1.896935, 2.328682
8.973228, 1.405188, 1.860005, 2.333166
8.984433, 1.625396, 1.834818, 2.337757
8.995331, 1.519311, 1.809923, 2.342238
9.006632, 1.578479, 1.787616, 2.346971
9.017548, 1.679901, 1.774449, 2.351358
9.028613, 1.62247, 1.754351, 2.355593
9.039688, 1.602909, 1.737039, 2.359945
9.050946, 1.574311, 1.718308, 2.364339
9.062516, 1.587376, 1.703573, 2.368838
9.075087, 1.622007, 1.692964, 2.373631
9.084165, 1.639852, 1.67991, 2.376876
9.095254, 1.645088, 1.672763, 2.381014
9.106562, 1.680378, 1.66715, 2.385204
9.117508, 1.682051, 1.661104, 2.389192
9.128535, 1.681061, 1.647335, 2.393275
9.139699, 1.673938, 1.634192, 2.397292
9.150764, 1.704378, 1.626931, 2.401189
9.162081, 1.695345, 1.619258, 2.405141
9.172923, 1.702495, 1.619016, 2.408862
9.184075, 1.701425, 1.631165, 2.412643
9.195325, 1.777691, 1.64979, 2.416592
9.206387, 1.735147, 1.655278, 2.420273
9.217591, 1.685168, 1.663571, 2.423913
9.230227, 1.671382, 1.668216, 2.428002
9.23972, 1.539789, 1.66121, 2.43101
9.250833, 1.493913, 1.654783, 2.434533
9.261884, 1.53768, 1.651521, 2.437922
9.272925, 1.559044, 1.650758, 2.441316
9.28406, 1.455676, 1.644173, 2.444663
9.295568, 1.557599, 1.640952, 2.448085
9.306328, 1.53143, 1.635531, 2.451142
9.317409, 1.533453, 1.62995, 2.454343
9.328521, 1.53512, 1.622687, 2.457817
9.339592, 1.772165, 1.627192, 2.460898
9.350779, 1.767824, 1.63153, 2.464007
9.361837, 1.836037, 1.639635, 2.467059
9.372955, 1.894644, 1.649149, 2.470352
9.385821, 1.893161, 1.659039, 2.473754
9.395169, 1.894114, 1.66862, 2.476237
9.4062, 1.907064, 1.678902, 2.479072
9.417417, 1.92565, 1.6863, 2.481943
9.428391, 1.934215, 1.696254, 2.484673
9.439586, 1.895904, 1.70679, 2.487266
9.450607, 1.869811, 1.716712, 2.489907
9.461753, 1.855379, 1.732491, 2.492543
9.473012, 1.954937, 1.755543, 2.495146
9.484285, 1.91388, 1.774353, 2.497368
9.495033, 1.885929, 1.790697, 2.499735
9.506168, 1.903309, 1.813079, 2.502108
9.517173, 1.854045, 1.827901, 2.504723
9.528527, 1.816822, 1.84217, 2.507055
9.541287, 1.77582, 1.854289, 2.509566
9.550823, 1.785199, 1.866793, 2.511436
9.561805, 1.808188, 1.868594, 2.513413
9.573064, 1.768103, 1.868608, 2.515497
9.58402, 1.725443, 1.863078, 2.517317
9.595215, 1.81178, 1.858935, 2.519236
9.606209, 1.760553, 1.852305, 2.52114
9.617393, 1.74645, 1.844921, 2.522767
9.628439, 1.746696, 1.836903, 2.524526
9.639451, 1.739628, 1.827602, 2.526325
9.650486, 1.766979, 1.81924, 2.527977
9.661879, 1.772454, 1.813067, 2.529729
9.672973, 1.849959, 1.812075, 2.531296
9.683996, 1.878895, 1.813251, 2.532715
9.696882, 1.955968, 1.813302, 2.534382
9.706532, 1.830109, 1.809114, 2.535588
9.717196, 1.801082, 1.804871, 2.536778
9.728284, 1.769634, 1.798188, 2.538074
9.739504, 1.772246, 1.794098, 2.539461
9.750591, 1.839772, 1.795245, 2.540656
9.761786, 1.895116, 1.80121, 2.541975
9.77286, 1.880801, 1.80599, 2.543095
9.783963, 1.767381, 1.80395, 2.54386
9.795064, 1.772217, 1.804155, 2.544778
9.806123, 1.810196, 1.808393, 2.545683
9.817313, 1.80876, 1.808242, 2.546881
9.828498, 1.846401, 1.812535, 2.547736
9.839389, 1.845021, 1.817463, 2.548494
9.852198, 1.895861, 1.824921, 2.549357
9.861825, 1.892368, 1.832558, 2.55011
9.872814, 1.916726, 1.840046, 2.550753
9.883947, 2.024431, 1.852644, 2.551145
9.894981, 2.19802, 1.870047, 2.551656
9.906313, 2.163738, 1.88429, 2.552209
9.917157, 2.045615, 1.888772, 2.552641
9.928328, 1.91278, 1.892906, 2.553012
9.940018, 1.881067, 1.896905, 2.553371
9.950566, 1.860047, 1.901425, 2.553605
9.961806, 1.854632, 1.905545, 2.553751
9.972648, 1.839561, 1.905534, 2.553879
9.983675, 1.829151, 1.902236, 2.553865
9.995124, 1.865379, 1.901465, 2.553909
10.00792, 1.853982, 1.905795, 2.554273
10.01705, 2.116585, 1.923013, 2.554049
10.02822, 2.093832, 1.937195, 2.553927
10.03958, 2.16424, 1.954969, 2.553775
10.05053, 2.155531, 1.970426, 2.553557
10.06158, 2.13761, 1.985055, 2.553124
10.07259, 1.991675, 1.989846, 2.552797
10.08364, 1.996137, 1.995034, 2.552454
10.09481, 1.980119, 1.998204, 2.552311
10.10598, 1.952651, 1.994615, 2.551883
10.11704, 1.871377, 1.978283, 2.55135
10.12845, 1.845219, 1.962357, 2.550619
10.13933, 1.90836, 1.955494, 2.550001
10.15048, 1.788481, 1.949279, 2.549311
10.16347, 1.79173, 1.944812, 2.548398
10.1727, 1.849691, 1.944294, 2.547756
10.18365, 1.84028, 1.943577, 2.546867
10.19484, 1.859886, 1.944593, 2.545919
10.20602, 1.876069, 1.946939, 2.544962
10.21711, 1.949779, 1.951159, 2.543933
10.2283, 1.91742, 1.954331, 2.542884
10.2394, 1.920426, 1.944523, 2.541728
10.25031, 1.945236, 1.937093, 2.540587
10.26142, 1.976298, 1.927696, 2.539369
10.27269, 1.794925, 1.909666, 2.538077
10.2836, 1.691168, 1.887344, 2.536788
10.29472, 1.682321, 1.871876, 2.535356
10.30595, 1.689489, 1.856543, 2.533879
10.31879, 1.692365, 1.842156, 2.532102
10.32812, 1.735523, 1.831299, 2.5308
10.33916, 1.831575, 1.829309, 2.529215
10.35016, 1.83337, 1.828717, 2.527583
10.36161, 1.876396, 1.827119, 2.52601
10.37261, 1.990795, 1.837234, 2.524322
10.38358, 1.976907, 1.846493, 2.522552
10.3948, 1.986693, 1.853343, 2.520956
10.40582, 2.011925, 1.861925, 2.519049
10.417, 1.990114, 1.868437, 2.517108
10.4281, 2.06283, 1.877775, 2.515108
10.43915, 2.071764, 1.883874, 2.513134
10.45021, 2.023014, 1.889154, 2.511021
10.46161, 1.927602, 1.889513, 2.508631
10.4743, 1.825865, 1.883544, 2.506083
10.48365, 1.836669, 1.876563, 2.504073
10.49465, 1.779436, 1.875788, 2.50176
10.50591, 1.765279, 1.879494, 2.499321
10.51687, 1.745647, 1.88266, 2.496982
10.528, 1.727731, 1.884572, 2.494483
10.53904, 1.799161, 1.889912, 2.491923
10.55012, 1.812665, 1.893769, 2.489337
10.5613, 1.81102, 1.892741, 2.486772
10.57251, 1.835025, 1.892824, 2.48407
10.58372, 1.788621, 1.888435, 2.481328
10.5946, 1.810612, 1.879426, 2.478598
10.60569, 1.81603, 1.871382, 2.475795
10.6169, 1.783368, 1.861216, 2.472708
10.63012, 1.80232, 1.850736, 2.469208
10.63935, 1.730205, 1.83774, 2.466737
10.65034, 1.711988, 1.820198, 2.46366
10.66132, 1.772827, 1.805251, 2.460571
10.67231, 1.80631, 1.794416, 2.457477
10.68713, 1.752173, 1.785645, 2.453211
10.6947, 1.844963, 1.7866, 2.450991
10.70555, 1.829123, 1.786222, 2.447765
10.7167, 1.823728, 1.788437, 2.444387
10.72797, 1.837736, 1.79206, 2.440972
10.73996, 1.878973, 1.798726, 2.437261
10.75006, 1.897172, 1.807198, 2.434092
10.76133, 1.869956, 1.810738, 2.430517
10.77239, 1.825565, 1.811383, 2.426987
10.78493, 1.785481, 1.810106, 2.422902
10.79466, 1.798143, 1.808262, 2.420015
10.80567, 1.78925, 1.808293, 2.416358
10.81667, 1.706618, 1.803094, 2.412727
10.82794, 1.814842, 1.803034, 2.408897
10.83881, 1.652737, 1.796503, 2.404949
10.8503, 1.606823, 1.786728, 2.400937
10.86156, 1.603909, 1.780413, 2.396955
10.87261, 1.566799, 1.773154, 2.393005
10.88341, 1.546761, 1.761851, 2.389097
10.89454, 1.51949, 1.74751, 2.384898
10.90553, 1.498074, 1.734805, 2.380809
10.9167, 1.531776, 1.719145, 2.376342
10.92792, 1.412346, 1.698306, 2.372046
10.94064, 1.371272, 1.675684, 2.367178
10.95006, 1.312628, 1.649428, 2.363501
10.9615, 1.267894, 1.618874, 2.359146
10.97242, 1.35997, 1.592014, 2.354824
10.98335, 1.357591, 1.566396, 2.350806
10.99488, 1.390664, 1.544651, 2.346176
11.00575, 1.400496, 1.525402, 2.34181
11.0168, 1.39483, 1.505236, 2.33731
11.02808, 1.425285, 1.487038, 2.332669
11.03872, 1.411098, 1.472262, 2.327952
11.04991, 1.350695, 1.449054, 2.323256
11.06108, 1.359027, 1.434369, 2.318515
11.07227, 1.37719, 1.422887, 2.313712
11.08359, 1.376855, 1.411535, 2.308858
11.09617, 1.312594, 1.398824, 2.303379
11.10548, 1.318878, 1.38743, 2.299298
11.1166, 1.32565, 1.377738, 2.294166
11.12779, 1.317095, 1.368689, 2.289165
11.13881, 1.320525, 1.358127, 2.284346
11.14993, 1.313489, 1.353184, 2.279318
11.16172, 1.179857, 1.343613, 2.273956
11.17211, 1.471946, 1.351579, 2.269177
11.18321, 0.9596239, 1.336166, 2.264027
11.19436, 1.017062, 1.31902, 2.258471
11.20537, 2.501068, 1.376194, 2.253313
11.21665, 0, 1.306661, 2.247926
11.41646, 0.3335787, 1.253315, 2.145813
11.42753, 0.3862864, 1.202888, 2.139777
11.43866, 0.6345727, 1.163352, 2.133674
11.44976, 0.7041875, 1.128007, 2.127578
11.46084, 0.6296557, 1.091955, 2.121424
11.47198, 0.5665488, 1.052331, 2.115236
11.4832, 0.6781026, 1.017377, 2.108949
11.49433, 0.7240724, 0.9847374, 2.102766
11.50513, 0.7567934, 0.9569474, 2.096694
11.5166, 0.8015963, 0.9310833, 2.090347
11.52742, 0.8491098, 0.9072562, 2.084234
11.53865, 0.8654245, 0.8846728, 2.077791
11.5499, 0.8502843, 0.8611608, 2.071378
11.56279, 0.8467945, 0.837826, 2.064192
11.57207, 0.8472617, 0.8211962, 2.058882
11.58302, 0.8358834, 0.7893931, 2.052607
11.59405, 0.8269867, 0.7827612, 2.046415
11.60526, 0.8216702, 0.7729916, 2.039923
11.61647, 0.8238676, 0.6891316, 2.03316
11.62748, 0.9648013, 0.7373716, 2.026707
11.63867, 1.062441, 0.7738147, 2.020278
11.64981, 1.045974, 0.8067991, 2.013681
11.661, 1.127455, 0.8314431, 2.007029
11.67194, 1.061131, 0.8492903, 2.000221
11.68301, 1.012303, 0.8684226, 1.993555
11.69411, 1.006649, 0.8904276, 1.986839
11.7054, 1.123248, 0.9126849, 1.979972
11.71817, 1.034098, 0.9281862, 1.972275
11.72744, 1.153602, 0.9480267, 1.966601
11.73856, 1.095092, 0.9627014, 1.959844
11.74968, 1.101554, 0.9753237, 1.952996
11.76073, 1.216989, 0.9929019, 1.946216
11.77193, 1.109671, 1.005871, 1.93943
11.78307, 1.2703, 1.027046, 1.932494
11.794, 1.226433, 1.046005, 1.925637
11.80521, 1.262525, 1.067337, 1.918669
11.8169, 1.241406, 1.088058, 1.911332
11.8273, 1.26615, 1.110282, 1.904576
11.83847, 1.283835, 1.133281, 1.897457
11.84964, 1.342362, 1.152158, 1.890163
11.86078, 1.356224, 1.166848, 1.883102
11.87378, 1.422136, 1.185656, 1.874992
11.88293, 1.544341, 1.2065, 1.869162
11.89383, 1.573621, 1.232125, 1.862136
11.90514, 1.593088, 1.261164, 1.854864
11.91614, 1.529958, 1.287329, 1.847875
11.9273, 1.580428, 1.310188, 1.840695
11.93855, 1.594736, 1.33822, 1.833943
11.9495, 1.654366, 1.363258, 1.826693
11.96063, 1.645919, 1.3908, 1.819507
11.97171, 1.609446, 1.416194, 1.812177
11.98285, 1.577059, 1.434198, 1.804899
11.99393, 1.534067, 1.455418, 1.797679
12.00509, 1.567034, 1.470254, 1.790308
12.01634, 1.559958, 1.486931, 1.782964
12.02924, 1.514055, 1.499507, 1.774467
12.03844, 1.542769, 1.514575, 1.768175
12.04982, 1.615113, 1.532023, 1.760632
12.06083, 1.722548, 1.553959, 1.753286
12.07164, 1.581972, 1.56594, 1.746108
12.08287, 1.520761, 1.574166, 1.738595
12.09375, 1.459674, 1.576043, 1.731417
12.10519, 1.461767, 1.571915, 1.723761
12.11605, 1.451491, 1.565808, 1.716556
12.12719, 1.485885, 1.560448, 1.709077
12.13831, 1.53707, 1.560803, 1.701421
12.14962, 1.47986, 1.555775, 1.69372
12.16054, 1.515889, 1.551832, 1.686392
12.17169, 1.575342, 1.547881, 1.67885
12.18435, 1.558537, 1.543512, 1.670075
12.1939, 1.507377, 1.538409, 1.663558
12.20494, 1.456266, 1.532369, 1.656079
12.21614, 1.47868, 1.5296, 1.648576
12.22709, 1.435861, 1.523041, 1.641103
12.23827, 1.450586, 1.517573, 1.633515
12.24942, 1.446856, 1.514213, 1.625916
12.26043, 1.447942, 1.509471, 1.618397
12.27174, 1.453192, 1.501375, 1.610674
12.28265, 1.480064, 1.489251, 1.603204
12.29374, 1.47429, 1.483867, 1.595737
12.30495, 1.538517, 1.484755, 1.588073
12.31601, 1.602764, 1.491909, 1.580305
12.32702, 1.703966, 1.504019, 1.572744
12.3402, 1.758116, 1.519351, 1.563672
12.34941, 1.664044, 1.528259, 1.557349
12.36055, 1.739043, 1.538357, 1.549871
12.37164, 1.706164, 1.549672, 1.542287
12.38261, 1.663447, 1.55705, 1.534823
12.39362, 1.745576, 1.565562, 1.527447
12.40485, 1.746912, 1.574981, 1.519765
12.41587, 1.608701, 1.580047, 1.512038
12.42804, 1.59343, 1.586905, 1.503691
12.43836, 1.591072, 1.592525, 1.496485
12.44933, 1.585055, 1.599984, 1.488776
12.46052, 1.562386, 1.605574, 1.481175
12.47186, 1.511129, 1.608788, 1.473301
12.48275, 1.467564, 1.609769, 1.465831
12.49565, 1.435351, 1.608877, 1.456811
12.50494, 1.399454, 1.604847, 1.450427
12.51594, 1.356801, 1.598972, 1.442901
12.52698, 1.352431, 1.589668, 1.43532
12.53811, 1.351019, 1.577081, 1.427665
12.54927, 1.292167, 1.556491, 1.41999
12.56036, 1.310508, 1.53411, 1.412439
12.57163, 1.313186, 1.516567, 1.404721
12.58257, 1.295701, 1.494401, 1.39716
12.59362, 1.300934, 1.474139, 1.389583
12.60484, 1.304575, 1.456195, 1.381671
12.61589, 1.278496, 1.432841, 1.374065
12.62687, 1.242855, 1.407639, 1.366519
12.63818, 1.242532, 1.38933, 1.358711
12.65105, 1.210613, 1.370189, 1.34988
12.66032, 1.207727, 1.351022, 1.343514
12.67149, 1.198509, 1.331695, 1.335854
12.68252, 1.152478, 1.311199, 1.328281
12.69365, 1.133391, 1.292312, 1.320558
12.70471, 1.126648, 1.275267, 1.312991
12.71587, 1.131793, 1.260089, 1.305374
12.72691, 1.140813, 1.247157, 1.297842
12.73806, 1.136829, 1.236158, 1.29011
12.74902, 1.148561, 1.225965, 1.282654
12.76032, 1.15022, 1.215925, 1.274931
12.77164, 1.155782, 1.209105, 1.267223
12.78238, 1.148918, 1.201026, 1.259933
12.79354, 1.118963, 1.191315, 1.252336
12.80662, 1.121177, 1.182589, 1.243479
12.81595, 1.090552, 1.17207, 1.237235
12.82694, 1.097975, 1.16174, 1.229834
12.83805, 1.10288, 1.152959, 1.222085
12.84926, 1.108065, 1.146219, 1.214521
12.86025, 1.112142, 1.1397, 1.207085
12.87151, 1.12584, 1.135461, 1.199658
12.88242, 1.201552, 1.135152, 1.192315
12.89357, 1.168823, 1.133668, 1.184918
12.90478, 1.151821, 1.133635, 1.177418
12.91567, 1.141355, 1.134033, 1.170138
12.92682, 1.161022, 1.135752, 1.16292
12.93788, 1.185218, 1.138423, 1.155558
12.94924, 1.159781, 1.139372, 1.14794
12.96244, 1.152192, 1.14014, 1.139192
12.9716, 1.085788, 1.137001, 1.133322
12.98238, 1.098783, 1.134429, 1.126195
12.99367, 1.101004, 1.13169, 1.118707
13.00489, 1.085432, 1.128516, 1.11136
13.01564, 1.082708, 1.126703, 1.104311
13.02673, 1.074172, 1.124353, 1.097046
13.03845, 1.046623, 1.122157, 1.089435
13.04896, 1.079957, 1.121256, 1.082572
13.06023, 1.099406, 1.121082, 1.075271
13.07114, 1.109733, 1.121165, 1.068473
13.0823, 1.093409, 1.120229, 1.061252
13.09365, 1.122616, 1.120067, 1.053791
13.10466, 1.106154, 1.115298, 1.046724
13.11735, 1.105314, 1.112122, 1.038457
13.12678, 1.106323, 1.109847, 1.032424
13.13785, 1.033104, 1.104435, 1.025125
13.14906, 1.007387, 1.096753, 1.017974
13.16011, 1.001361, 1.08756, 1.010984
13.17138, 0.9896757, 1.079055, 1.003826
13.18245, 1.021442, 1.072517, 0.996834
13.19341, 0.985506, 1.067503, 0.9900671
13.20472, 0.9614367, 1.060636, 0.9829558
13.2157, 0.9060327, 1.050887, 0.9761602
13.2268, 0.9001021, 1.041621, 0.9692919
13.23794, 0.9184875, 1.03341, 0.9624045
13.24899, 0.9359604, 1.026499, 0.9555553
13.26016, 0.9313448, 1.020735, 0.948706
13.27292, 0.9472228, 1.014099, 0.9408882
13.28236, 0.9319411, 1.005726, 0.9352702
13.29341, 0.9194804, 0.9962128, 0.9285569
13.30453, 0.9332275, 0.9882038, 0.9218393
13.31574, 0.9500036, 0.9795732, 0.9151044
13.32666, 0.9233344, 0.9704323, 0.9085508
13.33781, 0.9505921, 0.9626962, 0.9018698
13.34894, 0.9719122, 0.9559757, 0.8952489
13.35992, 0.9675208, 0.9526965, 0.8887071
13.37121, 0.9588415, 0.9502692, 0.8820454
13.38222, 0.9517609, 0.9477893, 0.8756065
13.39318, 0.935379, 0.9450744, 0.8690562
13.40432, 0.877695, 0.9378871, 0.8625545
13.41552, 0.8882697, 0.9330252, 0.8559473
13.42824, 0.8155485, 0.9257308, 0.8486207
13.43783, 0.8411276, 0.9224855, 0.8430684
13.44887, 0.8038661, 0.9176737, 0.8367156
13.46007, 0.7922061, 0.9113596, 0.8302988
13.47099, 0.7812178, 0.9036224, 0.8240867
13.48241, 0.7651688, 0.8953136, 0.8176939
13.4932, 0.75142, 0.8855234, 0.811329
13.50443, 0.7026699, 0.8740598, 0.8050351
13.51552, 0.713884, 0.8637799, 0.7988662
13.52652, 0.7221044, 0.8532238, 0.7927487
13.53761, 0.7283587, 0.8421415, 0.7866167
13.54886, 0.7596022, 0.8339549, 0.7804187
13.55984, 0.7481399, 0.8238323, 0.7743951
13.5711, 0.7522258, 0.812848, 0.7682518
13.58398, 0.7338849, 0.8011662, 0.7617993
13.59332, 0.730877, 0.7897679, 0.7567269
13.60447, 0.7225397, 0.7783068, 0.7507833
13.6154, 0.7240629, 0.767741, 0.7449651
13.62649, 0.7133225, 0.7595223, 0.7391204
13.6376, 0.7039968, 0.7503087, 0.7333241
13.64875, 0.6973161, 0.744397, 0.7275916
13.65974, 0.7040397, 0.7375427, 0.7218843
13.67102, 0.7029659, 0.7324976, 0.7160581
13.68204, 0.6743221, 0.7266034, 0.7104128
13.69319, 0.6715716, 0.7211212, 0.704698
13.70463, 0.6793842, 0.7168319, 0.6990731
13.71541, 0.6883895, 0.7136804, 0.6936689
13.72649, 0.6988426, 0.7134891, 0.6880518
13.73938, 0.7001761, 0.7128037, 0.6816499
13.74882, 0.7029325, 0.711845, 0.67672
13.75975, 0.6884168, 0.7098479, 0.6713411
13.77118, 0.7058482, 0.7071602, 0.6658561
13.78217, 0.7090763, 0.705207, 0.6605589
13.79311, 0.7158657, 0.703389, 0.6555875
13.80445, 0.7143846, 0.7024139, 0.6500903
13.81544, 0.7182577, 0.701783, 0.6449044
13.82632, 0.7045714, 0.7008846, 0.6397329
13.83757, 0.7068613, 0.7000245, 0.6345189
13.84859, 0.6183764, 0.6952772, 0.6294447
13.85975, 0.5837796, 0.6892663, 0.6243663
13.87089, 0.5883715, 0.6838191, 0.6192497
13.88206, 0.5836353, 0.6777989, 0.6141765
13.89496, 0.5748984, 0.6713955, 0.6085209
13.90415, 0.5721843, 0.6662887, 0.6044553
13.91534, 0.5710925, 0.6612647, 0.5995201
13.92663, 0.5731297, 0.655952, 0.5946003
13.93753, 0.5688199, 0.6499735, 0.5899705
13.94857, 0.5676437, 0.6434135, 0.5852405
13.95975, 0.5587243, 0.636341, 0.5805278
13.97078, 0.5505614, 0.6287224, 0.5759073
13.98199, 0.5411934, 0.6213612, 0.5712609
13.99293, 0.5460494, 0.6133713, 0.5666847
14.00421, 0.5309786, 0.6044664, 0.5620691
14.01523, 0.5178643, 0.5945663, 0.5576
14.0265, 0.5122367, 0.5844589, 0.5531288
14.03756, 0.4997504, 0.5735335, 0.5487212
14.05043, 0.5007079, 0.5633403, 0.5436903
14.05954, 0.5025385, 0.5531242, 0.5401491
14.07083, 0.4986674, 0.5471388, 0.5358192
14.08198, 0.501449, 0.5430222, 0.5315526
14.09294, 0.5060268, 0.538905, 0.5273741
14.10413, 0.512297, 0.535338, 0.5231169
14.11511, 0.5270832, 0.5329473, 0.519082
14.12624, 0.529855, 0.5308308, 0.5150198
14.13736, 0.5374685, 0.5291497, 0.5112152
14.14872, 0.5275444, 0.5268704, 0.5071764
14.16, 0.5228308, 0.5245709, 0.5032218
14.17072, 0.5142773, 0.5219026, 0.499606
14.18182, 0.515021, 0.5197174, 0.4958036
14.19286, 0.5076915, 0.517574, 0.4920833
14.20574, 0.5087217, 0.5159503, 0.4879817
14.21531, 0.5000055, 0.5136482, 0.4848242
14.22622, 0.4955185, 0.5118752, 0.4810947
14.23737, 0.4900203, 0.510483, 0.4775018
14.24867, 0.4829695, 0.5090196, 0.4739162
14.25944, 0.4744298, 0.5077536, 0.4706401
14.27066, 0.4751507, 0.5064758, 0.4671613
14.28181, 0.4815322, 0.5054255, 0.4637623
14.29281, 0.4843397, 0.5047091, 0.4602376
14.30412, 0.4834124, 0.5038072, 0.4568844
14.31509, 0.4857085, 0.5027913, 0.4537901
14.32624, 0.4839711, 0.501375, 0.4505837
14.33731, 0.4788087, 0.4989613, 0.4474843
14.34852, 0.4731365, 0.4961254, 0.4441105
14.36139, 0.4681924, 0.4926615, 0.4405144
14.37077, 0.4703371, 0.4898012, 0.4380053
14.38185, 0.4684817, 0.4870837, 0.4350511
14.39326, 0.4675227, 0.484746, 0.4319619
14.40396, 0.4624565, 0.4821177, 0.4292415
14.41495, 0.4321399, 0.4783402, 0.4264442
14.42615, 0.4379323, 0.4748007, 0.4236835
14.43713, 0.6013393, 0.4798674, 0.4209921
14.4485, 0.6272686, 0.4864549, 0.4184274
14.45939, 0.5395012, 0.488929, 0.4158894
14.47052, 0.4677514, 0.4881681, 0.4132683
14.48179, 0.4562412, 0.4872587, 0.4107506
14.49301, 0.4131843, 0.4841603, 0.4082922
14.50405, 0.3746532, 0.4788164, 0.4059327
14.51696, 0.371019, 0.4731503, 0.4032443
14.52604, 0.3711732, 0.4675384, 0.4013948
14.53712, 0.3714112, 0.4618235, 0.3991706
14.54835, 0.3686657, 0.4560583, 0.3969719
14.55941, 0.3657673, 0.4504062, 0.3948702
14.5707, 0.3686643, 0.4451826, 0.3926523
14.58177, 0.3651342, 0.4400297, 0.3906468
14.59274, 0.364779, 0.4347518, 0.3886931
14.6038, 0.3686445, 0.4297599, 0.3868671
14.61504, 0.3663811, 0.4247028, 0.3849895
14.6259, 0.369477, 0.4200539, 0.3830339
14.63717, 0.3633817, 0.4166159, 0.3812039
14.64847, 0.3814937, 0.413794, 0.3795788
14.65954, 0.3796201, 0.4027081, 0.3779093
14.67242, 0.3866803, 0.3906786, 0.3760638
14.68186, 0.3895894, 0.3831831, 0.3747386
14.69266, 0.3899135, 0.3792911, 0.3732392
14.70373, 0.387156, 0.3758369, 0.3717776
14.71487, 0.384504, 0.3744029, 0.3703611
14.72609, 0.384088, 0.3748746, 0.3689996
14.73711, 0.3860116, 0.3756242, 0.3677135
14.74844, 0.3784815, 0.3759896, 0.3665111
14.75922, 0.3772485, 0.3762815, 0.3653135
14.77067, 0.3572636, 0.3757114, 0.3642448
14.78202, 0.3518505, 0.3750156, 0.3631501
14.79258, 0.3447438, 0.3738195, 0.3621939
14.80373, 0.3419495, 0.3726603, 0.3612539
14.81504, 0.3415805, 0.3715003, 0.3603402
14.8278, 0.3388984, 0.370013, 0.3591956
14.837, 0.364567, 0.3699223, 0.3585334
14.84826, 0.3632187, 0.3696094, 0.3580846
14.85923, 0.3612437, 0.3695025, 0.3574126
14.87068, 0.3614548, 0.3685006, 0.3567443
14.88175, 0.3145012, 0.3652446, 0.3562891
14.89256, 0.3464061, 0.3632309, 0.3557681
14.90376, 0.342715, 0.3608872, 0.3551437
14.91501, 0.3567659, 0.3592298, 0.3546982
14.92603, 0.3547982, 0.3576119, 0.3543561
14.9371, 0.3519502, 0.3559842, 0.3540357
14.94818, 0.354034, 0.3544815, 0.3538364
14.95929, 0.3534049, 0.3528512, 0.3536374
14.97041, 0.3537684, 0.3516155, 0.3536392
14.98622, 0.3511175, 0.350309, 0.3534968
14.99269, 0.3440618, 0.3496489, 0.3535304
15.00373, 0.3440618, 0.3492595, 0.3535299
15.01488, 0.346392, 0.3493419, 0.3535769
15.02586, 0.3431245, 0.3494007, 0.3536534
15.03696, 0.3440124, 0.3495223, 0.3538021
15.0482, 0.3432293, 0.3497388, 0.354048
15.05917, 0.3418052, 0.3486007, 0.3543849
15.07039, 0.3371954, 0.3472995, 0.3545913
15.08153, 0.3327158, 0.3458732, 0.3548638
15.09264, 0.3307997, 0.3443404, 0.3552502
15.10373, 0.329396, 0.3450851, 0.3557125
15.11497, 0.3329236, 0.344411, 0.356267
15.12594, 0.3335362, 0.3439521, 0.3567834
15.13884, 0.3326402, 0.3427458, 0.3574894
15.14828, 0.3314539, 0.3415785, 0.3580025
15.15905, 0.3343386, 0.340698, 0.3586848
15.17023, 0.336161, 0.3398044, 0.3594452
15.18141, 0.3331115, 0.3387896, 0.3602319
15.19238, 0.3323515, 0.3377188, 0.3610849
15.20353, 0.3326961, 0.3367977, 0.3620561
15.21482, 0.3382045, 0.3365049, 0.3631258
15.22586, 0.3363739, 0.3361205, 0.364147
15.23703, 0.3383811, 0.3357199, 0.3653002
15.24803, 0.3369679, 0.3354121, 0.3663646
15.25905, 0.3392428, 0.3351736, 0.3675421
15.27016, 0.3396548, 0.3349949, 0.3687795
15.28147, 0.341212, 0.3349653, 0.3699471
15.29405, 0.3398241, 0.3350967, 0.3715132
15.30358, 0.3396382, 0.3354428, 0.3726701
15.31475, 0.3397855, 0.3358921, 0.3741971
15.32567, 0.3410372, 0.3364742, 0.3757084
15.33691, 0.3417459, 0.3369153, 0.3772848
15.34842, 0.343327, 0.3374048, 0.3791181
15.35899, 0.3432321, 0.3379344, 0.3807389
15.37015, 0.3438365, 0.3385536, 0.3824701
15.38149, 0.3228919, 0.3379812, 0.3841916
15.39245, 0.3774678, 0.3400466, 0.386016
15.40356, 0.3343026, 0.3401061, 0.3878734
15.41464, 0.3361114, 0.3402941, 0.3897651
15.42561, 0.3454265, 0.3409306, 0.3917162
15.43695, 0.3556683, 0.3418038, 0.3937571
15.44981, 0.3418682, 0.3420786, 0.3964573
15.45892, 0.3429209, 0.3423055, 0.3982226
15.47008, 0.3440537, 0.3426598, 0.40016
15.48162, 0.3594495, 0.3436702, 0.4024951
15.49237, 0.3530052, 0.3443376, 0.404716
15.50335, 0.3605986, 0.345307, 0.4070376
15.51484, 0.3582788, 0.3462297, 0.4095289
15.52571, 0.3554802, 0.3470218, 0.4119703
15.53678, 0.3532912, 0.3476971, 0.4144689
15.54792, 0.3538983, 0.3483401, 0.4169635
15.55889, 0.3535379, 0.3489297, 0.4195067
15.57008, 0.3524174, 0.3493842, 0.4221557
15.58135, 0.3503906, 0.3497422, 0.4249116
15.59286, 0.3498767, 0.3500442, 0.427861
15.60522, 0.3494314, 0.3513712, 0.4309994
15.61456, 0.349416, 0.3499686, 0.4333528
15.62556, 0.358635, 0.3511853, 0.436251
15.63673, 0.3619664, 0.352478, 0.4392056
15.64782, 0.3596267, 0.353188, 0.442151
15.65972, 0.3617419, 0.3534917, 0.445527
15.67003, 0.3615595, 0.3544762, 0.44844
15.68126, 0.3594924, 0.3553048, 0.4516497
15.69223, 0.3585108, 0.3560277, 0.454798
15.70318, 0.356521, 0.3558813, 0.4579161
15.71461, 0.3602696, 0.3562445, 0.4613232
15.72561, 0.3596495, 0.356197, 0.4648602
15.73665, 0.3646437, 0.3565153, 0.4682405
15.74803, 0.3641574, 0.3569491, 0.4718009
15.76068, 0.3579387, 0.3571815, 0.4757705
15.77001, 0.3594218, 0.3574577, 0.4788821
15.78112, 0.367846, 0.3581731, 0.4820486
15.79214, 0.3634789, 0.3587261, 0.48565
15.80347, 0.3645087, 0.359432, 0.4893997
15.81506, 0.3862508, 0.3612507, 0.4933458
15.82546, 0.3911462, 0.3633365, 0.4968987
15.83656, 0.3920787, 0.3654696, 0.5007265
15.84795, 0.394598, 0.3672678, 0.504716
15.85879, 0.4007822, 0.3692085, 0.5085542
15.8699, 0.4014997, 0.3713022, 0.5125359
15.88127, 0.3958673, 0.3730084, 0.5166539
15.89219, 0.384514, 0.3741562, 0.5206795
15.90346, 0.3817124, 0.3752672, 0.5248623
15.91643, 0.3784799, 0.3762656, 0.5297269
15.92544, 0.3765453, 0.3772668, 0.5331473
15.93658, 0.3767194, 0.3780893, 0.5374214
15.94796, 0.3832601, 0.3792699, 0.5418509
15.95878, 0.3830363, 0.3801895, 0.5461507
15.96984, 0.3459838, 0.3792808, 0.5505219
15.98099, 0.4442729, 0.3835975, 0.5549854
15.99216, 0.4548962, 0.3883712, 0.5594696
16.00314, 0.4341163, 0.3916847, 0.5639313
16.01427, 0.4474938, 0.3958855, 0.5685058
16.0253, 0.4496441, 0.4001423, 0.5728672
16.03721, 0.4498098, 0.4033203, 0.5777763
16.04761, 0.4410145, 0.4058137, 0.5820274
16.05877, 0.4590369, 0.4091616, 0.5869183
16.07149, 0.4781509, 0.4133393, 0.5923992
16.08094, 0.4705781, 0.416829, 0.5964042
16.09203, 0.4760992, 0.420559, 0.6012205
16.1033, 0.4721549, 0.4243734, 0.6063188
16.11439, 0.4839334, 0.4293444, 0.6112106
16.12533, 0.486025, 0.43456, 0.6161776
16.13653, 0.4981307, 0.4405425, 0.6213384
16.14762, 0.5076925, 0.4470999, 0.6264083
16.1586, 0.5002874, 0.4532783, 0.631445
16.16976, 0.4977083, 0.4590007, 0.6365744
16.18089, 0.4996521, 0.4648315, 0.6417653
16.19186, 0.4938104, 0.4722229, 0.6469361
16.20311, 0.4943708, 0.4747277, 0.6522697
16.21443, 0.5017971, 0.4770728, 0.6577128
16.22713, 0.5065644, 0.4806952, 0.663825
16.23652, 0.5104612, 0.4838435, 0.6683834
16.24739, 0.5151801, 0.4871203, 0.6732814
16.25865, 0.5061094, 0.4899353, 0.6788099
16.26976, 0.5078545, 0.4932773, 0.6843054
16.28075, 0.5244899, 0.4965499, 0.6895881
16.2921, 0.5288958, 0.4990872, 0.6952685
16.30297, 0.5255722, 0.5018368, 0.7013083
16.31412, 0.5334902, 0.5047064, 0.7069913
16.32532, 0.5340249, 0.5077999, 0.7126915
16.33631, 0.5354839, 0.5103775, 0.7182792
16.34743, 0.5363967, 0.5128961, 0.7240627
16.35855, 0.5375285, 0.5148659, 0.7298711
16.36987, 0.5387392, 0.5164183, 0.7355864
16.38279, 0.5536708, 0.5190874, 0.7423984
16.39194, 0.5571687, 0.5220605, 0.7472824
16.40296, 0.5686561, 0.5255107, 0.7530438
16.41427, 0.5687124, 0.5292557, 0.7590951
16.42516, 0.5757376, 0.5333241, 0.7646894
16.43625, 0.5826604, 0.5373673, 0.7706347
16.4474, 0.5891178, 0.541495, 0.7768174
16.45861, 0.5927073, 0.5456074, 0.7830038
16.46955, 0.5920756, 0.5494521, 0.7890279
16.48082, 0.5972189, 0.5540076, 0.7951921
16.49186, 0.6031641, 0.558773, 0.8012612
16.50333, 0.6049909, 0.5627981, 0.8078908
16.51418, 0.6247339, 0.5675901, 0.8139862
16.52542, 0.6244521, 0.572534, 0.8202587
16.53815, 0.6321335, 0.5774662, 0.8273308
16.54725, 0.6498382, 0.5832568, 0.8324912
16.55843, 0.6497403, 0.5889696, 0.8390543
16.56955, 0.6498103, 0.5946403, 0.8454321
16.58067, 0.6517506, 0.6003515, 0.8518233
16.59174, 0.6500499, 0.605917, 0.8580994
16.60299, 0.6478263, 0.6106247, 0.8646315
16.61419, 0.656766, 0.6156046, 0.87116
16.62524, 0.6695939, 0.6206515, 0.8776139
16.63616, 0.6649832, 0.625465, 0.8839944
16.64733, 0.6678372, 0.63007, 0.8905789
16.65845, 0.6665593, 0.6342649, 0.8971633
16.66955, 0.6653128, 0.6380746, 0.9039478
16.68069, 0.6269149, 0.639785, 0.9106133
16.69426, 0.7511057, 0.6477365, 0.9188011
16.7029, 0.7360595, 0.6546785, 0.9240218
16.71393, 0.7532436, 0.6621825, 0.9307399
16.72507, 0.7333964, 0.6686028, 0.9374223
16.73616, 0.7376971, 0.674251, 0.9445074
16.74732, 0.7332463, 0.6796907, 0.9513522
16.75849, 0.726126, 0.6843903, 0.9582125
16.76942, 0.7259984, 0.6881983, 0.9648649
16.78052, 0.741289, 0.6927758, 0.9717609
16.79179, 0.7322836, 0.6968994, 0.9787923
16.80293, 0.7303557, 0.7008296, 0.9858316
16.81386, 0.7402361, 0.705339, 0.9927225
16.82492, 0.7499035, 0.7104428, 0.9996957
16.83628, 0.7539657, 0.7153028, 1.006901
16.84916, 0.7220788, 0.7179271, 1.015077
16.85841, 0.7501827, 0.7221871, 1.020923
16.86941, 0.7457889, 0.7260846, 1.027936
16.88053, 0.7462337, 0.7300684, 1.035057
16.89157, 0.7907738, 0.7363414, 1.042008
16.90275, 0.7969753, 0.7448444, 1.0492
16.91413, 0.7916187, 0.7468701, 1.056509
16.9251, 0.7862111, 0.7493777, 1.06412
16.93613, 0.803039, 0.7518674, 1.07129
16.94708, 0.7929133, 0.7548433, 1.078241
16.95833, 0.799153, 0.7579161, 1.085578
16.9693, 0.7976572, 0.7611367, 1.092474
16.98055, 0.7963358, 0.7646471, 1.099816
16.99181, 0.8000697, 0.7683507, 1.107164
17.00446, 0.805945, 0.7715834, 1.115431
17.01394, 0.8182176, 0.7758802, 1.121691
17.02506, 0.8125188, 0.7799883, 1.129076
17.03612, 0.8090405, 0.7834285, 1.136421
17.0476, 0.8227164, 0.7870692, 1.144022
17.0582, 0.8240981, 0.7905758, 1.151081
17.06931, 0.8292345, 0.7959336, 1.158456
17.08026, 0.8297661, 0.7999128, 1.165623
17.09158, 0.8204133, 0.803644, 1.173167
17.10266, 0.8109999, 0.8068824, 1.180563
17.11393, 0.8235181, 0.8085197, 1.188105
17.12489, 0.8125015, 0.809296, 1.19544
17.13606, 0.8116836, 0.8102992, 1.202946
17.14747, 0.8469123, 0.8133343, 1.210608
17.16, 0.8395806, 0.8151613, 1.219073
17.16937, 0.8469063, 0.817861, 1.225466
17.18036, 0.8522965, 0.8205182, 1.232881
17.19145, 0.847098, 0.8229902, 1.240366
17.20258, 0.8297327, 0.8246601, 1.247915
17.21364, 0.8508009, 0.8271967, 1.255405
17.22479, 0.8470771, 0.8292533, 1.262967
17.23595, 0.8614192, 0.8314134, 1.270559
17.24711, 0.8814773, 0.8348613, 1.27816
17.25819, 0.9000961, 0.8394141, 1.285684
17.26928, 0.8826485, 0.8424107, 1.293223
17.28036, 0.9257598, 0.8474938, 1.3005
17.29142, 0.9167989, 0.8518721, 1.308047
17.30264, 0.9100749, 0.8558875, 1.315804
17.31549, 0.9168739, 0.8607105, 1.324643
17.32482, 0.909071, 0.8656141, 1.331024
17.33587, 0.9077498, 0.8698257, 1.338587
17.34703, 0.9080119, 0.8746012, 1.346245
17.35814, 0.9389752, 0.8809657, 1.354075
17.36917, 0.9104958, 0.8841449, 1.361663
17.38028, 0.9393035, 0.8891311, 1.369331
17.39136, 0.9433641, 0.8939539, 1.376968
17.40256, 0.9325275, 0.8979654, 1.384638
17.41359, 0.9292821, 0.9020746, 1.392283
17.42467, 0.9348453, 0.9073302, 1.399732
17.43583, 0.9263487, 0.9111077, 1.407407
17.44692, 0.9210899, 0.9148083, 1.415049
17.45823, 0.9519315, 0.9193338, 1.422831
17.47091, 0.9523229, 0.9228761, 1.431588
17.48043, 0.944545, 0.9250985, 1.438732
17.49235, 0.943759, 0.928154, 1.446993
17.50267, 0.9353122, 0.9286316, 1.454161
17.51356, 0.9178689, 0.9286851, 1.4617
17.52472, 0.9227422, 0.9293185, 1.469441
17.53601, 0.9271687, 0.9298332, 1.477297
17.54694, 0.9397761, 0.9313685, 1.484884
17.55806, 0.9556257, 0.9337623, 1.492401
17.56908, 0.9466616, 0.9356947, 1.500021
17.58015, 0.963864, 0.9369391, 1.507422
17.59138, 0.9955202, 0.9411904, 1.515176
17.60245, 0.9914877, 0.9437995, 1.522829
17.6137, 0.9971986, 0.9464912, 1.530497
17.62631, 1.018164, 0.9507731, 1.53921
17.63577, 0.9973205, 0.954175, 1.545744
17.64677, 0.9801472, 0.9564401, 1.553349
17.65793, 1.058335, 0.9630393, 1.561035
17.66912, 1.052985, 0.9696341, 1.568728
17.68023, 1.081794, 0.9761273, 1.576354
17.69133, 1.064006, 0.9817114, 1.584007
17.70234, 1.08181, 0.9885746, 1.591334
17.71343, 1.073573, 0.9950653, 1.59895
17.72473, 1.046597, 1.00063, 1.6067
17.73569, 1.045774, 1.007025, 1.61423
17.74662, 1.035504, 1.012663, 1.621697
17.75784, 1.062258, 1.019417, 1.629352
17.76976, 1.055223, 1.02519, 1.637479
17.78187, 1.026196, 1.028718, 1.645669
17.79115, 1.011339, 1.031952, 1.652018
17.80255, 1.009541, 1.034236, 1.659733
17.81359, 0.9723633, 1.033078, 1.667202
17.82462, 0.9643802, 1.031723, 1.674788
17.83565, 0.984385, 1.031082, 1.682222
17.84673, 0.9823304, 1.02929, 1.68971
17.85786, 0.9803003, 1.028439, 1.697165
17.86913, 0.9793766, 1.028401, 1.704734
17.8801, 0.9796423, 1.024466, 1.7121
17.89135, 0.990314, 1.021333, 1.719611
17.90223, 1.00137, 1.017312, 1.726883
17.9137, 0.9812983, 1.013176, 1.73452
17.9246, 0.9684231, 1.007507, 1.742194
17.93734, 0.9475582, 1.001206, 1.750654
17.94662, 0.9420424, 0.9959785, 1.756814
17.95793, 0.9288232, 0.990131, 1.764325
17.96909, 0.9325912, 0.9849854, 1.771678
17.98, 0.9444816, 0.9790965, 1.778873
17.99113, 0.9649103, 0.9745809, 1.786177
18.00223, 0.9527114, 0.9709066, 1.79345
18.01338, 0.9578827, 0.9682338, 1.800523
18.02443, 0.9470409, 0.9651088, 1.80773
18.03551, 0.986755, 0.9658284, 1.814935
18.04666, 1.011614, 0.9681901, 1.822173
18.05782, 1.013171, 0.9696294, 1.829419
18.06882, 0.9924065, 0.9701332, 1.836547
18.08019, 0.9910094, 0.9706686, 1.843879
18.09291, 1.041003, 0.9737499, 1.852037
18.10244, 1.030991, 0.9763173, 1.858142
18.1134, 1.033173, 0.9784602, 1.865151
18.12444, 1.026255, 0.9797045, 1.872188
18.1356, 1.025146, 0.9818969, 1.879274
18.14711, 1.003583, 0.9836549, 1.886533
18.15793, 1.003583, 0.9864562, 1.893372
18.16883, 1.015363, 0.9901222, 1.900252
18.17995, 1.023419, 0.9948519, 1.907244
18.19116, 1.039953, 1.00022, 1.914337
18.20216, 1.02891, 1.004441, 1.921234
18.21322, 1.144146, 1.013403, 1.928148
18.22727, 1.162816, 1.023909, 1.936898
18.2358, 1.249511, 1.03849, 1.942176
18.24841, 1.249884, 1.053632, 1.949973
18.25785, 1.241131, 1.066351, 1.95579
18.2689, 1.22482, 1.077011, 1.962697
18.2799, 1.246106, 1.088658, 1.969437
18.29112, 1.240238, 1.10105, 1.976342
18.30204, 1.21586, 1.112292, 1.98299
18.31315, 1.215778, 1.121031, 1.989378
18.32443, 1.206858, 1.129824, 1.996176
18.33552, 1.200739, 1.138203, 2.002799
18.3466, 1.193181, 1.146549, 2.009427
18.35766, 1.215565, 1.15607, 2.01593
18.36878, 1.262892, 1.169035, 2.022569
18.37979, 1.28021, 1.182867, 2.028764
18.39103, 1.284143, 1.196306, 2.035334
18.40391, 1.365558, 1.213413, 2.042844
18.41306, 1.27855, 1.225342, 2.048192
18.42468, 1.301118, 1.238953, 2.054908
18.43539, 1.290341, 1.246262, 2.061074
18.44646, 1.293898, 1.252816, 2.067449
18.45756, 1.303215, 1.255502, 2.07381
18.46882, 1.313886, 1.258702, 2.080255
18.48003, 1.297991, 1.261545, 2.0866
18.49091, 1.285403, 1.264574, 2.092688
18.50197, 1.265466, 1.265542, 2.0989
18.51313, 1.244016, 1.265731, 2.105623
18.52431, 1.243396, 1.267108, 2.111875
18.53539, 1.237349, 1.268186, 2.118099
18.5465, 1.228787, 1.269283, 2.123809
18.55921, 1.25446, 1.271969, 2.130784
18.56881, 1.254159, 1.275017, 2.136081
18.57979, 1.230662, 1.275772, 2.142074
18.59092, 1.219628, 1.273609, 2.148011
18.602, 1.23162, 1.27118, 2.153973
18.61321, 1.233135, 1.268629, 2.159988
18.6241, 1.21114, 1.260908, 2.165609
18.63536, 1.216591, 1.257811, 2.171484
18.6464, 1.170523, 1.251281, 2.177266
18.65748, 1.194986, 1.246513, 2.183066
18.66882, 1.205553, 1.242096, 2.188935
18.67969, 1.21689, 1.23778, 2.194576
18.69087, 1.202521, 1.232211, 2.2003
18.70212, 1.159763, 1.2253, 2.206038
18.71486, 1.157965, 1.218928, 2.212468
18.7243, 1.152042, 1.213257, 2.217214
18.73531, 1.156103, 1.208861, 2.222632
18.74625, 1.168406, 1.205112, 2.228033
18.75748, 1.170702, 1.201779, 2.23351
18.76888, 1.174789, 1.19908, 2.23906
18.77966, 1.169439, 1.194829, 2.244267
18.79072, 1.159921, 1.190117, 2.249427
18.80202, 1.164139, 1.18679, 2.254785
18.81306, 1.18236, 1.184927, 2.259907
18.82417, 1.187557, 1.182724, 2.265076
18.83538, 1.165392, 1.179337, 2.270077
18.84679, 1.166598, 1.17711, 2.275297
18.85751, 1.187328, 1.175647, 2.280161
18.87062, 1.179365, 1.176089, 2.286079
18.87977, 1.199904, 1.176335, 2.29016
18.89071, 1.201421, 1.176128, 2.295037
18.90187, 1.389562, 1.184761, 2.299943
18.91293, 1.045256, 1.176898, 2.304783
18.9243, 1.144755, 1.176148, 2.309702
18.93527, 1.274124, 1.181956, 2.31442
18.94639, 1.259014, 1.187304, 2.319089
18.95736, 1.306502, 1.194824, 2.323689
18.96854, 1.311625, 1.201985, 2.328339
18.97949, 1.30818, 1.208859, 2.332868
18.99078, 1.323232, 1.216281, 2.337473
19.00196, 1.310337, 1.223326, 2.342005
19.01298, 1.308499, 1.230755, 2.346548
19.0261, 1.294558, 1.237276, 2.351762
19.03535, 1.354663, 1.245891, 2.355691
19.04614, 1.346777, 1.253852, 2.359895
19.05727, 1.361063, 1.263636, 2.364234
19.06848, 1.351269, 1.272869, 2.368454
19.07941, 1.307532, 1.278879, 2.372613
19.09071, 1.307739, 1.285298, 2.376927
19.10174, 1.298967, 1.290251, 2.381027
19.11276, 1.287113, 1.294536, 2.385087
19.12392, 1.298212, 1.289968, 2.389153
19.13504, 1.335699, 1.30449, 2.392931
19.14637, 1.335357, 1.314021, 2.397079
19.15721, 1.323667, 1.316498, 2.401621
19.16873, 1.322452, 1.319669, 2.40557
19.18123, 1.307635, 1.319726, 2.409872
19.19078, 1.314353, 1.319863, 2.413126
19.20185, 1.322973, 1.320602, 2.416858
19.21276, 1.373103, 1.323096, 2.420535
19.22397, 1.437492, 1.329454, 2.424213
19.23519, 1.436481, 1.335853, 2.427634
19.24601, 1.42822, 1.342536, 2.431052
19.25707, 1.394557, 1.344531, 2.434527
19.26834, 1.391539, 1.346769, 2.437945
19.27936, 1.360806, 1.346756, 2.441278
19.29055, 1.379801, 1.348182, 2.444385
19.30175, 1.413988, 1.353505, 2.447651
19.31267, 1.453679, 1.360802, 2.450763
19.32401, 1.541037, 1.372906, 2.453974
19.33665, 1.564617, 1.386781, 2.457494
19.34617, 1.580426, 1.400892, 2.460104
19.35724, 1.581299, 1.413172, 2.46302
19.36859, 1.568552, 1.424831, 2.466028
19.37929, 1.618426, 1.439569, 2.468833
19.39058, 1.618325, 1.454363, 2.471749
19.40165, 1.550835, 1.466523, 2.474569
19.41279, 1.585644, 1.480087, 2.477224
19.42386, 1.587245, 1.493301, 2.479995
19.43501, 1.610637, 1.505178, 2.482671
19.44599, 1.573884, 1.511997, 2.48528
19.45712, 1.544581, 1.517402, 2.487891
19.46834, 1.538822, 1.522932, 2.490472
19.47962, 1.455436, 1.525976, 2.492973
19.4923, 1.45839, 1.529319, 2.495727
19.50166, 1.452533, 1.533905, 2.497733
19.5127, 1.429389, 1.536385, 2.500107
19.52366, 1.414629, 1.536417, 2.502383
19.53496, 1.421257, 1.534796, 2.504684
19.54597, 1.359048, 1.525696, 2.506836
19.55713, 1.388618, 1.516896, 2.508645
19.56842, 1.379861, 1.506868, 2.510735
19.57931, 1.422163, 1.498911, 2.5127
19.59048, 1.413292, 1.491148, 2.514655
19.60168, 1.418443, 1.481149, 2.516556
19.61257, 1.4224, 1.471353, 2.518399
19.62367, 1.427311, 1.465177, 2.520202
19.63517, 1.433612, 1.457575, 2.521982
19.64781, 1.43422, 1.449924, 2.523953
19.65704, 1.436072, 1.441195, 2.525305
19.66811, 1.435791, 1.434291, 2.526875
19.67931, 1.438002, 1.428962, 2.528421
19.69088, 1.449728, 1.424507, 2.529965
19.70146, 1.487558, 1.426113, 2.531325
19.71301, 1.454208, 1.425904, 2.532688
19.72374, 1.414377, 1.423996, 2.533955
19.73486, 1.43532, 1.424293, 2.535033
19.74584, 1.426903, 1.424906, 2.536224
19.75696, 1.52934, 1.430311, 2.537352
19.76828, 1.52893, 1.438805, 2.538469
19.77908, 1.504708, 1.444609, 2.539484
19.79038, 1.411454, 1.446189, 2.540449
19.80331, 1.410419, 1.445602, 2.541559
19.81264, 1.371233, 1.443499, 2.542282
19.82379, 1.403917, 1.442773, 2.543102
19.83488, 1.401789, 1.441742, 2.543871
19.84588, 1.887577, 1.464755, 2.544588
19.85691, 2.567304, 1.52144, 2.54525
19.86862, 1.274338, 1.513446, 2.546066
19.87918, 1.505448, 1.516915, 2.546621
19.89041, 1.583032, 1.524277, 2.548412
19.90148, 1.616858, 1.533219, 2.54894
19.91245, 1.584502, 1.539958, 2.549474
19.9236, 1.617959, 1.546478, 2.549904
19.93476, 1.651473, 1.556341, 2.550271
19.94593, 1.742521, 1.572748, 2.55043
19.95879, 1.785658, 1.590265, 2.549742
19.96847, 1.745483, 1.606194, 2.549978
19.97928, 1.678741, 1.613664, 2.5501
19.99032, 1.680647, 1.62125, 2.550167
20.0014, 1.786987, 1.635364, 2.550261
