4.988997, 3.202889, 4.235409
5.005163, 3.528035, 4.147316
5.023741, 3.807579, 4.121808
5.037631, 4.042387, 4.091468
5.049679, 4.320775, 4.009562
5.061835, 4.9308, 4.001524
5.073286, 4.891887, 4.053761
5.084332, 4.55066, 4.128223
5.093713, 4.578722, 4.180129
5.10479, 4.591349, 4.164701
5.116858, 4.946795, 4.23653
5.127326, 5.620679, 4.323512
5.136795, 5.487382, 4.365389
5.148269, 6.187297, 4.4348
5.157719, 6.324398, 4.524103
5.168546, 5.29141, 4.577418
5.179621, 4.032487, 4.553137
5.190684, 4.076146, 4.560634
5.201657, 3.791638, 4.551984
5.213164, 4.50624, 4.581956
5.223737, 5.258928, 4.629415
5.235855, 6.290745, 4.749543
5.249522, 5.853827, 4.847734
5.26459, 6.732068, 4.932075
5.278154, 5.758916, 4.936863
5.289298, 3.702819, 4.877092
5.300242, 4.119587, 4.863836
5.311306, 3.927421, 4.751837
5.324232, 4.887119, 4.761768
5.335202, 4.986118, 4.807568
5.346146, 4.005418, 4.834319
5.35786, 3.402155, 4.830123
5.369708, 2.686684, 4.79276
5.379763, 3.511743, 4.775072
5.402205, 4.984196, 4.797186
5.414698, 4.427469, 4.780409
5.426517, 8.082585, 4.886765
5.507167, 3.150175, 4.840082
5.519642, 4.441026, 4.835493
5.529877, 4.732804, 4.840208
5.541886, 4.37076, 4.821006
5.552684, 4.104964, 4.770483
5.563848, 6.041682, 4.788959
5.574861, 6.091023, 4.78575
5.585911, 5.967237, 4.773844
5.596784, 5.82094, 4.791495
5.608447, 5.973218, 4.856186
5.620475, 5.76407, 4.912451
5.632339, 5.900322, 4.98274
5.643699, 3.715517, 4.956382
5.654577, 2.8234, 4.875198
5.666541, 2.997078, 4.765409
5.677574, 5.462098, 4.752352
5.690144, 4.692021, 4.68435
5.923667, 6.121911, 4.69645
5.934695, 5.106298, 4.743233
6.130405, 9.037431, 4.907161
6.141417, 8.407633, 5.056502
6.152362, 7.003717, 5.127055
6.164016, 6.495152, 5.177356
6.175062, 7.609928, 5.297507
6.185986, 3.783925, 5.310232
6.196917, 4.162855, 5.359437
6.207773, 4.733398, 5.400159
6.21898, 5.34269, 5.412109
6.229581, 6.314742, 5.475019
6.240953, 5.3742, 5.384739
6.252078, 5.374304, 5.458877
6.261607, 6.585372, 5.530355
6.272511, 8.12682, 5.643488
6.283745, 7.635927, 5.752327
6.29385, 9.215407, 5.922676
6.30386, 3.070557, 5.823638
6.314808, 3.250438, 5.728952
6.324854, 3.215073, 5.637213
6.334564, 3.17598, 5.549048
6.345887, 4.552222, 5.501681
6.356642, 4.410037, 5.456546
6.368096, 3.800426, 5.38655
6.379089, 4.715988, 5.419899
6.390555, 4.562345, 5.477864
6.401072, 4.99675, 5.544519
6.412235, 4.527416, 5.513364
6.42335, 3.827877, 5.484559
6.436112, 4.499945, 5.430493
6.446015, 6.661, 5.482316
6.457031, 6.158607, 5.386355
6.467838, 6.430916, 5.320465
6.479027, 8.53121, 5.371381
6.490191, 9.851446, 5.483258
6.523451, 9.447191, 5.5445
6.63612, 9.001079, 5.718405
6.648891, 8.810208, 5.873317
6.660215, 8.741124, 6.006907
6.682843, 9.882446, 6.158233
6.726212, 8.664364, 6.236554
6.738002, 9.833503, 6.385196
6.782956, 8.641617, 6.494107
6.794462, 7.630804, 6.528955
6.805756, 7.881731, 6.520785
6.81697, 9.080277, 6.56893
6.917645, 8.860452, 6.557098
7.197429, 5.081559, 6.624132
7.210938, 9.709202, 6.839424
7.403941, 4.297757, 6.875513
7.414207, 7.99846, 7.036263
7.711893, 4.986078, 7.050725
7.722803, 6.077558, 7.106309
7.733768, 6.289735, 7.189286
7.745099, 7.831605, 7.293139
7.75753, 7.308784, 7.384687
7.768132, 7.716295, 7.475339
7.780281, 9.941318, 7.655802
7.792045, 8.713978, 7.818672
7.803733, 7.802214, 7.928748
7.817952, 8.069998, 7.975714
7.830419, 7.156307, 8.008971
7.841862, 6.62359, 8.015393
7.863636, 3.206754, 7.837912
7.875778, 8.891362, 7.805909
7.886619, 2.048627, 7.55929
7.898899, 1.519758, 7.309913
7.911235, 1.254634, 7.058061
7.923517, 1.024324, 6.800834
7.93634, 0.9607093, 6.503443
7.947703, 0.9805277, 6.247315
7.958754, 0.9037406, 5.949656
7.969661, 0.8685222, 5.690553
7.981629, 0.8523061, 5.464604
7.993771, 0.8719799, 5.230945
8.005957, 0.8920958, 4.958006
8.016799, 0.9126582, 4.693079
8.029272, 0.8695595, 4.552679
8.040442, 0.8541036, 4.257509
8.05025, 0.8440276, 4.142385
8.061092, 0.8286027, 3.90339
8.073188, 0.8113496, 3.764232
8.084002, 0.8740346, 3.590781
8.095506, 0.8258472, 3.408652
8.107244, 0.8272805, 3.175174
8.118343, 0.8463123, 2.959758
8.130494, 0.8473573, 2.730794
8.140918, 0.8538281, 2.427878
8.152714, 0.856145, 2.16595
8.164412, 0.8488647, 1.934172
8.174582, 0.850086, 1.693508
8.18557, 0.6615176, 1.477015
8.197635, 0.658929, 1.278193
8.210404, 0.6084766, 1.191584
8.222053, 0.6309654, 0.9162371
8.23326, 0.6043666, 0.8680951
8.244168, 0.5933045, 0.8372133
8.255571, 0.6020704, 0.8154612
8.266346, 0.6034563, 0.8014323
8.277809, 0.6012324, 0.7894497
8.288556, 0.6006862, 0.7767884
8.299297, 0.5968993, 0.7665603
8.310199, 0.6022347, 0.757684
8.320889, 0.6006431, 0.7492952
8.331495, 0.6004387, 0.7402439
8.343233, 0.5902407, 0.730182
8.355439, 0.5837263, 0.7192176
8.366476, 0.5804234, 0.7095797
8.377652, 0.5844967, 0.7005929
8.389513, 0.590223, 0.6921327
8.401551, 0.600221, 0.68452
8.412733, 0.597427, 0.6773893
8.42407, 0.5972717, 0.6681638
8.435134, 0.5991578, 0.6606075
8.445334, 0.592356, 0.6527767
8.457243, 0.5937379, 0.6443576
8.467759, 0.5951501, 0.6359507
8.478734, 0.5970483, 0.6273913
8.490623, 0.5987942, 0.6188129
8.501316, 0.5987015, 0.6104742
8.51162, 0.5678208, 0.6010653
8.522627, 0.5657613, 0.5978734
8.533497, 0.5685893, 0.5948621
8.544864, 0.5932228, 0.5943537
8.556642, 0.5797864, 0.5926477
8.568801, 0.592766, 0.592261
8.580544, 0.5791733, 0.59179
8.592876, 0.5712916, 0.590764
8.603971, 0.5781584, 0.5899208
8.614376, 0.5781525, 0.5891514
8.625741, 0.5777699, 0.5883875
8.636636, 0.5883191, 0.5881016
8.647707, 0.5990624, 0.5879958
8.658933, 0.5984113, 0.5879214
8.669774, 0.6039778, 0.5880394
8.681926, 0.5844655, 0.5878469
8.692464, 0.585915, 0.5879198
8.702462, 0.5765507, 0.5877907
8.714717, 0.5763555, 0.5875193
8.729794, 0.5545269, 0.5863295
8.742053, 0.5562285, 0.584863
8.752926, 0.5561516, 0.5834872
8.76467, 0.5579178, 0.5821754
8.775445, 0.5538774, 0.5806661
8.78575, 0.553122, 0.5793583
8.797835, 0.5525208, 0.5779844
8.809787, 0.5536878, 0.5766023
8.820578, 0.5758815, 0.5758968
8.831661, 0.4664064, 0.5714838
8.843861, 0.4454105, 0.5663741
8.855377, 0, 0.5474467
9.016087, 0.5582858, 0.5471975
9.027523, 0.5761366, 0.5474491
9.040051, 0.5859186, 0.5472056
9.051558, 0.5275756, 0.5454652
9.063678, 0.5777814, 0.5449657
9.074396, 0.5837852, 0.5451195
9.085673, 0.6448968, 0.547573
9.09883, 0.6621763, 0.5503736
9.109564, 0.650038, 0.5527698
9.122375, 0.6993827, 0.5568236
9.134492, 0.6956992, 0.5604029
9.145465, 0.685443, 0.5632823
9.157566, 0.6821897, 0.5660749
9.168585, 0.6949829, 0.5691084
9.180673, 0.6987989, 0.5729195
9.191337, 0.7047177, 0.5768796
9.202724, 0.7209014, 0.5816913
9.213589, 0.7269951, 0.5867127
9.224335, 0.7192501, 0.5922034
9.2355, 0.7656755, 0.5991849
9.247534, 0.7544065, 0.6057934
9.2585, 0.7439051, 0.611993
9.269714, 0.7192867, 0.6175066
9.281683, 0.7072731, 0.622645
9.296858, 0.7063405, 0.6277723
9.308605, 0.6997387, 0.6326407
9.320525, 0.6845241, 0.6362621
9.331479, 0.6780149, 0.6433157
9.343725, 0.6542834, 0.6502782
9.354764, 0.6511969, 0.6719848
9.366611, 0.6414329, 0.6747563
9.378316, 0.6501979, 0.6772251
9.390654, 0.6550315, 0.6795289
9.402114, 0.6752031, 0.6844498
9.413423, 0.6718948, 0.6875868
9.425351, 0.6530225, 0.6898947
9.436968, 0.6729246, 0.690829
9.448503, 0.6774244, 0.6913373
9.459738, 0.6865468, 0.6925542
9.470906, 0.7059652, 0.6927736
9.481574, 0.7084381, 0.6931983
9.492517, 0.7074372, 0.6939314
9.504003, 0.7083346, 0.6948029
9.514297, 0.7068656, 0.695199
9.526555, 0.7030524, 0.6953408
9.538891, 0.7120791, 0.6955861
9.550541, 0.721963, 0.6956216
9.561639, 0.7022856, 0.6947979
9.572691, 0.7134476, 0.6946045
9.584591, 0.7220407, 0.69315
9.596604, 0.6994481, 0.6913181
9.607533, 0.6991107, 0.6898249
9.619547, 0.6914064, 0.6888955
9.629572, 0.6867961, 0.688213
9.64147, 0.6721138, 0.687072
9.652554, 0.6362403, 0.6849554
9.664356, 0.6306735, 0.6831604
9.67593, 0.6321831, 0.6816327
9.686769, 0.6203949, 0.6805031
9.697543, 0.6099393, 0.6791278
9.708457, 0.6045064, 0.6778969
9.719707, 0.5715662, 0.6752758
9.730894, 0.5782087, 0.6727151
9.741823, 0.5760698, 0.6694106
9.753191, 0.5886619, 0.6666362
9.765337, 0.6397968, 0.6661953
9.776677, 0.6406715, 0.6651202
9.787559, 0.5911065, 0.6622429
9.798208, 0.6853665, 0.6622036
9.809202, 0.6947582, 0.6618299
9.819828, 0.7226551, 0.6623038
9.833507, 0.7673431, 0.6643007
9.844414, 0.7647063, 0.6661797
9.855491, 0.8060445, 0.6694857
9.870972, 0.8563792, 0.6745965
9.883445, 0.8580071, 0.6794608
9.894763, 0.8532854, 0.6838381
9.906794, 0.8660854, 0.6892981
9.917659, 0.8812259, 0.6948907
9.928563, 0.9177388, 0.701414
9.940634, 1.15105, 0.7164674
9.951499, 0.8812396, 0.7225384
9.9626, 0.7865422, 0.7257096
9.973696, 0.9174526, 0.7333981
9.985493, 1.031679, 0.7453836
9.996827, 1.019643, 0.7581637
10.00819, 0.755286, 0.7623174
10.01963, 0.7765903, 0.767131
10.03043, 0.7894458, 0.772766
10.04131, 0.9146743, 0.7829238
10.05276, 0.8745318, 0.7919247
10.06454, 0.8708483, 0.8019008
10.07641, 0.6457369, 0.8041517
10.08925, 0.5147249, 0.8021069
10.10136, 0.510983, 0.7995176
10.11267, 0.5096258, 0.7951786
10.12361, 0.5098124, 0.7908166
10.13552, 0.5086261, 0.7880673
10.14638, 0.5121156, 0.7822923
10.15781, 0.5107104, 0.7761574
10.1683, 0.5015661, 0.7687877
10.18048, 0.543784, 0.7613357
10.19378, 2.787542, 0.8287637
10.20572, 2.509481, 0.8855449
10.2176, 3.424695, 0.9711554
10.22847, 3.388097, 1.055492
10.23987, 2.84375, 1.12184
10.25104, 2.237611, 1.167558
10.26148, 4.767479, 1.2971
10.2736, 4.703858, 1.423304
10.28448, 4.595453, 1.538117
10.29574, 4.178844, 1.648037
10.30746, 4.613107, 1.775589
10.31866, 4.833468, 1.906123
10.32858, 4.766326, 2.030612
10.34037, 5.127344, 2.167535
10.35069, 4.607955, 2.295957
10.36444, 5.054492, 2.438554
10.37813, 6.517231, 2.62948
10.38961, 5.543487, 2.783774
10.40144, 4.508673, 2.904912
10.41344, 4.48091, 3.025247
10.42429, 4.85859, 3.165676
10.43601, 2.810313, 3.242195
10.44743, 2.866241, 3.320704
10.47034, 7.08324, 3.539824
10.49391, 9.946484, 3.85438
10.50574, 8.899051, 4.13406
10.51768, 8.542454, 4.401739
10.52914, 7.478754, 4.634007
10.54146, 7.166774, 4.85618
10.55336, 7.502746, 5.088146
10.56564, 7.04485, 5.230056
10.5764, 7.311467, 5.390122
10.58695, 9.650493, 5.597649
10.70961, 5.07039, 5.653726
10.72233, 2.974075, 5.65807
10.73493, 8.552759, 5.868575
10.74699, 7.405776, 5.956519
10.76032, 7.998277, 6.066332
10.77269, 6.713737, 6.136941
10.78518, 6.597236, 6.217554
10.79788, 7.031411, 6.298164
10.80974, 6.574344, 6.356194
10.81942, 6.308022, 6.407584
10.83121, 6.45316, 6.451777
10.84412, 5.551198, 6.483218
10.85651, 5.925741, 6.51226
10.86803, 8.70415, 6.585157
10.87866, 9.681954, 6.723106
10.90114, 7.874352, 6.835296
10.93517, 9.046195, 6.987472
10.94553, 9.027262, 7.126427
10.95967, 9.387756, 7.345675
10.97205, 8.646573, 7.538353
10.98349, 9.725337, 7.626423
10.99506, 9.346649, 7.606429
11.00435, 7.697311, 7.56637
11.01677, 7.677984, 7.537555
11.02771, 8.075796, 7.557456
11.04105, 7.634833, 7.573058
11.05171, 6.325698, 7.533823
11.0633, 6.178549, 7.504946
11.07479, 6.192894, 7.46766
11.08608, 6.729751, 7.370302
11.09856, 6.594536, 7.421107
11.10953, 6.944907, 7.553468
11.12053, 8.19335, 7.541487
11.17293, 9.6897, 7.617618
11.28806, 2.591985, 7.437408
11.61137, 2.07739, 7.282863
11.62412, 3.973147, 7.195394
11.63578, 4.220683, 7.101703
11.64926, 4.253743, 7.02435
11.66099, 3.662166, 6.936154
11.67209, 3.778991, 6.847015
11.68569, 4.179081, 6.801278
11.69625, 4.48078, 6.753113
11.70651, 3.868796, 6.591934
11.71745, 4.001387, 6.402582
11.72806, 4.058526, 6.275388
11.73904, 3.974386, 6.106328
11.75126, 3.873911, 5.934549
11.76297, 3.845984, 5.749823
11.77571, 4.44905, 5.609906
11.78665, 3.843609, 5.413848
11.79619, 4.129713, 5.23995
11.80844, 4.094462, 5.119855
11.8194, 3.627896, 4.984853
11.83093, 3.822824, 4.843087
11.84347, 3.367386, 4.700839
11.85442, 3.391705, 4.60304
11.86507, 3.460032, 4.512423
11.87635, 3.485267, 4.422168
11.88768, 3.421197, 4.311883
11.89947, 3.503867, 4.208861
11.9099, 3.751647, 4.102419
11.92101, 4.483233, 3.978748
11.93191, 4.589904, 3.808755
11.9431, 5.020516, 3.889706
11.95416, 4.820635, 3.981147
11.96567, 5.53582, 4.033237
11.97648, 8.533973, 4.177013
11.98744, 4.303696, 4.178678
11.99872, 2.110298, 4.126949
12.00964, 1.710346, 4.057994
12.02172, 1.451863, 3.967087
12.03278, 1.758936, 3.876359
12.04294, 1.78982, 3.80706
12.05468, 1.719381, 3.730993
12.0663, 1.802251, 3.655784
12.07703, 1.708742, 3.580262
12.08762, 1.744747, 3.50929
12.09863, 1.785568, 3.440609
12.11255, 1.724043, 3.349776
12.12368, 1.774561, 3.280807
12.13466, 1.871899, 3.205547
12.1474, 1.94401, 3.133865
12.1587, 1.963407, 3.078382
12.16962, 2.053863, 3.019417
12.1809, 2.059578, 2.975823
12.19221, 2.262397, 2.938179
12.20189, 2.376374, 2.902058
12.212, 2.56425, 2.871357
12.22169, 4.424672, 2.904806
12.23292, 2.792198, 2.881084
12.24411, 4.177547, 2.89528
12.25491, 3.789757, 2.872165
12.26574, 3.771403, 2.844881
12.27667, 3.698158, 2.800803
12.28855, 3.965923, 2.772312
12.30034, 3.919337, 2.71843
12.31138, 4.148531, 2.572248
12.32339, 4.09349, 2.565241
12.3346, 4.006905, 2.628461
12.34487, 3.876637, 2.700671
12.35694, 3.965573, 2.784462
12.36766, 3.999077, 2.859133
12.379, 4.00535, 2.932984
12.39104, 4.126119, 3.013209
12.40221, 5.832226, 3.147541
12.41623, 5.91798, 3.287849
12.42668, 6.112624, 3.433445
12.43909, 6.226388, 3.581472
12.44989, 6.185988, 3.730204
12.46012, 5.049012, 3.839352
12.47177, 4.725873, 3.934485
13.08041, 9.886034, 4.199219
13.09239, 8.68386, 4.423234
13.10428, 6.461434, 4.570153
13.12732, 2.806654, 4.595056
13.13958, 1.441824, 4.567703
13.15147, 1.226725, 4.529382
13.16279, 1.083755, 4.480032
13.17449, 1.036584, 4.367096
13.18449, 0.9345469, 4.305174
13.19524, 0.8987824, 4.195882
13.20651, 0.7794814, 4.09554
13.21742, 0.8024375, 3.996574
13.22832, 0.8346045, 3.901122
13.23925, 0.89087, 3.79862
13.25197, 0.8835998, 3.697429
13.2623, 0.8962602, 3.58902
13.27321, 0.8668684, 3.481466
13.28721, 0.8211977, 3.375276
13.29897, 0.811145, 3.273093
13.31042, 0.8207456, 3.168265
13.32143, 0.8301051, 3.062633
13.3334, 0.8286057, 2.956741
13.34422, 0.8312445, 2.846912
13.35598, 0.8313729, 2.680217
13.36707, 0.8212198, 2.510325
13.37897, 0.8135742, 2.33369
13.38961, 0.8050038, 2.152977
13.40128, 0.8237436, 1.974236
13.41317, 0.8040633, 1.832737
13.42711, 0.8110601, 1.702244
13.43804, 0.7794925, 1.398692
13.44904, 0.7760427, 1.135098
13.46031, 0.7772001, 0.9456239
13.47095, 0.7769312, 0.8779665
13.48298, 0.7628595, 0.8553343
13.49441, 0.7665647, 0.8399957
13.50623, 0.7564877, 0.8290867
13.51717, 0.7761523, 0.8204057
13.52833, 0.7406414, 0.8139421
13.54006, 0.7438497, 0.8087776
13.55129, 0.7400207, 0.8074623
13.56214, 0.7433156, 0.8054915
13.57441, 0.7348132, 0.8021652
13.58514, 0.6807787, 0.7951621
13.59675, 0.6738961, 0.788172
13.60819, 0.6698515, 0.7806251
13.61953, 0.6541861, 0.7735357
13.63007, 0.6536645, 0.7679512
13.64299, 0.6483551, 0.7625248
13.65481, 0.6555105, 0.757017
13.66685, 0.6498603, 0.7510089
13.67994, 0.6441451, 0.7448602
13.69222, 0.642884, 0.7385815
13.70315, 0.6381799, 0.7321417
13.71492, 0.6299068, 0.7257646
13.72626, 0.6287565, 0.7196041
13.73599, 0.6204731, 0.7134531
13.74699, 0.6151321, 0.7064993
13.75911, 0.6096431, 0.7000186
13.77043, 0.6143353, 0.6934612
13.78242, 0.61586, 0.6880067
13.79395, 0.6170894, 0.6827083
13.80393, 0.6169079, 0.6773652
13.8139, 0.6179359, 0.6720653
13.82391, 0.6167002, 0.6671934
13.8365, 0.6123425, 0.6620526
13.84663, 0.6080753, 0.6571056
13.85647, 0.6011972, 0.6512738
13.86718, 0.6059027, 0.6467826
13.87673, 0.6125507, 0.6424059
13.88687, 0.596155, 0.6376104
13.8975, 0.5956427, 0.632688
13.91012, 0.5940064, 0.6279944
13.92138, 0.5953639, 0.6251472
13.93254, 0.6031144, 0.6227878
13.94352, 0.5894795, 0.6201088
13.95536, 0.585776, 0.6178284
13.96646, 0.6045034, 0.6161898
13.97616, 0.6278862, 0.6155074
13.98741, 0.6376981, 0.6149137
13.99958, 0, 0.5932516
14.17949, 0.8156844, 0.5989696
14.19141, 0.8859503, 0.6070719
14.20564, 0.7794952, 0.6117824
14.21806, 0.9095401, 0.6211035
14.23142, 0.7806047, 0.6261652
14.24289, 1.090117, 0.6418199
14.25431, 1.075073, 0.6571513
14.26625, 1.117442, 0.6740779
14.27751, 1.158828, 0.6922276
14.28901, 0.9442734, 0.7031747
14.3003, 1.087252, 0.7188467
14.3122, 1.126398, 0.7358298
14.32204, 1.088768, 0.7515242
14.33424, 1.018734, 0.7649253
14.34589, 1.089939, 0.7808452
14.35761, 1.09114, 0.7969474
14.36876, 1.135353, 0.8147526
14.38183, 1.151382, 0.8329352
14.39208, 1.221411, 0.8532305
14.40413, 1.215778, 0.8738846
14.41651, 1.251451, 0.895745
14.43255, 1.267518, 0.9181954
14.44345, 1.331165, 0.9427221
14.45431, 1.319441, 0.9665996
14.46619, 1.319964, 0.990949
14.47748, 1.353758, 1.016549
14.48768, 1.354396, 1.041545
14.50208, 1.486967, 1.070181
14.51399, 1.435443, 1.096772
14.52723, 1.501938, 1.146837
14.53842, 1.437301, 1.167557
14.54931, 1.537698, 1.189282
14.56035, 1.572505, 1.215716
14.57115, 1.513926, 1.235862
14.58264, 1.619563, 1.263828
14.59249, 0, 1.22749
14.81008, 1.261514, 1.233705
14.823, 1.311839, 1.240185
14.83555, 1.540952, 1.252922
14.84572, 1.284648, 1.264268
14.85693, 1.548664, 1.279649
14.86678, 1.211707, 1.282492
14.87694, 1.760641, 1.304888
14.88841, 1.891302, 1.333974
14.9003, 1.846017, 1.359176
14.91165, 1.641366, 1.377517
14.92251, 1.532201, 1.390745
14.93329, 1.524359, 1.403178
14.94472, 1.655197, 1.417637
14.95534, 1.726555, 1.434663
14.96958, 1.732836, 1.450709
14.98026, 1.753494, 1.466909
14.99296, 1.787613, 1.482124
15.00336, 1.775469, 1.497325
15.01715, 1.74858, 1.511612
15.02763, 1.772726, 1.525577
15.03947, 1.783881, 1.539894
15.04905, 1.739983, 1.548328
15.06047, 1.717565, 1.557732
15.07116, 1.743108, 1.565771
15.0821, 1.744183, 1.576
15.09058, 1.778955, 1.584042
15.09992, 1.906853, 1.595187
15.10933, 2.032203, 1.612463
15.11983, 2.137231, 1.629718
15.13241, 2.14475, 1.70121
15.14335, 2.210962, 1.732858
15.15421, 2.397312, 1.76904
15.16454, 2.434529, 1.798826
15.17537, 2.501338, 1.839383
15.18688, 2.624396, 1.87524
15.19917, 2.684085, 1.92432
15.2108, 2.267337, 1.94121
15.22297, 2.252218, 1.95324
15.23392, 2.166419, 1.96392
15.24536, 2.156401, 1.981088
15.25584, 2.10573, 2.000206
15.2663, 2.23882, 2.024021
15.27631, 2.240566, 2.043534
15.28735, 2.210834, 2.059676
15.29894, 2.239117, 2.076552
15.31008, 2.221218, 2.092143
15.321, 2.167765, 2.104815
15.33175, 2.145871, 2.117162
15.34187, 2.221024, 2.13291
15.35425, 2.396864, 2.153714
15.36504, 2.406473, 2.174467
15.37566, 2.350185, 2.194807
15.38672, 2.406002, 2.217755
15.39808, 2.33502, 2.237485
15.40825, 2.447998, 2.260946
15.41971, 2.587933, 2.287912
15.43071, 2.527768, 2.308609
15.44165, 2.519189, 2.324842
15.4528, 2.565084, 2.339104
15.46403, 2.553461, 2.352727
15.4756, 2.5777, 2.364952
15.48704, 2.683746, 2.3745
15.49842, 2.577609, 2.379269
15.50966, 2.908163, 2.39283
15.53308, 9.316632, 2.615905
15.54395, 6.476663, 2.742324
15.56245, 7.795418, 2.926593
15.57722, 8.437764, 3.132778
15.58966, 8.698198, 3.350504
15.60035, 8.461828, 3.560685
15.61187, 8.056401, 3.759041
15.62258, 8.325711, 3.961937
15.63348, 7.528281, 4.138195
15.64369, 7.796361, 4.324379
15.65464, 7.897148, 4.51298
15.66532, 7.652421, 4.69402
15.67677, 7.148865, 4.860056
15.68737, 6.530411, 5.006207
15.69889, 6.276508, 5.14139
15.70979, 6.079995, 5.264161
15.7207, 6.476075, 5.399814
15.73142, 5.786796, 5.514368
15.74153, 6.311247, 5.644542
15.75262, 6.128789, 5.771001
15.76373, 6.696185, 5.912607
15.77486, 6.647829, 6.047937
15.78599, 6.419392, 6.177658
15.79767, 6.823369, 6.32113
15.81913, 8.679001, 6.524927
15.83039, 7.163518, 6.678596
15.84119, 9.673798, 6.915132
15.85217, 7.93341, 7.090121
15.86362, 9.752894, 7.329298
15.87465, 6.684713, 7.455183
15.88582, 5.613232, 7.331736
15.89772, 6.37002, 7.328181
15.90849, 6.482522, 7.284418
15.91915, 5.883612, 7.199279
15.93009, 5.657944, 7.097938
15.94207, 5.800158, 7.009215
15.95223, 5.763753, 6.932794
15.964, 5.624359, 6.842749
15.97517, 4.934219, 6.75628
15.98738, 4.895525, 6.659585
15.99784, 4.913559, 6.560133
16.00918, 4.522923, 6.455816
16.02065, 4.362505, 6.362937
16.03186, 4.289841, 6.288252
16.04343, 4.117046, 6.21627
16.05491, 4.107758, 6.150528
16.06586, 4.067195, 6.070233
16.07746, 4.02887, 6.011635
16.09188, 4.118443, 5.938542
16.10397, 5.007152, 5.901154
16.11654, 4.867895, 5.840211
16.12618, 5.103804, 5.788743
16.13828, 5.096687, 5.744653
16.1498, 5.240487, 5.691891
16.16062, 5.124408, 5.573404
16.17215, 4.805358, 5.494799
16.18282, 4.511284, 5.322716
16.19378, 4.290328, 5.20128
16.20529, 4.429505, 5.023833
16.21731, 4.761163, 4.959715
16.22879, 4.630374, 4.926953
16.23925, 4.511202, 4.864992
16.24991, 4.180165, 4.788247
16.25976, 4.452739, 4.740551
16.27048, 4.210316, 4.692297
16.28041, 4.417978, 4.646224
16.29147, 4.418861, 4.601395
16.30117, 4.027905, 4.54818
16.31142, 4.356708, 4.52893
16.32358, 4.310693, 4.509436
16.33399, 4.212109, 4.486054
16.34559, 4.15137, 4.473669
16.35716, 4.156222, 4.466793
16.36825, 3.981054, 4.4565
16.38049, 3.781155, 4.445303
16.39236, 3.885116, 4.437882
16.40455, 3.938903, 4.433606
16.41657, 3.788432, 4.425591
16.42755, 4.287834, 4.431237
16.43739, 4.17584, 4.403527
16.44912, 4.07479, 4.37709
16.46095, 4.008407, 4.340577
16.47316, 3.828709, 4.298311
16.48326, 3.709455, 4.247277
16.49471, 3.844361, 4.204608
16.50533, 4.16235, 4.183175
16.51625, 4.044157, 4.167604
16.52658, 3.884833, 4.154088
16.5364, 3.79278, 4.132864
16.54722, 3.773074, 4.099927
16.55831, 3.955017, 4.077416
16.56924, 3.738605, 4.051663
16.58053, 3.682527, 4.035075
16.59123, 3.690002, 4.00965
16.60556, 3.556748, 3.987864
16.6178, 3.620088, 3.961268
16.62976, 3.647445, 3.935554
16.64113, 3.411128, 3.914995
16.65243, 3.367314, 3.882015
16.66404, 3.411142, 3.85203
16.67489, 3.330984, 3.822659
16.68523, 3.59887, 3.804243
16.69724, 3.550067, 3.784038
16.70834, 3.446815, 3.766229
16.71959, 3.456654, 3.755413
16.73042, 3.469193, 3.741549
16.74136, 3.420836, 3.72428
16.75339, 3.604745, 3.718157
16.7636, 3.61928, 3.695872
16.77407, 3.637219, 3.677918
16.78548, 3.606413, 3.662305
16.79635, 3.573972, 3.647824
16.80774, 3.512192, 3.637273
16.81862, 3.560631, 3.632313
16.83063, 3.648858, 3.625796
16.84083, 3.846662, 3.615273
16.85188, 3.772103, 3.606205
16.86321, 3.722382, 3.600789
16.87426, 3.795791, 3.60089
16.88525, 3.946352, 3.606666
16.89771, 4.109995, 3.611832
16.90847, 4.00648, 3.620761
16.92069, 4.104293, 3.63482
16.9323, 4.095886, 3.648349
16.94324, 4.006042, 3.663326
16.95449, 4.010346, 3.676334
16.96515, 4.081179, 3.690792
16.97649, 4.463195, 3.725861
16.98829, 4.352349, 3.758695
16.99926, 4.659461, 3.800306
17.01044, 4.785634, 3.848794
17.02111, 4.761117, 3.887536
17.03095, 4.418353, 3.916479
17.04115, 4.439713, 3.949575
17.05381, 4.220807, 3.975047
17.06423, 4.38654, 4.005625
17.07564, 4.853652, 4.053386
17.08537, 4.641166, 4.087934
17.0966, 4.549645, 4.118946
17.11122, 5.088816, 4.167332
17.12187, 4.755291, 4.205628
17.13234, 4.644337, 4.241307
17.14408, 5.086009, 4.293767
17.15565, 5.150336, 4.346757
17.16633, 4.749384, 4.383441
17.17814, 4.466317, 4.404097
17.19015, 4.355772, 4.423553
17.20016, 4.169114, 4.438444
17.21147, 4.256249, 4.453792
17.22307, 4.260575, 4.464266
17.23321, 5.316686, 4.504489
17.24599, 5.399528, 4.550924
17.50102, 5.037962, 4.582046
17.51673, 6.259183, 4.654156
17.5288, 4.864868, 4.682784
17.53948, 6.95747, 4.781021
17.56113, 5.943758, 4.843107
17.58429, 1.895859, 4.757529
17.59638, 1.968504, 4.678068
17.60732, 1.854032, 4.584554
17.61821, 1.752674, 4.483455
17.62938, 1.72872, 4.382375
17.6417, 1.851018, 4.296797
17.65334, 1.831148, 4.209845
17.66429, 1.836929, 4.130382
17.67512, 1.837378, 4.04541
17.68757, 1.846869, 3.945184
17.69828, 1.851575, 3.852197
17.70803, 2.107587, 3.770795
17.72019, 2.242134, 3.675906
17.73224, 2.262926, 3.592827
17.74433, 2.31643, 3.51523
17.75516, 2.307776, 3.422622
17.76648, 2.129332, 3.321922
17.77724, 2.11018, 3.233949
17.78822, 2.100054, 3.155074
17.7993, 2.079518, 3.079198
17.81043, 2.187521, 3.013145
17.82054, 2.35575, 2.949795
17.83143, 2.304446, 2.884591
17.84222, 2.372942, 2.786466
17.85327, 2.512374, 2.690228
17.86406, 2.444235, 2.60377
17.87515, 2.42368, 2.47592
17.88487, 2.390864, 2.393453
17.89637, 2.294542, 2.238022
17.90744, 2.256282, 2.115106
17.91823, 2.034668, 2.119733
17.93104, 2.179598, 2.12677
17.94135, 2.262317, 2.140379
17.95312, 2.057934, 2.150554
17.96463, 4.767302, 2.25184
17.97517, 5.83189, 2.384536
17.98493, 1.968811, 2.389125
17.99663, 4.335769, 2.47242
18.00751, 2.231202, 2.485547
18.01821, 2.169474, 2.4963
18.02977, 1.800529, 2.494599
18.04147, 1.491555, 2.474064
18.0536, 1.565, 2.451493
18.06417, 1.528683, 2.427018
18.07542, 1.577035, 2.402372
18.08631, 1.575401, 2.377959
18.09838, 1.023899, 2.341111
18.10935, 0.8317915, 2.298499
18.12037, 0.9770746, 2.261066
18.13235, 0.946275, 2.223291
18.14329, 0.9240448, 2.181175
18.15451, 0.9162793, 2.133193
18.1664, 0.9206132, 2.087065
18.17811, 0.9280014, 2.0389
18.18921, 0.9365551, 1.986373
18.20316, 0.9517495, 1.936623
18.21513, 0.9368799, 1.887063
18.22509, 0.8915182, 1.837085
18.23761, 0.8807458, 1.789958
18.24781, 0.8884367, 1.744364
18.25861, 0.9029122, 1.706638
18.26805, 0.9043772, 1.664131
18.28045, 0.9113793, 1.6191
18.29199, 0.9188787, 1.581131
18.30134, 0.9268574, 1.453116
18.31251, 0.9525453, 1.290472
18.32463, 0.9302138, 1.255852
18.33644, 0.9260409, 1.142194
18.34754, 0.9322122, 1.098894
18.35847, 0.9504736, 1.058261
18.36966, 0.9349078, 1.029407
18.38137, 0.9199498, 1.010353
18.3925, 0.9170405, 0.9887548
18.40468, 0.8963659, 0.9676775
18.41632, 0.8775617, 0.9443617
18.4263, 0.8770868, 0.9210846
18.43916, 0.8719705, 0.9160203
18.44918, 0.8795231, 0.9176114
18.46077, 0.8813309, 0.9144199
18.47212, 0.8671044, 0.9117809
18.48426, 0.8760767, 0.9101819
18.4959, 0.8733592, 0.9087513
18.50623, 0.8679069, 0.9069945
18.51651, 0.8653564, 0.9049063
18.52847, 0.8526825, 0.9021105
18.53827, 0.8705637, 0.8994043
18.5492, 0.8734182, 0.8972889
18.55916, 0.8745149, 0.8967221
18.56884, 0.8952783, 0.8972066
18.57926, 0.8822685, 0.897001
18.58941, 0.8867555, 0.8964624
18.6002, 0.8805824, 0.8956693
18.61253, 0.8846552, 0.8947785
18.62445, 0.889099, 0.8937858
18.63649, 0.8914144, 0.8926045
18.6475, 0.9079242, 0.8911171
18.6584, 0.9076905, 0.8903663
18.66907, 0.899398, 0.8894783
18.68035, 0.9047475, 0.8885627
18.69163, 0.874005, 0.8860137
18.70329, 0.875498, 0.8840334
18.71771, 0.8431034, 0.8814718
18.72877, 0.8500943, 0.8792403
18.74068, 0.8595258, 0.8780123
18.75117, 0.8102199, 0.8757676
18.7623, 0.7950832, 0.8730342
18.77351, 0.8054431, 0.8708165
18.78438, 0.7864277, 0.8677134
18.79568, 0.7875809, 0.8645884
18.80729, 0.781243, 0.8617264
18.81852, 0.7728064, 0.858284
18.8296, 0.76272, 0.854596
18.8413, 0.7625674, 0.8510847
18.85246, 0.7630517, 0.8476745
18.86434, 0.7591263, 0.844556
18.87444, 0.7498376, 0.8405319
18.88417, 0.7578077, 0.8366781
18.89641, 0.7561413, 0.8327323
18.90729, 0.8369599, 0.8307884
18.91777, 0.7474397, 0.8262941
18.92873, 0.9059114, 0.8269326
18.9401, 0.66988, 0.8199092
19.49152, 1.72864, 0.848042
19.50144, 1.485177, 0.8679112
19.51259, 0.7180515, 0.8621324
19.52348, 1.122666, 0.8692905
19.53431, 1.272812, 0.8814612
19.54525, 0.9295642, 0.8824667
19.5554, 1.131036, 0.8900096
19.56549, 1.046738, 0.8957674
19.57598, 1.107588, 0.9035037
19.58732, 0.9217552, 0.9061254
19.59832, 0.9727412, 0.9102137
19.60938, 0.9490417, 0.9131976
19.62163, 0.9319999, 0.9172569
19.6324, 0.8707215, 0.9197781
19.64437, 1.088185, 0.9292029
19.65412, 1.076044, 0.9388567
19.66459, 1.109967, 0.9496029
19.67624, 0.975744, 0.9560863
19.68935, 0.9992334, 0.9636338
19.7, 1.078614, 0.9741637
19.71353, 1.159336, 0.9873893
19.72484, 1.123595, 0.9994074
19.73769, 1.164575, 1.012922
19.74831, 1.211072, 1.028297
19.75941, 1.215502, 1.043553
19.77097, 1.189573, 1.058001
19.78141, 1.205446, 1.070284
19.79219, 1.203498, 1.085486
19.80336, 1.257904, 1.097219
19.81369, 1.336927, 1.119454
19.82441, 1.437203, 1.109739
19.83557, 1.350947, 1.105265
19.84657, 1.334244, 1.125805
19.85726, 1.466691, 1.137272
19.86951, 1.471285, 1.143888
19.88321, 1.542034, 1.164303
19.89309, 1.434872, 1.174431
19.90334, 1.478093, 1.18881
19.91479, 1.524438, 1.202705
19.92421, 1.408288, 1.218922
19.93512, 1.442532, 1.234582
19.94741, 1.50674, 1.253172
19.95825, 1.64192, 1.276836
19.96948, 1.676401, 1.303692
19.98167, 1.704484, 1.324235
19.99239, 1.883233, 1.351142
20.00471, 1.496636, 1.364031
20.01531, 1.21193, 1.371904
20.02501, 1.359513, 1.383913
20.298, 5.2298, 1.522286
20.30957, 5.594306, 1.670118
20.3215, 6.931822, 1.863726
20.3338, 4.500415, 1.974921
20.34667, 5.547772, 2.119477
20.3574, 6.080903, 2.281657
20.37022, 6.159724, 2.447329
20.38239, 3.834982, 2.53498
20.39412, 4.089563, 2.631182
20.40494, 3.752995, 2.714352
20.41629, 1.63773, 2.724379
20.42849, 1.619086, 2.730442
20.43901, 1.598809, 2.738704
20.45019, 1.616429, 2.74811
20.46218, 1.600815, 2.752581
20.47425, 1.556101, 2.755408
20.48932, 1.561465, 2.756056
20.50003, 1.78128, 2.767603
20.51218, 1.821821, 2.77906
20.52322, 1.770542, 2.787264
20.53319, 7.056555, 2.975539
20.55644, 9.707895, 3.251051
20.56584, 3.063736, 3.302951
20.5757, 2.170803, 3.32058
20.58562, 3.503848, 3.381495
20.59559, 6.198546, 3.531297
20.60566, 6.933737, 3.699648
20.61705, 6.514401, 3.866907
20.6281, 6.210205, 4.033516
20.63899, 5.942731, 4.18629
20.65036, 5.795376, 4.205142
20.66132, 5.981071, 4.218035
20.67235, 5.952103, 4.185378
20.68351, 6.927182, 4.26627
20.69442, 6.403658, 4.294799
20.70639, 5.924964, 4.289601
20.71702, 5.973576, 4.283396
20.72833, 6.04165, 4.356952
20.73909, 5.898207, 4.41724
20.75017, 6.062637, 4.494228
20.76232, 6.892446, 4.669385
20.7743, 6.564881, 4.834245
20.78632, 6.267711, 4.989875
20.79835, 6.247087, 5.144231
20.80867, 6.475653, 5.306725
20.82019, 6.343337, 5.4663
20.83138, 7.919012, 5.678217
20.84175, 7.611878, 5.872571
20.85277, 6.624806, 6.03267
20.86196, 6.442476, 6.188401
20.87356, 2.469933, 6.035514
20.88401, 2.64276, 5.80001
20.89502, 2.263766, 5.773344
20.90594, 2.071, 5.770017
20.91729, 1.595476, 5.706405
20.92908, 1.657485, 5.555036
20.94028, 2.235219, 5.398419
20.95159, 2.138161, 5.252544
20.96304, 3.225423, 5.153051
20.97442, 3.222596, 5.06238
20.98566, 3.722238, 4.993276
20.99725, 3.764555, 4.919392
21.00966, 4.121588, 4.858375
21.02011, 4.153913, 4.765932
21.0312, 4.395473, 4.698993
21.04237, 4.5356, 4.652681
21.054, 5.26428, 4.629038
21.06432, 4.896549, 4.590868
21.07528, 4.537958, 4.545526
21.08669, 4.262326, 4.485516
21.09749, 4.45207, 4.40417
21.10865, 5.888762, 4.381633
21.12085, 6.351711, 4.384433
21.13102, 6.397025, 4.389431
21.14192, 6.408079, 4.387178
21.15334, 7.025112, 4.409904
21.16445, 6.62568, 4.366794
21.17566, 6.202857, 4.319826
21.18698, 6.275774, 4.308192
21.19963, 6.100029, 4.296777
21.2119, 6.119885, 4.418443
21.22425, 6.070479, 4.5327
21.23571, 5.916624, 4.654462
21.24778, 5.254823, 4.76059
21.25867, 4.756137, 4.865945
21.26887, 4.540911, 4.962059
21.28044, 4.946784, 5.052444
21.29155, 4.873841, 5.143633
21.30359, 4.773746, 5.195244
21.31581, 3.708294, 5.211434
21.32625, 3.168085, 5.192963
21.33792, 2.752272, 5.15922
21.35023, 3.463713, 5.137291
21.36289, 3.002053, 5.098896
21.37404, 3.150326, 5.057391
21.38507, 2.796927, 4.999435
21.39673, 2.813983, 4.917758
21.40771, 2.724286, 4.84535
21.41829, 2.626657, 4.78164
21.43009, 2.553313, 4.724672
21.44158, 2.456066, 4.658139
21.45339, 2.513235, 4.545621
21.46433, 2.474191, 4.416371
21.47555, 6.284305, 4.412613
21.49896, 2.254237, 4.274152
21.50971, 3.400798, 4.153342
21.52143, 2.736709, 4.02371
21.53275, 3.161368, 3.922327
21.54772, 3.248049, 3.821403
21.55864, 4.645158, 3.772907
21.56952, 4.962205, 3.734317
21.58072, 5.235438, 3.706482
21.59157, 4.996239, 3.675803
21.60387, 4.949333, 3.66562
21.61561, 4.955756, 3.672274
21.62753, 4.923008, 3.685011
21.63939, 5.127093, 3.691021
21.6509, 5.349404, 3.706873
21.6614, 6.206107, 3.754619
21.67255, 7.147689, 3.869265
21.68343, 6.407002, 3.977229
21.69426, 7.13188, 4.123216
21.70566, 7.691852, 4.264154
21.71669, 8.674011, 4.453219
21.72762, 9.841895, 4.676271
21.73844, 9.626993, 4.90394
21.74969, 4.083913, 4.946271
21.76164, 4.382459, 5.001544
21.9408, 5.339241, 5.091963
21.95282, 5.103344, 5.176964
21.96584, 4.965633, 5.260617
21.97919, 4.766959, 5.335741
21.99047, 4.724546, 5.410752
22.00229, 4.478002, 5.350542
22.01361, 4.123195, 5.412841
22.02477, 4.578719, 5.452105
22.03569, 4.53804, 5.512149
22.04681, 4.827146, 5.567675
22.05778, 5.405367, 5.639586
22.06883, 5.696928, 5.674645
22.08083, 5.508935, 5.69287
22.09248, 6.432563, 5.732773
22.10763, 6.05259, 5.767985
22.11909, 5.934271, 5.800817
22.13067, 6.112081, 5.839361
22.14166, 5.712198, 5.865667
22.15348, 5.712127, 5.885169
22.16603, 6.844002, 5.934988
22.17854, 5.504989, 5.911618
22.18968, 5.153444, 5.845143
22.20074, 6.408607, 5.845196
22.2218, 3.370537, 5.719818
22.23275, 3.099414, 5.566736
22.24503, 2.822504, 5.371686
22.25736, 6.033471, 5.244739
22.3831, 7.935328, 5.18835
22.39419, 6.93, 5.28322
22.43824, 2.855286, 5.232314
22.45008, 3.465105, 5.169843
22.46157, 3.547424, 5.117979
22.47355, 3.667339, 5.074702
22.48435, 3.69282, 5.038898
22.49651, 3.929084, 5.012382
22.50728, 3.955154, 4.994954
22.51956, 3.963707, 4.989637
22.53074, 4.086698, 4.973237
22.54158, 5.385376, 5.001481
22.55382, 5.20985, 5.014238
22.56563, 7.662387, 5.089472
22.57749, 7.929798, 5.163901
22.5896, 7.436936, 5.228167
22.60113, 5.479725, 5.196406
22.61579, 5.104068, 5.164788
22.62647, 4.799954, 5.126978
22.63876, 5.204797, 5.096735
22.64957, 5.756762, 5.098221
22.66068, 5.482427, 5.090564
22.67506, 5.015095, 5.0296
22.68633, 5.418925, 5.026731
22.69827, 5.659035, 5.043584
22.77387, 5.870029, 5.025632
22.78512, 3.459813, 5.028607
22.79737, 3.840275, 5.053302
22.80849, 2.848379, 5.054164
22.82056, 1.998245, 4.919657
22.83162, 1.391878, 4.701541
22.84217, 1.270219, 4.512883
22.85468, 1.186606, 4.45726
22.86538, 1.17091, 4.380786
22.87652, 1.150811, 4.3009
22.88848, 1.141, 4.216689
22.89998, 1.113556, 4.130713
22.91077, 1.123896, 4.037207
22.92153, 1.13144, 3.943083
22.93291, 1.105653, 3.847815
22.94368, 0.7057179, 3.735115
22.95469, 0.6690589, 3.577905
22.96594, 0.9545451, 3.436061
22.97542, 0.9387549, 3.21194
22.98642, 0.9272315, 2.978522
22.99881, 0.8912029, 2.76033
23.01049, 0.8863608, 2.607218
23.02143, 0.8744982, 2.466233
23.03264, 0.8884646, 2.33585
23.0446, 0.9001865, 2.192363
23.05574, 0.9027912, 2.030564
23.06712, 0.8771824, 1.877055
23.07848, 0.8832583, 1.739328
23.09043, 0.8422426, 1.586771
23.10478, 0.8351022, 1.425974
23.11549, 0.861957, 1.259038
23.12661, 0.8399109, 1.171708
23.13775, 0.8181489, 1.07097
23.14876, 0.8185493, 1.003309
23.15962, 0.8305945, 0.9643878
23.17074, 0.8267844, 0.9455513
23.18249, 0.8331404, 0.930982
23.19486, 0.8327489, 0.9191868
23.20578, 0.8360728, 0.9080256
23.22082, 0.8391935, 0.8976383
23.23542, 0.8343727, 0.8874174
23.24785, 0.8367945, 0.8781919
23.25838, 0.8312409, 0.8684368
23.26951, 0.8356988, 0.8585788
23.28038, 0.833901, 0.8495204
23.2916, 0.8238484, 0.8534581
23.30251, 0.8277417, 0.8587475
23.31349, 0.8161847, 0.8541355
23.32476, 0.8019711, 0.849576
23.33785, 0.7846371, 0.8448229
23.34893, 0.7119266, 0.838847
23.36039, 0.7121891, 0.8330413
23.37236, 0.7084368, 0.8275059
23.38231, 0.7018667, 0.821286
23.3935, 0.6965958, 0.8144997
23.40436, 0.6959829, 0.807606
23.41559, 0.6730586, 0.8008019
23.42764, 0.670625, 0.7937142
23.43848, 0.6751465, 0.7881442
23.44989, 0.6667594, 0.7825328
23.46144, 0.6570571, 0.7757028
23.47283, 0.6689147, 0.770003
23.48363, 0.6667603, 0.7649566
23.49474, 0.6748049, 0.7601651
23.50533, 0.689146, 0.7554501
23.51657, 0.6929229, 0.7509881
23.52841, 0.6938981, 0.7463466
23.53935, 0.6898209, 0.7415823
23.54901, 0.6792532, 0.736355
23.56065, 0.6756408, 0.7309033
23.57268, 0.6692954, 0.7254007
23.58257, 0.6628044, 0.719601
23.5937, 0.6541744, 0.7136987
23.60531, 0.651335, 0.7075533
23.61665, 0.6774517, 0.7023383
23.62837, 0.6856614, 0.6977321
23.64042, 0.6734973, 0.6925907
23.65061, 0.6715761, 0.6877703
23.66161, 0.6840378, 0.6838392
23.67363, 0.697163, 0.6809234
23.68583, 0.7171325, 0.6810969
23.69678, 0.7165145, 0.6812411
23.70772, 0.7466665, 0.6825154
23.71951, 0.755433, 0.684301
23.73151, 0.7775313, 0.6869987
23.74285, 0.8010732, 0.6905018
23.75483, 1.020991, 0.7020995
23.76889, 0, 0.6797453
23.78081, 0, 0.6572405
23.7917, 0, 0.6350151
23.83589, 0, 0.6131132
23.84788, 0, 0.5908161
23.85867, 0, 0.5685908
23.86917, 0, 0.5460972
23.88031, 0, 0.5231257
23.89157, 0, 0.5000283
23.90387, 0, 0.4768983
23.91554, 0, 0.4539043
23.92628, 0, 0.4312625
23.93786, 0.9003893, 0.4387541
23.94901, 0.6380005, 0.437711
23.9597, 0.7295551, 0.439936
23.97085, 0.7179497, 0.4420618
23.98212, 1.008295, 0.4539605
23.99514, 1.269732, 0.4737032
24.0056, 1.170143, 0.4898526
24.01631, 1.183388, 0.506849
24.02873, 1.217182, 0.5250358
24.04052, 1.196418, 0.5421152
24.05272, 1.192942, 0.5586411
24.06349, 1.188253, 0.5743452
24.07558, 1.186008, 0.589995
24.0867, 1.173262, 0.6042148
24.0976, 1.176812, 0.6182607
24.10887, 1.23026, 0.6333517
24.12103, 1.268961, 0.648948
24.1325, 1.279508, 0.6575653
24.14359, 1.364787, 0.7030582
24.15574, 1.453722, 0.7515156
24.16667, 1.331677, 0.7959048
24.17848, 1.213805, 0.8363649
24.18942, 1.322926, 0.8804625
24.20132, 1.419056, 0.9277643
24.2139, 1.446077, 0.9759669
24.22495, 1.378824, 1.021928
24.23707, 1.393179, 1.068367
24.24726, 1.387445, 1.114615
24.25873, 1.359202, 1.159922
24.26968, 1.342663, 1.204677
24.28149, 1.354507, 1.219815
24.29363, 1.375313, 1.244392
24.30543, 1.365976, 1.265606
24.31921, 1.439346, 1.289652
24.32951, 1.432326, 1.303787
24.34041, 1.462899, 1.310225
24.35163, 1.460625, 1.319908
24.36353, 1.533333, 1.331573
24.37459, 1.609696, 1.344657
24.3864, 1.603228, 1.358217
24.39746, 1.623752, 1.372577
24.40868, 1.636804, 1.387529
24.42081, 1.672918, 1.403759
24.43168, 1.682841, 1.420745
24.44159, 1.683559, 1.437637
24.45374, 1.703434, 1.453409
24.46542, 1.828544, 1.472062
24.4776, 1.836283, 1.490622
24.48944, 1.949573, 1.510114
24.50075, 1.962234, 1.527065
24.51157, 2.188384, 1.555622
24.52365, 2.550436, 1.600176
24.53368, 2.609113, 1.643049
24.54433, 2.738709, 1.687037
24.5567, 2.767704, 1.731092
24.56843, 3.287199, 1.794704
24.58048, 3.234696, 1.856088
24.59165, 3.328729, 1.920798
24.60346, 3.599143, 1.995462
24.61598, 3.640788, 2.072067
24.62612, 3.581203, 2.14629
24.6388, 3.744461, 2.225261
24.6502, 4.623812, 2.333856
24.66282, 4.461374, 2.43459
24.67373, 2.84348, 2.481628
24.68556, 3.094774, 2.536024
24.69748, 3.009487, 2.587653
24.70835, 3.074908, 2.639039
24.72038, 3.715854, 2.709244
24.73169, 5.670769, 2.844829
24.74448, 5.326511, 2.968254
24.75643, 3.943003, 3.045127
24.76766, 4.27066, 3.131718
24.77929, 1.928991, 3.139924
24.79037, 0, 3.083805
24.80032, 0, 3.027024
25.90813, 0, 2.966073
25.91982, 0, 2.904863
25.93143, 0, 2.839878
25.94261, 0, 2.77447
25.95436, 0, 2.701524
25.96419, 0, 2.616509
25.97663, 0, 2.529538
25.98731, 0, 2.438248
25.99828, 0, 2.345991
26.01005, 0, 2.236418
26.02218, 0, 2.128595
26.03331, 1.342375, 2.062383
26.04433, 1.26231, 1.984489
26.0559, 1.218505, 1.903746
26.06672, 1.168415, 1.82332
26.07829, 1.196372, 1.738383
26.08927, 1.185493, 1.623773
26.10145, 1.252452, 1.516809
26.11332, 1.33469, 1.466516
26.12452, 1.381131, 1.409394
26.13573, 1.356124, 1.354282
26.1452, 1.351409, 1.296832
26.15621, 1.425858, 1.220499
26.16759, 1.430944, 1.079171
26.18083, 1.568944, 0.9539191
26.19303, 1.568416, 0.8747662
26.20513, 1.569263, 0.7847196
26.21662, 1.579642, 0.7730747
26.22834, 1.618991, 0.827041
26.23944, 1.535996, 0.8782409
26.25158, 1.73226, 0.9359829
26.26155, 1.808904, 0.9962797
26.27312, 1.810626, 1.056634
26.28411, 2.091122, 1.126338
26.29637, 2.108019, 1.196605
26.30671, 2.117667, 1.267194
26.31629, 2.19942, 1.340508
26.32699, 2.357773, 1.419101
26.33837, 2.266347, 1.494646
26.34907, 1.722803, 1.552072
26.35921, 1.748407, 1.610353
26.37092, 1.830022, 1.626607
26.38239, 1.823428, 1.645311
26.39329, 1.795169, 1.664533
26.40504, 1.750042, 1.683921
26.41632, 1.764151, 1.702847
26.42736, 1.798136, 1.723268
26.43944, 1.864065, 1.743655
26.45126, 1.813568, 1.759618
26.46244, 1.831599, 1.774634
26.47211, 1.852903, 1.791193
26.48249, 1.899935, 1.809477
26.49227, 1.949915, 1.826946
26.50307, 1.944708, 1.844071
26.51415, 1.926866, 1.856002
26.52649, 1.741592, 1.861774
26.53822, 1.787089, 1.869035
26.54911, 1.804754, 1.876539
26.56127, 1.839506, 1.883889
26.5736, 1.863911, 1.89482
26.58543, 1.954146, 1.902216
26.59751, 2.203841, 1.915381
26.60757, 2.138353, 1.926305
26.61968, 2.153604, 1.928388
26.62948, 2.297492, 1.934703
26.63909, 2.389266, 1.943757
26.65172, 2.598128, 1.957047
26.6621, 2.596352, 1.965
26.67337, 2.813701, 1.983245
26.68328, 2.85318, 2.020924
26.69425, 2.823022, 2.056744
26.70524, 2.258387, 2.071023
26.72321, 2.347971, 2.088508
26.73779, 3.475733, 2.144527
26.75113, 3.13514, 2.190697
26.76209, 4.423464, 2.27934
26.77379, 6.785069, 2.445572
26.78404, 7.411097, 2.630473
26.79627, 6.303628, 2.780141
26.80722, 5.857786, 2.914348
26.81691, 6.372127, 3.064988
26.82722, 6.611035, 3.222025
26.83749, 6.88063, 3.386382
27.05871, 6.027071, 3.522461
27.06966, 3.904349, 3.588377
27.08043, 2.888086, 3.626594
27.09141, 4.026821, 3.701251
27.10318, 3.739713, 3.76575
27.11416, 3.957057, 3.836335
27.12622, 4.697131, 3.930775
27.13821, 5.319476, 4.042953
27.14912, 5.288389, 4.145771
27.16115, 5.332314, 4.252236
27.17221, 5.248653, 4.355405
27.18418, 5.712816, 4.469249
27.19624, 6.212567, 4.596693
27.20651, 7.665429, 4.765603
27.29558, 8.795067, 4.972227
27.3064, 8.038798, 5.146396
27.32064, 7.65723, 5.306531
27.33225, 7.381852, 5.458492
27.34435, 8.660547, 5.671897
27.35627, 8.151001, 5.865332
27.36845, 6.328385, 5.96042
27.37813, 6.188725, 6.062205
27.3887, 5.967346, 6.113668
27.39955, 5.605786, 6.074359
27.41055, 5.546804, 6.012216
27.42039, 5.53911, 5.986732
27.43197, 5.047874, 5.959734
27.44344, 4.861962, 5.909395
27.45449, 4.836283, 5.850237
27.46559, 4.511302, 5.77126
27.47727, 4.641198, 5.725064
27.48832, 3.376204, 5.707459
27.53996, 7.563058, 5.863292
27.54984, 7.457916, 5.977662
27.56047, 7.73724, 6.110913
27.57152, 6.392939, 6.192109
27.58235, 9.146767, 6.34043
27.59335, 6.891768, 6.39284
27.60446, 6.905214, 6.446734
27.61561, 6.222941, 6.476422
27.62747, 5.868879, 6.497096
27.63756, 5.55267, 6.491758
27.64855, 4.914061, 6.448474
27.66017, 5.00094, 6.359658
27.67012, 5.348103, 6.244759
27.6816, 4.387026, 6.123033
27.69118, 4.977179, 6.033698
27.70625, 4.711664, 5.944692
27.71821, 4.63499, 5.810507
27.72953, 4.132874, 5.676569
27.74109, 4.242272, 5.607032
27.75361, 3.717685, 5.524664
27.76442, 3.460043, 5.441087
27.7743, 3.492755, 5.370653
27.78494, 3.310706, 5.296116
27.79739, 3.275383, 5.220659
27.80938, 3.187694, 5.158653
27.82112, 3.212648, 5.103676
27.83631, 3.120348, 5.046478
27.84638, 3.043085, 4.997537
27.86723, 2.832376, 4.937243
27.87823, 4.447286, 4.972946
27.88917, 1.97371, 4.786634
27.89946, 1.456474, 4.586586
27.9115, 1.988411, 4.394958
27.92237, 1.782321, 4.241271
27.93226, 1.763557, 3.995164
27.94312, 1.528118, 3.816376
27.95458, 1.597258, 3.639444
27.96523, 1.574647, 3.484501
27.97627, 1.57139, 3.341251
27.98737, 1.636844, 3.210723
27.99889, 1.605513, 3.100438
28.01079, 1.607714, 2.987331
28.02294, 1.694606, 2.865547
28.03482, 1.822469, 2.780062
28.04528, 1.790221, 2.673831
28.05703, 1.795702, 2.576632
28.06778, 1.885087, 2.484968
28.07837, 1.970448, 2.412888
28.0897, 1.83018, 2.332484
28.10181, 1.782248, 2.26797
28.11328, 1.704122, 2.209439
28.12441, 1.595355, 2.146193
28.1367, 1.554158, 2.087641
28.14717, 1.457807, 2.027055
28.15793, 1.55451, 1.972616
28.16957, 1.665002, 1.921028
28.18234, 8.123633, 2.087804
28.1963, 5.236924, 2.160932
28.2065, 5.646355, 2.254731
28.21909, 8.509846, 2.39015
28.23109, 9.497746, 2.640951
28.24387, 7.847779, 2.853995
28.25572, 6.944504, 3.019198
28.2676, 8.81563, 3.253641
28.27996, 8.985601, 3.494376
28.97374, 4.192082, 3.583175
28.98604, 3.629351, 3.650912
28.99809, 4.676817, 3.754317
29.01228, 4.971086, 3.86764
29.02214, 9.467223, 4.128653
29.05524, 8.634305, 4.362946
29.06719, 8.557861, 4.594618
29.09849, 9.501834, 4.854858
29.11007, 7.821013, 5.05481
29.12128, 6.827501, 5.222719
29.13221, 8.332055, 5.440598
29.14314, 7.677397, 5.633675
29.16656, 9.905755, 5.898186
29.3388, 9.949549, 6.168831
29.34843, 5.110445, 6.279771
29.35932, 3.087225, 6.325875
29.36924, 6.534174, 6.490502
29.37951, 8.583958, 6.724829
29.39064, 4.592795, 6.829329
29.40185, 4.429852, 6.925173
29.41271, 3.860983, 6.998373
29.42404, 3.306005, 6.837785
29.43517, 2.958942, 6.761852
29.44592, 2.962452, 6.672388
29.45736, 2.650026, 6.477061
29.46896, 2.506974, 6.244035
29.47957, 2.44521, 6.06395
29.49084, 2.508905, 5.916097
29.5017, 3.074844, 5.724737
29.51271, 2.807652, 5.518806
29.52385, 2.537663, 5.463658
29.53494, 2.582027, 5.428748
29.54601, 2.499746, 5.356178
29.56006, 2.288608, 5.266762
29.56989, 2.267233, 5.026762
29.57924, 2.147645, 4.81054
29.59076, 2.132298, 4.596354
29.60174, 2.060675, 4.348316
29.61278, 2.005855, 4.154478
29.62397, 1.962481, 3.99231
29.63474, 1.802922, 3.774673
29.64613, 1.771364, 3.577805
29.65745, 1.753982, 3.306079
29.66946, 1.746072, 3.03263
29.68029, 1.179369, 2.901594
29.6923, 1.165947, 2.837551
29.7034, 1.266597, 2.661965
29.71497, 1.312873, 2.419596
29.72636, 1.451591, 2.314889
29.73722, 1.574857, 2.219723
29.74868, 1.760022, 2.14969
29.76007, 1.724121, 2.096961
29.77173, 1.636786, 2.052889
29.78265, 1.60283, 2.007568
29.79385, 1.576788, 1.971794
29.80527, 1.567876, 1.940491
29.81736, 1.552859, 1.910746
29.82908, 1.604788, 1.880608
29.84117, 1.547214, 1.829687
29.85336, 1.532919, 1.787196
29.86317, 1.50417, 1.752747
29.87524, 1.438106, 1.714616
29.88614, 1.394002, 1.677758
29.89684, 1.383328, 1.647582
29.90724, 1.313707, 1.615797
29.91914, 1.382056, 1.590278
29.93014, 1.375254, 1.565043
29.94133, 1.341707, 1.541077
29.95204, 1.318823, 1.518176
29.96437, 1.271009, 1.495127
29.9761, 1.270545, 1.477381
29.98702, 1.309577, 1.461988
29.997, 1.269652, 1.445844
30.0084, 1.269219, 1.429949
30.02016, 1.278295, 1.433246
30.03217, 1.285942, 1.437246
30.04407, 1.281787, 1.437752
30.05544, 1.222417, 1.434737
30.06612, 1.191866, 1.42608
30.07885, 1.217156, 1.414156
30.08966, 1.2222, 1.396229
30.10216, 1.205532, 1.378943
30.11275, 1.183837, 1.363844
30.1243, 1.189012, 1.35005
30.13586, 1.217701, 1.338081
30.14698, 1.177452, 1.325067
30.1573, 1.159414, 1.311952
30.16896, 1.161685, 1.297182
30.18019, 1.141148, 1.283646
30.19226, 1.141679, 1.270605
30.20385, 1.125888, 1.257995
30.21518, 1.119446, 1.247373
30.22602, 1.129949, 1.238572
30.23796, 1.10447, 1.229276
30.25322, 1.110178, 1.222492
30.26288, 1.115385, 1.213603
30.27403, 1.086047, 1.203963
30.28501, 1.074437, 1.195054
30.29716, 1.07814, 1.187031
30.30833, 1.078428, 1.180612
30.31921, 1.058576, 1.173546
30.33019, 1.045754, 1.164752
30.34203, 1.022965, 1.156529
30.35318, 1.023763, 1.148347
30.36355, 1.021729, 1.139795
30.37591, 1.024305, 1.131074
30.38796, 1.023426, 1.122462
30.39925, 1.024685, 1.115871
30.40981, 1.008599, 1.109762
30.42064, 1.004571, 1.102676
30.43211, 1.015726, 1.095793
30.44267, 1.005203, 1.089116
30.45359, 1.003432, 1.083102
30.46426, 0.9721949, 1.075875
30.4755, 0.9750747, 1.067787
30.48631, 0.9905077, 1.061556
30.49721, 0.9868982, 1.055805
30.50931, 0.9963731, 1.050295
30.52159, 1.00232, 1.045667
30.53229, 1.038344, 1.042223
30.54324, 1.068211, 1.0403
30.55588, 1.023728, 1.03711
30.5676, 1.039343, 1.03409
30.57734, 1.059625, 1.032595
30.58864, 1.146676, 1.033811
30.5991, 1.15772, 1.035223
30.61289, 1.191439, 1.038736
30.62465, 1.212963, 1.043353
30.63445, 1.246663, 1.048971
30.64565, 1.244801, 1.054516
30.6567, 1.33846, 1.063846
30.6678, 1.297958, 1.072253
30.67931, 1.3703, 1.08383
30.69047, 1.464297, 1.098515
30.70112, 1.434658, 1.112279
30.71326, 1.452401, 1.126549
30.72528, 1.397602, 1.139022
30.73706, 1.42747, 1.152448
30.74826, 1.424254, 1.166303
30.75908, 1.408885, 1.17978
30.77109, 1.388807, 1.192217
30.78197, 1.335989, 1.203243
30.79409, 1.324876, 1.213957
30.80571, 1.262348, 1.223629
30.81721, 1.463354, 1.239905
30.82932, 1.475709, 1.256079
30.84111, 1.540888, 1.274545
30.8499, 1.593831, 1.29446
30.86035, 1.503174, 1.311155
30.87328, 1.969624, 1.342198
30.88554, 1.99968, 1.373247
30.89639, 2.136791, 1.410349
30.90759, 2.613368, 1.462816
30.91966, 3.130789, 1.531855
30.93077, 3.362809, 1.605726
30.94045, 2.416546, 1.647687
30.9517, 3.511379, 1.725019
30.96403, 1.802365, 1.744665
30.97647, 1.433415, 1.75089
30.98716, 1.923402, 1.77351
30.99753, 3.074773, 1.831388
31.00822, 3.723019, 1.912223
31.02049, 2.669385, 1.955526
31.03121, 6.825807, 2.134243
31.04226, 8.670948, 2.375453
31.05283, 5.044259, 2.495181
31.06338, 4.287406, 2.591508
31.07347, 5.544352, 2.728737
31.08433, 7.970571, 2.946948
31.09543, 8.656838, 3.188546
31.10645, 7.70967, 3.399242
31.11848, 6.499236, 3.57135
31.13393, 5.728938, 3.718152
31.1473, 7.237813, 3.917335
31.15916, 7.107717, 4.10548
31.1705, 2.726654, 4.147178
31.1804, 0, 4.095815
31.35629, 8.415302, 4.323198
31.423, 9.419743, 4.587083
31.43544, 7.189941, 4.761094
31.44621, 5.757797, 4.886365
31.45738, 5.464094, 4.997275
31.46814, 5.915947, 5.107361
31.49004, 4.86773, 5.165259
31.51194, 3.605764, 5.173357
31.52326, 4.410116, 5.23981
31.53455, 2.80069, 5.21612
31.54562, 1.377668, 5.201963
31.55716, 1.865098, 5.216353
31.5687, 1.769951, 5.211237
31.58017, 2.18936, 5.181724
31.5916, 2.243776, 5.132416
31.60266, 2.022152, 5.110841
31.61416, 1.785469, 4.94283
31.62585, 1.725334, 4.711309
31.63685, 1.665662, 4.598689
31.64833, 1.531703, 4.506833
31.65955, 1.533794, 4.373147
31.67137, 1.714331, 4.164606
31.68343, 1.667068, 3.931614
31.69403, 1.622, 3.728691
31.70524, 1.43227, 3.559793
31.71845, 1.392636, 3.415249
31.72813, 1.354115, 3.219126
31.73906, 1.306365, 3.025748
31.74968, 1.277895, 2.977456
31.76149, 1.257452, 3.019371
31.77243, 1.261002, 2.780894
31.78445, 1.240238, 2.508244
31.79521, 1.219163, 2.309218
31.80563, 1.129141, 2.154929
31.81649, 1.141466, 2.010842
31.82824, 1.160981, 1.852343
31.83998, 1.094304, 1.726562
31.85209, 1.126796, 1.64393
31.86317, 1.112023, 1.533993
31.87437, 1.112042, 1.477705
31.88493, 1.114938, 1.468947
31.89599, 1.127936, 1.444375
31.90727, 1.107736, 1.422301
31.9176, 1.12249, 1.386739
31.9291, 1.117803, 1.349207
31.9408, 1.107706, 1.318725
31.95283, 1.106426, 1.29609
31.963, 1.172686, 1.277668
31.97551, 1.188079, 1.261749
31.98614, 1.190823, 1.250386
31.99698, 1.212703, 1.239683
36.61419, 0, -1.486142E-06
36.62618, 0, -1.486142E-06
36.63698, 0, -1.486142E-06
36.64788, 0, -1.486142E-06
36.66041, 0, -1.486142E-06
36.67204, 0, -1.486142E-06
36.684, 0, -1.486142E-06
36.69549, 0, -1.486142E-06
36.70638, 0, -1.486142E-06
36.71672, 0, -1.486142E-06
36.72922, 0, -1.486142E-06
36.7391, 0, -1.486142E-06
36.75056, 0, -1.486142E-06
36.76546, 0, -1.486142E-06
36.77759, 0, -1.486142E-06
36.78809, 0, -1.486142E-06
36.80022, 0, -1.486142E-06
36.81129, 0, -1.486142E-06
36.82114, 0, -1.486142E-06
36.8321, 0, -1.486142E-06
36.84454, 0, -1.486142E-06
36.85534, 0, -1.486142E-06
36.86752, 0, -1.486142E-06
36.8785, 0, -1.486142E-06
36.88807, 0, -1.486142E-06
36.8984, 0, -1.486142E-06
36.91094, 0, -1.486142E-06
36.92195, 0, -1.486142E-06
36.93421, 0, -1.486142E-06
36.94428, 0, -1.486142E-06
36.95516, 0, -1.486142E-06
36.96608, 0, -1.486142E-06
36.97768, 0, -1.486142E-06
36.98849, 0, -1.486142E-06
36.99911, 0, -1.486142E-06
37.00989, 0, -1.486142E-06
37.02217, 0, -1.486142E-06
37.03331, 0, -1.486142E-06
37.04274, 0, -1.486142E-06
37.05443, 0, -1.486142E-06
37.06636, 0, -1.486142E-06
37.07871, 0, -1.486142E-06
37.08945, 0, -1.486142E-06
37.10218, 0, -1.486142E-06
37.11222, 0, -1.486142E-06
37.12225, 0, -1.486142E-06
37.13346, 0, -1.486142E-06
37.14418, 0, -1.486142E-06
37.1554, 0, -1.486142E-06
37.16593, 0, -1.486142E-06
37.17859, 0, -1.486142E-06
37.18819, 0, -1.486142E-06
37.19825, 0, -1.486142E-06
37.20925, 0, -1.486142E-06
37.22069, 0, -1.486142E-06
37.2315, 0, -1.486142E-06
37.24294, 0, -1.486142E-06
37.25428, 0, -1.486142E-06
37.2661, 0, -1.486142E-06
37.27802, 0, -1.486142E-06
37.28867, 0, -1.486142E-06
37.3002, 0, -1.486142E-06
37.31298, 0, -1.486142E-06
37.32835, 0, -1.486142E-06
37.33925, 0, -1.486142E-06
37.35122, 0, -1.486142E-06
37.3624, 0, -1.486142E-06
37.373, 0, -1.486142E-06
37.38517, 0, -1.486142E-06
37.39706, 0, -1.486142E-06
37.40831, 0, -1.486142E-06
37.41912, 0, -1.486142E-06
37.43037, 0, -1.486142E-06
37.44117, 0, -1.486142E-06
37.45151, 0, -1.486142E-06
37.46275, 0, -1.486142E-06
37.47512, 0, -1.486142E-06
37.48701, 0, -1.486142E-06
37.49806, 0, -1.486142E-06
37.50941, 0, -1.486142E-06
37.52084, 0, -1.486142E-06
37.53281, 0, -1.486142E-06
37.54297, 0, -1.486142E-06
37.55347, 0, -1.486142E-06
37.5646, 0, -1.486142E-06
37.57669, 0, -1.486142E-06
37.67583, 6.903159, 0.2301038
37.69008, 4.180599, 0.3694571
37.70256, 4.286111, 0.5123275
37.71321, 2.995625, 0.6121817
37.72544, 3.294813, 0.7220088
37.73843, 3.664796, 0.8441686
37.75097, 2.612411, 0.931249
37.76234, 2.298807, 1.007876
37.77411, 2.261825, 1.08327
37.78604, 2.178114, 1.155874
37.79692, 1.834407, 1.217021
37.8078, 1.656678, 1.272243
37.82018, 1.742239, 1.330318
37.83131, 1.659398, 1.385631
37.84259, 1.581788, 1.438357
37.85318, 1.680481, 1.494373
37.86779, 2.021354, 1.561752
37.8778, 2.320007, 1.639086
37.88789, 4.521868, 1.789814
37.90169, 4.832163, 1.950886
37.91204, 4.115906, 2.088084
37.92059, 3.809278, 2.21506
37.93098, 3.358445, 2.327008
37.94197, 3.544735, 2.445165
37.95317, 3.616022, 2.5657
37.96413, 4.100942, 2.702398
37.97619, 4.196054, 2.842266
37.98646, 4.628832, 2.99656
37.99765, 5.71406, 3.187029
38.00873, 7.660426, 3.442376
38.01984, 5.881392, 3.408318
38.03102, 9.815108, 3.596134
38.06418, 5.711226, 3.643638
38.07532, 5.939108, 3.741754
38.08659, 6.768764, 3.857553
38.09768, 7.477476, 3.984642
38.10866, 6.543055, 4.115664
38.15305, 4.083004, 4.175137
38.16538, 4.002019, 4.233143
38.18801, 3.55753, 4.279123
38.2218, 2.348001, 4.296243
38.23231, 2.164378, 4.313167
38.24404, 8.885739, 4.551284
38.25519, 7.61613, 4.749842
38.2661, 7.931136, 4.961487
38.27749, 7.067399, 5.141051
38.28846, 8.286985, 5.349905
38.30044, 8.263444, 5.54802
38.31252, 4.07157, 5.53301
38.32318, 3.752848, 5.497033
38.33437, 3.823856, 5.487298
38.34529, 4.431899, 5.508051
38.35817, 4.674203, 5.55191
38.36879, 4.652575, 5.588838
38.38004, 4.60458, 5.62179
38.39142, 3.835365, 5.612937
38.40268, 3.734849, 5.597564
38.41379, 3.657444, 5.565184
38.42464, 3.471677, 5.490438
38.43874, 3.44824, 5.350031
38.45081, 3.265992, 5.262851
38.46067, 3.103494, 5.039131
38.47174, 2.607112, 4.935661
38.48271, 2.478948, 4.820322
38.49334, 2.507709, 4.678287
38.50575, 2.414889, 4.509534
38.51737, 2.509323, 4.375076
38.52921, 9.569011, 4.557943
38.55228, 4.771875, 4.583605
38.56304, 2.331111, 4.542725
38.57463, 2.371326, 4.543502
38.58556, 2.468148, 4.553627
38.59664, 2.608603, 4.344389
38.60819, 2.699279, 4.180494
38.62045, 2.764553, 4.008275
38.63218, 3.875244, 3.90187
38.64209, 5.6183, 3.812913
38.65294, 5.427812, 3.718392
38.66423, 5.746189, 3.774213
38.67615, 5.691152, 3.838823
38.68723, 5.670195, 3.900368
38.6979, 5.351527, 3.931022
38.70863, 5.483669, 3.958004
38.71959, 5.382776, 3.982345
38.73061, 5.309473, 4.005841
38.74224, 4.969407, 4.043642
38.8306, 8.137766, 4.190406
38.86388, 3.874114, 4.197628
38.87506, 5.80476, 4.275398
38.88595, 7.057427, 4.395704
38.89745, 4.962789, 4.452264
38.90872, 4.358028, 4.494081
38.92015, 4.556576, 4.559064
38.93229, 5.640748, 4.664457
38.9442, 6.428766, 4.795159
38.95506, 5.56637, 4.900209
38.96519, 4.874238, 4.97904
38.97713, 5.087559, 4.829658
38.98814, 5.550481, 4.855611
39.0045, 5.626066, 4.965442
39.01456, 5.145059, 5.0579
39.02412, 4.211862, 5.116024
39.05667, 4.304728, 5.172562
39.06701, 3.462247, 5.197995
39.07808, 1.923675, 5.169965
39.0902, 1.795707, 5.100647
39.10135, 1.894446, 4.976518
39.11259, 2.32914, 4.87323
39.12346, 2.258195, 4.756963
39.13418, 2.427792, 4.648185
39.14532, 2.618437, 4.54646
39.15612, 2.793182, 4.461181
39.1683, 2.818872, 4.372355
39.28586, 9.645752, 4.514453
39.54366, 8.458188, 4.619411
39.55494, 8.638198, 4.741704
39.56615, 3.041811, 4.571838
39.57811, 3.216594, 4.549921
39.58886, 3.162839, 4.461857
39.60022, 3.274971, 4.335775
39.61434, 3.681442, 4.293063
39.62484, 4.778382, 4.307075
39.63543, 4.991055, 4.321558
39.64515, 5.805349, 4.327044
39.66815, 7.908462, 4.376367
39.69306, 5.717968, 4.381421
39.70408, 6.019087, 4.419582
39.71661, 4.952649, 4.415085
39.73719, 6.304896, 4.440233
39.74929, 9.755115, 4.577868
39.76046, 3.796388, 4.532912
39.77163, 5.520614, 4.576537
39.78199, 6.147038, 4.637947
39.79239, 5.14476, 4.69403
39.80298, 4.360835, 4.775269
39.81322, 4.61066, 4.869101
39.82371, 5.737935, 4.997217
39.83387, 7.007214, 5.153153
39.84325, 4.930278, 5.242223
39.85325, 1.833312, 5.222407
39.86456, 1.729331, 5.19277
39.8759, 2.318689, 5.176954
39.88697, 4.771654, 5.242046
39.89828, 3.41329, 5.034297
39.9091, 2.975352, 4.851536
39.92012, 3.349411, 4.675243
39.93115, 3.251506, 4.682233
39.94234, 3.121979, 4.679079
39.95323, 3.029076, 4.674621
39.96458, 2.978711, 4.664746
39.97577, 2.841708, 4.636755
39.98697, 2.613544, 4.564593
39.99794, 2.64211, 4.486295
40.00934, 2.636453, 4.380665
40.02034, 3.372699, 4.229473
40.03101, 3.766585, 4.164427
40.04205, 4.317999, 4.107724
40.05325, 5.377393, 4.121882
40.06481, 5.51039, 4.095399
40.07623, 5.294836, 3.946723
40.08713, 4.52708, 3.971079
40.09836, 4.031792, 3.921452
40.11019, 4.237903, 3.857814
40.1203, 4.293811, 3.829449
40.13138, 4.596793, 3.837314
40.14248, 4.065541, 3.819144
40.15374, 4.076807, 3.763772
40.16657, 5.171832, 3.702593
40.17828, 5.3533, 3.716694
40.18922, 5.106381, 3.825796
40.20015, 5.042833, 3.936246
40.21129, 4.233483, 4.000073
40.2216, 5.456395, 4.022898
40.23306, 4.532323, 4.060199
40.24475, 5.277544, 4.136939
40.25699, 5.484264, 4.2081
40.26837, 5.865147, 4.295221
40.27999, 6.49454, 4.40764
40.29243, 6.136428, 4.511218
40.3036, 5.304354, 4.588739
40.31339, 5.538188, 4.678622
40.32434, 5.682137, 4.780909
40.33617, 4.556935, 4.844737
40.34587, 4.161083, 4.895558
40.35751, 4.353024, 4.928236
40.3703, 4.379726, 4.948674
40.38212, 5.205153, 4.978246
40.39338, 5.062292, 4.967742
40.40435, 4.285969, 4.926928
40.41652, 3.928155, 4.881372
40.42753, 3.65685, 4.852364
40.44134, 3.210311, 4.824981
40.45362, 2.890755, 4.780077
40.46346, 2.733258, 4.728058
40.47424, 2.770043, 4.667167
40.48526, 2.93864, 4.629604
40.49693, 2.94949, 4.592027
40.50753, 3.154798, 4.524793
40.51871, 3.266009, 4.455216
40.53022, 3.200846, 4.391698
40.54217, 3.342568, 4.335023
40.55325, 3.248254, 4.302182
40.56389, 5.732968, 4.311401
40.57428, 5.645269, 4.3485
40.58534, 5.252002, 4.347648
40.59637, 7.59319, 4.417945
40.60765, 2.83165, 4.316829
40.61863, 5.024941, 4.267843
40.62996, 3.317635, 4.173882
40.64248, 3.884027, 4.126539
40.65356, 4.502094, 4.092002
40.66525, 5.667026, 4.091498
40.67707, 3.587105, 4.059171
40.68814, 3.845187, 4.048641
40.69949, 3.553499, 4.02199
40.71039, 3.598837, 3.99596
40.72668, 4.534292, 3.973598
40.74175, 4.960661, 3.970211
40.75296, 5.493472, 4.010461
40.76328, 3.51605, 3.996724
40.77476, 5.818047, 4.068764
40.7854, 6.623323, 4.182531
40.79648, 6.161524, 4.291557
40.80788, 7.375399, 4.446295
40.81898, 5.553664, 4.539082
40.82971, 3.85649, 4.569677
40.84095, 3.7916, 4.597747
40.85171, 4.585348, 4.645432
40.86317, 4.178146, 4.675836
40.87532, 4.116607, 4.706361
40.88625, 2.924658, 4.69243
40.90849, 2.328923, 4.661786
40.9191, 1.959011, 4.535987
40.92976, 2.860101, 4.443149
40.94075, 2.826374, 4.362295
40.95175, 2.726915, 4.200085
40.96335, 2.390752, 4.185389
40.97432, 2.406691, 4.098114
40.98524, 2.436669, 4.068748
40.99655, 2.368841, 4.018242
41.00756, 2.285017, 3.94434
41.0188, 2.356256, 3.833981
41.0297, 2.356441, 3.792958
41.04149, 2.49083, 3.747813
41.05186, 2.685732, 3.718888
41.06342, 3.359409, 3.710907
41.07409, 3.215616, 3.666951
41.0855, 3.208312, 3.608539
41.09656, 3.048924, 3.527054
41.10798, 2.80877, 3.503478
41.11969, 2.521369, 3.393589
41.13037, 2.511927, 3.256542
41.1412, 2.611536, 3.13821
41.15198, 2.580132, 2.978367
41.16285, 2.515951, 2.87711
41.17421, 2.490118, 2.831565
41.18535, 2.513008, 2.788945
41.19688, 2.463881, 2.718229
41.20844, 2.573721, 2.664748
41.24274, 3.304707, 2.637685
41.44559, 4.640424, 2.694877
41.47902, 2.562742, 2.702671
41.49031, 1.915963, 2.701236
41.50122, 5.464126, 2.788037
41.51239, 2.871106, 2.789529
41.54543, 3.838974, 2.826597
41.55713, 3.500494, 2.863589
41.56826, 2.842023, 2.8781
41.57956, 4.631367, 2.951257
41.59142, 3.823905, 2.999759
41.60166, 3.799962, 3.050257
41.61219, 4.278652, 3.114337
41.62363, 4.724636, 3.193276
41.63476, 3.617537, 3.230834
41.65653, 7.326127, 3.385513
41.66824, 3.86947, 3.402515
41.67968, 4.011577, 3.429047
41.68983, 1.958576, 3.38739
41.70177, 2.536359, 3.370304
41.71244, 1.303844, 3.32014
41.72315, 1.755605, 3.294614
41.73472, 1.922078, 3.274953
41.74569, 1.647194, 3.242808
41.75678, 1.90456, 3.220289
41.76773, 1.836564, 3.197643
41.77902, 1.685269, 3.170815
41.78996, 1.65197, 3.142113
41.80189, 1.631002, 3.114351
41.81294, 1.744165, 3.086699
41.82622, 2.098096, 3.046479
41.83756, 2.299909, 2.968461
41.84861, 2.38601, 2.96257
41.86056, 2.235208, 2.973212
41.87156, 2.260672, 2.86643
41.88265, 2.353677, 2.849182
41.89271, 2.902028, 2.817951
41.90305, 2.996428, 2.801148
41.91497, 2.876387, 2.802294
41.92505, 2.748773, 2.739541
41.93486, 2.754443, 2.703892
41.94505, 2.585191, 2.663399
41.95611, 2.580842, 2.606806
41.96671, 2.33673, 2.527209
41.9773, 2.321965, 2.484023
41.98935, 2.099672, 2.309808
42.00045, 1.402494, 2.227576
42.01096, 1.362786, 2.139283
42.02107, 2.19301, 2.147097
42.03305, 1.68374, 2.118677
42.04376, 1.771128, 2.134253
42.05497, 1.79467, 2.135555
42.06544, 1.765875, 2.130348
42.07783, 1.722273, 2.132851
42.08932, 1.704257, 2.126174
42.10146, 1.676302, 2.120832
42.11217, 1.686245, 2.120865
42.12341, 1.665966, 2.121331
42.13511, 1.700952, 2.123663
42.14621, 1.758067, 2.124126
42.15715, 1.767397, 2.113103
42.16817, 1.651443, 2.091487
42.17984, 1.463127, 2.060725
42.19133, 1.491573, 2.035937
42.20227, 1.539136, 2.011886
42.21225, 2.162383, 2.005509
42.22321, 1.477741, 1.958033
42.23537, 1.348308, 1.903096
42.24562, 0.9846717, 1.840038
42.26708, 1.063151, 1.783851
42.27896, 0.9655117, 1.72422
42.2891, 0.9524118, 1.669794
42.30107, 0.9547769, 1.615592
42.31239, 1.016764, 1.571593
42.3221, 0.9576706, 1.526117
42.33418, 0.9064124, 1.486341
42.34851, 0.9111288, 1.469963
42.36048, 0.9193161, 1.45518
42.37177, 0.9109048, 1.412444
42.38357, 0.9200379, 1.386987
42.4011, 0.9124267, 1.358364
42.4125, 1.012581, 1.332294
42.42459, 1.031535, 1.307816
42.43661, 1.001294, 1.283783
42.44836, 0.9709607, 1.25934
42.45984, 0.9492995, 1.235107
42.46954, 0.981967, 1.211631
42.48164, 0.969283, 1.188408
42.49361, 0.9761233, 1.164247
42.50438, 0.9717366, 1.138036
42.51563, 0.9623002, 1.111199
42.52743, 1.066187, 1.091691
42.53757, 1.13509, 1.080756
42.54943, 0.9413606, 1.062416
42.56049, 1.029464, 1.045427
42.57127, 0.6047525, 0.9935056
42.59322, 0, 0.9442475
42.60229, 0, 0.899304
42.61343, 0, 0.8664815
43.08993, 0.8784492, 0.8603248
43.10239, 0.7389072, 0.8527713
43.11248, 0.7581071, 0.8462945
43.12446, 0.7556716, 0.8396577
43.13558, 0.713513, 0.8295493
43.14661, 0.7037651, 0.8210858
43.15736, 0.7205929, 0.8148918
43.16947, 0.7303314, 0.8088652
43.18095, 0.725186, 0.8023942
43.19259, 0.7059196, 0.7955614
43.20449, 0.6395571, 0.786212
43.2169, 0.5791277, 0.7751021
43.2275, 0, 0.7413494
43.46186, 0.6101965, 0.7273048
43.47344, 0.6600264, 0.7159292
43.48743, 0.7025005, 0.7069806
43.49729, 0.6955607, 0.6985226
43.50833, 0.7259389, 0.6899883
43.51941, 0.7427551, 0.6824375
43.52921, 0.9433745, 0.6813458
43.79677, 0.8724062, 0.6780348
43.8085, 0.7514517, 0.6710065
43.81952, 0.7778549, 0.6613954
43.83051, 0.8193171, 0.6508697
43.84148, 0.774251, 0.6452994
43.85244, 0.9255167, 0.6418344
43.86464, 0.8301728, 0.6493485
43.8764, 0.7584982, 0.6746318
43.88761, 0.7838593, 0.7007604
43.89894, 0.8483762, 0.7290395
43.91012, 0.9140887, 0.7302276
43.92029, 0.7868408, 0.7318254
43.9314, 0.8088999, 0.7335185
43.9425, 0.8331439, 0.7361009
43.95341, 0.9259213, 0.7431812
43.9658, 1.005196, 0.7532288
43.97721, 0.7659499, 0.7547407
43.98754, 1.053109, 0.7654999
43.99824, 0.9751649, 0.7738326
44.00922, 1.048762, 0.7852606
44.02044, 0.8792467, 0.7932503
44.03278, 0.9314792, 0.8049953
44.04367, 0.9426709, 0.8364176
44.05523, 0.8632537, 0.8448529
44.06653, 0.8563187, 0.851396
44.07737, 0.893047, 0.8577475
44.08969, 0.9269979, 0.8654621
44.10157, 0.9719437, 0.8736622
44.11221, 0.9138055, 0.8793639
44.12272, 0.9212829, 0.8786275
44.13665, 0.9477687, 0.8811396
44.14895, 0.9660223, 0.888292
44.16007, 0.9676113, 0.8946172
44.17145, 0.8741554, 0.8964452
44.18361, 0.8082973, 0.8975801
44.19481, 0.8549593, 0.8952282
44.20522, 0.8642107, 0.8963627
44.21656, 0.8703226, 0.9000903
44.22741, 0.9558851, 0.9058245
44.23933, 0.9286133, 0.9084991
44.25042, 0.9095491, 0.9083478
44.26154, 0.9139868, 0.912586
44.27271, 0.923727, 0.9164135
44.28431, 0.9300628, 0.9196442
44.29577, 0.9282077, 0.9197204
44.3077, 0.9276077, 0.9171342
44.31931, 0.9099844, 0.9219353
44.32932, 0.9010545, 0.9168669
44.34167, 0.9031573, 0.9144667
44.35217, 0.8856056, 0.9090281
44.36243, 0.8930612, 0.9094886
44.37347, 0.8434325, 0.9065538
44.38584, 1.268394, 0.9174112
44.39794, 1.938549, 0.9532544
44.41046, 1.400444, 0.9713919
44.42054, 1.229298, 0.9826002
44.43258, 1.392905, 0.9981304
44.44324, 1.370235, 1.011407
44.45429, 1.317733, 1.024871
44.46615, 1.260195, 1.036168
44.47738, 1.245154, 1.046081
44.48848, 1.243959, 1.055346
44.49913, 1.237196, 1.064332
44.51054, 1.245678, 1.076716
44.52033, 1.276035, 1.092307
44.53152, 1.304097, 1.107278
44.54324, 1.358498, 1.123755
44.55561, 1.400818, 1.141438
44.56782, 1.478529, 1.158859
44.57887, 1.473797, 1.177032
44.59046, 1.540795, 1.198074
44.60246, 1.560853, 1.219636
44.61459, 1.515865, 1.239374
44.62564, 1.638001, 1.262972
44.63733, 1.727658, 1.28962
44.6484, 1.574215, 1.311174
44.65942, 1.559511, 1.332825
44.6745, 1.458941, 1.351421
44.6857, 1.531549, 1.372367
44.69773, 1.579447, 1.395495
44.70968, 1.563106, 1.41783
44.72054, 1.556175, 1.441588
44.73241, 1.556742, 1.4512
44.74387, 1.704563, 1.4434
44.75547, 1.805792, 1.456912
44.76691, 1.871441, 1.478317
44.77744, 1.467573, 1.480806
44.78847, 2.461112, 1.517168
44.8005, 1.833109, 1.534347
44.81256, 2.437441, 1.573589
44.82428, 2.641049, 1.620119
44.8355, 3.153409, 1.683767
44.8474, 2.90506, 1.739362
44.85979, 2.782302, 1.790583
44.87074, 2.514315, 1.831859
44.88231, 2.401233, 1.868431
44.89359, 2.532114, 1.907551
44.90529, 2.411232, 1.941231
44.91629, 2.542756, 1.976706
44.92741, 3.349414, 2.039226
44.93962, 3.572445, 2.106948
44.95156, 3.920168, 2.185592
44.96273, 6.385746, 2.347922
44.97451, 6.153032, 2.498422
44.98551, 7.735756, 2.698692
45.02795, 9.775893, 2.972081
45.04028, 9.982944, 3.252862
45.09503, 6.970149, 3.436569
45.10565, 5.476433, 3.568066
45.11792, 6.126168, 3.719623
45.1312, 6.238945, 3.875484
45.14223, 6.807305, 4.050522
45.15362, 6.805512, 4.225482
45.16443, 8.986057, 4.468198
45.21828, 9.6113, 4.728382
45.23034, 9.348889, 4.97763
45.24213, 3.483673, 5.044833
45.25303, 2.284039, 5.038931
45.26299, 2.143857, 5.049289
45.27402, 2.082658, 5.037463
45.28513, 1.817821, 5.010023
45.29622, 1.604851, 4.958404
45.31889, 9.826152, 5.189107
45.35202, 4.185056, 5.235865
45.36218, 7.522907, 5.402818
45.37405, 4.554344, 5.474588
45.38438, 6.470637, 5.605873
45.39423, 6.587742, 5.74509
45.40616, 3.140087, 5.765001
45.41838, 3.811763, 5.780413
45.43032, 2.893562, 5.757783
45.44244, 2.678484, 5.716393
45.4537, 3.396563, 5.616754
45.46479, 3.594628, 5.531474
45.47518, 3.816947, 5.400847
45.48642, 3.042238, 5.176392
45.49797, 3.203846, 4.950422
45.51022, 3.411801, 4.83181
45.51994, 4.718701, 4.806552
45.53217, 4.302423, 4.74576
45.54627, 4.841511, 4.699179
45.55759, 4.173574, 4.611388
45.56851, 3.8496, 4.512857
45.58026, 3.907189, 4.343562
45.5912, 4.026906, 4.157415
45.60209, 4.408699, 3.992742
45.61393, 4.898856, 4.039915
45.62511, 3.473202, 4.079554
45.63628, 5.84514, 4.20293
45.64595, 5.317031, 4.310743
45.65803, 4.163133, 4.388919
45.66931, 3.301448, 4.445473
45.68025, 3.084446, 4.22075
45.69203, 2.770552, 4.173599
45.70346, 3.501178, 4.039542
45.71417, 4.741222, 4.045771
45.72502, 4.885743, 3.992941
45.73613, 7.184062, 4.012818
45.7482, 6.08644, 4.11103
45.76225, 5.526507, 4.168188
45.81633, 4.958756, 4.237028
45.83846, 3.939545, 4.279064
45.84968, 4.390597, 4.312198
45.86068, 2.603828, 4.279171
45.87197, 1.97196, 4.217671
45.88303, 4.493611, 4.266051
45.89405, 2.969486, 4.258238
45.90512, 2.1447, 4.216002
45.91607, 1.862799, 4.120805
45.92738, 1.967685, 4.04298
45.93824, 1.635358, 3.936108
45.95041, 1.214848, 3.837484
45.96084, 1.018548, 3.743116
45.97197, 1.316172, 3.656749
45.98308, 1.532083, 3.573588
45.99518, 1.747341, 3.484876
46.00523, 1.624067, 3.375716
46.01715, 1.537301, 3.311186
46.03018, 1.308362, 3.15996
46.04145, 1.316928, 3.026623
46.05265, 1.50612, 2.938056
46.06447, 1.624111, 2.882145
46.07659, 1.768553, 2.838282
46.08755, 1.733612, 2.803717
46.09844, 1.846513, 2.748562
46.10835, 1.9543, 2.655665
46.11869, 2.243324, 2.567584
46.12857, 2.844383, 2.422928
46.13932, 3.323496, 2.33083
46.15142, 2.64378, 2.234739
46.16301, 2.336902, 2.147344
46.1732, 2.478343, 2.098637
46.18537, 2.307584, 2.029203
46.19486, 2.159734, 2.0144
46.20536, 2.130203, 2.019675
46.21717, 3.675154, 1.992393
46.22813, 1.653756, 1.948535
46.23917, 1.784428, 1.936526
46.25095, 1.783279, 1.933876
46.2622, 2.292366, 1.944698
46.27359, 3.688865, 2.013149
46.28514, 2.739645, 2.063975
46.29633, 1.315171, 2.073863
46.3093, 0.9438812, 2.061453
46.32069, 0.9037497, 2.040509
46.33116, 0.9420589, 2.013666
46.34207, 0.9876037, 1.99245
46.35221, 0.9767669, 1.973766
46.36323, 1.040482, 1.964836
46.37387, 1.093036, 1.957373
46.38562, 1.200622, 1.94719
46.39719, 1.224153, 1.933858
46.41063, 1.343789, 1.919699
46.42231, 1.192001, 1.901646
46.43315, 1.183, 1.879529
46.44309, 1.22341, 1.855166
46.45537, 1.166448, 1.81927
46.46717, 2.633689, 1.812247
46.47716, 2.288663, 1.777752
46.48805, 2.350006, 1.76796
46.49927, 2.48193, 1.772794
46.51006, 2.085606, 1.759703
46.52164, 1.659798, 1.73811
46.53398, 1.429688, 1.713775
46.54458, 1.215505, 1.683285
46.55663, 1.220417, 1.60146
46.56744, 1.122051, 1.583737
46.57701, 1.468413, 1.573203
46.58815, 1.809973, 1.574093
46.60062, 2.149122, 1.569318
46.61189, 0.7006177, 1.46971
46.62247, 4.186152, 1.517927
46.63327, 3.859365, 1.602733
46.64379, 0.8577908, 1.599864
46.65468, 2.190009, 1.642739
46.6647, 2.473417, 1.693784
46.67565, 1.166623, 1.699751
46.68637, 1.334842, 1.711687
46.69587, 1.693441, 1.733453
46.70688, 1.358752, 1.74231
46.71798, 1.420382, 1.749635
46.72931, 1.396269, 1.755372
46.74028, 1.711088, 1.767616
46.75144, 1.07327, 1.763658
46.76292, 1.100535, 1.760909
46.77444, 1.305897, 1.763659
46.78548, 1.291307, 1.767821
46.79718, 1.003866, 1.713493
46.80962, 2.070066, 1.706207
46.82077, 1.084752, 1.664032
46.83564, 1.61953, 1.635285
46.84708, 4.333176, 1.710204
46.85838, 1.697403, 1.711457
46.86968, 2.004348, 1.730613
46.88032, 1.987242, 1.756337
46.89158, 4.609067, 1.869292
46.90251, 2.493029, 1.914992
46.91441, 3.422772, 1.980137
46.92597, 3.392807, 2.032898
46.93641, 5.051029, 2.129628
46.94738, 8.598804, 2.392901
46.9697, 8.437547, 2.534614
46.98025, 9.897587, 2.735888
47.00241, 4.561288, 2.859338
47.01342, 4.454162, 2.93481
47.02538, 3.997243, 2.985604
47.03615, 5.972214, 3.145791
47.04744, 3.999134, 3.2346
47.05873, 7.103726, 3.414943
47.06826, 5.419446, 3.5503
47.07951, 5.527434, 3.687202
47.09055, 4.996732, 3.807217
47.10109, 5.5803, 3.936191
47.11175, 8.904371, 4.197227
47.13485, 2.371862, 4.239605
47.14571, 1.879995, 4.258741
47.15742, 1.99692, 4.282262
47.168, 2.171025, 4.321167
47.17883, 2.285772, 4.328357
47.18971, 1.553524, 4.343984
47.20228, 2.051199, 4.358372
47.21376, 1.573117, 4.26637
47.22487, 1.955347, 4.274969
47.2353, 2.118181, 4.278763
47.24499, 2.009289, 4.279498
47.25508, 2.039477, 4.193845
47.26567, 2.065272, 4.179586
47.276, 2.039967, 4.133492
47.28484, 2.43291, 4.101496
47.29446, 2.731734, 4.024186
47.30507, 3.867149, 3.866464
47.31558, 1.606635, 3.638767
47.32699, 1.299864, 3.352177
47.33815, 1.167366, 3.239046
47.34908, 1.353117, 3.135678
47.36168, 1.26791, 3.0447
47.37131, 1.221292, 2.886336
47.3825, 1.478649, 2.80232
47.39343, 0.9534124, 2.59731
47.40549, 1.158183, 2.455268
47.41734, 1.101925, 2.30775
47.43138, 1.130091, 2.178862
47.44225, 1.047296, 2.027762
47.45275, 1.052236, 1.766024
47.46203, 0.9969424, 1.720194
47.47475, 1.034318, 1.692004
47.48603, 0.991856, 1.658502
47.4964, 1.036272, 1.620677
47.50792, 1.034945, 1.578983
47.51876, 1.092229, 1.563606
47.53027, 1.143635, 1.533354
47.54218, 2.016837, 1.548145
47.55405, 2.002064, 1.549702
47.5644, 2.13608, 1.550299
47.57673, 1.057785, 1.518582
47.58892, 0.9193145, 1.481243
47.6009, 1.12934, 1.450045
47.61358, 1.143578, 1.420166
47.62515, 1.157982, 1.377668
47.63569, 1.189508, 1.32626
47.64637, 1.175837, 1.23655
47.65835, 1.168255, 1.221937
47.66967, 1.182159, 1.218014
47.68114, 1.179646, 1.218423
47.69217, 1.19029, 1.212995
47.70351, 0.7316415, 1.19512
47.72575, 3.631676, 1.275466
47.73661, 2.585993, 1.312377
47.75794, 4.136518, 1.418481
47.76861, 1.871776, 1.442267
47.7815, 1.467476, 1.454452
47.79342, 2.846904, 1.511679
47.80468, 2.048199, 1.545043
47.81521, 3.523504, 1.627418
47.82665, 3.740736, 1.718878
47.83834, 3.152423, 1.789482
47.85091, 3.159545, 1.861738
48.22616, 6.946762, 2.058754
48.23755, 6.248609, 2.232543
48.24974, 6.238085, 2.404072
48.26024, 5.031939, 2.533681
48.27222, 5.252015, 2.641521
48.30613, 4.848299, 2.736395
48.31734, 3.438868, 2.779821
48.32866, 2.172762, 2.816987
48.3403, 2.985291, 2.885853
48.35167, 3.225515, 2.955726
48.36343, 1.394703, 2.964097
48.37392, 1.848104, 2.987101
48.38496, 1.311422, 2.991165
48.39771, 1.236413, 2.993184
48.40986, 1.346331, 2.99912
48.42165, 1.227651, 3.000636
48.43146, 1.248513, 3.002932
48.4432, 1.374656, 3.009077
48.45321, 1.450675, 3.033045
48.46449, 1.372791, 2.957749
48.47565, 0.9238558, 2.902344
48.48526, 0.8936609, 2.794249
48.49652, 0.9869256, 2.764754
48.50826, 0.9184313, 2.746453
48.52246, 1.005305, 2.685066
48.53433, 1.83803, 2.67806
48.54525, 1.009121, 2.594247
48.55634, 1.003588, 2.503009
48.56882, 0.9386718, 2.429218
48.58273, 0.9437147, 2.355357
48.59346, 1.107453, 2.160713
48.6041, 0.8694828, 1.981409
48.61517, 0.8847013, 1.802963
48.62638, 0.8259847, 1.662764
48.63762, 0.8504587, 1.516046
48.6488, 0.8133708, 1.381548
48.65963, 0.7884818, 1.293202
48.67123, 0.777275, 1.246686
48.68201, 0.7739381, 1.172974
48.6929, 0.7331463, 1.089895
48.70393, 0.7067825, 1.066964
48.71579, 0.7011161, 1.028731
48.72678, 0.6783512, 1.007629
48.73756, 0.6517043, 0.9881387
48.74865, 0.7043242, 0.9667385
48.75996, 0.7958996, 0.9523468
48.77084, 0.7717762, 0.9364555
48.78168, 0.7826941, 0.9167235
48.79332, 0.9636983, 0.9004909
48.80403, 1.035229, 0.8892389
48.8149, 1.00399, 0.89191
48.8266, 1.043515, 0.8969052
48.83747, 0.9621216, 0.8960784
48.84861, 1.045957, 0.9003294
48.86001, 0.9407312, 0.8981769
48.87106, 0.9384552, 0.8681911
48.88183, 0.9516184, 0.8662743
48.89285, 1.062195, 0.8682279
48.9042, 0.8656321, 0.8657933
48.9151, 0.5764762, 0.853552
48.92637, 0.379858, 0.8292989
48.93777, 0.9888923, 0.8332792
48.94896, 0.7696579, 0.8294443
48.96054, 0.5519694, 0.8203105
48.9719, 0.4957969, 0.8084885
48.98306, 0.6482817, 0.8029854
48.99448, 2.480704, 0.8593928
49.00571, 2.861031, 0.9288513
49.01691, 1.393612, 0.9495071
49.0282, 0.9480754, 0.9566715
49.03974, 0.6049858, 0.9532782
49.05432, 3.51134, 1.046952
49.06576, 1.860545, 1.086359
49.07594, 1.656927, 1.119866
49.08575, 1.742463, 1.154471
49.09624, 1.060022, 1.163275
49.1073, 1.559556, 1.189534
49.1191, 2.037764, 1.23137
49.12944, 2.033445, 1.267028
49.14048, 1.964188, 1.297993
49.15173, 2.117937, 1.335125
49.16267, 2.026822, 1.367902
49.17377, 1.426399, 1.383378
49.18508, 1.67665, 1.404401
49.19596, 1.803949, 1.433175
49.20733, 1.895355, 1.465072
49.21989, 2.026208, 1.500891
49.23066, 2.113762, 1.535944
49.24185, 2.18382, 1.579883
49.25238, 2.112718, 1.631091
49.2629, 1.821445, 1.679144
49.27425, 1.460876, 1.694877
49.28497, 2.221405, 1.743268
49.29587, 2.459694, 1.806859
49.3072, 4.244825, 1.931827
49.31813, 4.627077, 2.064453
49.32927, 5.8924, 2.178177
49.34084, 7.63606, 2.337344
49.35154, 7.862102, 2.552961
49.36259, 7.207826, 2.761619
49.37384, 6.313415, 2.9519
49.38479, 7.490825, 3.084549
49.41799, 8.361051, 3.301233
49.42931, 8.160135, 3.518007
49.45196, 2.045544, 3.528109
49.46308, 3.025453, 3.593624
49.47472, 3.790785, 3.667998
49.48591, 9.698331, 3.92335
49.51963, 9.710382, 4.179248
49.54179, 8.681915, 4.403172
49.58687, 6.288902, 4.542204
49.75441, 2.001834, 4.541371
49.76567, 3.048078, 4.595428
49.78828, 9.858701, 4.868163
49.92884, 9.972968, 5.140463
49.94139, 7.905588, 5.340804
49.95225, 8.239416, 5.547911
49.96323, 8.474919, 5.759949
50.02676, 8.014954, 5.95432
50.03689, 6.995435, 6.117077
50.04756, 6.913153, 6.286801
50.05869, 5.824824, 6.432266
50.06985, 7.160216, 6.596893
50.0812, 7.344692, 6.759727
50.09204, 6.359551, 6.830217
50.10343, 8.035275, 6.943824
50.14761, 6.550369, 6.965757
50.42965, 4.733389, 6.869001
50.89159, 0, 6.606931
50.93767, 0, 6.36667
51.13322, 0, 6.156222
51.15749, 0, 5.906528
51.16928, 0, 5.627826
51.33891, 0, 5.355822
51.34907, 0, 5.287637
51.36038, 0, 5.186789
51.37112, 0, 5.060429
51.38198, 0, 4.737151
51.39228, 0, 4.413472
51.40429, 0, 4.124074
51.41515, 0, 3.914444
51.4263, 0, 3.847717
51.43728, 0, 3.746114
51.44897, 0, 3.41749
51.46318, 0, 3.085058
51.47561, 0, 2.821538
51.48567, 0, 2.546891
51.49752, 0, 2.264394
51.50889, 0, 1.997229
51.52118, 0, 1.764048
51.53318, 0, 1.533609
51.54437, 0, 1.339448
51.55537, 0, 1.100775
51.56826, 0, 0.8559514
51.61338, 0, 0.6439664
51.62503, 0, 0.3761239
51.6591, 7.392601, 0.4041983
51.66916, 7.555276, 0.4982612
51.6804, 5.009089, 0.6652308
51.69213, 0.8774599, 0.6944795
51.70231, 0.8173887, 0.7217258
51.71334, 0.8235599, 0.7491778
51.72523, 0.8023788, 0.7759238
51.73683, 0.7855206, 0.8021078
51.74817, 0.7827274, 0.8281987
51.7591, 0.7455935, 0.8530519
51.76935, 0.7454984, 0.8779019
51.78025, 0.7318345, 0.9022963
51.79171, 0.7109832, 0.9259958
51.80236, 0.692511, 0.9490795
51.81442, 0.6507268, 0.9707703
51.8251, 0.6519181, 0.992501
51.86906, 0, 0.992501
51.88124, 0, 0.992501
51.89227, 0, 0.992501
51.9042, 0, 0.992501
51.91553, 0, 0.992501
51.92734, 1.250805, 1.034194
51.94365, 0.8550484, 1.062696
51.95301, 0.9624131, 1.094777
51.96456, 0.9869531, 1.127675
51.97583, 1.068592, 1.163295
51.98731, 2.078452, 1.232576
51.99833, 1.15244, 1.270991
52.00978, 1.05136, 1.306036
52.02045, 1.234031, 1.347171
52.03119, 0, 1.100751
52.07611, 0, 0.8489084
52.11656, 0, 0.6819387
52.12772, 0, 0.65269
52.14484, 0, 0.6254437
52.16053, 0, 0.5979917
52.17126, 0, 0.5712457
52.18182, 1.237084, 0.5862978
52.19249, 1.745326, 0.6183844
52.20422, 1.813673, 0.653987
52.21575, 4.144081, 0.7672731
52.22605, 2.515444, 0.8267267
52.23635, 2.415127, 0.8835315
52.24876, 2.228296, 0.9347244
52.25948, 2.227257, 0.9872754
52.27135, 2.396343, 1.045423
52.28251, 2.358138, 1.124027
52.29362, 2.506487, 1.207577
52.30366, 2.7437, 1.299034
52.31543, 2.75166, 1.390756
52.32636, 2.782618, 1.48351
52.33628, 2.8692, 1.537456
52.34882, 3.00468, 1.60911
52.35828, 3.082315, 1.679774
52.36929, 3.597605, 1.766796
52.38017, 3.693658, 1.854298
52.39237, 3.789543, 1.911334
52.40512, 3.797312, 1.999497
52.41596, 3.647668, 2.08604
52.42532, 3.397253, 2.158147
52.4371, 3.095463, 2.26133
52.44693, 2.96612, 2.3602
52.45877, 2.895919, 2.456731
52.47166, 2.880538, 2.552749
52.48309, 3.085064, 2.655584
52.49541, 2.95436, 2.754063
52.5073, 2.846971, 2.848962
52.51828, 3.046586, 2.909279
52.52848, 2.731026, 2.942135
52.54012, 2.428787, 2.962639
52.55154, 2.636867, 2.912399
52.56175, 4.292854, 2.971646
52.5722, 3.228633, 2.998762
52.58309, 2.536479, 3.009035
52.59415, 3.712523, 3.058544
52.60517, 3.179859, 3.084661
52.61642, 2.99976, 3.106049
52.62722, 3.637695, 3.143756
52.63943, 3.845633, 3.180487
52.65014, 4.227351, 3.229676
52.66218, 4.237075, 3.278159
52.67432, 4.281325, 3.325229
52.68832, 4.29643, 3.368288
52.70057, 4.175768, 3.404736
52.71015, 4.372815, 3.430577
52.72237, 3.568833, 3.426416
52.7333, 7.779247, 3.559406
52.74421, 1.837406, 3.494076
52.75412, 2.558777, 3.45778
52.76542, 3.971212, 3.476912
52.7767, 3.658304, 3.495673
52.78741, 5.669934, 3.5858
52.79826, 6.669269, 3.711579
52.80868, 6.888658, 3.845183
52.81957, 6.914006, 3.972814
52.83028, 6.349907, 4.085999
52.84132, 5.92553, 4.188618
52.85216, 5.885332, 4.283243
52.8635, 6.456491, 4.407425
52.87436, 7.370399, 4.572145
52.8858, 7.430194, 4.731923
52.89635, 7.743272, 4.846937
52.91997, 4.891881, 4.902378
52.93064, 3.575088, 4.936998
53.11625, 2.958244, 4.911855
53.12819, 8.273168, 5.081632
53.1405, 3.179396, 5.08762
53.15166, 5.86145, 5.161745
53.17181, 6.252295, 5.241967
53.18549, 4.705333, 5.2579
53.19635, 4.338511, 5.261281
53.20821, 4.141913, 5.256634
53.22047, 4.017279, 5.247329
53.23357, 4.441772, 5.256196
53.24439, 4.859892, 5.272431
53.25662, 4.388035, 5.299738
53.26704, 4.808946, 5.200728
53.27821, 4.149404, 5.277794
53.28951, 3.471921, 5.308233
53.30288, 5.562237, 5.361267
53.31462, 4.912711, 5.40308
53.32419, 4.615072, 5.367918
53.33509, 4.961471, 5.310991
53.34615, 4.765363, 5.240215
53.35742, 4.788849, 5.169377
53.40166, 8.25747, 5.232962
53.41274, 5.60744, 5.222359
53.42538, 5.637417, 5.214095
53.57914, 4.803108, 5.158982
53.59082, 9.420071, 5.227304
53.60178, 4.426084, 5.127168
53.61263, 5.922589, 5.066478
53.62391, 6.06927, 5.105725
53.80311, 8.960331, 5.285233
54.63458, 7.64439, 5.441438
54.64581, 6.100972, 5.369032
54.65667, 5.698874, 5.453014
54.67237, 4.934669, 5.422121
54.68305, 4.542218, 5.365119
54.69429, 5.132793, 5.379367
54.70499, 6.275876, 5.443946
54.71604, 5.715846, 5.496411
54.72573, 5.795252, 5.555677
54.73717, 5.768127, 5.599889
54.74913, 4.229311, 5.57887
54.76044, 4.282609, 5.575356
54.77265, 3.903647, 5.545179
54.78327, 4.066267, 5.542408
54.79568, 4.803939, 5.586808
54.80506, 5.033628, 5.569188
54.8159, 5.082052, 5.574832
54.82668, 1.186009, 5.460531
54.83865, 6.776033, 5.521016
54.85052, 9.321517, 5.672888
54.90287, 4.279149, 5.655898
54.92469, 3.330644, 5.49167
54.94771, 3.523089, 5.422191
54.95862, 1.989078, 5.30058
54.96943, 1.510677, 5.190833
54.98037, 1.606744, 4.930388
54.99135, 1.211605, 4.823239
55.0035, 0.9140604, 4.656288
55.01443, 1.952252, 4.519054
55.02854, 2.104233, 4.290518
55.04004, 1.128037, 4.073306
55.05142, 1.006912, 3.903504
55.0612, 0.9428337, 3.744969
55.07092, 0.936461, 3.611696
55.08307, 0.8419933, 3.488355
55.09366, 0.9313623, 3.348307
55.10331, 1.288599, 3.182065
55.11424, 0.8636523, 3.020325
55.12565, 0.9616394, 2.859205
55.13707, 0.8610055, 2.695634
55.14681, 0.9108349, 2.585018
55.1584, 1.116192, 2.479471
55.16975, 1.339234, 2.393991
55.18081, 0.4526082, 2.273535
55.1923, 0.9816946, 2.146127
55.20463, 1.110884, 2.015369
55.21638, 0.6842702, 1.868776
55.22836, 0.9896143, 1.86223
55.26105, 0, 1.636362
55.2725, 0, 1.325645
55.28311, 0, 1.183006
55.29361, 0, 1.071985
55.3049, 0, 0.9545487
55.31635, 0, 0.8882461
55.37111, 0, 0.8378902
55.38226, 0, 0.784332
55.41614, 8.329325, 1.021589
55.42616, 8.994329, 1.290932
55.4486, 0, 1.225857
55.46, 0, 1.155716
55.4715, 0, 1.118114
55.48346, 0, 1.084551
55.49442, 2.279076, 1.129092
55.50528, 2.919947, 1.195208
55.51606, 9.688453, 1.49009
55.68171, 8.648829, 1.747339
55.69328, 0.4165429, 1.718271
55.70433, 1.118235, 1.726757
55.71631, 0.9916185, 1.727756
55.73079, 0.9767875, 1.731616
55.74157, 1.373376, 1.747034
55.75354, 1.813175, 1.770266
55.7655, 2.07055, 1.794644
55.77647, 8.325679, 2.057079
55.84211, 3.188465, 2.130638
55.85282, 7.132504, 2.331359
55.86366, 0, 2.30855
56.17871, 8.616398, 2.562776
56.23687, 9.930845, 2.893804
56.36887, 7.026835, 3.128032
56.38033, 6.377442, 3.340613
56.39173, 6.895281, 3.570456
56.4034, 6.882884, 3.799885
56.41457, 6.398871, 4.013181
56.42482, 5.166355, 4.185393
56.43657, 5.151995, 4.357126
56.44749, 5.151917, 4.251212
56.45897, 6.509851, 4.168396
56.46962, 6.186194, 4.374603
56.48099, 8.303061, 4.651371
56.49145, 8.791625, 4.944426
56.51619, 9.48, 5.260425
56.71507, 7.008235, 5.418064
56.72657, 6.519912, 5.538063
56.73763, 8.358304, 5.493724
56.74841, 6.960788, 5.437456
56.76032, 5.593258, 5.610013
56.77279, 5.032334, 5.740483
56.78367, 6.117422, 5.911343
56.79796, 4.996821, 6.045344
56.80886, 4.141617, 6.137619
56.81987, 4.226758, 6.218071
56.83068, 4.081939, 6.285118
56.84172, 4.230756, 6.14862
56.85189, 3.686437, 6.165219
56.86169, 3.277467, 6.036718
56.87285, 3.234288, 6.144527
56.88243, 3.203578, 5.9641
56.89371, 3.088319, 5.736016
56.90484, 3.379802, 5.614448
56.91728, 3.937555, 5.533119
56.92764, 3.936384, 5.434489
56.9389, 3.857884, 5.333655
56.9497, 4.317238, 5.264268
56.95965, 4.276997, 5.234622
56.97051, 3.881905, 5.192286
56.98141, 3.833687, 5.148346
56.99296, 3.476268, 5.047226
57.00335, 3.095889, 4.944216
57.01463, 2.932552, 4.7652
57.02614, 3.203156, 4.578918
57.03789, 2.999829, 4.362912
57.04734, 3.364765, 4.241463
57.0589, 3.343508, 4.135583
57.06973, 3.97042, 3.98932
57.0809, 3.834683, 3.885117
57.09132, 3.962504, 3.830758
57.10187, 3.912118, 3.793418
57.11278, 3.912289, 3.719913
57.12381, 3.855145, 3.681857
57.13486, 3.700814, 3.667164
57.14492, 3.458106, 3.641542
57.15556, 3.385058, 3.618313
57.16658, 2.592331, 3.563698
57.1779, 2.631439, 3.528532
57.18862, 2.697243, 3.509191
57.19968, 2.622161, 3.488786
57.21104, 2.67776, 3.471259
57.22229, 2.576297, 3.454192
57.23361, 2.427946, 3.422463
57.24562, 2.385401, 3.370725
57.25667, 2.3593, 3.318156
57.26757, 2.418562, 3.270178
57.27876, 2.330822, 3.203964
57.29016, 2.336809, 3.139291
57.30178, 2.394867, 3.089723
57.31564, 2.216979, 3.035833
57.32714, 2.255527, 2.995142
57.33774, 2.232134, 2.96635
57.3484, 2.244714, 2.943422
57.35951, 2.167515, 2.908901
57.36967, 2.236475, 2.883456
57.38089, 2.139945, 2.842628
57.39189, 2.126217, 2.802052
57.40255, 2.229523, 2.744022
57.41403, 2.296752, 2.692758
57.42511, 2.450416, 2.642355
57.43647, 2.475262, 2.59446
57.44753, 2.463615, 2.54617
57.45933, 2.713382, 2.508111
57.4702, 2.715496, 2.475268
57.48137, 2.790013, 2.452998
57.49441, 3.384728, 2.452987
57.50488, 5.903281, 2.563352
57.51507, 2.367266, 2.554546
57.52667, 3.100424, 2.567986
57.53783, 2.607891, 2.56751
57.54869, 2.947741, 2.57651
57.55988, 3.280267, 2.599975
57.57087, 3.300792, 2.62907
57.5821, 3.523775, 2.667016
57.59325, 3.404107, 2.701843
57.60482, 3.413583, 2.73501
57.61549, 3.173573, 2.763102
57.62671, 3.035609, 2.786395
57.63803, 3.020765, 2.807258
57.64867, 3.001191, 2.833399
57.66, 3.475169, 2.874053
57.67096, 3.414358, 2.913461
57.68196, 3.213065, 2.94574
57.6933, 3.097332, 2.976733
57.7044, 3.071606, 3.004571
57.71551, 3.071561, 3.035625
57.72707, 3.071589, 3.067137
57.73796, 3.084447, 3.095635
57.74908, 3.014086, 3.119546
57.7606, 2.95148, 3.136248
57.77213, 2.853391, 3.148852
57.78316, 2.48779, 3.149658
57.79363, 2.569193, 3.144852
57.80475, 2.578177, 3.140274
57.81721, 2.587433, 3.133522
57.82838, 2.481011, 3.103398
57.83966, 2.356981, 2.985188
57.85478, 2.276746, 2.98217
57.86572, 2.334493, 2.956639
57.8767, 2.308111, 2.946647
57.8876, 2.367435, 2.927303
57.89889, 2.325495, 2.895477
57.90965, 2.863544, 2.880902
57.91956, 3.512192, 2.880516
57.92952, 4.415679, 2.914235
57.94071, 2.178333, 2.87306
57.95211, 2.775009, 2.859775
57.96335, 3.183328, 2.864699
57.97361, 3.358359, 2.875952
57.98463, 2.97884, 2.875207
57.99604, 3.102298, 2.862778
58.00692, 3.168599, 2.854586
58.01809, 3.703719, 2.870941
58.02878, 3.609856, 2.888026
58.03956, 3.609612, 2.905959
58.05134, 3.540595, 2.921593
58.06295, 3.540729, 2.937231
58.07307, 3.568258, 2.953358
58.08397, 3.454335, 2.968033
58.09506, 3.510774, 2.986676
58.1059, 3.354641, 3.003385
58.11711, 3.43538, 3.034971
58.12724, 3.438798, 3.063958
58.13916, 3.507381, 3.094931
58.14945, 3.303544, 3.118802
58.16118, 3.511723, 3.153159
58.17146, 3.23699, 3.182492
58.18146, 3.268587, 3.215554
58.19213, 3.478813, 3.253698
58.20415, 3.279787, 3.286087
58.21508, 6.802337, 3.433917
58.22541, 5.749601, 3.548054
58.23632, 5.396971, 3.632502
58.24632, 4.534763, 3.666587
58.2689, 4.082957, 3.655496
58.28238, 3.139491, 3.687535
58.29453, 3.166662, 3.70059
58.30594, 3.30507, 3.704648
58.31767, 4.038771, 3.727329
58.32961, 3.628698, 3.748991
58.34023, 3.811267, 3.772623
58.35226, 3.765053, 3.792505
58.36432, 3.757572, 3.7943
58.3742, 3.67213, 3.796375
58.38923, 3.686773, 3.798947
58.40018, 3.646969, 3.802493
58.41151, 3.716387, 3.808349
58.42157, 3.823635, 3.816861
58.43245, 3.916647, 3.832272
58.4442, 3.72439, 3.839392
58.45631, 3.804593, 3.85439
58.4673, 3.820313, 3.867222
58.478, 3.949738, 3.884253
58.48839, 3.98927, 3.900316
58.4995, 2.915619, 3.887385
58.51071, 2.796503, 3.863545
58.52221, 2.663725, 3.844436
58.53263, 3.943137, 3.866921
58.54401, 3.500353, 3.867639
58.55611, 3.382241, 3.871054
58.56624, 3.240579, 3.752329
58.57726, 3.354954, 3.672507
58.58912, 3.451894, 3.607671
58.60015, 3.413665, 3.570301
58.61114, 3.310013, 3.544537
58.62303, 3.333949, 3.551018
58.63333, 3.263258, 3.554238
58.64413, 3.099421, 3.547383
58.65633, 3.091677, 3.515813
58.66724, 3.558482, 3.513473
58.67701, 3.894645, 3.516252
58.68907, 3.711364, 3.514462
58.70075, 3.346763, 3.500769
58.71243, 3.346712, 3.489922
58.72396, 4.065248, 3.502537
58.73655, 4.034323, 3.515449
58.74853, 3.748877, 3.516532
58.75926, 3.837916, 3.517008
58.77419, 3.952637, 3.518208
58.78689, 3.85797, 3.52266
58.79823, 3.849947, 3.524172
58.80928, 3.663683, 3.518951
58.82008, 3.656364, 3.509172
58.83159, 3.55809, 3.494799
58.84226, 3.574937, 3.516777
58.85437, 3.7718, 3.549286
58.86492, 3.810769, 3.587521
58.87542, 3.64588, 3.577613
58.88624, 3.505007, 3.577768
58.8974, 6.27555, 3.674211
58.90844, 2.298463, 3.642807
58.92069, 3.314155, 3.641448
58.93324, 4.717929, 3.683648
58.94397, 7.001291, 3.803236
58.95535, 6.553961, 3.911368
58.96565, 6.972933, 4.032667
58.97738, 5.65206, 4.112294
58.9881, 6.329716, 4.21997
58.99913, 6.254838, 4.325409
59.01035, 5.686941, 4.396358
59.02131, 5.94383, 4.464664
59.03316, 5.645933, 4.52915
59.04422, 5.494474, 4.60074
59.05694, 5.578611, 4.675138
59.06723, 6.514263, 4.756772
59.07847, 7.356911, 4.867525
59.08833, 7.285738, 4.98542
59.09927, 7.942163, 5.122229
59.11045, 7.943736, 5.255265
59.12116, 8.171283, 5.399042
59.13219, 9.322523, 5.581461
59.17675, 4.733607, 5.617126
59.87994, 9.413755, 5.809039
60.07024, 0, 5.690436
60.08168, 0, 5.571272
60.09264, 0, 5.445545
60.10422, 0, 5.318519
60.11822, 8.282788, 5.473083
60.12844, 0.5147704, 5.373408
60.13792, 0, 5.164224
60.14845, 0, 5.087608
60.16003, 0, 4.977137
60.17489, 0, 4.819872
60.18667, 0, 4.586496
60.19742, 0, 4.368031
60.20852, 0, 4.1356
60.2309, 0, 3.947198
60.24239, 0, 3.736207
60.25313, 0, 3.527713
60.26461, 0, 3.338148
60.28561, 0, 3.14002
60.29743, 0, 2.951822
60.30716, 0, 2.768673
60.319, 0, 2.582719
60.32956, 0, 2.365577
60.34039, 0, 2.120347
60.3513, 0, 1.877489
60.383, 0, 1.61275
60.39553, 0, 1.347959
60.46786, 0, 1.075583
60.47947, 0, 0.7648321
60.4901, 0, 0.6070452
60.50085, 0, 0.2932534
60.51289, 0, 0.2932534
60.56874, 0, 0.2932534
60.57959, 0, 0.2932534
60.66502, 0, 0.2932534
60.6763, 0, 0.01716045
60.68825, 0.6781185, 0.02260538
60.69945, 0.5320816, 0.04034144
60.71006, 0.6141124, 0.06081185
60.72124, 0.6197792, 0.08147116
60.73274, 0.6652998, 0.1036478
60.74316, 0.61076, 0.1240065
60.75615, 0, 0.1240065
60.76747, 0, 0.1240065
60.7789, 0, 0.1240065
60.79022, 0.5386069, 0.1419601
60.80023, 0.5574193, 0.1605407
60.81184, 0.5529242, 0.1789715
60.83721, 0, 0.1789715
60.84814, 0, 0.1789715
60.89205, 0, 0.1789715
60.90409, 0, 0.1789715
60.91529, 0, 0.1789715
60.93161, 0, 0.1789715
60.94409, 0, 0.1789715
60.95478, 0, 0.1789715
60.96601, 0, 0.1789715
60.97778, 0, 0.1789715
60.99949, 0, 0.1789715
61.01103, 0, 0.1789715
61.06546, 0, 0.1789715
61.10946, 0, 0.1789715
61.13203, 0, 0.1789715
61.15347, 0, 0.1789715
61.16492, 0, 0.1789715
61.20913, 0, 0.1789715
61.22125, 0, 0.1563675
61.23225, 0, 0.1386315
61.24436, 0, 0.1181611
61.25618, 0, 0.09750177
61.27866, 2.026569, 0.1428774
61.28916, 5.965544, 0.3213702
61.30003, 1.858367, 0.3833158
61.31223, 3.657958, 0.5052477
61.32293, 2.023756, 0.5727062
61.3336, 2.011488, 0.6218023
61.34419, 1.957574, 0.6684741
61.35829, 1.905515, 0.7135603
61.36913, 1.953138, 0.7786649
61.38122, 1.865527, 0.8408492
61.39373, 1.797527, 0.9007667
61.40429, 1.760222, 0.9594409
61.41444, 1.751732, 1.017832
61.4253, 1.737641, 1.075753
61.43757, 1.719725, 1.133078
61.44912, 1.567379, 1.185323
61.4595, 1.475106, 1.234494
61.47102, 1.430369, 1.282173
61.48301, 1.280028, 1.32484
61.49508, 1.278246, 1.367449
61.50503, 1.288313, 1.410392
61.51662, 1.298357, 1.453671
61.52785, 1.326401, 1.497884
61.54134, 1.339683, 1.54254
61.55377, 1.360829, 1.587901
61.56535, 1.535425, 1.639082
61.57601, 1.511912, 1.689479
61.58835, 1.655668, 1.744668
61.59943, 1.774489, 1.803818
61.6102, 1.773633, 1.862939
61.62115, 2.004215, 1.862194
61.63116, 2.090879, 1.733038
61.64209, 2.339301, 1.749069
61.6535, 2.163999, 1.699271
61.66476, 2.180265, 1.704488
61.67748, 2.203581, 1.710891
61.68908, 2.194151, 1.718777
61.69995, 2.204514, 1.728743
61.71075, 2.213609, 1.737426
61.72315, 2.172895, 1.747671
61.73318, 2.168993, 1.760054
61.74326, 2.044604, 1.769533
61.75507, 1.96018, 1.776481
61.76519, 1.945525, 1.783411
61.77705, 1.992028, 1.792487
61.78845, 1.878328, 1.802852
61.79826, 1.859125, 1.815653
61.81036, 1.784379, 1.827453
61.82101, 1.785196, 1.844292
61.8325, 1.761682, 1.860407
61.84332, 1.736381, 1.875342
61.85528, 1.769203, 1.891037
61.86637, 1.814818, 1.907318
61.87754, 1.839426, 1.923976
61.88805, 1.935873, 1.943144
61.9017, 4.210153, 2.032301
61.91238, 2.257907, 2.057168
61.92359, 5.660863, 2.190674
61.93521, 3.277666, 2.24078
61.94656, 6.685619, 2.404513
61.95625, 9.28012, 2.647043
61.96747, 6.901273, 2.807389
62.15607, 9.024138, 3.030217
62.16824, 7.860184, 3.22009
62.19073, 8.118594, 3.418034
62.20045, 7.747697, 3.602838
62.21132, 7.43777, 3.777625
62.22301, 8.77035, 3.996486
62.23522, 7.085522, 4.158884
62.2463, 6.392053, 4.299522
62.25836, 6.067436, 4.429471
62.28089, 0, 4.361317
62.52308, 9.536661, 4.613867
62.53785, 4.804473, 4.709165
62.55045, 6.037174, 4.844003
62.56123, 8.597258, 5.067967
62.59602, 6.988905, 5.23896
62.6062, 6.513733, 5.396605
62.61819, 4.408587, 5.484051
62.62953, 4.296116, 5.568532
62.63919, 3.940271, 5.641995
62.65112, 3.514296, 5.700165
62.66337, 2.571709, 5.725395
62.67304, 1.604318, 5.717558
63.13071, 2.644078, 5.741165
63.14262, 3.967044, 5.733061
63.5307, 8.591606, 5.944184
63.54144, 7.563604, 6.007609
63.55491, 7.831914, 6.159417
63.56438, 7.915322, 6.200408
63.57622, 8.85681, 6.186297
63.58831, 6.108684, 6.159877
63.59945, 5.867173, 6.054645
63.61036, 6.46945, 6.008287
63.62054, 6.368983, 5.949967
63.63201, 5.828916, 5.886008
63.64441, 5.720731, 5.828773
63.65532, 5.634708, 5.724252
63.66685, 5.199985, 5.6614
63.67944, 3.977419, 5.580912
63.69118, 4.621611, 5.532718
63.70235, 4.679515, 5.688703
63.71339, 4.800349, 5.530825
63.72426, 5.276912, 5.546573
