10.71808, True, 0, 5.242225
10.73118, True, 0, 5.199274
10.74368, True, 0, 5.237839
10.76906, True, 0, 5.21482
10.78164, True, 0, 5.136946
10.79475, True, 0, 5.167558
10.80573, True, 0, 5.177647
10.81677, True, 0, 5.196211
10.82847, True, 0, 5.159681
10.84023, True, 0, 5.130077
10.85294, True, 0, 5.126204
10.8643, True, 0, 5.127088
10.87643, True, 0, 5.133037
10.88598, True, 0, 5.138089
10.89744, True, 0, 5.154866
10.9093, True, 0, 5.265821
11.08292, True, 0, 5.304049
11.09449, True, 0, 5.311593
11.10564, True, 0, 5.322069
11.18254, True, 0, 5.329604
11.19454, True, 0, 5.463768
11.20586, True, 0, 5.610087
11.21663, True, 0, 5.594502
11.22915, True, 0, 5.480308
11.24071, True, 0, 5.417222
11.25218, True, 0, 5.380807
11.26494, True, 0, 5.299902
11.46382, True, 0, 5.32248
11.47447, True, 0, 5.223569
11.49654, True, 0, 5.087912
11.50774, True, 0, 5.148438
11.5408, True, 0, 5.233376
11.55226, True, 0, 5.192633
11.5629, True, 0, 5.098687
13.25572, True, 1, 5.151909
13.26796, True, 1, 5.254468
13.27969, True, 1, 5.333079
13.29042, True, 1, 5.320418
13.30303, True, 1, 5.301528
13.31462, True, 1, 5.25571
13.32505, True, 1, 5.185176
13.33558, True, 1, 5.115184
13.34668, True, 1, 5.05399
13.35838, True, 1, 4.97916
13.37044, True, 1, 4.890902
13.38201, True, 1, 4.700123
13.39384, True, 1, 4.5699
13.40594, True, 1, 4.433013
13.41745, True, 1, 4.305909
13.42867, True, 1, 4.151727
13.43937, True, 1, 3.896061
13.45214, True, 1, 3.650363
13.46342, True, 1, 3.544762
13.4732, True, 1, 3.472683
13.48445, True, 1, 3.389165
13.49531, True, 1, 3.286999
13.50671, True, 1, 3.202027
13.51805, True, 1, 3.018994
13.52983, True, 1, 2.832202
13.54014, True, 1, 2.708112
13.5508, True, 1, 2.446736
13.56216, True, 1, 2.254885
13.57217, True, 1, 2.043916
13.58444, True, 1, 1.951907
13.5954, True, 1, 1.806062
13.60687, True, 1, 1.631929
13.61891, True, 1, 1.483158
13.63049, True, 1, 1.42601
13.64208, True, 1, 1.371974
13.65445, True, 1, 1.343318
13.66569, True, 1, 1.32648
13.67759, True, 1, 1.309901
13.69553, True, 1, 1.289692
13.7094, True, 1, 1.2787
13.72173, True, 1, 1.268932
13.73204, True, 1, 1.260963
13.74453, True, 1, 1.253683
13.75547, True, 1, 1.249689
13.7666, True, 1, 1.246936
13.77814, True, 1, 1.244211
13.78843, True, 1, 1.243342
13.79891, True, 1, 1.242461
13.81002, True, 1, 1.242281
13.8212, True, 1, 1.242746
13.83323, True, 1, 1.243699
13.84521, True, 1, 1.244346
13.85591, True, 1, 1.245834
13.86634, True, 1, 1.248191
13.87782, True, 1, 1.249565
13.88733, True, 1, 1.245332
13.89799, True, 1, 1.246796
13.909, True, 1, 1.265862
13.91993, True, 1, 1.277495
13.93187, True, 1, 1.293521
13.94448, True, 1, 1.310577
13.95594, True, 1, 1.324114
13.96704, True, 1, 1.342028
13.97999, True, 1, 1.363817
13.99075, True, 1, 1.398167
14.0027, True, 1, 1.441681
14.01337, True, 1, 1.482649
14.02548, True, 1, 1.60986
14.05452, True, 1, 1.688457
14.06658, True, 1, 1.747561
14.07859, True, 1, 1.831336
14.08919, True, 1, 1.935506
14.10203, True, 1, 2.139446
14.29281, True, 1, 2.23763
14.30498, True, 1, 2.495312
14.31628, True, 1, 2.581725
14.32726, True, 1, 2.651277
14.33815, True, 1, 2.740238
14.3484, True, 1, 2.867573
14.35961, True, 1, 3.019026
14.37029, True, 1, 3.149717
14.38129, True, 1, 3.296264
14.39229, True, 1, 3.436514
14.40533, True, 1, 3.546734
14.41859, True, 1, 3.652478
14.43048, True, 1, 3.744684
14.44313, True, 1, 3.824465
14.45455, True, 1, 3.902924
14.46514, True, 1, 3.962907
14.47514, True, 1, 4.019473
14.4873, True, 1, 4.078645
14.49638, True, 1, 4.141371
14.69339, True, 1, 4.174723
14.70574, True, 1, 4.156133
14.71654, True, 1, 4.080557
14.81504, True, 1, 3.996312
14.82668, True, 1, 3.914754
14.83818, True, 1, 3.746283
14.85068, True, 1, 3.626869
14.91774, True, 1, 3.603673
14.94028, True, 1, 3.55376
14.95154, True, 1, 3.4789
14.96253, True, 1, 3.306436
14.97365, True, 1, 3.246994
14.98483, True, 1, 3.028989
15.04087, True, 1, 3.05753
15.0524, True, 1, 3.192613
15.10808, True, 1, 3.31966
15.11961, True, 1, 3.388615
15.13059, True, 1, 3.409941
15.14101, True, 1, 3.450122
15.15419, True, 1, 3.476777
15.16428, True, 1, 3.542892
15.17547, True, 1, 3.632991
15.18767, True, 1, 3.73206
15.1977, True, 1, 3.868221
15.20971, True, 1, 3.987708
15.22177, True, 1, 4.09142
15.23325, True, 1, 4.219481
15.24556, True, 1, 4.293488
15.25523, True, 1, 4.397268
15.26647, True, 1, 4.48723
15.28782, True, 1, 4.702566
15.29857, True, 1, 4.864503
15.31071, True, 1, 5.145014
15.32062, True, 1, 5.406503
15.35274, True, 1, 5.72678
15.39569, True, 1, 5.83639
15.50309, True, 1, 6.167403
15.51429, True, 1, 6.349458
15.52573, True, 1, 6.539637
15.53745, True, 1, 6.741608
15.54876, True, 1, 6.885499
15.55929, True, 1, 7.005476
15.57136, True, 1, 7.137477
15.58297, True, 1, 7.198928
15.59413, True, 1, 7.164663
15.60585, True, 1, 6.964953
15.62095, True, 1, 6.860269
15.63166, True, 1, 6.750952
15.64295, True, 1, 6.629349
15.65598, True, 1, 6.506897
15.66734, True, 1, 6.351544
15.67907, True, 1, 6.200422
15.69066, True, 1, 6.036392
15.7027, True, 1, 5.85345
15.71462, True, 1, 5.69436
15.72652, True, 1, 5.53722
15.73691, True, 1, 5.379504
15.74764, True, 1, 5.27361
15.75865, True, 1, 5.133362
15.76983, True, 1, 5.005742
15.78039, True, 1, 4.779222
15.79183, True, 1, 4.651989
15.80286, True, 1, 4.448983
15.81401, True, 1, 4.265184
15.82484, True, 1, 4.010482
15.83598, True, 1, 3.985133
16.37304, True, 1, 3.758892
16.38472, True, 1, 3.559212
16.39589, True, 1, 3.365889
16.40664, True, 1, 3.171239
16.41819, True, 1, 3.029462
16.42942, True, 1, 2.903255
16.44199, True, 1, 2.761578
16.45227, True, 1, 2.614952
16.46344, True, 1, 2.473977
16.47432, True, 1, 2.488104
16.48562, True, 1, 2.427485
16.49621, True, 1, 2.394914
16.50693, True, 1, 2.373493
16.51847, True, 1, 2.351946
16.52969, True, 1, 2.34159
16.54142, True, 1, 2.33496
16.5534, True, 1, 2.334176
16.56452, True, 1, 2.337251
16.57591, True, 1, 2.338184
16.58803, True, 1, 2.334479
16.59825, True, 1, 2.335699
16.60938, True, 1, 2.326039
16.62269, True, 1, 2.327313
16.63424, True, 1, 2.375197
17.00574, True, 1, 2.577688
17.02797, True, 1, 2.651439
17.10341, True, 1, 2.894837
17.11497, True, 1, 3.032759
17.12659, True, 1, 3.233235
17.13779, True, 1, 3.432698
17.14915, True, 1, 3.624471
17.16089, True, 1, 3.845834
17.17513, True, 1, 4.098885
17.19539, True, 1, 4.279528
17.20657, True, 1, 4.486255
17.2592, True, 1, 4.744708
17.28185, True, 1, 4.983471
17.29371, True, 1, 5.223733
17.31572, True, 1, 5.407351
17.32823, True, 1, 5.524674
17.33842, True, 1, 5.61871
17.34964, True, 1, 5.687309
17.36093, True, 1, 5.777425
17.37259, True, 1, 5.875722
17.38207, True, 1, 5.960971
17.39364, True, 1, 6.041044
17.40489, True, 1, 6.10306
17.41609, True, 1, 6.147656
17.42846, True, 1, 6.197055
17.43879, True, 1, 6.243914
17.45161, True, 1, 6.281007
17.46248, True, 1, 6.327493
17.47393, True, 1, 6.367946
17.48517, True, 1, 6.361101
17.49673, True, 1, 6.198276
17.50896, True, 1, 6.16242
17.52026, True, 1, 5.962213
17.55369, True, 1, 5.848022
17.56491, True, 2, 5.671534
17.57704, True, 2, 5.491455
17.58628, True, 2, 5.298204
17.59825, True, 2, 5.138989
17.61065, True, 2, 4.932172
17.62431, True, 2, 4.767097
17.63532, True, 2, 4.57889
17.6578, True, 2, 4.356949
17.66899, True, 2, 4.158603
17.68005, True, 2, 3.954221
17.69278, True, 2, 3.807495
17.70419, True, 2, 3.721734
17.71434, True, 2, 3.655951
17.73554, True, 2, 3.600883
17.74669, True, 2, 3.530993
17.81301, True, 2, 3.630083
18.04772, True, 2, 3.635387
18.06054, True, 2, 3.604058
18.07192, True, 2, 3.539418
18.08259, True, 2, 3.479295
18.09393, True, 2, 3.42407
18.10456, True, 2, 3.39923
18.11547, True, 2, 3.610177
18.12705, True, 2, 3.692097
18.13839, True, 2, 3.692334
18.1523, True, 2, 3.684972
18.16289, True, 2, 3.818242
18.17456, True, 2, 3.938073
18.37289, True, 2, 3.936251
18.38426, True, 2, 3.997876
18.39482, True, 2, 4.023929
18.40584, True, 2, 3.988723
18.41696, True, 2, 3.957417
18.4281, True, 2, 3.895303
18.4391, True, 2, 3.822559
18.45102, True, 2, 3.772617
18.46245, True, 2, 3.724973
18.47506, True, 2, 3.659998
18.48562, True, 2, 3.59354
18.49967, True, 2, 3.533143
18.50903, True, 2, 3.460385
18.51936, True, 2, 3.40015
18.53008, True, 2, 3.338583
18.54248, True, 2, 3.292042
18.5547, True, 2, 3.248731
18.56438, True, 2, 3.031764
18.57489, True, 2, 2.9109
18.5877, True, 2, 2.831374
18.59894, True, 2, 2.799762
18.61003, True, 2, 2.780649
18.62194, True, 2, 2.757719
18.63657, True, 2, 2.718567
18.64693, True, 2, 2.442265
18.65778, True, 2, 2.28936
18.66878, True, 2, 2.217645
18.68058, True, 2, 2.16374
18.69274, True, 2, 1.968446
18.70432, True, 2, 1.787418
18.7168, True, 2, 1.723752
18.72837, True, 2, 1.615147
18.73941, True, 2, 1.550618
18.75001, True, 2, 1.533098
18.76329, True, 2, 1.515484
18.77434, True, 2, 1.512113
18.78422, True, 2, 1.522392
18.79431, True, 2, 1.535985
18.8059, True, 2, 1.544437
18.8179, True, 2, 1.552925
18.82934, True, 2, 1.562547
18.84101, True, 2, 1.566196
18.85212, True, 2, 1.579374
18.86255, True, 2, 1.583191
18.87433, True, 2, 1.592736
18.88466, True, 2, 1.603657
18.8952, True, 2, 1.608524
18.90594, True, 2, 1.606843
18.91771, True, 2, 1.598755
18.93004, True, 2, 1.588677
18.94178, True, 2, 1.58547
18.95363, True, 2, 1.580005
18.96451, True, 2, 1.571113
18.97688, True, 2, 1.551967
18.98755, True, 2, 1.53839
18.99969, True, 2, 1.534148
19.01239, True, 2, 1.52649
19.0227, True, 2, 1.511414
19.03424, True, 2, 1.495632
19.04576, True, 2, 1.48235
19.06126, True, 2, 1.469225
19.0731, True, 2, 1.45702
19.08615, True, 2, 1.449036
19.09615, True, 2, 1.440655
19.10718, True, 2, 1.428987
19.11884, True, 2, 1.416314
19.12922, True, 2, 1.405124
19.14004, True, 2, 1.391651
19.15268, True, 2, 1.379851
19.16234, True, 2, 1.368829
19.17368, True, 2, 1.356951
19.18453, True, 2, 1.351525
19.19465, True, 2, 1.347592
19.20546, True, 2, 1.345511
19.21676, True, 2, 1.342318
19.22854, True, 2, 1.337128
19.23917, True, 2, 1.329759
19.24953, True, 2, 1.323568
19.26062, True, 2, 1.323975
19.27142, True, 2, 1.323787
19.28291, True, 2, 1.324067
19.29338, True, 2, 1.324725
19.3044, True, 2, 1.324896
19.31476, True, 2, 1.32576
19.32731, True, 2, 1.328987
19.33883, True, 2, 1.329355
19.3497, True, 2, 1.330461
19.36096, True, 2, 1.330991
19.37125, True, 2, 1.368815
19.3817, True, 2, 1.392819
19.392, True, 2, 1.43332
19.40264, True, 2, 1.476567
19.41242, True, 2, 1.586041
19.42396, True, 2, 1.638793
19.77887, True, 2, 1.733938
20.59447, True, 2, 1.690944
20.80796, True, 2, 1.858863
21.44761, True, 2, 2.094519
21.48168, True, 2, 2.146003
21.49301, True, 2, 2.181179
21.50374, True, 2, 2.215957
21.51591, True, 2, 2.248688
21.52778, True, 2, 2.271345
21.53867, True, 2, 2.313262
21.55118, True, 2, 2.356392
21.56229, True, 2, 2.399173
21.93789, True, 2, 2.603963
22.01561, True, 2, 2.720324
22.21413, True, 2, 2.835653
22.5633, True, 2, 3.0861
22.58763, True, 3, 3.371411
22.59905, True, 3, 3.475703
22.61005, True, 3, 3.546195
22.6226, True, 3, 3.791886
22.63392, True, 3, 3.983959
22.64442, True, 3, 4.148387
22.65534, True, 3, 4.329628
22.66624, True, 3, 4.516316
22.67895, True, 3, 4.644426
22.68868, True, 3, 4.800831
22.7006, True, 3, 4.94102
22.71156, True, 3, 5.081071
22.72424, True, 3, 5.198797
22.73363, True, 3, 5.376754
22.74464, True, 3, 5.482664
22.756, True, 3, 5.654779
22.76658, True, 3, 5.609154
22.77766, True, 3, 5.439099
22.78831, True, 3, 5.450057
22.79991, True, 3, 5.499358
22.81214, True, 3, 5.609794
23.14613, True, 3, 5.613251
23.15765, True, 3, 5.643847
23.16888, True, 3, 5.633629
23.18051, True, 3, 5.619601
23.19211, True, 3, 5.604554
23.20387, True, 3, 5.412243
23.21483, True, 3, 5.317274
23.22645, True, 3, 5.218499
23.23773, True, 3, 4.976685
23.25012, True, 3, 4.695456
23.26205, True, 3, 4.594705
23.27414, True, 3, 4.526954
23.28658, True, 3, 4.283058
23.29626, True, 3, 4.092326
23.30813, True, 3, 3.928901
23.31976, True, 3, 3.74792
23.33008, True, 3, 3.559468
23.34172, True, 3, 3.394183
23.35294, True, 3, 3.212902
23.36341, True, 3, 3.032191
23.37427, True, 3, 2.848742
23.38699, True, 3, 2.61992
23.39974, True, 3, 2.388371
23.41171, True, 3, 2.186755
23.42345, True, 3, 2.056512
23.43454, True, 3, 1.9328
23.44422, True, 3, 1.86581
23.4569, True, 3, 1.801777
23.46906, True, 3, 1.714625
23.48158, True, 3, 1.566124
23.49427, True, 3, 1.526112
23.50645, True, 3, 1.467891
23.51805, True, 3, 1.431446
23.52871, True, 3, 1.397997
23.5416, True, 3, 1.365201
23.55402, True, 3, 1.347914
23.56708, True, 3, 1.321937
23.57739, True, 3, 1.299791
23.58817, True, 3, 1.286049
23.59974, True, 3, 1.276348
23.61205, True, 3, 1.268021
23.62472, True, 3, 1.260394
23.63505, True, 3, 1.253599
23.64554, True, 3, 1.247816
23.65639, True, 3, 1.243253
23.66694, True, 3, 1.240413
23.67811, True, 3, 1.238709
23.68864, True, 3, 1.237137
23.69901, True, 3, 1.236109
23.7109, True, 3, 1.235075
23.72442, True, 3, 1.234224
23.73563, True, 3, 1.23397
23.74547, True, 3, 1.233654
23.75527, True, 3, 1.232397
23.76808, True, 3, 1.228986
23.77837, True, 3, 1.235153
23.78859, True, 3, 1.241097
23.79991, True, 3, 1.249433
23.81135, True, 3, 1.269443
23.8216, True, 3, 1.297641
23.83267, True, 3, 1.330719
23.84411, True, 3, 1.356474
23.85445, True, 3, 1.422218
23.86583, True, 3, 1.484296
23.877, True, 3, 1.532679
23.88771, True, 3, 1.576052
23.8999, True, 3, 1.609627
23.91127, True, 3, 1.652133
23.92126, True, 3, 1.757615
23.9324, True, 3, 1.887981
23.94389, True, 3, 2.022858
23.95457, True, 3, 2.155747
23.96632, True, 3, 2.320659
23.979, True, 3, 2.531434
23.98867, True, 3, 2.765822
24.00589, True, 3, 3.012771
24.82377, True, 3, 3.20012
25.11627, True, 3, 3.393436
25.17983, True, 3, 3.664856
25.1913, True, 3, 3.868242
25.20186, True, 3, 4.052262
25.21277, True, 3, 4.262269
25.22771, True, 3, 4.480431
25.23926, True, 3, 4.772418
25.25031, True, 3, 5.015311
25.26199, True, 3, 5.241346
25.27452, True, 3, 5.454602
25.28713, True, 3, 5.713404
25.29905, True, 3, 5.948944
25.31103, True, 3, 6.08757
25.3652, True, 3, 6.317058
25.37648, True, 3, 6.569669
25.38773, True, 3, 6.70891
25.39837, True, 3, 6.830938
25.40963, True, 3, 6.83031
25.52061, True, 3, 6.745499
25.53163, True, 3, 6.670975
25.54282, True, 3, 6.587813
25.55408, True, 3, 6.442399
25.56684, True, 3, 6.271643
25.57741, True, 3, 6.096129
26.07006, True, 3, 5.981426
26.0824, True, 3, 5.975465
26.09142, True, 3, 5.810984
26.10278, True, 3, 5.612505
26.11459, True, 3, 5.39696
26.12701, True, 3, 5.242856
26.13896, True, 3, 5.084077
26.15043, True, 3, 4.845695
26.16116, True, 3, 4.671517
26.17242, True, 3, 4.514208
26.18422, True, 3, 4.332402
26.19624, True, 3, 4.150418
26.20705, True, 3, 3.895864
26.21993, True, 3, 3.694221
26.23033, True, 3, 3.492414
26.24204, True, 3, 3.303077
26.2527, True, 3, 3.065074
26.267, True, 3, 2.838842
26.2784, True, 3, 2.698426
26.29033, True, 3, 2.467309
26.30259, True, 3, 2.221623
26.31475, True, 3, 2.049119
26.32664, True, 3, 1.896125
26.33654, True, 3, 1.886914
26.3488, True, 3, 1.965484
26.35956, True, 3, 2.045093
26.36919, True, 3, 2.124927
26.38051, True, 3, 2.201001
26.39122, True, 3, 2.276611
27.06847, True, 3, 2.444219
27.0802, True, 3, 2.545346
27.09234, True, 3, 2.515448
27.10331, True, 3, 2.595907
27.11547, True, 3, 2.719157
27.12765, True, 3, 2.836258
27.13726, True, 3, 2.920323
27.14817, True, 3, 2.997994
27.16181, True, 3, 3.073961
27.1731, True, 3, 3.149153
27.18653, True, 3, 3.220845
27.19782, True, 3, 3.344884
27.20881, True, 3, 3.4733
27.21978, True, 3, 3.640876
27.23081, True, 3, 3.868075
27.33114, True, 3, 3.965575
27.90197, True, 4, 4.057109
28.06812, True, 4, 4.16478
28.07946, True, 4, 4.261448
28.09118, True, 4, 4.370984
28.10155, True, 4, 4.474936
28.11337, True, 4, 4.560696
28.12461, True, 4, 4.644989
28.13687, True, 4, 4.754925
28.17018, True, 4, 4.826626
28.18266, True, 4, 4.882255
28.19329, True, 4, 4.957118
28.20429, True, 4, 5.145687
28.23614, True, 4, 5.339819
28.26757, True, 4, 5.425864
28.27762, True, 4, 5.346605
28.28891, True, 4, 5.263313
28.30103, True, 4, 5.166511
28.31125, True, 4, 5.145032
28.3229, True, 4, 5.133622
28.33442, True, 4, 5.11347
28.34613, True, 4, 5.086988
28.36747, True, 4, 5.193303
28.37777, True, 4, 5.303541
28.38949, True, 4, 5.259542
28.40095, True, 4, 5.219531
28.41334, True, 4, 5.117401
28.42417, True, 4, 4.998689
28.4366, True, 4, 4.865802
28.45164, True, 4, 4.655006
28.46271, True, 4, 4.552041
28.47413, True, 4, 4.443603
28.48552, True, 4, 4.322715
28.49705, True, 4, 4.210383
28.50837, True, 4, 4.088264
28.51934, True, 4, 3.965839
28.53024, True, 4, 3.861075
28.5414, True, 4, 3.755875
28.55256, True, 4, 3.626857
28.56455, True, 4, 3.530061
28.57697, True, 4, 3.448915
28.58745, True, 4, 3.346262
28.59979, True, 4, 3.12971
28.61084, True, 4, 2.911358
28.62082, True, 4, 2.801634
28.63258, True, 4, 2.761785
28.64434, True, 4, 2.734343
28.65572, True, 4, 2.711208
28.66735, True, 4, 2.616086
28.67889, True, 4, 2.474422
28.69139, True, 4, 2.352024
28.70288, True, 4, 2.264197
28.71413, True, 4, 2.045686
28.72467, True, 4, 1.826768
28.73554, True, 4, 1.767014
28.74539, True, 4, 1.709112
28.75542, True, 4, 1.661858
28.76748, True, 4, 1.618855
28.77773, True, 4, 1.549935
28.7881, True, 4, 1.497404
28.80006, True, 4, 1.473832
28.81195, True, 4, 1.462473
28.82383, True, 4, 1.44974
28.83421, True, 4, 1.440855
28.8455, True, 4, 1.432512
28.8563, True, 4, 1.423129
28.87181, True, 4, 1.411401
28.88235, True, 4, 1.399148
28.89395, True, 4, 1.387101
28.90446, True, 4, 1.376131
28.91657, True, 4, 1.367069
28.9269, True, 4, 1.360289
28.93742, True, 4, 1.353449
28.94818, True, 4, 1.347689
28.95945, True, 4, 1.340363
28.96933, True, 4, 1.337383
28.98003, True, 4, 1.333788
28.99238, True, 4, 1.330405
29.00325, True, 4, 1.325838
29.01442, True, 4, 1.326539
29.02457, True, 4, 1.323321
29.03589, True, 4, 1.322325
29.04756, True, 4, 1.324061
29.05871, True, 4, 1.327878
29.07067, True, 4, 1.33038
29.0814, True, 4, 1.328499
29.09293, True, 4, 1.32386
29.10289, True, 4, 1.32268
29.11456, True, 4, 1.322755
29.12584, True, 4, 1.323939
29.13533, True, 4, 1.327995
29.14731, True, 4, 1.334538
29.16006, True, 4, 1.343607
29.17263, True, 4, 1.358522
29.18397, True, 4, 1.372848
29.194, True, 4, 1.396024
29.2043, True, 4, 1.431634
29.21408, True, 4, 1.467832
29.22304, True, 4, 1.500786
29.234, True, 4, 1.536749
29.24543, True, 4, 1.675158
29.2561, True, 4, 1.731205
29.26767, True, 4, 1.848687
29.27689, True, 4, 2.039682
29.29172, True, 4, 2.170125
29.30231, True, 4, 2.338191
29.31314, True, 4, 2.54126
29.32418, True, 4, 2.782472
29.33511, True, 4, 2.950939
29.34585, True, 4, 3.115475
29.35639, True, 4, 3.302547
29.36581, True, 4, 3.477011
29.37633, True, 4, 3.639442
29.38601, True, 4, 3.821595
29.39709, True, 4, 4.107312
29.41867, True, 4, 4.389503
29.45333, True, 4, 4.654323
29.50759, True, 4, 4.849119
29.65303, True, 4, 5.117103
29.66438, True, 4, 5.356053
29.67553, True, 4, 5.601688
29.70064, True, 4, 5.802182
30.06684, True, 4, 5.833621
30.11187, True, 4, 5.822815
30.12313, True, 4, 5.821871
30.13434, True, 4, 5.822096
30.14533, True, 4, 5.80281
30.3342, True, 4, 5.841398
30.34524, True, 4, 5.98713
30.35798, True, 4, 6.023638
30.36942, True, 4, 5.981977
30.3805, True, 4, 6.044162
30.39575, True, 4, 6.075584
30.40665, True, 4, 6.058029
30.41737, True, 4, 6.071702
30.42766, True, 4, 6.088514
30.43973, True, 4, 6.098245
30.45127, True, 4, 6.122503
30.46449, True, 4, 6.175163
30.47666, True, 4, 6.294307
30.50019, True, 4, 6.314916
30.51176, True, 4, 6.353816
30.52202, True, 4, 6.379529
30.53327, True, 4, 6.377468
30.54316, True, 4, 6.311162
30.55445, True, 4, 6.258214
30.60961, True, 4, 6.110648
30.62386, True, 4, 6.044807
30.72935, True, 4, 5.958571
30.74061, True, 4, 5.874293
30.75162, True, 4, 5.766564
30.76264, True, 4, 5.706112
30.7735, True, 4, 5.834622
30.78452, True, 4, 5.989767
30.79575, True, 4, 6.147532
30.80706, True, 4, 6.401671
30.8183, True, 4, 6.667067
30.82927, True, 4, 6.86811
30.84049, True, 4, 6.967934
30.95242, True, 4, 6.925361
30.9638, True, 4, 6.858073
30.97626, True, 4, 6.769686
30.98637, True, 4, 6.645936
30.99817, True, 4, 6.498388
31.00905, True, 4, 6.38555
31.02061, True, 4, 6.231696
31.03251, True, 4, 6.058558
31.04451, True, 4, 5.832053
31.05453, True, 4, 5.647686
31.06575, True, 4, 5.401526
31.0767, True, 4, 5.232054
31.0883, True, 4, 5.058498
31.09882, True, 4, 4.913917
31.11023, True, 4, 4.773362
31.12259, True, 4, 4.590754
31.13401, True, 4, 4.404777
31.14454, True, 4, 4.331406
31.15503, True, 4, 4.245715
31.16614, True, 4, 4.105672
31.17645, True, 4, 3.992413
31.18836, True, 4, 3.892845
31.19838, True, 4, 3.865983
31.21015, True, 4, 3.944228
31.22198, True, 4, 4.065188
31.4335, True, 4, 4.081357
31.87819, True, 4, 4.046901
31.91149, True, 4, 3.799279
31.92344, True, 4, 3.555261
31.93515, True, 4, 3.322584
31.945, True, 4, 3.331573
31.95638, True, 4, 3.338886
31.97083, True, 4, 3.33004
31.9809, True, 4, 3.328532
31.99323, True, 4, 3.328993
32.00474, True, 4, 3.326824
32.01681, True, 4, 3.32496
32.02618, True, 4, 3.312863
32.03868, True, 4, 3.300149
32.0507, True, 4, 3.289592
32.06255, True, 4, 3.27934
32.07442, True, 4, 3.270504
32.08717, True, 4, 3.260854
32.7091, True, 5, 3.466285
32.7204, True, 5, 3.682054
33.04277, True, 5, 3.793772
33.05333, True, 5, 3.800021
33.06449, True, 5, 3.814439
33.07713, True, 5, 3.808967
33.08795, True, 5, 3.800466
33.0998, True, 5, 3.781287
33.1102, True, 5, 3.762753
33.12107, True, 5, 3.662262
33.13328, True, 5, 3.433678
33.14848, True, 5, 3.168802
33.15986, True, 5, 2.992312
33.17031, True, 5, 2.761043
33.18174, True, 5, 2.740657
33.19209, True, 5, 2.718414
33.202, True, 5, 2.680397
33.21257, True, 5, 2.644362
33.22358, True, 5, 2.610621
33.23409, True, 5, 2.590225
33.24665, True, 5, 2.566847
33.25879, True, 5, 2.539073
33.26927, True, 5, 2.511405
33.28009, True, 5, 2.481114
33.29294, True, 5, 2.452541
33.30372, True, 5, 2.425121
33.31615, True, 5, 2.39843
33.32627, True, 5, 2.372155
33.33857, True, 5, 2.346856
33.35045, True, 5, 2.323001
33.36153, True, 5, 2.079517
33.37436, True, 5, 1.825271
33.38364, True, 5, 1.677979
33.39455, True, 5, 1.632729
33.40608, True, 5, 1.579015
33.41796, True, 5, 1.542251
33.43037, True, 5, 1.508611
33.4426, True, 5, 1.485139
33.45407, True, 5, 1.459134
33.46561, True, 5, 1.437364
33.47642, True, 5, 1.416431
33.48801, True, 5, 1.396144
33.50108, True, 5, 1.382075
33.51288, True, 5, 1.367651
33.52604, True, 5, 1.352801
33.53546, True, 5, 1.343854
33.54717, True, 5, 1.332225
33.55885, True, 5, 1.322682
33.56966, True, 5, 1.313275
33.58473, True, 5, 1.305177
33.59725, True, 5, 1.297878
33.60714, True, 5, 1.291965
33.61772, True, 5, 1.286437
33.62931, True, 5, 1.28089
33.64015, True, 5, 1.277213
33.65088, True, 5, 1.272508
33.66122, True, 5, 1.266686
33.67373, True, 5, 1.259496
33.68501, True, 5, 1.253529
33.69687, True, 5, 1.246311
33.70609, True, 5, 1.254367
33.71683, True, 5, 1.25724
33.72779, True, 5, 1.265301
33.73957, True, 5, 1.263424
33.75051, True, 5, 1.270294
33.76095, True, 5, 1.305885
33.77263, True, 5, 1.331139
33.78423, True, 5, 1.3638
33.79702, True, 5, 1.402034
33.80626, True, 5, 1.458808
33.81783, True, 5, 1.536415
33.82909, True, 5, 1.609641
33.84037, True, 5, 1.676751
33.85201, True, 5, 1.791309
33.86353, True, 5, 1.909955
33.88592, True, 5, 2.078523
34.13154, True, 5, 2.170858
34.14346, True, 5, 2.34279
34.15437, True, 5, 2.390565
34.1655, True, 5, 2.455834
34.17659, True, 5, 2.532998
34.18868, True, 5, 2.632245
34.19962, True, 5, 2.732639
34.21165, True, 5, 2.825803
34.22322, True, 5, 2.90757
34.23438, True, 5, 2.985855
34.24653, True, 5, 3.075284
34.25809, True, 5, 3.180943
34.26983, True, 5, 3.278245
34.28179, True, 5, 3.371281
34.29304, True, 5, 3.434979
34.30427, True, 5, 3.493951
34.31517, True, 5, 3.55776
34.32692, True, 5, 3.621291
34.33828, True, 5, 3.670868
34.3489, True, 5, 3.690393
34.58331, True, 5, 3.719232
35.21923, True, 5, 3.811355
35.2419, True, 5, 3.934677
35.25411, True, 5, 3.995238
35.26699, True, 5, 3.989163
35.27938, True, 5, 3.96334
35.29104, True, 5, 3.932693
35.30175, True, 5, 3.916447
35.31448, True, 5, 3.945914
35.32619, True, 5, 3.944165
35.33744, True, 5, 4.005429
35.34791, True, 5, 3.973453
35.35887, True, 5, 4.04498
35.3704, True, 5, 4.071079
35.38113, True, 5, 4.098974
35.39215, True, 5, 4.081781
35.4035, True, 5, 4.069901
35.41557, True, 5, 4.05582
35.42731, True, 5, 4.04111
35.43958, True, 5, 4.029377
35.45107, True, 5, 4.100352
35.47337, True, 5, 4.209626
35.48301, True, 5, 4.314242
35.49353, True, 5, 4.3472
35.5055, True, 5, 4.374417
35.51754, True, 5, 4.442775
35.52811, True, 5, 4.523934
35.53954, True, 5, 4.605906
35.55064, True, 5, 4.719103
35.5609, True, 5, 4.831843
35.57135, True, 5, 4.967626
35.58244, True, 5, 5.058759
35.59361, True, 5, 5.105428
35.60487, True, 5, 5.205007
35.61683, True, 5, 5.38092
35.62746, True, 5, 5.606921
36.24373, True, 5, 5.711582
36.27977, True, 5, 5.75807
36.2924, True, 5, 5.777587
36.30443, True, 5, 5.762804
36.31407, True, 5, 5.770277
36.32526, True, 5, 5.807555
36.33569, True, 5, 5.846538
36.34647, True, 5, 5.923625
36.35771, True, 5, 5.978848
36.36893, True, 5, 6.052399
36.38062, True, 5, 6.116701
36.39248, True, 5, 6.184351
36.40429, True, 5, 6.379737
36.46018, True, 5, 6.272889
36.50433, True, 5, 6.15894
36.51644, True, 5, 5.990852
36.52824, True, 5, 5.810943
36.5398, True, 5, 5.793345
36.55053, True, 5, 5.751692
36.56241, True, 5, 5.670087
36.57383, True, 5, 5.566682
36.58589, True, 5, 5.466306
36.5988, True, 5, 5.337262
36.60979, True, 5, 5.204009
36.62043, True, 5, 5.045304
36.63204, True, 5, 4.860344
36.64301, True, 5, 4.68618
36.65433, True, 5, 4.50781
36.66531, True, 5, 4.295923
36.67554, True, 5, 4.076813
36.68719, True, 5, 3.990736
36.69628, True, 5, 3.925072
36.7073, True, 5, 3.830265
36.71968, True, 5, 3.750005
36.73075, True, 5, 3.651768
36.74171, True, 5, 3.5395
36.75127, True, 5, 3.445995
36.76368, True, 5, 3.340687
36.77448, True, 5, 3.243533
36.78561, True, 5, 3.140247
37.40777, True, 5, 3.131748
37.41895, True, 5, 3.222679
37.43, True, 5, 3.047763
37.45238, True, 5, 3.188755
37.46365, True, 5, 3.188901
37.47556, True, 5, 3.188811
37.48684, True, 5, 3.212887
37.4988, True, 5, 3.159258
37.50971, True, 5, 3.187391
37.52022, True, 5, 3.211505
37.53194, True, 5, 3.222993
37.54269, True, 5, 3.263671
37.55457, True, 5, 3.305713
37.56586, True, 5, 3.352557
37.57646, True, 5, 3.434888
38.58761, False, 0, 4.099206
38.60844, False, 0, 4.221654
38.61945, False, 0, 4.320302
38.6319, False, 0, 4.288102
38.64345, False, 0, 4.240447
38.65612, False, 0, 4.097913
38.66643, False, 0, 3.868847
38.67794, False, 0, 3.82428
38.69838, False, 0, 4.001245
38.70961, False, 0, 3.998599
38.72058, False, 0, 3.965741
38.73381, False, 0, 3.931243
38.74419, False, 0, 3.889418
38.75586, False, 0, 3.809801
38.76622, False, 0, 3.897816
38.77861, False, 0, 4.097232
38.79057, False, 0, 4.239899
38.80135, False, 0, 4.170019
38.81106, False, 0, 4.102687
38.82116, False, 0, 4.003911
38.83241, False, 0, 3.907639
38.87362, False, 0, 3.839544
38.8987, False, 0, 3.74586
38.91006, False, 0, 3.656801
38.99418, False, 0, 3.623621
39.00522, False, 0, 3.597584
39.01693, False, 0, 3.556907
39.02747, False, 0, 3.4
39.03848, False, 0, 3.23434
39.04972, False, 0, 3.284228
39.06111, False, 0, 3.342369
39.07436, False, 0, 3.211931
39.30363, False, 0, 3.012592
39.3149, False, 0, 2.943684
39.49563, False, 0, 2.900261
39.50665, False, 0, 2.85796
39.51862, False, 0, 2.810518
39.53095, False, 0, 2.726575
39.54106, False, 0, 2.408618
39.55333, False, 0, 2.324879
39.56464, False, 0, 2.270778
39.57474, False, 0, 2.217511
39.6199, False, 0, 2.36435
39.96125, False, 0, 2.396096
39.97216, False, 0, 2.291531
39.98387, False, 0, 2.153539
39.99519, False, 0, 1.989536
40.00756, False, 0, 2.027154
40.01776, False, 0, 2.050411
40.0294, False, 0, 2.077648
40.04185, False, 0, 2.117744
40.05132, False, 0, 2.118799
40.0629, False, 0, 2.139734
40.07478, False, 0, 2.149084
40.08707, False, 0, 2.104919
40.0991, False, 0, 2.075308
40.10905, False, 0, 2.055215
40.12168, False, 0, 2.039321
40.13285, False, 0, 2.028744
40.14438, False, 0, 2.008169
40.58336, False, 0, 2.157542
41.21796, False, 1, 2.192848
41.2291, False, 1, 2.428413
41.24076, False, 1, 2.558255
41.25151, False, 1, 2.691957
41.26392, False, 1, 2.828589
41.2745, False, 1, 2.925278
41.28481, False, 1, 2.979834
41.29646, False, 1, 3.03992
41.30721, False, 1, 3.094624
41.31906, False, 1, 3.151613
41.33059, False, 1, 3.206056
41.34185, False, 1, 3.053311
41.35327, False, 1, 3.016646
41.36424, False, 1, 2.962935
41.37405, False, 1, 2.842147
41.38492, False, 1, 2.781879
41.39689, False, 1, 2.736251
41.40879, False, 1, 2.70342
41.42039, False, 1, 2.666481
41.43204, False, 1, 2.612409
41.44225, False, 1, 2.548676
41.45419, False, 1, 2.497098
41.46401, False, 1, 2.447429
41.47397, False, 1, 2.399894
41.48431, False, 1, 2.348202
41.49532, False, 1, 2.331474
41.50584, False, 1, 2.286977
41.51701, False, 1, 2.23746
41.528, False, 1, 2.196943
41.54055, False, 1, 1.990631
41.55308, False, 1, 1.897546
41.56437, False, 1, 1.697967
41.57399, False, 1, 1.604138
41.58358, False, 1, 1.506041
41.5957, False, 1, 1.404646
41.60683, False, 1, 1.343411
41.62129, False, 1, 1.32416
41.63225, False, 1, 1.298993
41.64447, False, 1, 1.27901
41.65654, False, 1, 1.256111
41.66815, False, 1, 1.234715
41.67971, False, 1, 1.219178
41.69065, False, 1, 1.202221
41.70228, False, 1, 1.185441
41.7144, False, 1, 1.170332
41.72591, False, 1, 1.155596
41.73735, False, 1, 1.138212
41.74943, False, 1, 1.12154
41.76086, False, 1, 1.105117
41.77093, False, 1, 1.091383
41.78264, False, 1, 1.081711
41.79378, False, 1, 1.071634
41.80582, False, 1, 1.064158
41.81623, False, 1, 1.057
41.8273, False, 1, 1.051064
41.83878, False, 1, 1.01668
41.84935, False, 1, 1.013385
41.85913, False, 1, 1.011334
41.87162, False, 1, 1.009465
41.88278, False, 1, 1.007726
41.89428, False, 1, 1.007052
41.90405, False, 1, 1.007889
41.91502, False, 1, 1.009869
41.92525, False, 1, 1.012482
41.93788, False, 1, 1.015924
41.94944, False, 1, 1.025189
41.96179, False, 1, 1.045032
41.97606, False, 1, 1.066587
41.9875, False, 1, 1.093719
42.00037, False, 1, 1.147794
42.01126, False, 1, 1.199034
42.02411, False, 1, 1.268742
42.03543, False, 1, 1.329422
42.04751, False, 1, 1.392776
42.06234, False, 1, 1.490686
42.07414, False, 1, 1.599862
42.08479, False, 1, 1.707078
42.09752, False, 1, 1.812542
42.10859, False, 1, 1.920048
42.12022, False, 1, 2.029422
42.13216, False, 1, 2.149852
42.14454, False, 1, 2.323514
42.15609, False, 1, 2.493102
42.16741, False, 1, 2.6601
42.17797, False, 1, 2.957439
42.44992, False, 1, 3.000412
42.46252, False, 1, 3.060121
42.47355, False, 1, 3.161204
42.48538, False, 1, 3.262612
42.49773, False, 1, 3.339098
42.50861, False, 1, 3.397171
42.52059, False, 1, 3.457105
42.53224, False, 1, 3.519709
42.54264, False, 1, 3.578457
42.55497, False, 1, 3.632746
42.5657, False, 1, 3.675302
42.57488, False, 1, 3.705181
42.58932, False, 1, 3.732604
42.59958, False, 1, 3.750346
42.60931, False, 1, 3.735873
42.62138, False, 1, 3.736168
42.63357, False, 1, 3.721803
42.64585, False, 1, 3.717677
42.6559, False, 1, 3.70968
42.66659, False, 1, 3.673261
42.67694, False, 1, 3.61867
42.68686, False, 1, 3.566533
42.69859, False, 1, 3.515783
42.70814, False, 1, 3.467426
42.72262, False, 1, 3.41319
42.79497, False, 1, 3.348931
42.80512, False, 1, 3.224312
42.82756, False, 1, 3.097615
42.84748, False, 1, 2.972915
42.85844, False, 1, 2.721473
42.87055, False, 1, 2.724797
42.88226, False, 1, 2.712374
42.8932, False, 1, 2.65736
42.9149, False, 1, 2.59957
42.9372, False, 1, 2.570534
43.23736, False, 1, 2.638875
43.8282, False, 1, 2.867421
43.84009, False, 1, 2.868595
43.87255, False, 1, 2.887914
43.8848, False, 1, 2.900106
43.8951, False, 1, 2.909611
43.90702, False, 1, 2.932927
43.91854, False, 1, 2.957286
43.93023, False, 1, 3.005501
43.94142, False, 1, 3.049539
43.95268, False, 1, 3.080989
43.96388, False, 1, 3.102115
43.97626, False, 1, 3.136088
43.9867, False, 1, 3.181791
43.99688, False, 1, 3.230601
44.00795, False, 1, 3.29703
44.01929, False, 1, 3.363303
44.0299, False, 1, 3.438902
44.04031, False, 1, 3.501013
44.05029, False, 1, 3.551519
44.06022, False, 1, 3.602226
44.07039, False, 1, 3.653831
44.08185, False, 1, 3.757764
44.09306, False, 1, 3.902493
44.1049, False, 1, 4.079623
44.11503, False, 1, 4.249282
44.12629, False, 1, 4.417351
44.90621, False, 1, 4.566043
44.93777, False, 1, 4.764296
44.94901, False, 1, 4.85954
44.96, False, 1, 4.90917
44.9718, False, 1, 4.886548
44.99524, False, 1, 5.070478
45.00629, False, 1, 5.212497
45.01788, False, 1, 5.29983
45.02925, False, 1, 5.403358
45.04028, False, 1, 5.492743
45.05309, False, 1, 5.590657
45.06291, False, 1, 5.678848
45.07337, False, 1, 5.842578
45.08449, False, 1, 5.996949
45.09586, False, 1, 6.142053
45.10619, False, 1, 6.229551
45.11691, False, 1, 6.271458
45.12701, False, 1, 6.300858
45.14034, False, 1, 6.324511
45.15179, False, 1, 6.373189
45.16237, False, 1, 6.434679
45.17294, False, 1, 6.508393
45.185, False, 1, 6.600474
45.19707, False, 1, 6.681711
45.20735, False, 1, 6.766395
45.21726, False, 1, 6.804672
45.22776, False, 1, 6.799082
45.23941, False, 1, 6.77246
45.25165, False, 1, 6.744905
45.26525, False, 1, 6.693084
45.27719, False, 1, 6.676541
45.28968, False, 1, 6.630984
45.30056, False, 1, 6.684945
45.31156, False, 1, 6.719753
45.32234, False, 1, 6.673903
45.33727, False, 1, 6.624765
45.34834, False, 1, 6.662767
45.36091, False, 1, 6.748755
45.37321, False, 1, 6.8386
45.38346, False, 1, 6.96701
45.39426, False, 1, 7.089372
45.40498, False, 1, 7.193018
45.41601, False, 1, 7.234832
45.42611, False, 1, 7.185444
45.43868, False, 1, 7.191216
45.9028, False, 2, 7.246413
45.92068, False, 2, 7.212885
45.93591, False, 2, 7.135187
45.94823, False, 2, 7.094351
45.95843, False, 2, 7.026191
45.9693, False, 2, 6.926054
45.98131, False, 2, 6.825158
45.99294, False, 2, 6.718748
46.00357, False, 2, 6.629666
46.01435, False, 2, 6.533513
46.02344, False, 2, 6.424942
46.03441, False, 2, 6.318457
46.04568, False, 2, 6.215585
46.05781, False, 2, 6.134318
46.07123, False, 2, 6.087416
46.08198, False, 2, 6.043555
46.09498, False, 2, 5.948274
46.10704, False, 2, 5.879396
46.11847, False, 2, 5.724027
46.12926, False, 2, 5.600266
46.13907, False, 2, 5.493284
46.14912, False, 2, 5.380383
46.17747, False, 2, 5.387013
46.27759, False, 2, 5.318121
46.28873, False, 2, 5.088006
46.29967, False, 2, 4.860091
46.31234, False, 2, 4.729202
46.32374, False, 2, 4.596265
46.33652, False, 2, 4.547224
46.34702, False, 2, 4.504451
46.43298, False, 2, 4.390893
46.4441, False, 2, 4.355369
46.45531, False, 2, 4.336275
46.46619, False, 2, 4.256967
46.4773, False, 2, 4.172237
46.48855, False, 2, 4.095202
46.50029, False, 2, 4.004956
46.51155, False, 2, 3.911988
46.52294, False, 2, 3.819378
46.53525, False, 2, 3.731939
46.5467, False, 2, 3.657224
46.55687, False, 2, 3.58167
46.56832, False, 2, 3.493056
46.58089, False, 2, 3.38596
46.59381, False, 2, 3.266333
46.60468, False, 2, 3.127991
46.61629, False, 2, 3.020756
46.62737, False, 2, 2.882893
46.639, False, 2, 2.81612
46.65092, False, 2, 2.708529
46.66249, False, 2, 2.60502
46.67381, False, 2, 2.447843
46.68571, False, 2, 2.1889
46.69698, False, 2, 1.993448
46.70755, False, 2, 1.923151
46.7194, False, 2, 1.848228
46.73314, False, 2, 1.685199
46.74485, False, 2, 1.520793
46.7572, False, 2, 1.375548
46.77064, False, 2, 1.184439
46.78107, False, 2, 1.059523
46.79221, False, 2, 0.9784001
46.80398, False, 2, 0.9285204
46.81381, False, 2, 0.8971211
46.82417, False, 2, 0.873861
46.83728, False, 2, 0.8524519
46.84853, False, 2, 0.8420038
46.86095, False, 2, 0.8373191
46.87329, False, 2, 0.8259695
46.88562, False, 2, 0.8196144
46.89735, False, 2, 0.8124862
46.90903, False, 2, 0.8078495
46.92072, False, 2, 0.7975417
46.9318, False, 2, 0.7934238
46.94439, False, 2, 0.7909716
46.95549, False, 2, 0.78909
46.96621, False, 2, 0.7899457
46.97849, False, 2, 0.7950811
46.98968, False, 2, 0.8016735
47.00139, False, 2, 0.8078429
47.01359, False, 2, 0.8146704
47.02416, False, 2, 0.8216332
47.03448, False, 2, 0.8291476
47.04609, False, 2, 0.837567
47.05616, False, 2, 0.8471318
47.06746, False, 2, 0.8577603
47.07869, False, 2, 0.86933
47.08941, False, 2, 0.881362
47.10161, False, 2, 0.8943425
47.11356, False, 2, 0.9064243
47.12431, False, 2, 0.9346052
47.13689, False, 2, 0.9642379
47.14687, False, 2, 0.9861428
47.15706, False, 2, 1.026523
47.16865, False, 2, 1.085148
47.18008, False, 2, 1.124242
47.1909, False, 2, 1.173099
47.20152, False, 2, 1.218485
47.21151, False, 2, 1.264377
47.22208, False, 2, 1.310691
47.23483, False, 2, 1.354154
47.24567, False, 2, 1.39994
47.25911, False, 2, 1.470047
47.28099, False, 2, 1.596603
47.30163, False, 2, 1.750669
47.31085, False, 2, 1.816054
47.32237, False, 2, 1.882414
47.33275, False, 2, 1.958919
47.34482, False, 2, 2.038428
47.36584, False, 2, 2.280669
47.37696, False, 2, 2.573982
47.38803, False, 2, 2.855964
47.3996, False, 2, 3.133522
47.42252, False, 2, 3.427781
47.75716, False, 2, 3.688596
47.76795, False, 2, 3.955472
48.30494, False, 2, 3.971396
48.33699, False, 2, 4.006647
48.34904, False, 2, 4.133171
48.38133, False, 2, 4.425559
48.39256, False, 2, 4.674976
48.40422, False, 2, 4.908709
48.58114, False, 2, 4.931768
48.59243, False, 2, 4.94918
48.60351, False, 2, 4.971506
48.61501, False, 2, 5.007308
48.62555, False, 2, 5.03597
48.63666, False, 2, 5.065747
48.64824, False, 2, 5.068023
48.65913, False, 2, 5.08271
48.67156, False, 2, 5.115829
48.6821, False, 2, 5.142194
48.69294, False, 2, 5.146274
48.70568, False, 2, 5.092821
48.71742, False, 2, 5.015687
48.7289, False, 2, 5.023926
48.74, False, 2, 5.024571
48.75186, False, 2, 5.016002
49.31431, False, 2, 5.079505
49.33738, False, 2, 5.073555
49.348, False, 2, 5.032036
49.35875, False, 2, 4.957453
49.37038, False, 2, 4.864577
49.38118, False, 2, 4.730456
49.39334, False, 2, 4.589625
49.40379, False, 2, 4.428675
49.41518, False, 2, 4.515486
49.42561, False, 2, 4.591403
49.43716, False, 2, 4.582224
49.44773, False, 2, 4.395841
49.45898, False, 2, 4.241729
49.47007, False, 2, 4.09419
49.48112, False, 2, 4.165115
49.49648, False, 2, 4.221357
49.50761, False, 2, 4.267148
49.51997, False, 2, 4.347227
49.53031, False, 2, 4.429266
49.5411, False, 2, 4.509092
49.55366, False, 2, 4.628017
49.56461, False, 2, 4.722682
49.576, False, 2, 4.829361
49.58713, False, 2, 4.995195
49.59727, False, 2, 5.181111
49.60942, False, 2, 5.334582
49.62151, False, 2, 5.459876
49.63271, False, 2, 5.606729
49.6442, False, 2, 5.77513
49.6545, False, 2, 5.943213
49.66576, False, 2, 6.018812
49.6766, False, 2, 5.922259
49.68856, False, 2, 5.792033
49.70189, False, 2, 5.713925
49.71405, False, 2, 5.627937
49.7245, False, 2, 5.572745
49.73672, False, 2, 5.553379
49.74767, False, 2, 5.552718
49.75812, False, 2, 5.552355
49.76898, False, 2, 5.541773
49.78065, False, 2, 5.538057
49.7924, False, 2, 5.557969
49.80431, False, 2, 5.547849
49.81532, False, 2, 5.546565
49.82703, False, 2, 5.553046
49.83915, False, 2, 5.594155
49.85103, False, 2, 5.62342
49.86198, False, 2, 5.621642
49.87249, False, 2, 5.606507
49.88191, False, 2, 5.587152
49.89187, False, 2, 5.566161
49.90408, False, 2, 5.55997
49.9169, False, 2, 5.538064
49.92762, False, 2, 5.461925
49.93824, False, 2, 5.3576
49.95031, False, 2, 5.268557
49.96106, False, 2, 5.210551
49.97157, False, 2, 5.148715
49.98272, False, 2, 5.062095
49.99424, False, 2, 4.976253
50.00559, False, 2, 4.938519
50.01711, False, 2, 4.961969
50.0272, False, 2, 4.988662
50.0393, False, 2, 5.012682
50.05166, False, 2, 5.157507
50.50907, False, 2, 5.168731
50.52045, False, 2, 5.274147
50.7362, False, 3, 5.371494
50.79177, False, 3, 5.512188
50.81364, False, 3, 5.692705
50.82552, False, 3, 5.825302
50.88052, False, 3, 5.767757
50.89254, False, 3, 5.935989
50.90321, False, 3, 5.955852
50.9252, False, 3, 5.943851
50.93714, False, 3, 5.961679
50.94714, False, 3, 5.948595
50.95811, False, 3, 5.955112
50.96923, False, 3, 5.967079
50.98084, False, 3, 5.982074
50.99419, False, 3, 6.027586
51.03896, False, 3, 6.182902
51.34411, False, 3, 6.327968
51.35524, False, 3, 6.260414
51.3663, False, 3, 6.167921
51.37757, False, 3, 6.090689
51.38861, False, 3, 5.985237
51.40031, False, 3, 5.862166
51.41105, False, 3, 5.743829
51.42243, False, 3, 5.6332
51.43385, False, 3, 5.488208
51.44647, False, 3, 5.352832
51.45897, False, 3, 5.236379
51.47064, False, 3, 5.100599
51.4813, False, 3, 4.869567
51.49416, False, 3, 4.764097
51.50452, False, 3, 4.566865
51.51411, False, 3, 4.37229
51.52414, False, 3, 4.133955
51.53562, False, 3, 3.859501
51.54644, False, 3, 3.612376
51.55909, False, 3, 3.541142
51.57026, False, 3, 3.268177
51.58007, False, 3, 3.143709
51.59098, False, 3, 3.041653
51.6009, False, 3, 2.873613
51.61187, False, 3, 2.735317
51.62226, False, 3, 2.57832
51.63412, False, 3, 2.423633
51.64418, False, 3, 2.273845
51.65586, False, 3, 2.082601
51.66765, False, 3, 1.778823
51.67807, False, 3, 1.473099
51.68872, False, 3, 1.377608
51.70014, False, 3, 1.315086
51.71082, False, 3, 1.253923
51.72216, False, 3, 1.21341
51.73442, False, 3, 1.176121
51.74442, False, 3, 1.141905
51.75517, False, 3, 1.098175
51.76672, False, 3, 1.056673
51.77847, False, 3, 1.022835
51.78953, False, 3, 0.9836528
51.80133, False, 3, 0.9583648
51.81293, False, 3, 0.9376259
51.82416, False, 3, 0.9181799
51.83705, False, 3, 0.9001984
51.84709, False, 3, 0.8816943
51.85845, False, 3, 0.8660699
51.8696, False, 3, 0.8480903
51.88084, False, 3, 0.8351735
51.89256, False, 3, 0.8262697
51.90321, False, 3, 0.8192252
51.91413, False, 3, 0.8138552
51.92566, False, 3, 0.8098308
51.9371, False, 3, 0.809357
51.94791, False, 3, 0.8097677
51.96015, False, 3, 0.8118241
51.97204, False, 3, 0.8161345
51.98509, False, 3, 0.8204914
51.99633, False, 3, 0.8250939
52.00804, False, 3, 0.8291448
52.01851, False, 3, 0.8346068
52.02991, False, 3, 0.8407987
52.04043, False, 3, 0.8481783
52.05223, False, 3, 0.8694108
52.06206, False, 3, 0.8883492
52.07244, False, 3, 0.9311367
52.08419, False, 3, 0.9685196
52.09578, False, 3, 1.00525
52.10624, False, 3, 1.084012
52.11903, False, 3, 1.143532
52.13024, False, 3, 1.20779
52.14171, False, 3, 1.275055
52.15269, False, 3, 1.350707
52.16392, False, 3, 1.45647
52.1748, False, 3, 1.564218
52.18604, False, 3, 1.703161
52.19678, False, 3, 1.901087
52.20835, False, 3, 2.17173
52.4745, False, 3, 2.269408
52.50126, False, 3, 2.413539
52.5121, False, 3, 2.478041
52.52163, False, 3, 2.557565
52.53493, False, 3, 2.622707
52.54611, False, 3, 2.679456
52.55742, False, 3, 2.786541
52.5678, False, 3, 2.878148
52.57972, False, 3, 2.965628
52.59069, False, 3, 3.038896
52.60101, False, 3, 3.10631
52.61244, False, 3, 3.174148
52.62437, False, 3, 3.246985
52.63866, False, 3, 3.321266
52.64982, False, 3, 3.390065
52.66171, False, 3, 3.446767
52.67271, False, 3, 3.502332
52.68373, False, 3, 3.53032
52.69455, False, 3, 3.564209
52.70593, False, 3, 3.598246
52.71695, False, 3, 3.593237
52.72863, False, 3, 3.612346
52.73894, False, 3, 3.622361
52.75001, False, 3, 3.625022
52.7618, False, 3, 3.619168
52.78504, False, 3, 3.575235
52.79662, False, 3, 3.528576
52.81013, False, 3, 3.449696
52.82124, False, 3, 3.309132
52.83141, False, 3, 3.096803
52.84127, False, 3, 3.056426
52.85218, False, 3, 2.96749
52.86359, False, 3, 2.958688
52.87476, False, 3, 2.935806
52.88572, False, 3, 2.929944
52.89658, False, 3, 2.932401
52.9087, False, 3, 2.881797
52.91991, False, 3, 2.849696
52.93022, False, 3, 2.826031
52.9452, False, 3, 2.817069
53.30956, False, 3, 3.030617
53.56968, False, 3, 3.237966
53.58088, False, 3, 3.419421
53.91224, False, 3, 3.63634
54.24614, False, 3, 3.748622
54.56758, False, 3, 3.865012
54.70111, False, 3, 3.983163
54.72385, False, 3, 3.88486
54.81227, False, 3, 3.786807
54.83583, False, 3, 3.689529
54.8451, False, 3, 3.590139
54.85668, False, 3, 3.485886
54.8672, False, 3, 3.386091
54.87749, False, 3, 3.290727
54.8882, False, 3, 3.195501
54.8998, False, 3, 3.108188
54.91105, False, 3, 3.138747
54.92269, False, 3, 3.370971
54.93423, False, 3, 3.400505
54.94519, False, 3, 3.409184
54.95665, False, 3, 3.452243
54.96832, False, 3, 3.521221
54.97979, False, 3, 3.693921
54.99041, False, 3, 3.807361
55.00146, False, 3, 3.896232
55.01255, False, 3, 4.022226
55.02245, False, 3, 4.136002
55.03268, False, 3, 4.211382
55.04402, False, 3, 4.197497
55.06673, False, 3, 4.296632
55.07814, False, 3, 4.15164
55.08828, False, 3, 4.141393
55.21161, False, 3, 4.175086
55.22211, False, 3, 4.01545
55.23343, False, 3, 3.958508
55.24561, False, 3, 3.933338
55.25625, False, 3, 3.980772
55.26892, False, 3, 4.265544
55.27896, False, 3, 4.548787
55.29248, False, 3, 4.857356
55.30493, False, 3, 5.171838
55.31731, False, 3, 5.491723
55.35751, False, 3, 5.666823
55.67467, False, 4, 5.828349
55.68649, False, 4, 6.145553
55.71786, False, 4, 6.392014
55.72924, False, 4, 6.455635
55.74193, False, 4, 6.311874
55.75447, False, 4, 6.363086
55.76421, False, 4, 6.436154
55.77515, False, 4, 6.466471
55.78595, False, 4, 6.463353
55.79766, False, 4, 6.380791
55.80865, False, 4, 6.344352
55.82068, False, 4, 6.318042
55.83381, False, 4, 6.314642
55.84713, False, 4, 6.262169
55.85861, False, 4, 6.276716
55.87047, False, 4, 6.335017
55.88216, False, 4, 6.281529
55.89393, False, 4, 6.249627
55.90578, False, 4, 6.12263
55.91722, False, 4, 5.9649
55.92991, False, 4, 6.003252
55.94117, False, 4, 5.988307
55.96338, False, 4, 5.904725
56.0733, False, 4, 5.938463
56.15076, False, 4, 5.708704
56.1626, False, 4, 5.641865
56.1744, False, 4, 5.5224
56.18567, False, 4, 5.371346
56.19516, False, 4, 5.221406
56.20617, False, 4, 5.183433
56.21751, False, 4, 5.141572
56.22869, False, 4, 4.93858
56.24021, False, 4, 4.78946
56.25075, False, 4, 4.697321
56.26227, False, 4, 4.608763
56.27287, False, 4, 4.533122
56.28406, False, 4, 4.457907
56.29535, False, 4, 4.390499
56.30637, False, 4, 4.335584
56.31809, False, 4, 4.256255
56.3288, False, 4, 4.169634
56.40385, False, 4, 4.311797
56.70622, False, 4, 4.236145
56.7173, False, 4, 4.221786
56.72869, False, 4, 4.164281
56.73943, False, 4, 4.169037
56.75049, False, 4, 4.182655
56.7616, False, 4, 4.194935
56.7727, False, 4, 4.177346
56.78434, False, 4, 4.16814
56.79507, False, 4, 4.100469
56.80782, False, 4, 4.084576
56.81849, False, 4, 4.099459
56.82907, False, 4, 3.940523
56.84166, False, 4, 3.948376
56.85377, False, 4, 3.811138
56.86447, False, 4, 3.665958
56.87621, False, 4, 3.542861
56.88951, False, 4, 3.408628
56.90133, False, 4, 3.305652
56.91329, False, 4, 3.220383
56.92424, False, 4, 3.138171
56.93377, False, 4, 3.075765
56.94377, False, 4, 3.021603
56.954, False, 4, 2.969099
56.96447, False, 4, 2.912706
56.97691, False, 4, 2.853964
56.98919, False, 4, 2.798817
56.99945, False, 4, 2.738643
57.01062, False, 4, 2.676657
57.02123, False, 4, 2.634036
57.03384, False, 4, 2.374088
57.0455, False, 4, 2.270847
57.05573, False, 4, 2.169705
57.06594, False, 4, 2.080393
57.07669, False, 4, 1.967835
57.08743, False, 4, 1.847045
57.09938, False, 4, 1.732981
57.11173, False, 4, 1.614447
57.12086, False, 4, 1.498828
57.13111, False, 4, 1.403594
57.1413, False, 4, 1.320236
57.15318, False, 4, 1.24386
57.16438, False, 4, 1.144978
57.17635, False, 4, 1.125097
57.18706, False, 4, 1.088483
57.19934, False, 4, 1.086746
57.2092, False, 4, 1.087175
57.21993, False, 4, 1.092707
57.23219, False, 4, 1.10237
57.24187, False, 4, 1.114056
57.25279, False, 4, 1.129484
57.26374, False, 4, 1.141905
57.27486, False, 4, 1.153518
57.2861, False, 4, 1.168815
57.30012, False, 4, 1.189137
57.31023, False, 4, 1.207914
57.32182, False, 4, 1.224529
57.33429, False, 4, 1.242796
57.34566, False, 4, 1.259761
57.35634, False, 4, 1.276507
57.36718, False, 4, 1.292159
57.37893, False, 4, 1.308184
57.39022, False, 4, 1.325667
57.40051, False, 4, 1.342199
57.4119, False, 4, 1.358229
57.42246, False, 4, 1.37237
57.43118, False, 4, 1.408074
57.44184, False, 4, 1.427274
57.45389, False, 4, 1.52198
57.46572, False, 4, 1.575664
57.47582, False, 4, 1.663907
57.48678, False, 4, 1.712588
57.4987, False, 4, 1.819713
57.5099, False, 4, 1.943699
57.52045, False, 4, 2.049472
57.53208, False, 4, 2.134747
57.54372, False, 4, 2.205891
57.56442, False, 4, 2.261723
57.57598, False, 4, 2.422468
57.92035, False, 4, 2.682022
57.93163, False, 4, 2.940539
57.97606, False, 4, 3.062993
57.98719, False, 4, 3.265351
58.07594, False, 4, 3.478915
58.2873, False, 4, 3.516551
58.29777, False, 4, 3.643631
58.30916, False, 4, 3.702412
58.34116, False, 4, 3.787846
58.38523, False, 4, 3.883014
58.39537, False, 4, 3.948766
58.40631, False, 4, 4.014043
58.41834, False, 4, 4.071524
58.42962, False, 4, 4.143461
58.4398, False, 4, 4.212925
58.45245, False, 4, 4.2974
58.46402, False, 4, 4.361937
58.47468, False, 4, 4.401137
58.48418, False, 4, 4.448471
58.49505, False, 4, 4.433265
58.50623, False, 4, 4.474311
58.51752, False, 4, 4.482789
58.52855, False, 4, 4.556884
58.53967, False, 4, 4.568964
58.5507, False, 4, 4.544337
58.56163, False, 4, 4.536554
58.57274, False, 4, 4.557889
58.58402, False, 4, 4.598989
58.59495, False, 4, 4.636189
58.60793, False, 4, 4.571635
58.61802, False, 4, 4.435557
58.62865, False, 4, 4.341217
58.64063, False, 4, 4.420379
58.69659, False, 4, 4.402575
58.70787, False, 4, 4.376312
60.07665, False, 4, 4.574908
60.08786, False, 4, 4.720526
60.1538, False, 4, 4.685081
60.1658, False, 4, 4.683676
60.20956, False, 4, 4.828688
60.22111, False, 4, 5.036437
60.23124, False, 4, 5.224978
60.24183, False, 4, 5.394452
60.25386, False, 4, 5.505976
60.26515, False, 4, 5.598093
60.27909, False, 4, 5.68855
60.29083, False, 4, 5.792451
60.30196, False, 4, 5.914858
60.31207, False, 4, 5.947213
60.32393, False, 4, 5.963534
60.3344, False, 4, 5.960356
60.34593, False, 4, 5.942368
60.35694, False, 4, 5.89947
60.36698, False, 4, 5.86485
60.37794, False, 4, 5.856844
60.38832, False, 4, 5.856856
60.39816, False, 4, 5.868867
60.40887, False, 4, 5.871091
60.42108, False, 4, 5.855242
60.4339, False, 4, 5.865916
60.76057, False, 5, 5.759349
60.77171, False, 5, 5.670013
60.80432, False, 5, 5.512333
60.81582, False, 5, 5.374516
60.82628, False, 5, 5.228719
60.83784, False, 5, 5.025238
60.84911, False, 5, 4.785132
60.86038, False, 5, 4.800053
60.87455, False, 5, 4.753263
60.88503, False, 5, 4.550867
60.89563, False, 5, 4.314542
60.90742, False, 5, 4.082344
60.92, False, 5, 3.875892
60.93026, False, 5, 3.710637
60.94077, False, 5, 3.565576
60.95159, False, 5, 3.411719
60.96275, False, 5, 3.263964
61.07518, False, 5, 3.303402
61.30846, False, 5, 3.440101
61.33076, False, 5, 3.462576
61.34166, False, 5, 3.596561
61.35274, False, 5, 3.771749
61.36389, False, 5, 3.758709
61.37539, False, 5, 3.758676
61.38745, False, 5, 3.718324
61.39722, False, 5, 3.665576
61.40897, False, 5, 3.576354
61.41946, False, 5, 3.502175
61.43135, False, 5, 3.45931
61.44384, False, 5, 3.382876
61.45413, False, 5, 3.364578
61.46578, False, 5, 3.288897
61.47586, False, 5, 3.245997
61.48606, False, 5, 3.197909
61.49726, False, 5, 3.148015
61.5098, False, 5, 3.101633
61.51976, False, 5, 3.055534
61.53176, False, 5, 3.004025
61.54443, False, 5, 2.953074
61.55614, False, 5, 2.904058
61.56717, False, 5, 2.855689
61.57795, False, 5, 2.823152
61.58865, False, 5, 2.791669
61.59984, False, 5, 2.75993
61.61386, False, 5, 2.731099
61.62593, False, 5, 2.700722
61.63686, False, 5, 2.671991
61.64689, False, 5, 2.44228
61.65886, False, 5, 2.211931
61.66912, False, 5, 2.096391
61.67876, False, 5, 1.871124
61.69036, False, 5, 1.614004
61.69986, False, 5, 1.53856
61.71106, False, 5, 1.456064
61.72196, False, 5, 1.419581
61.73302, False, 5, 1.409719
61.74417, False, 5, 1.407306
61.75419, False, 5, 1.387676
61.76636, False, 5, 1.371391
61.77654, False, 5, 1.354351
61.78704, False, 5, 1.362881
61.79974, False, 5, 1.368696
61.81053, False, 5, 1.370951
61.82117, False, 5, 1.376226
61.83241, False, 5, 1.385933
61.84102, False, 5, 1.397011
61.85183, False, 5, 1.408707
61.86264, False, 5, 1.42309
61.87389, False, 5, 1.42775
61.88656, False, 5, 1.444755
61.89875, False, 5, 1.455294
61.91066, False, 5, 1.466969
61.92109, False, 5, 1.4779
61.93285, False, 5, 1.488425
61.94402, False, 5, 1.498968
61.95406, False, 5, 1.506903
61.96669, False, 5, 1.5135
61.97711, False, 5, 1.520777
61.98766, False, 5, 1.529418
61.99822, False, 5, 1.536222
62.00942, False, 5, 1.54273
62.02002, False, 5, 1.545987
62.03551, False, 5, 1.54801
62.04578, False, 5, 1.552172
62.0573, False, 5, 1.545668
62.06933, False, 5, 1.508458
62.08136, False, 5, 1.53968
62.09253, False, 5, 1.572291
62.1042, False, 5, 1.607163
62.11483, False, 5, 1.700138
62.1265, False, 5, 1.749622
62.13689, False, 5, 1.836431
62.14832, False, 5, 1.923855
62.16087, False, 5, 2.011546
62.20501, False, 5, 2.173012
62.21723, False, 5, 2.311709
62.22867, False, 5, 2.419961
62.23908, False, 5, 2.541465
62.27016, False, 5, 2.737031
62.29245, False, 5, 2.954149
62.5598, False, 5, 2.998278
62.57365, False, 5, 3.128276
62.58576, False, 5, 3.148271
62.59589, False, 5, 3.195092
62.60762, False, 5, 3.263362
62.61884, False, 5, 3.318911
62.62838, False, 5, 3.394564
62.63997, False, 5, 3.460232
62.65141, False, 5, 3.518065
62.66291, False, 5, 3.572939
62.67472, False, 5, 3.626496
62.68636, False, 5, 3.675676
62.69636, False, 5, 3.717358
62.70744, False, 5, 3.724063
63.06222, False, 5, 3.973221
63.76266, False, 5, 4.1356
63.7739, False, 5, 4.267181
63.79033, False, 5, 4.389688
63.80098, False, 5, 4.617072
63.81178, False, 5, 4.711329
63.82256, False, 5, 4.869905
63.83451, False, 5, 4.988349
63.84579, False, 5, 5.14894
63.85744, False, 5, 5.328156
63.86809, False, 5, 5.4371
63.88887, False, 5, 5.581172
64.0028, False, 5, 5.739755
64.12519, False, 5, 5.805249
64.78516, False, 5, 5.608951
64.79724, False, 5, 5.380292
64.80926, False, 5, 5.328486
64.81937, False, 5, 5.200599
64.83181, False, 5, 5.185001
64.84302, False, 5, 5.141799
64.855, False, 5, 5.075254
64.86651, False, 5, 5.021416
64.87728, False, 5, 4.949416
64.88952, False, 5, 4.887149
64.90012, False, 5, 4.834826
64.91191, False, 5, 4.78505
64.92355, False, 5, 4.739552
64.93787, False, 5, 4.701798
64.94913, False, 5, 4.672392
65.05902, False, 5, 4.672842
65.47181, False, 5, 4.699094
