13.85743, 0, 2.702077E-07
13.87045, 0, 2.702077E-07
13.88347, 0, 2.702077E-07
13.89651, 0, 2.702077E-07
13.91018, 0, 2.702077E-07
13.92466, 0, 2.702077E-07
13.94065, 0, 2.702077E-07
13.95355, 0, 2.702077E-07
13.96692, 0, 2.702077E-07
13.98049, 0, 2.702077E-07
13.99275, 0, 2.702077E-07
14.00468, 0, 2.702077E-07
14.01887, 0, 2.702077E-07
14.0304, 0, 2.702077E-07
14.04388, 0, 2.702077E-07
14.05681, 0, 2.702077E-07
14.06851, 0, 2.702077E-07
14.07991, 0, 2.702077E-07
14.09398, 0, 2.702077E-07
14.10795, 0, 2.702077E-07
14.1216, 0, 2.702077E-07
14.13551, 0, 2.702077E-07
14.14732, 0, 2.702077E-07
14.16183, 0, 2.702077E-07
14.17636, 0, 2.702077E-07
14.18998, 0, 2.702077E-07
14.20257, 0, 2.702077E-07
14.21668, 0, 2.702077E-07
14.22837, 0, 2.702077E-07
14.24153, 0, 2.702077E-07
14.25536, 0, 2.702077E-07
14.26766, 0, 2.702077E-07
14.27996, 0, 2.702077E-07
14.29433, 0, 2.702077E-07
14.30691, 0, 2.702077E-07
14.32182, 0, 2.702077E-07
14.33463, 0, 2.702077E-07
14.34694, 0, 2.702077E-07
14.35811, 0, 2.702077E-07
14.37087, 0, 2.702077E-07
14.38529, 0, 2.702077E-07
14.39903, 0, 2.702077E-07
14.41088, 0, 2.702077E-07
14.42231, 0, 2.702077E-07
14.43438, 0, 2.702077E-07
14.44559, 0, 2.702077E-07
14.45769, 0, 2.702077E-07
14.47117, 0, 2.702077E-07
14.48483, 0, 2.702077E-07
14.49809, 0, 2.702077E-07
14.51213, 0, 2.702077E-07
14.52668, 0, 2.702077E-07
14.5391, 0, 2.702077E-07
14.55231, 0, 2.702077E-07
14.56291, 0, 2.702077E-07
14.57625, 0, 2.702077E-07
14.58803, 0, 2.702077E-07
14.60129, 0, 2.702077E-07
14.61295, 0, 2.702077E-07
14.62562, 0, 2.702077E-07
14.63736, 0, 2.702077E-07
14.65068, 0, 2.702077E-07
14.66653, 0, 2.702077E-07
14.67881, 0, 2.702077E-07
14.69239, 0, 2.702077E-07
14.70463, 0, 2.702077E-07
14.71602, 0, 2.702077E-07
14.72885, 0, 2.702077E-07
14.74138, 0, 2.702077E-07
14.75402, 0, 2.702077E-07
14.76509, 0, 2.702077E-07
14.77757, 0, 2.702077E-07
14.79099, 0, 2.702077E-07
14.80426, 0, 2.702077E-07
14.8194, 0, 2.702077E-07
14.83276, 0, 2.702077E-07
14.8454, 0, 2.702077E-07
14.8575, 0, 2.702077E-07
14.87045, 0, 2.702077E-07
14.88276, 0, 2.702077E-07
14.89314, 0, 2.702077E-07
14.90569, 0, 2.702077E-07
14.92015, 0, 2.702077E-07
14.93369, 0, 2.702077E-07
14.94662, 0, 2.702077E-07
14.95977, 0, 2.702077E-07
14.97162, 0, 2.702077E-07
14.98593, 0, 2.702077E-07
14.99798, 0, 2.702077E-07
15.00936, 0, 2.702077E-07
15.01967, 0, 2.702077E-07
15.0325, 0.4718863, 0.01572981
15.04717, 0.7003171, 0.03907372
15.07202, 0.4984658, 0.05568925
15.08515, 0.8663784, 0.08456853
15.09647, 1.01838, 0.1185145
15.10937, 0.6135535, 0.1389663
15.12253, 0.720081, 0.162969
15.13453, 0.9036477, 0.1930906
15.1466, 0.9102379, 0.2234319
15.15914, 0.9368556, 0.2546604
15.17078, 4.436962, 0.4025592
15.18495, 0.7224811, 0.4266419
15.19883, 0.8259341, 0.454173
15.2127, 1.054298, 0.4893163
15.22575, 0.9604653, 0.5213318
15.23769, 1.016432, 0.5552129
15.25025, 1.173967, 0.5943451
15.26334, 1.216515, 0.6348956
15.27632, 1.480219, 0.6842362
15.2898, 1.649929, 0.7392339
15.30316, 1.421037, 0.7866018
15.31494, 1.503117, 0.8367056
15.32771, 2.195353, 0.9098841
15.34006, 2.234552, 0.9843692
15.35235, 3.072079, 1.086772
15.36556, 3.128543, 1.191057
15.3777, 3.477578, 1.306976
15.38919, 3.436976, 1.421542
15.40176, 3.222171, 1.528947
15.41373, 4.749299, 1.687257
15.42745, 5.863757, 1.866987
15.43901, 6.354354, 2.055454
15.45074, 6.553154, 2.257277
15.46307, 6.816296, 2.455608
15.47553, 5.737444, 2.61291
15.48724, 6.330855, 2.803487
15.49975, 6.961342, 3.011529
15.5119, 4.98117, 3.147446
15.52243, 5.090469, 3.286788
15.53673, 4.629354, 3.409871
15.55131, 3.704509, 3.385455
15.56486, 4.323019, 3.505473
15.57884, 8.344725, 3.7561
15.5939, 6.642024, 3.942357
15.60696, 5.026761, 4.0779
15.62111, 8.340903, 4.32205
15.63484, 6.46183, 4.498312
15.64761, 4.836175, 4.618967
15.66145, 5.044326, 4.73777
15.67669, 5.154208, 4.854579
15.68801, 5.243068, 4.98198
15.70133, 5.216706, 5.105767
15.7132, 3.409039, 5.146223
15.72594, 2.769983, 5.164071
15.73992, 3.384145, 5.174472
15.7539, 3.926493, 5.201071
15.76785, 2.897402, 5.181732
15.78177, 2.626889, 5.154729
15.7952, 3.193958, 5.153788
15.80788, 3.948283, 5.127088
15.82097, 4.687792, 5.087889
15.83487, 2.565469, 4.961593
15.84562, 4.292009, 4.886221
15.85866, 4.179652, 4.798333
15.87141, 6.68952, 4.830069
15.88407, 5.441105, 4.80041
15.89725, 4.848165, 4.729971
15.90981, 5.680665, 4.753287
15.92215, 4.780318, 4.742949
15.93457, 4.658062, 4.743906
15.94696, 6.856135, 4.84896
15.95963, 4.343822, 4.849654
15.97166, 3.9178, 4.70209
15.98449, 3.391637, 4.593743
15.99697, 3.585888, 4.545714
16.00952, 3.581436, 4.387065
16.02339, 4.063843, 4.307133
16.03913, 4.718472, 4.303209
16.05152, 3.17013, 4.240736
16.0648, 8.827663, 4.363185
16.07786, 9.516972, 4.505648
16.80628, 8.438613, 4.613045
16.81825, 7.399678, 4.746066
16.8446, 7.067356, 4.889312
17.13246, 7.08935, 5.012819
17.14375, 5.791678, 5.074991
17.15606, 7.093561, 5.214864
17.16786, 7.730881, 5.384996
17.19268, 7.380396, 5.524545
17.20664, 6.374935, 5.605433
17.21991, 8.845908, 5.744037
17.23069, 8.48905, 5.941489
17.72147, 9.0312, 6.099463
17.73415, 8.914232, 6.257281
17.76921, 7.278878, 6.276927
17.78076, 9.951876, 6.427286
17.96989, 4.336958, 6.410246
17.98314, 2.547394, 6.305804
17.99637, 1.543399, 6.197906
18.00923, 1.589169, 6.09561
18.02197, 1.750561, 5.925424
18.03596, 1.260875, 5.822659
18.04825, 1.190854, 5.731761
18.06155, 1.085373, 5.654886
18.07382, 0.9692013, 5.567663
18.08628, 0.8474624, 5.476531
18.09929, 0.8600286, 5.369737
18.11134, 0.7600129, 5.237788
18.12396, 0.7226672, 5.156206
18.13684, 0.6582327, 4.883891
18.14952, 0.6671369, 4.588897
18.16102, 0.6484815, 4.329226
18.17482, 0.6445794, 4.104055
18.1876, 0.6224983, 3.889227
18.20139, 0.629378, 3.673895
18.21111, 0.6234982, 3.501622
18.22231, 0.6217939, 3.285897
18.23428, 0.6197073, 3.048857
18.24627, 0.6199443, 2.823509
18.25864, 0.6223849, 2.631757
18.27019, 0.6256025, 2.357747
18.28288, 0.6341614, 2.095917
18.29395, 0.6294397, 1.815859
18.30454, 0.6299326, 1.539715
18.31689, 0.6352495, 1.318261
18.32937, 0.647662, 1.008121
18.3426, 0.6589262, 0.8855196
18.355, 0.6576845, 0.8225293
18.36934, 0.6732918, 0.7935258
18.38122, 0.6708236, 0.7629143
18.39475, 0.686893, 0.7274587
18.41075, 0.7102356, 0.709104
18.42543, 0.7154254, 0.6932564
18.43843, 0.720516, 0.6810945
18.45096, 0.717117, 0.6726916
18.46278, 0.7222491, 0.6685179
18.47399, 0.7203825, 0.6638631
18.48733, 0.7312034, 0.6629027
18.50055, 0.7234202, 0.6629278
18.51326, 0.7323582, 0.6653987
18.52418, 0.7273034, 0.6674042
18.53668, 0.7116994, 0.6695114
18.55042, 0.7044104, 0.6715058
18.56313, 0.6903042, 0.673766
18.57491, 0.6904991, 0.6758034
18.58798, 0.7014527, 0.6784018
18.60085, 0.6971722, 0.6809145
18.61444, 0.6733122, 0.6827013
18.62481, 0.671177, 0.6844091
18.641, 0.708667, 0.6872852
18.65392, 0.6970152, 0.6896656
18.66575, 0.6969888, 0.6917599
18.67805, 0.6913218, 0.6938226
18.68944, 0.6892195, 0.6957989
18.70151, 0.6893383, 0.6976019
18.71314, 0.6804249, 0.698694
18.72486, 0.6854506, 0.6995782
18.73657, 0.6779259, 0.7002528
18.74861, 0.6806384, 0.7004977
18.76036, 0.6747183, 0.7006276
18.77155, 0.6741573, 0.7002031
18.78334, 0.6790865, 0.6991647
18.79548, 0.6831018, 0.6980873
18.8082, 0.6839331, 0.6968679
18.82099, 0.6967077, 0.6961876
18.83434, 0.7041278, 0.6955835
18.84877, 0.7087291, 0.6951951
18.85995, 0.7188652, 0.6947838
18.87297, 0.7230181, 0.6947704
18.88609, 0.7191163, 0.694329
18.8996, 0.6910364, 0.6931201
18.91082, 0.6726887, 0.6918198
18.92423, 0.6874945, 0.6912559
18.93684, 0.6866568, 0.6911343
18.94977, 0.680935, 0.6908156
18.96082, 0.6664175, 0.6896477
18.97227, 0.6667327, 0.6886331
18.98584, 0.6518626, 0.6879181
18.99959, 0.6496783, 0.6872015
19.0114, 0.6393402, 0.6848906
19.02369, 0.6393555, 0.6829685
19.03612, 0.6324204, 0.6808162
19.04949, 0.6292509, 0.6787472
19.06195, 0.625597, 0.6766264
19.0742, 0.6163359, 0.674193
19.08559, 0.6238557, 0.6723073
19.09705, 0.6234342, 0.6702402
19.1084, 0.6310493, 0.6686776
19.12239, 0.6380349, 0.6672575
19.13539, 0.6449064, 0.6662638
19.14794, 0.6516315, 0.6655129
19.1605, 0.6526083, 0.6646303
19.17325, 0.6500464, 0.6635285
19.18624, 0.6359203, 0.6619281
19.20018, 0.6353813, 0.6598839
19.21164, 0.6192744, 0.6570554
19.22317, 0.6178933, 0.6540276
19.23525, 0.6235792, 0.6508514
19.24867, 0.6657935, 0.6489439
19.26224, 0.5574695, 0.6435557
19.27873, 0.5977871, 0.6404474
19.29265, 0.5683153, 0.6369683
19.3055, 0.6078334, 0.6343129
19.3172, 0.5892665, 0.6310666
19.32976, 0.6079784, 0.6286347
19.34329, 0.6121396, 0.6268254
19.35678, 0.6127304, 0.6250253
19.36862, 0.6119571, 0.6236951
19.3794, 0.6133496, 0.6224841
19.39261, 0.6122934, 0.6215826
19.40406, 0.6122901, 0.6206805
19.41811, 0.6130754, 0.6200356
19.43012, 0.6153283, 0.6195715
19.44335, 0.6142672, 0.6191939
19.4555, 0.6158277, 0.6191769
19.46555, 0.6163235, 0.6189258
19.47879, 0.606476, 0.6183605
19.4926, 0.6130908, 0.6177619
19.50486, 0.6129779, 0.6169266
19.51811, 0.6080136, 0.6156968
19.52959, 0.5923753, 0.6137216
19.54244, 0.5852231, 0.6114753
19.55414, 0.5684795, 0.6087564
19.56853, 0.5560216, 0.6060932
19.58186, 0.5535355, 0.6033649
19.59544, 0.5494987, 0.6010391
19.60866, 0.5535429, 0.5988941
19.62012, 0.5532159, 0.5965487
19.63269, 0.5568357, 0.5929167
19.64508, 0.554889, 0.5928307
19.65739, 0.5636894, 0.5916941
19.6685, 0.5714077, 0.5917971
19.68059, 0.5741274, 0.5906736
19.69416, 0.5791007, 0.5903348
19.70826, 0.576322, 0.5892795
19.72216, 0.5762888, 0.5880845
19.73568, 0.6168438, 0.5882217
19.74647, 0.5573611, 0.5864018
19.76048, 0.5632939, 0.5847332
19.77159, 0.5637028, 0.5831136
19.78287, 0.5735345, 0.5818217
19.79562, 0.5665768, 0.5802718
19.80919, 0.5625986, 0.5785142
19.8228, 0.5629324, 0.576803
19.83507, 0.5614333, 0.5749899
19.84666, 0.5715238, 0.5734966
19.8599, 0.5810196, 0.572648
19.87169, 0.5871415, 0.5717831
19.88404, 0.581363, 0.5707293
19.8962, 0.5862708, 0.5700045
19.90801, 0.5825126, 0.5696757
19.92136, 0.570693, 0.5691914
19.93469, 0.5700227, 0.5692428
19.9478, 0.5699518, 0.5697072
19.96282, 0.5624189, 0.5700033
19.97497, 0.7310808, 0.5760561
19.98608, 0.7791965, 0.5835778
19.99834, 0.5429773, 0.5832366
20.01198, 0.508471, 0.5816244
20.02469, 0.5347411, 0.5809528
20.03699, 0.5385398, 0.5801144
20.04872, 0.5283077, 0.5786778
20.05985, 0.5322694, 0.5772825
20.07114, 0.520193, 0.5753189
20.08346, 0.5186056, 0.573395
20.09682, 0.518384, 0.5714648
20.11026, 0.5169221, 0.5681341
20.12125, 0.5185316, 0.5668398
20.1347, 0.5184804, 0.565346
20.14878, 0.5237201, 0.5640132
20.15958, 0.5247133, 0.5623859
20.1722, 0.5214846, 0.5608828
20.18562, 0.523356, 0.5595747
20.19852, 0.6742344, 0.5632848
20.21106, 0.5539581, 0.5630356
20.22394, 0.6054302, 0.5641658
20.23614, 0.3726504, 0.5572202
20.24995, 0.3799015, 0.5503122
20.26156, 0.4092107, 0.5445737
20.27384, 0.4290711, 0.5393337
20.28774, 0.4150371, 0.5337512
20.29977, 0.4130526, 0.5284966
20.31302, 0.4084692, 0.5231115
20.32654, 0.4082267, 0.5177206
20.33976, 0.406997, 0.5125399
20.35229, 0.4089168, 0.5018011
20.36462, 0.4146725, 0.4896502
20.378, 0.4095857, 0.4852039
20.39094, 0.4195454, 0.4822397
20.40332, 0.4110739, 0.4781174
20.41472, 0.4024296, 0.4735804
20.42754, 0.4376382, 0.4705581
20.44169, 0.4362978, 0.467359
20.45302, 0.5380608, 0.4679546
20.46435, 0.6265152, 0.4715516
20.47545, 0.6112625, 0.4746476
20.48795, 0.5798517, 0.4767452
20.50064, 0.621253, 0.4801693
20.51227, 0.5991179, 0.4828572
20.52522, 0.6476875, 0.4869895
20.53864, 0.696884, 0.4927285
20.55254, 0.6699268, 0.4976766
20.56341, 0.5990978, 0.5002013
20.57659, 0.6734117, 0.5001739
20.59029, 0.5924623, 0.5014573
20.60174, 0.5338537, 0.4990714
20.61481, 0.5843859, 0.5061293
20.62799, 0.5015135, 0.510183
20.63993, 0.5440933, 0.5146791
20.65257, 0.550486, 0.5187262
20.66568, 0.5805776, 0.5242442
20.67768, 0.5051127, 0.5273129
20.68907, 0.5557249, 0.5322214
20.7025, 0.525943, 0.5361453
20.71552, 0.5401358, 0.5405833
20.72611, 0.5586289, 0.5455737
20.73956, 0.5570418, 0.5503193
20.75264, 0.5187884, 0.5539594
20.76727, 0.5240074, 0.5574415
20.7783, 0.5121287, 0.56081
20.79067, 0.5071374, 0.5643002
20.80437, 0.4999933, 0.5663787
20.81586, 0.5001136, 0.5685059
20.828, 0.5055397, 0.5674219
20.84212, 0.5040386, 0.5633393
20.85398, 0.4891876, 0.5592701
20.86683, 0.4908194, 0.5563024
20.87977, 0.5219202, 0.5529913
20.89469, 0.6321222, 0.5540915
20.90697, 0.8096087, 0.5594888
20.91964, 0.5830963, 0.5556958
20.93223, 0.5598392, 0.5520262
20.9434, 0.6139787, 0.5525223
20.95733, 0.6146794, 0.5505645
20.9694, 0.6184884, 0.551432
20.98199, 0.6304047, 0.5546504
20.99557, 0.6412655, 0.5565464
21.00957, 0.646319, 0.5613733
21.02318, 0.6536558, 0.5650253
21.04161, 0.6625049, 0.5687593
21.05798, 0.6677942, 0.5716665
21.07112, 0.6701101, 0.5771664
21.08375, 0.6748043, 0.5811357
21.09736, 0.6829908, 0.5863706
21.10801, 0.6272097, 0.5892731
21.11984, 0.6133789, 0.5910981
21.13401, 0.6415278, 0.5939143
21.14529, 0.6692784, 0.5989306
21.15796, 0.6565691, 0.6033493
21.16915, 0.6429179, 0.6077089
21.18184, 0.6375465, 0.6120559
21.19732, 0.6331081, 0.6164931
21.21059, 0.6314574, 0.6208712
21.22347, 0.6316578, 0.6250752
21.23585, 0.6282989, 0.6292173
21.24788, 0.6272207, 0.6338184
21.26044, 0.6271817, 0.6383638
21.27136, 0.6238357, 0.641761
21.28514, 0.6049083, 0.6408539
21.29867, 0.6089604, 0.6341656
21.31044, 0.6234882, 0.6355121
21.32303, 0.8027865, 0.6436102
21.33569, 0.5267151, 0.6407014
21.34859, 0.5925873, 0.639965
21.3613, 0.7463376, 0.6442267
21.37607, 0.5839698, 0.6426788
21.3867, 0.6589993, 0.6432698
21.39845, 0.6233709, 0.6425049
21.41091, 0.6348563, 0.6418783
21.42374, 0.6310534, 0.64083
21.4362, 0.6329086, 0.6396672
21.44999, 0.6368364, 0.638558
21.4612, 0.6398553, 0.637393
21.47651, 0.6308082, 0.6356536
21.4925, 0.6355588, 0.6359318
21.50493, 0.6712174, 0.6378598
21.51828, 0.6638595, 0.6386042
21.53062, 0.6608539, 0.6383234
21.54453, 0.6650609, 0.6386064
21.55758, 0.6629146, 0.639273
21.5702, 0.6696726, 0.6403438
21.58352, 0.6574733, 0.641156
21.59595, 0.6295458, 0.6410922
21.60836, 0.7148656, 0.6438658
21.62109, 0.8368654, 0.650818
21.63333, 0.6186545, 0.6505325
21.64646, 0.6589915, 0.6515928
21.65955, 0.6693967, 0.6531115
21.67302, 0.6176814, 0.6535372
21.68659, 0.6537742, 0.655031
21.69953, 0.6250662, 0.6550837
21.71157, 0.6155888, 0.6488438
21.72571, 0.6035715, 0.6514056
21.74027, 0.5927713, 0.6514118
21.75396, 0.5862733, 0.6460763
21.76564, 0.5850314, 0.6461117
21.77763, 0.5906143, 0.6438323
21.79081, 0.5884269, 0.6426675
21.80256, 0.6041743, 0.6416447
21.81727, 0.5699903, 0.6396092
21.8292, 0.6332331, 0.6396201
21.84226, 0.6797854, 0.6410517
21.85538, 0.6453517, 0.6412349
21.86879, 0.6280892, 0.6411443
21.88261, 0.6224318, 0.6407068
21.89562, 0.6592455, 0.6403077
21.90868, 0.5799178, 0.6375096
21.92474, 0.66871, 0.6377715
21.93815, 0.6585688, 0.6375551
21.95119, 0.6803048, 0.6381348
21.96406, 0.6673394, 0.6380571
21.97679, 0.6810252, 0.6388422
21.9897, 0.6652892, 0.6400336
22.00293, 0.6731655, 0.6386436
22.01357, 0.8838488, 0.6402097
22.0267, 0.9835686, 0.6523735
22.03949, 0.8925489, 0.6601588
22.05161, 1.038956, 0.6724774
22.06541, 0.784872, 0.6780504
22.07672, 0.6814908, 0.6789743
22.08845, 0.7134824, 0.6819214
22.10313, 0.6599627, 0.6834006
22.11461, 0.647597, 0.6848681
22.12651, 0.6999291, 0.68844
22.13773, 0.7061799, 0.6924369
22.15023, 0.6770172, 0.6955031
22.16269, 0.6314845, 0.6968654
22.17539, 0.6157137, 0.697775
22.1866, 0.6304064, 0.6986494
22.19938, 0.6312578, 0.7006916
22.21161, 0.6334458, 0.7006987
22.22455, 0.6313568, 0.6990845
22.23592, 0.7088042, 0.7011996
22.24771, 0.6397492, 0.7015883
22.25909, 0.6582063, 0.7027807
22.27057, 0.667321, 0.7030498
22.2821, 0.6723347, 0.7061304
22.29532, 0.6708013, 0.7062001
22.3086, 0.662225, 0.706322
22.31993, 0.6127986, 0.7040718
22.33453, 0.7157911, 0.7056868
22.3483, 0.7115482, 0.7067043
22.36125, 0.6809444, 0.7072261
22.37421, 0.6640397, 0.7069219
22.3849, 0.651669, 0.6991826
22.39726, 0.6532437, 0.6881717
22.41011, 0.6600951, 0.6804233
22.42361, 0.6662524, 0.6679999
22.43693, 0.6895977, 0.6648241
22.44936, 0.7076849, 0.6656972
22.46026, 0.7200902, 0.6659175
22.47338, 0.7175992, 0.6678388
22.48742, 0.7298416, 0.6705802
22.49999, 0.7461445, 0.6721208
22.5122, 0.7960861, 0.6751176
22.52615, 0.8659614, 0.6814157
22.53872, 0.9331147, 0.6914701
22.55146, 1.102255, 0.7076882
22.56533, 1.080423, 0.7226887
22.57819, 1.093526, 0.7380975
22.58998, 1.145251, 0.7551577
22.60237, 1.168078, 0.7730485
22.61562, 1.439931, 0.7974194
22.62798, 2.593877, 0.862557
22.64086, 1.828806, 0.9015769
22.65253, 3.136361, 0.9838783
22.6648, 2.553852, 1.046596
22.67786, 4.464652, 1.173057
22.68788, 3.873853, 1.280111
22.69987, 4.363216, 1.405125
22.7107, 4.553615, 1.533053
22.72402, 4.89414, 1.672473
22.73822, 5.737784, 1.841034
22.75296, 7.418969, 2.066198
22.76679, 7.804117, 2.304613
22.77835, 8.480519, 2.565522
22.79068, 8.968121, 2.842457
22.80227, 8.988721, 3.119872
22.81605, 9.125933, 3.401083
22.82919, 3.270909, 3.486524
22.84115, 3.582041, 3.581922
22.8539, 3.722669, 3.682091
22.86646, 3.522325, 3.775174
22.87941, 4.479346, 3.899614
22.8934, 4.869059, 4.03538
22.90557, 4.791523, 4.166232
22.9176, 4.909189, 4.298768
22.93033, 6.503467, 4.478808
22.94431, 8.262975, 4.718226
22.95761, 8.167224, 4.954016
23.00221, 2.921862, 5.013237
23.01666, 0, 4.974301
23.16766, 8.768679, 5.218592
23.19314, 8.294942, 5.408628
23.20667, 4.862763, 5.509759
23.22231, 8.198421, 5.678495
23.56557, 5.600044, 5.780035
23.57802, 4.604498, 5.784697
23.59032, 1.314011, 5.699368
23.60127, 1.699384, 5.610574
23.61189, 1.372146, 5.504525
23.62619, 8.519091, 5.625357
23.67344, 8.450752, 5.715789
23.68675, 7.476868, 5.717719
23.70205, 6.084363, 5.660394
23.71437, 6.731283, 5.602086
23.72876, 7.643698, 5.557938
23.7434, 3.22908, 5.36595
23.75763, 2.680516, 5.151103
23.81872, 4.833375, 5.203185
23.84652, 8.51258, 5.367536
23.86029, 6.580898, 5.46281
23.87552, 4.396534, 5.491951
23.88646, 4.998404, 5.509253
23.89861, 8.354516, 5.625434
23.91058, 8.496181, 5.748923
23.9233, 6.501697, 5.802007
23.93661, 7.203143, 5.825329
23.95015, 7.394431, 5.796378
23.96139, 7.410272, 5.771146
23.97471, 7.170865, 5.91278
23.98659, 6.88888, 6.142409
23.99937, 6.151937, 6.055184
24.01059, 2.942709, 5.876777
24.02335, 3.058472, 5.816634
24.03527, 4.172858, 5.682448
24.04863, 3.503939, 5.612577
24.06125, 4.337622, 5.603682
24.07437, 7.38735, 5.806126
24.08795, 2.708359, 5.839758
24.10136, 3.12394, 5.898152
24.11455, 3.892189, 5.743921
24.12853, 3.452634, 5.577317
24.41454, 5.413953, 5.508554
24.42801, 3.226187, 5.413281
24.44211, 3.846637, 5.317126
24.45281, 4.115428, 5.199517
24.46701, 4.024651, 5.226036
24.47826, 4.079505, 5.272669
24.49275, 3.982399, 5.244303
24.5053, 3.933839, 5.091678
24.51833, 3.808742, 4.999273
24.53136, 3.774363, 4.978534
24.54379, 3.574267, 4.931063
24.55757, 3.941046, 4.783947
24.56932, 3.017302, 4.601318
24.58154, 3.039408, 4.485909
24.59357, 2.812021, 4.339538
24.60743, 2.596411, 4.179604
24.62282, 2.487502, 4.015512
24.63557, 2.452021, 3.858217
24.64883, 2.450538, 3.710272
24.66138, 1.714106, 3.562344
24.67427, 1.784554, 3.523739
24.68597, 1.125422, 3.459304
24.6988, 0.9405263, 3.351559
24.7108, 0.7888376, 3.261056
24.72496, 0.8221396, 3.143873
24.73764, 0.7104898, 2.921311
24.75012, 0.6551742, 2.852872
24.7641, 0.6135846, 2.769193
24.77769, 0.5610841, 2.658156
24.79048, 0.5557508, 2.561593
24.80032, 0.6153691, 2.401641
24.81442, 0.5565491, 2.312653
24.82615, 0.5509333, 2.202796
24.83978, 0.5510766, 2.083984
24.85142, 0.5363299, 1.967707
24.86496, 0.5496672, 1.850046
24.87568, 0.5516456, 1.735687
24.88845, 0.5452077, 1.622733
24.90152, 0.5416105, 1.513829
24.91467, 0.5414067, 1.406063
24.92653, 0.5479634, 1.305187
24.93936, 0.5447931, 1.191978
24.95061, 0.5663, 1.110278
24.96474, 0.5629647, 1.02773
24.97784, 0.5574285, 0.9525766
24.99169, 0.5696319, 0.8850173
25.0049, 0.5759642, 0.8212994
25.0184, 0.5768599, 0.7587941
25.02885, 0.5760313, 0.6963105
25.04494, 0.5697433, 0.6581651
25.05674, 0.5670316, 0.6175811
25.06889, 0.5663791, 0.5989463
25.08102, 0.5596917, 0.5862519
25.09386, 0.5699811, 0.5789566
25.1065, 0.5732471, 0.5706602
25.11841, 0.578315, 0.5662544
25.1302, 0.581667, 0.5638042
25.14173, 0.5833447, 0.5627962
25.15255, 0.5991237, 0.5640641
25.16409, 0.6310471, 0.566574
25.17813, 0.6404821, 0.5674111
25.19042, 0.6430622, 0.5702948
25.20198, 0.686246, 0.5748053
25.21633, 0.6891803, 0.5794087
25.22743, 0.7405853, 0.5862172
25.23788, 0.7618474, 0.5932899
25.25012, 0.7861838, 0.6011078
25.26208, 0.6769165, 0.6054981
25.27673, 0.6491408, 0.6090825
25.28904, 0.6524565, 0.6127841
25.30075, 0.6426013, 0.6159387
25.31376, 0.6251613, 0.6186177
25.32601, 0.6262671, 0.6206166
25.33883, 0.6331304, 0.6229554
25.35109, 0.6564478, 0.626256
25.36446, 0.6611234, 0.6293058
25.37482, 0.6663205, 0.6323177
25.38743, 0.6757576, 0.6356143
25.39977, 0.6781939, 0.6390197
25.41121, 0.7056985, 0.6435515
25.42486, 0.6973649, 0.6478959
25.43716, 0.7176379, 0.6529379
25.4493, 0.7336634, 0.6587369
25.46471, 0.7288864, 0.6640338
25.47767, 0.7101526, 0.6685972
25.49088, 0.7132431, 0.6730948
25.50162, 0.7077828, 0.6772987
25.51439, 0.7070732, 0.6814229
25.52526, 0.6979734, 0.684718
25.53701, 0.6949736, 0.6868488
25.54987, 0.6967427, 0.6887242
25.5617, 0.6870818, 0.6901915
25.57632, 0.6832164, 0.6900905
25.58925, 0.6768239, 0.6896786
25.602, 0.6760087, 0.687526
25.61318, 0.6721084, 0.6845348
25.62555, 0.6545564, 0.6801472
25.64053, 0.6550832, 0.6794194
25.6525, 0.6589621, 0.6797467
25.66426, 0.6647518, 0.6801566
25.67521, 0.6627253, 0.6808274
25.68925, 0.6590062, 0.6819555
25.70182, 0.6545339, 0.6828977
25.71583, 0.6378784, 0.683056
25.72864, 0.6319115, 0.6822382
25.7408, 0.6458234, 0.6817281
25.75338, 0.6474597, 0.6810994
25.76412, 0.6114095, 0.6789544
25.7765, 0.6075305, 0.676599
25.79007, 0.6046585, 0.673231
25.80105, 0.6005992, 0.6700055
25.81409, 0.5915591, 0.6658028
25.82738, 0.5899167, 0.6610113
25.83912, 0.6255926, 0.6575682
25.85121, 0.6235633, 0.6546819
25.86358, 0.6320767, 0.6519763
25.87425, 0.6272857, 0.6492931
25.88856, 0.60961, 0.6460443
25.90125, 0.6095136, 0.6430957
25.91456, 0.6026905, 0.6400195
25.92697, 0.604206, 0.636935
25.93986, 0.6059602, 0.6342309
25.95241, 0.6052899, 0.6316334
25.96459, 0.6034101, 0.6291863
25.97668, 0.6008795, 0.626682
25.9897, 0.5956481, 0.6241333
26.00324, 0.5802466, 0.6216563
26.01414, 0.5828674, 0.6192491
26.02689, 0.5746889, 0.6164399
26.03954, 0.5750242, 0.613449
26.05177, 0.5764473, 0.6105731
26.06409, 0.6155894, 0.6091259
26.07786, 0.7763354, 0.6131859
26.09197, 0.6431318, 0.613361
26.10372, 0.5748541, 0.611459
26.11778, 0.5329499, 0.6076966
26.13079, 0.5143626, 0.60326
26.14301, 0.5148662, 0.6000419
26.15803, 0.5229596, 0.5972229
26.16963, 0.380554, 0.5897527
26.18319, 0.3771392, 0.5823041
26.19473, 0.3769909, 0.5751518
26.20746, 0.3793304, 0.5681323
26.21933, 0.3853535, 0.5601243
26.23172, 0.3863079, 0.5522158
26.24555, 0.3859193, 0.5440105
26.25858, 0.3859509, 0.535966
26.26929, 0.3831542, 0.5284175
26.28352, 0.3844691, 0.5209161
26.29863, 0.3799057, 0.51349
26.31047, 0.3825427, 0.5061012
26.32667, 0.3808137, 0.4985963
26.341, 0.3804892, 0.4911029
26.3524, 0.3794844, 0.4836387
26.36344, 0.3790852, 0.4762456
26.37518, 0.3788404, 0.4690187
26.38907, 0.3780559, 0.462279
26.40163, 0.3781052, 0.4554535
26.41653, 0.3783423, 0.4489087
26.42878, 0.5783014, 0.4490179
26.44084, 0.5756879, 0.4489926
26.45309, 0.6469632, 0.4500384
26.46331, 0.5888019, 0.4437873
26.47496, 0.6119091, 0.4427465
26.48679, 0.6053802, 0.4437641
26.49879, 0.5427126, 0.4440895
26.51192, 0.6280404, 0.4478787
26.52476, 0.696234, 0.4539243
26.53679, 0.8005018, 0.4631757
26.54897, 0.7782869, 0.4764335
26.56028, 0.6224861, 0.4846117
26.57174, 0.6371026, 0.4932821
26.58648, 0.630243, 0.5016459
26.5993, 0.6326791, 0.5098901
26.61181, 0.6434405, 0.5184612
26.62594, 0.6561725, 0.5274696
26.63669, 0.6616464, 0.5366594
26.65008, 0.6631503, 0.5459927
26.66348, 0.6595656, 0.5551625
26.67511, 0.6481812, 0.564105
26.68801, 0.6390682, 0.5726559
26.70201, 0.6413995, 0.581342
26.71481, 0.6542432, 0.5904672
26.72711, 0.64931, 0.5994614
26.73963, 0.6572954, 0.608735
26.75465, 0.6495552, 0.6177589
26.77024, 0.6871018, 0.6280604
26.78399, 0.6844635, 0.6382723
26.79777, 0.6839846, 0.6484604
26.80966, 0.6897222, 0.6521745
26.82137, 0.6882785, 0.6559275
26.83389, 0.6975931, 0.6576152
26.84642, 0.7021218, 0.6613925
26.85831, 0.5996997, 0.6609855
26.87053, 0.7158319, 0.6646672
26.88501, 0.6559298, 0.6684411
26.89635, 0.5712563, 0.6665483
26.90972, 0.5007779, 0.6600331
26.92239, 0.5091336, 0.6503208
26.93535, 0.4896362, 0.6406991
26.94656, 0.4934869, 0.6363991
26.95861, 0.5336719, 0.6329515
26.97104, 0.5546163, 0.6304306
26.9836, 0.5878913, 0.6289377
26.99475, 0.5913068, 0.6271999
27.00774, 0.593811, 0.6251212
27.0203, 0.600927, 0.6230972
27.03271, 0.6067508, 0.6212172
27.04504, 0.6358781, 0.6204277
27.05738, 0.5713024, 0.617865
27.06821, 0.5135387, 0.6136807
27.08154, 0.5472362, 0.6105419
27.09544, 0.6639575, 0.6108657
27.10803, 0.5750188, 0.6083893
27.12008, 0.8173279, 0.6137237
27.13313, 0.776114, 0.6179423
27.14473, 0.6581388, 0.6169769
27.15806, 0.6358808, 0.6153575
27.17234, 0.6114193, 0.6129386
27.18731, 0.6282417, 0.6108893
27.19851, 0.5958843, 0.6078095
27.21061, 0.5621691, 0.6032954
27.22373, 0.5552669, 0.5984002
27.23621, 0.5626432, 0.597165
27.25044, 0.5497379, 0.5916286
27.26298, 0.5520059, 0.5881644
27.27486, 0.5425698, 0.5872082
27.28634, 0.5398734, 0.5885114
27.29856, 0.5373254, 0.5894511
27.31071, 0.5328546, 0.5908917
27.32434, 0.5367074, 0.5923324
27.33582, 0.5313805, 0.5922559
27.34712, 0.5677295, 0.5926931
27.35883, 0.6863617, 0.5959755
27.37062, 0.6974868, 0.5995148
27.385, 0.830553, 0.6074062
27.39996, 0.5434585, 0.6054906
27.41422, 0.6314061, 0.6063125
27.42616, 0.6727678, 0.6075421
27.43825, 0.6250094, 0.6093323
27.45067, 0.6343468, 0.6133593
27.46137, 0.6507282, 0.616809
27.47372, 0.6520573, 0.6164123
27.48519, 0.6529741, 0.6190109
27.49906, 0.6471328, 0.6133377
27.51097, 0.6339933, 0.6086004
27.525, 0.6457254, 0.6081866
27.5367, 0.6444736, 0.608473
27.55051, 0.6251504, 0.6089307
27.5648, 0.6259171, 0.6088532
27.57625, 0.6092139, 0.6092976
27.58936, 0.6056253, 0.6107461
27.60156, 0.5888175, 0.6118644
27.61484, 0.5804397, 0.6124577
27.63193, 0.5725247, 0.6132173
27.64532, 0.5656727, 0.6136729
27.65875, 0.5700096, 0.6145875
27.66986, 0.5609322, 0.6152894
27.68119, 0.558524, 0.6159961
27.69259, 0.544385, 0.6163804
27.70352, 0.5693362, 0.617468
27.71641, 0.7249563, 0.6239206
27.72744, 0.8837245, 0.6344537
27.73923, 0.7252027, 0.6357484
27.75039, 0.5807806, 0.6318582
27.76099, 0.5808012, 0.6235331
27.77255, 0.571272, 0.6244602
27.7844, 0.6326301, 0.624501
27.79865, 0.6196353, 0.6227299
27.81184, 0.610778, 0.6222555
27.82449, 0.6043836, 0.6212568
27.83714, 0.6021535, 0.6196376
27.85056, 0.6111378, 0.6182736
27.8638, 0.6094008, 0.6168212
27.87535, 0.6046845, 0.6154062
27.88809, 0.6024895, 0.6143561
27.90136, 0.6025572, 0.6129172
27.9141, 0.6053274, 0.6116123
27.92727, 0.6034017, 0.6108873
27.94242, 0.6005892, 0.6100431
27.95296, 0.6213448, 0.6104475
27.96659, 0.562483, 0.6090094
27.97986, 0.5461454, 0.6075869
27.99016, 0.6010399, 0.6082736
28.00229, 0.5500097, 0.6075231
28.01445, 0.5122669, 0.6057429
28.02772, 0.5218136, 0.6041364
28.04143, 0.5254375, 0.6029533
28.05729, 0.5296882, 0.6019921
28.06841, 0.5253369, 0.6013572
28.08034, 0.5275363, 0.5999638
28.09281, 0.5254763, 0.5933145
28.10617, 0.522534, 0.5812748
28.11804, 0.5248312, 0.5745957
28.13031, 0.5262003, 0.5727764
28.143, 0.528071, 0.5710188
28.15883, 0.5290523, 0.5696114
28.1715, 0.5228837, 0.5659533
28.18513, 0.5185795, 0.5625848
28.19918, 0.5141175, 0.5593627
28.21067, 0.5085442, 0.5561681
28.22292, 0.5059192, 0.5529603
28.23541, 0.5181397, 0.5498603
28.24781, 0.5277787, 0.5471395
28.25908, 0.5270448, 0.5445516
28.2712, 0.5288603, 0.5420972
28.28268, 0.5302365, 0.5396865
28.29512, 0.5296211, 0.537163
28.30671, 0.5242316, 0.534524
28.31785, 0.544268, 0.5326466
28.3311, 0.7499158, 0.5369322
28.34234, 0.5455832, 0.536369
28.35568, 0.5159022, 0.5353609
28.36603, 0.492344, 0.5317376
28.378, 0.6576968, 0.5353273
28.38856, 0.6825609, 0.5410038
28.40171, 0.7597804, 0.5489359
28.41518, 0.7450266, 0.5562555
28.42747, 0.7908847, 0.5649621
28.43757, 0.7829176, 0.5735481
28.45083, 0.7495807, 0.5809495
28.4632, 0.7268717, 0.5876627
28.47824, 0.7539313, 0.595376
28.49072, 0.7539902, 0.6030146
28.50252, 0.7633868, 0.6109208
28.51546, 0.7295778, 0.6176378
28.5266, 0.4988792, 0.6166319
28.54041, 0.6994263, 0.6225167
28.55157, 0.486109, 0.6214343
28.56487, 0.4928183, 0.6207244
28.57762, 0.4870272, 0.6200071
28.58975, 0.4751672, 0.618982
28.60243, 0.528878, 0.6193399
28.61623, 0.5664045, 0.6206275
28.62786, 0.5431324, 0.6211637
28.64095, 0.5687864, 0.6224946
28.65149, 0.5770795, 0.624056
28.66392, 0.5777686, 0.625661
28.67665, 0.584242, 0.6276613
28.69041, 0.5904488, 0.6292007
28.70129, 0.5573787, 0.6227828
28.71523, 0.590011, 0.6242637
28.72742, 0.6082717, 0.6273428
28.73988, 0.6438075, 0.6323916
28.75278, 0.5937667, 0.6302605
28.7649, 0.550297, 0.6258518
28.77731, 0.6797183, 0.623183
28.78787, 0.9323568, 0.6294273
28.79939, 0.7697142, 0.6287217
28.81049, 0.6181957, 0.623231
28.82306, 0.6405801, 0.6195976
28.83745, 0.6107703, 0.6157276
28.85075, 0.6074334, 0.6108444
28.86238, 0.6383674, 0.6069902
28.87236, 0.6142016, 0.6020174
28.88455, 0.6110275, 0.5980657
28.89638, 0.6359291, 0.6026341
28.91084, 0.6117756, 0.5997124
28.92434, 0.6097647, 0.6038342
28.93561, 0.7149416, 0.6112383
28.94889, 0.6445242, 0.6164882
28.96105, 0.5945846, 0.6204688
28.97514, 0.5906486, 0.6225278
28.98827, 0.5968255, 0.6235418
29.00113, 0.6019731, 0.6255032
29.01566, 0.6049634, 0.626709
29.02731, 0.6060528, 0.6276748
29.04085, 0.6043403, 0.6285605
29.05345, 0.6173804, 0.6296651
29.06665, 0.575316, 0.6291607
29.07996, 0.6445771, 0.6320673
29.09323, 0.6418983, 0.6337969
29.10529, 0.6092004, 0.6338278
29.11643, 0.6160209, 0.6329015
29.12669, 0.6145426, 0.633594
29.1376, 0.6174359, 0.635832
29.14955, 0.6223378, 0.6339193
29.16243, 0.6084649, 0.6231229
29.17625, 0.6254169, 0.618313
29.18952, 0.6217365, 0.618431
29.20114, 0.6157444, 0.6176032
29.21421, 0.6131275, 0.6176817
29.22682, 0.6338932, 0.6185637
29.23923, 0.6360002, 0.6184848
29.2514, 0.6260183, 0.6188787
29.26435, 0.6229292, 0.6192754
29.27644, 0.6195906, 0.6187308
29.28961, 0.6192039, 0.6189784
29.3017, 0.6195983, 0.6193062
29.3184, 0.6189062, 0.616105
29.32998, 0.6191038, 0.6152577
29.34544, 0.6450188, 0.6169388
29.35775, 0.640783, 0.61861
29.36937, 0.6396708, 0.6200382
29.38172, 0.6401031, 0.6213092
29.39359, 0.6276733, 0.6220663
29.40601, 0.6472232, 0.6234386
29.41725, 0.669746, 0.6256188
29.42948, 0.6751315, 0.6275438
29.44024, 0.6813999, 0.63108
29.45313, 0.6371481, 0.6308324
29.46354, 0.5824006, 0.6288491
29.47576, 0.607006, 0.628776
29.4873, 0.620478, 0.6289245
29.50039, 0.5986249, 0.628394
29.51388, 0.5893725, 0.6274586
29.52531, 0.5975829, 0.6266335
29.53888, 0.6151418, 0.626856
29.55034, 0.5127995, 0.6231021
29.56158, 0.5739948, 0.6215107
29.57542, 0.5398926, 0.6189823
29.58838, 0.5553578, 0.6170567
29.75973, 1.118275, 0.6332027
29.77423, 1.63237, 0.666415
29.78825, 1.831045, 0.7065826
29.8049, 1.709509, 0.7428019
29.82115, 1.906744, 0.7857071
29.83556, 1.856582, 0.826953
29.84757, 1.901056, 0.8696682
29.85988, 1.958841, 0.9143327
29.87178, 2.062189, 0.9624356
29.88496, 2.071418, 1.009982
29.8981, 2.108258, 1.058898
29.91072, 2.147553, 1.109161
29.92424, 2.149818, 1.159485
29.93765, 2.29581, 1.215089
29.95074, 3.060097, 1.295518
29.96488, 3.411826, 1.386921
29.97798, 3.392916, 1.477514
29.98988, 3.609116, 1.575104
30.00327, 2.908255, 1.650808
30.01602, 3.33555, 1.74258
30.02813, 3.263149, 1.831118
30.04157, 3.200953, 1.917133
30.05532, 3.210956, 2.004211
30.06808, 3.475383, 2.100412
30.08048, 3.358809, 2.192452
30.09353, 3.381221, 2.284655
30.10592, 3.671661, 2.38995
30.11796, 3.440096, 2.485487
30.13153, 3.357247, 2.579399
30.14335, 3.643362, 2.682332
30.1563, 3.646068, 2.766592
30.16701, 3.51168, 2.829235
30.17773, 3.547038, 2.886435
30.18893, 3.532166, 2.94719
30.20078, 4.121906, 3.021029
30.21393, 4.216728, 3.0997
30.22659, 3.999634, 3.169653
30.23905, 3.895682, 3.234215
30.25299, 3.91817, 3.296081
30.26432, 3.817998, 3.3543
30.27488, 3.820968, 3.41139
30.28733, 3.93119, 3.470845
30.33546, 4.803189, 3.559291
30.47502, 4.759361, 3.641409
30.48674, 6.624406, 3.760219
30.52127, 5.743206, 3.837932
30.53424, 4.434179, 3.872641
30.54759, 7.842629, 4.013758
30.56079, 3.071543, 4.019201
30.57397, 3.208039, 4.01495
30.58514, 6.236571, 4.114064
30.59674, 3.881958, 4.136765
30.60832, 3.576878, 4.148962
30.61928, 5.266444, 4.208664
30.63014, 4.52932, 4.247681
30.64237, 6.874435, 4.364121
30.665, 7.583355, 4.494512
30.6797, 8.508285, 4.663451
30.69234, 7.347637, 4.796464
30.70512, 7.039102, 4.909656
30.7165, 4.942849, 4.952882
30.72832, 7.004834, 5.069321
30.75148, 4.599998, 5.104419
30.76338, 6.382522, 5.199431
30.80223, 7.140507, 5.300051
30.8262, 5.990881, 5.35919
30.84008, 4.58626, 5.378744
30.8516, 5.293848, 5.42535
30.86452, 4.473777, 5.44387
30.87598, 5.887451, 5.512852
30.88725, 3.464294, 5.500963
30.90126, 5.766201, 5.56213
30.94611, 6.791651, 5.628412
30.9589, 4.625679, 5.623957
30.9702, 6.881561, 5.632529
30.98219, 5.783852, 5.633883
30.9963, 6.127556, 5.69033
31.00609, 8.579122, 5.714879
31.01962, 5.942399, 5.810574
31.04564, 8.794024, 5.996773
31.05871, 7.752086, 6.04729
31.0704, 9.403778, 6.231351
32.57465, 6.414553, 6.325941
32.58713, 6.682205, 6.373132
32.60286, 7.903441, 6.485603
32.64008, 9.089088, 6.559424
32.65116, 8.399649, 6.586634
32.66473, 8.102474, 6.573107
32.67636, 7.470108, 6.577189
32.68925, 6.659474, 6.564535
32.7009, 6.620068, 6.620442
32.71394, 6.59828, 6.60689
32.72513, 6.198564, 6.660176
32.73622, 6.498154, 6.66403
32.74842, 6.075356, 6.628525
32.75955, 7.579651, 6.681485
32.77137, 4.739996, 6.686609
32.78395, 2.706459, 6.600363
32.79633, 2.783887, 6.544034
32.80896, 1.910897, 6.411482
32.82328, 1.648492, 6.350955
32.83435, 1.615105, 6.212585
32.84588, 1.565706, 6.038387
32.85759, 1.577037, 5.936766
32.86922, 1.568065, 5.759649
32.88188, 1.578103, 5.619458
32.89377, 1.385233, 5.46138
32.90636, 1.231916, 5.216474
32.91824, 1.197586, 5.058313
32.93079, 1.12749, 4.802763
32.94266, 1.024726, 4.578516
32.95531, 0.9794429, 4.297706
32.96681, 0.782563, 4.109972
32.97872, 0.7290773, 3.911535
32.99231, 0.6359766, 3.669286
33.00681, 0.6378889, 3.38758
33.01878, 0.6396186, 3.128912
33.03407, 0.6444787, 2.880312
33.04543, 0.6456641, 2.652831
33.05859, 0.6349657, 2.452013
33.06957, 0.6358383, 2.252539
33.08154, 0.641774, 2.053989
33.09401, 0.6499144, 1.869034
33.1064, 0.6437066, 1.673886
33.11778, 0.6341031, 1.492511
33.13128, 0.6355739, 1.261041
33.14323, 0.6289269, 1.124006
33.15665, 0.6310405, 1.054825
33.1669, 0.6159323, 0.9825598
33.17912, 0.6268799, 0.9397592
33.19082, 0.6228732, 0.9055719
33.20383, 0.6111047, 0.8721053
33.21671, 0.611833, 0.8403095
33.22933, 0.6134979, 0.8081915
33.24202, 0.6191715, 0.7765617
33.25666, 0.6130599, 0.7443936
33.2692, 0.6128284, 0.7186469
33.28118, 0.616784, 0.6981424
33.29393, 0.6306816, 0.6792457
33.30659, 0.6364617, 0.662878
33.31887, 0.6333024, 0.6498306
33.33071, 0.6281481, 0.6381208
33.34237, 0.6366901, 0.6332584
33.35453, 0.6393507, 0.6302674
33.36803, 0.6450044, 0.6305684
33.37826, 0.6451518, 0.6308104
33.3905, 0.6379853, 0.630756
33.4034, 0.6396475, 0.630595
33.41747, 0.6375012, 0.6303229
33.42974, 0.6393327, 0.6304684
33.44527, 0.6169652, 0.6298393
33.45763, 0.6321238, 0.6295177
33.47089, 0.629209, 0.6288275
33.48331, 0.6255748, 0.6282231
33.49539, 0.6255413, 0.6279377
33.50777, 0.6312094, 0.6277922
33.5192, 0.6277282, 0.6277522
33.53226, 0.6465068, 0.6282678
33.54535, 0.6495584, 0.6293887
33.55857, 0.6524875, 0.6302422
33.57115, 0.6532644, 0.6312553
33.58376, 0.6382057, 0.6321586
33.59662, 0.6392508, 0.6330726
33.60888, 0.6502661, 0.6342982
33.62055, 0.6521801, 0.6353985
33.63288, 0.6578962, 0.636893
33.64598, 0.6544384, 0.63828
33.65892, 0.6490598, 0.6393558
33.67094, 0.6447308, 0.6398242
33.6829, 0.6453018, 0.6401188
33.69624, 0.6434375, 0.6404567
33.70852, 0.6643342, 0.6416628
33.72071, 0.6273392, 0.6413511
33.73395, 0.6641487, 0.6421777
33.74577, 0.6443449, 0.6421557
33.75894, 0.6400905, 0.641987
33.77205, 0.6426516, 0.6421426
33.78417, 0.646679, 0.642377
33.79669, 0.6517395, 0.6428516
33.80814, 0.6442587, 0.6430158
33.82259, 0.6431288, 0.6438879
33.83466, 0.642635, 0.6442384
33.84623, 0.6412575, 0.64464
33.85875, 0.6403283, 0.6451318
33.87442, 0.6276174, 0.6452009
33.8861, 0.6315805, 0.6452133
33.89653, 0.6319706, 0.6453548
33.90908, 0.6319579, 0.6448698
33.92649, 0.6317441, 0.644276
33.94009, 0.6200191, 0.6431938
33.95273, 0.6237778, 0.6422108
33.96374, 0.6394593, 0.6422526
33.97632, 0.6366485, 0.6421659
33.98938, 0.6530567, 0.6422589
33.99984, 0.6487567, 0.6421448
34.01273, 0.6427505, 0.6416399
34.02469, 0.6412623, 0.6412007
34.03714, 0.6413637, 0.6409442
34.04881, 0.6410374, 0.640821
34.06253, 0.6406364, 0.6406655
34.07448, 0.6408828, 0.6405803
34.08918, 0.6341469, 0.6395741
34.10027, 0.6313021, 0.6397063
34.11301, 0.6191059, 0.6382048
34.12585, 0.6208792, 0.6374227
34.13985, 0.6232691, 0.636862
34.15416, 0.6254207, 0.6362876
34.16644, 0.6340087, 0.6358653
34.18056, 0.6173901, 0.6347203
34.19247, 0.6135173, 0.6336956
34.20594, 0.6160391, 0.6327926
34.21731, 0.6091505, 0.6316764
34.23066, 0.6118376, 0.6306957
34.24259, 0.601952, 0.6294165
34.2544, 0.6004803, 0.628512
34.26767, 0.6055478, 0.6276442
34.28062, 0.6054819, 0.6267613
34.29453, 0.6059213, 0.6258934
34.31157, 0.6123003, 0.6252452
34.3262, 0.6271395, 0.6254826
34.33895, 0.6283617, 0.6256353
34.34965, 0.6180789, 0.6249226
34.36188, 0.613767, 0.6241599
34.37431, 0.6093817, 0.6227041
34.38656, 0.6133302, 0.6215232
34.39924, 0.5991244, 0.6200691
34.41172, 0.5962135, 0.6185675
34.42392, 0.5947022, 0.6170121
34.43626, 0.5943758, 0.6154567
34.44848, 0.6057284, 0.6142931
34.45986, 0.6466883, 0.6144866
34.47301, 0.6200833, 0.6140178
34.48381, 0.6985168, 0.6162583
34.49606, 0.6611916, 0.6176612
34.50928, 0.742151, 0.6217036
34.52449, 0.7110873, 0.6246309
34.5366, 0.6865579, 0.6266688
34.55002, 0.6759112, 0.6280655
34.56264, 0.6823376, 0.6302304
34.57524, 0.675485, 0.632296
34.58775, 0.6759086, 0.6342916
34.60077, 0.6742277, 0.6364609
34.61285, 0.6729892, 0.6384993
34.62388, 0.6670469, 0.6406691
34.63653, 0.6536651, 0.6424419
34.64982, 0.6494192, 0.6439044
34.66155, 0.6500865, 0.6453912
34.67406, 0.6356291, 0.6463815
34.68639, 0.6432049, 0.6474116
34.69991, 0.6220833, 0.6472431
34.71443, 0.6320601, 0.6473665
34.72664, 0.4886021, 0.6430506
34.89834, 0.5990674, 0.6425606
34.90938, 0.5938085, 0.6420415
34.92133, 0.592831, 0.6413582
34.93374, 0.5850949, 0.6408905
34.94611, 0.5669533, 0.6399152
34.95785, 0.5928653, 0.6398539
34.97122, 0.6010998, 0.640078
34.98227, 0.610679, 0.6402431
34.99385, 0.599721, 0.6386775
35.00679, 0.5877662, 0.6376003
35.01913, 0.5885255, 0.633934
35.03234, 0.5929379, 0.6316588
35.044, 0.5996426, 0.6269085
35.05601, 0.588751, 0.6228306
35.0669, 0.5958578, 0.6198072
35.07896, 0.6094525, 0.617592
35.09106, 0.6072492, 0.6150891
35.10459, 0.6168111, 0.6131333
35.11695, 0.6641508, 0.6127413
35.12857, 0.5992224, 0.6102411
35.14198, 0.6277158, 0.608732
35.15426, 0.5701994, 0.6055038
35.16476, 0.5855771, 0.6032342
35.17669, 0.595945, 0.6014517
35.19277, 0.568786, 0.5987417
35.20556, 0.5586828, 0.5961768
35.21828, 0.5502458, 0.5930781
35.22989, 0.5396389, 0.5903299
35.24232, 0.5467237, 0.5874854
35.25518, 0.5493264, 0.5895095
35.26748, 0.5554044, 0.5880541
35.27975, 0.5527326, 0.5866849
35.29257, 0.5558161, 0.5854511
35.30378, 0.5493191, 0.5842585
35.31641, 0.5498593, 0.5836887
35.32954, 0.5581391, 0.5825312
35.34213, 0.5600858, 0.5811641
35.35499, 0.5598688, 0.5794705
35.36738, 0.56112, 0.5781837
35.38013, 0.6235458, 0.5793763
35.3917, 0.4983573, 0.5763708
35.40573, 0.5407422, 0.5746309
35.41743, 0.6048466, 0.5748044
35.42887, 0.6012424, 0.5752208
35.44221, 0.595571, 0.5752113
35.45488, 0.6001262, 0.5749004
35.46675, 0.579995, 0.5739919
35.47921, 0.5898547, 0.5730934
35.49126, 0.5850255, 0.5704558
35.50173, 0.5891461, 0.57012
35.51532, 0.5906417, 0.5688841
35.52889, 0.5868465, 0.5694391
35.54262, 0.583757, 0.5693784
35.55497, 0.5839607, 0.568979
35.56686, 0.5872381, 0.569594
35.58117, 0.586878, 0.5705338
35.59267, 0.5592023, 0.5708324
35.60633, 0.5689788, 0.5718104
35.62116, 0.5720287, 0.5726539
35.63269, 0.5595837, 0.5729958
35.64552, 0.5528587, 0.572911
35.6581, 0.5487647, 0.5727787
35.6706, 0.6656585, 0.5764401
35.68273, 0.6547344, 0.579954
35.69576, 0.607777, 0.5818845
35.70871, 0.6019786, 0.5833458
35.72091, 0.568262, 0.5836183
35.73466, 0.5864874, 0.5845056
35.74733, 0.5978445, 0.5857297
35.75914, 0.5741212, 0.5840822
35.77262, 0.5815544, 0.5868555
35.78523, 0.5805579, 0.5881826
35.79766, 0.5774629, 0.5872698
35.80991, 0.5696063, 0.5862153
35.82247, 0.5683298, 0.5853072
35.83563, 0.5685659, 0.5842552
35.8474, 0.5781231, 0.5841929
35.85944, 0.57402, 0.583665
35.87117, 0.5732104, 0.5832711
35.88265, 0.5701311, 0.5826374
35.89614, 0.5656919, 0.5818056
35.90817, 0.5611111, 0.5809478
35.91975, 0.5878415, 0.581084
35.93229, 0.7241527, 0.585757
35.94385, 0.6606192, 0.5882031
35.9566, 0.6828943, 0.5914036
35.96786, 0.6288801, 0.5937262
35.97953, 0.6462544, 0.596302
35.99139, 0.6235967, 0.5980209
36.00556, 0.623826, 0.6001623
36.01743, 0.6344946, 0.6028835
36.02862, 0.6411463, 0.6059629
36.04053, 0.6373569, 0.6050195
36.055, 0.63836, 0.6044737
36.06849, 0.6344608, 0.6053631
36.08008, 0.6330118, 0.6063976
36.08995, 0.6385796, 0.6087415
36.1, 0.6422977, 0.6106018
36.11293, 0.6380607, 0.6119424
36.12487, 0.640092, 0.6141415
36.13813, 0.6471777, 0.616329
36.15108, 0.6516128, 0.6186974
36.16469, 0.6599114, 0.6214457
36.17794, 0.6495011, 0.6241089
36.19102, 0.657217, 0.6270717
36.20462, 0.6577668, 0.6300451
36.21753, 0.6584158, 0.6327215
36.23079, 0.6531197, 0.6353582
36.24323, 0.5736281, 0.6353721
36.25677, 0.6817508, 0.6390927
36.2687, 0.6045952, 0.6403895
36.28167, 0.555859, 0.6402144
36.2954, 0.5558034, 0.6391465
36.30852, 0.5687792, 0.6339673
36.32134, 0.5828814, 0.6313761
36.33477, 0.6039831, 0.6287457
36.34803, 0.6147689, 0.6282753
36.35936, 0.6162063, 0.6272738
36.37, 0.6234605, 0.6272693
36.38373, 0.6167071, 0.627032
36.39597, 0.6178356, 0.6264766
36.4062, 0.6185819, 0.6257246
36.41841, 0.6135561, 0.6249312
36.43166, 0.968608, 0.6359395
36.44505, 0.9751015, 0.6472942
36.45597, 0.913726, 0.6566514
36.4705, 0.6968995, 0.6585953
36.48473, 0.5092917, 0.6541618
36.4973, 0.4988717, 0.6495221
36.50843, 0.5048948, 0.6450155
36.52142, 0.5391467, 0.6414145
36.53368, 0.5265139, 0.6372445
36.54626, 0.5299478, 0.6329124
36.5577, 0.5060997, 0.6281323
36.5698, 0.5022134, 0.6229655
36.58237, 0.5030509, 0.6178083
36.59587, 0.5031625, 0.6126333
36.60828, 0.5012299, 0.6075703
36.62018, 0.5021695, 0.6051883
36.63149, 0.5050349, 0.5992978
36.64367, 0.5005224, 0.5958287
36.65705, 0.5022413, 0.5940415
36.66991, 0.507799, 0.5924413
36.68239, 0.5018723, 0.5902111
36.69606, 0.5070396, 0.587683
36.7079, 0.5067335, 0.5844414
36.72041, 0.5185757, 0.5812349
36.73253, 0.5257615, 0.5782201
36.74613, 0.5395911, 0.5754244
36.75836, 0.544202, 0.5730076
36.76984, 0.5540119, 0.5708801
36.78221, 0.5536985, 0.5687173
36.79545, 0.5505967, 0.5666187
36.80812, 0.5488865, 0.5526279
36.82165, 0.5444216, 0.538272
36.83469, 0.5384859, 0.525764
36.84676, 0.5420883, 0.5206036
36.85852, 0.6039962, 0.5237604
36.87231, 0.6406487, 0.5284864
36.88351, 0.5113566, 0.5287017
36.89602, 0.5020037, 0.5274637
36.9113, 0.4911097, 0.5262835
36.9235, 0.5050741, 0.5254544
36.93523, 0.502507, 0.5253346
36.9478, 0.4896829, 0.5249169
36.96247, 0.4916174, 0.5245358
36.97496, 0.4864871, 0.52398
36.98801, 0.4865612, 0.523491
36.9993, 0.4955736, 0.5232711
37.01146, 0.4893747, 0.5227492
37.02497, 0.4825817, 0.5221511
37.03564, 0.4787419, 0.5213678
37.0488, 0.4763032, 0.520318
37.06127, 0.4771322, 0.5194933
37.07427, 0.4827027, 0.5186821
37.08483, 0.4953866, 0.5183038
37.09805, 0.4647972, 0.5165112
37.11057, 0.6167068, 0.5195428
37.12474, 0.5963831, 0.5214358
37.13857, 0.5899409, 0.5229604
37.15126, 0.6175028, 0.5250768
37.16481, 0.5554262, 0.5251344
37.17601, 0.5760199, 0.5259818
37.18777, 0.5828621, 0.5271144
37.1994, 0.5976982, 0.5288903
37.21222, 0.5978916, 0.5308705
37.22543, 0.5976025, 0.5327209
37.23857, 0.5987288, 0.5325453
37.25069, 0.5971789, 0.5310963
37.26343, 0.5947898, 0.5338775
37.27465, 0.5887359, 0.5367686
37.2883, 0.5957487, 0.5402565
37.29937, 0.6138026, 0.5438808
37.31296, 0.6140108, 0.5475976
37.32524, 0.6064599, 0.5514902
37.33699, 0.6165345, 0.5556542
37.35236, 0.625672, 0.5602936
37.36422, 0.7232658, 0.5681838
37.37597, 0.9630633, 0.5837669
37.38726, 0.9823302, 0.6001987
37.39952, 0.7609161, 0.6094765
37.41166, 0.6557966, 0.6153783
37.425, 0.6191386, 0.6201395
37.43812, 0.6299642, 0.6252339
37.45029, 0.6880848, 0.63208
37.46106, 0.6835676, 0.6383527
37.47468, 0.68874, 0.6458175
37.4891, 0.6985037, 0.648544
37.50034, 0.7009854, 0.6520307
37.51405, 0.6992864, 0.6556755
37.52689, 0.680494, 0.6577752
37.53873, 0.6704141, 0.6616082
37.54973, 0.6647166, 0.6645648
37.56157, 0.6707762, 0.6674952
37.57451, 0.6699423, 0.6699034
37.58829, 0.6695133, 0.6722908
37.5994, 0.6647634, 0.6745294
37.61012, 0.6653198, 0.6767492
37.62351, 0.6647065, 0.6790001
37.63733, 0.6583156, 0.6811177
37.64925, 0.6576796, 0.6834158
37.66042, 0.6545295, 0.6853752
37.67434, 0.6465076, 0.6864653
37.68765, 0.6361485, 0.6872032
37.69987, 0.6428375, 0.6884158
37.71194, 0.6505716, 0.6895503
37.72412, 0.6523022, 0.690438
37.73834, 0.6495816, 0.6879818
37.75141, 0.6355789, 0.6770657
37.7634, 0.6403418, 0.665666
37.77706, 0.5979429, 0.6602336
37.78916, 0.6065691, 0.6585928
37.80127, 0.6024389, 0.6580361
37.81358, 0.6197955, 0.657697
37.82633, 0.614134, 0.655232
37.83849, 0.6133338, 0.6528909
37.85068, 0.6120114, 0.6503333
37.86259, 0.6121932, 0.6474563
37.87339, 0.6076748, 0.644346
37.88648, 0.6074206, 0.6412838
37.89842, 0.6224931, 0.6393505
37.91101, 0.6226513, 0.6377584
37.92424, 0.6159827, 0.6361339
37.93757, 0.6290382, 0.6347426
37.94925, 0.6431646, 0.63385
37.96033, 0.6557606, 0.6333916
37.97392, 0.7008621, 0.6345949
37.98672, 0.8120962, 0.6394874
37.9982, 0.9456373, 0.6488518
38.01053, 0.9763026, 0.6594514
38.02413, 1.162557, 0.6762806
38.03656, 1.316695, 0.6983528
38.04881, 1.761783, 0.7355286
38.06176, 1.809593, 0.7746435
38.07431, 1.559178, 0.8051881
38.08595, 2.125645, 0.8543572
38.09847, 2.32709, 0.9101835
38.11217, 2.009175, 0.9555032
38.12421, 1.862608, 0.9964042
38.13799, 1.759854, 1.033721
38.15029, 1.722898, 1.07122
38.16277, 1.970895, 1.116697
38.17569, 2.165546, 1.168801
38.1886, 2.261629, 1.223529
38.19985, 2.290514, 1.279408
38.21556, 2.553246, 1.344072
38.2272, 3.030307, 1.424681
38.23784, 3.66276, 1.526367
38.2506, 3.831202, 1.633818
38.26239, 4.176017, 1.752771
38.27459, 5.138372, 1.9033
38.28875, 4.852797, 2.044305
38.30056, 5.868045, 2.219374
38.31202, 6.556293, 2.416949
38.32529, 7.444585, 2.643663
38.40485, 6.58613, 2.841342
38.41622, 6.484375, 3.034126
38.42842, 6.404907, 3.220553
38.44077, 6.546033, 3.407233
38.45454, 6.785533, 3.600874
38.46729, 8.26667, 3.837677
38.47981, 8.026105, 4.061325
38.53976, 9.512223, 4.319673
38.61635, 6.029701, 4.460342
38.62766, 7.757138, 4.666941
38.6408, 6.507214, 4.812994
38.81071, 6.176965, 4.941323
38.82426, 5.488106, 5.057288
38.98076, 5.962631, 5.193955
38.99467, 5.914824, 5.332454
39.00714, 9.148408, 5.579971
39.05956, 5.580257, 5.700284
39.0729, 9.638299, 5.949376
39.09841, 4.051767, 6.009047
39.11109, 5.764588, 6.124849
39.12316, 2.171963, 6.11214
39.13744, 3.077026, 6.113698
39.14916, 8.379682, 6.270928
39.17416, 6.328623, 6.354175
39.50664, 4.961974, 6.380374
39.54429, 8.65288, 6.497525
40.10278, 9.570592, 6.654784
40.11475, 6.686939, 6.682081
40.12815, 4.563442, 6.615653
40.14014, 2.856776, 6.462726
40.15524, 1.654861, 6.29835
40.16564, 1.083155, 6.118309
40.17878, 1.343071, 5.949582
40.19172, 1.238346, 5.772659
40.20528, 1.002936, 5.579905
40.21664, 0.8964205, 5.33423
40.22817, 0.7927504, 5.093119
40.24041, 0.7598842, 4.801374
40.25019, 0.6476327, 4.621972
40.26227, 0.6676686, 4.385656
40.27598, 0.6241669, 4.189554
40.28825, 0.6029364, 4.003753
40.29969, 0.5842464, 3.840291
40.31173, 0.5870337, 3.661105
40.32397, 0.5896961, 3.483601
40.3381, 0.5886409, 3.198275
40.34983, 0.5887051, 3.03189
40.36168, 0.5926035, 2.730367
40.37335, 0.5942764, 2.615117
40.38733, 0.592201, 2.442704
40.39923, 0.5926694, 2.390061
40.41146, 0.5953419, 2.307338
40.42448, 0.5918975, 2.047746
40.43845, 0.5911957, 1.856498
40.4508, 0.5965883, 1.710985
40.46402, 0.5987005, 1.442513
40.47797, 0.5980995, 1.143429
40.49229, 0.6011446, 0.9405696
40.5043, 0.6021916, 0.8085279
40.51502, 0.5981081, 0.733239
40.52744, 0.5958895, 0.6979399
40.54047, 0.6110908, 0.6822045
40.55346, 0.6159798, 0.6579682
40.56875, 0.6409075, 0.6380535
40.58071, 0.6444752, 0.6261049
40.59291, 0.6453535, 0.6177359
40.60787, 0.6452274, 0.6128185
40.61887, 0.6373298, 0.6087334
40.63116, 0.645261, 0.6086543
40.64249, 0.6399336, 0.6077298
40.65374, 0.6367738, 0.6081501
40.66727, 0.6364455, 0.6092671
40.67913, 0.6343005, 0.6109355
40.69125, 0.6273472, 0.6122793
40.70477, 0.6219963, 0.6133559
40.71663, 0.6254542, 0.6145831
40.73116, 0.6209836, 0.615659
40.74447, 0.6259031, 0.616769
40.75774, 0.6240506, 0.6177614
40.76985, 0.648419, 0.6196353
40.7827, 0.6495028, 0.6215298
40.79655, 0.6574434, 0.6235999
40.80841, 0.6568472, 0.6257648
40.81968, 0.6562665, 0.6279339
40.83266, 0.6572939, 0.6299574
40.84727, 0.6559361, 0.6318653
40.85888, 0.6581677, 0.6338675
40.87189, 0.6638474, 0.6359576
40.88348, 0.662275, 0.6379604
40.89561, 0.6612688, 0.6400657
40.90802, 0.659383, 0.6421822
40.92164, 0.6208553, 0.6425076
40.93435, 0.6924599, 0.6450569
40.9469, 0.6884661, 0.6466423
40.95854, 0.6884528, 0.6481082
40.96969, 0.7248019, 0.6507565
40.98318, 0.6188956, 0.6498787
40.99876, 0.6359447, 0.6498326
41.01249, 0.6427959, 0.6497504
41.02555, 0.6221297, 0.6491569
41.03596, 0.6205532, 0.6486163
41.04871, 0.6259034, 0.6482649
41.06201, 0.6403051, 0.648465
41.07495, 0.6580331, 0.6494879
41.08818, 0.6573744, 0.6506672
41.09962, 0.6666405, 0.6520401
41.11173, 0.6669019, 0.6535708
41.12416, 0.6707269, 0.6550649
41.13638, 0.6735373, 0.6567145
41.14876, 0.6679466, 0.6573654
41.16022, 0.6647618, 0.657874
41.17388, 0.6661628, 0.6581647
41.18566, 0.660516, 0.658287
41.19949, 0.657856, 0.6583399
41.21039, 0.6539859, 0.6582297
41.22408, 0.6466314, 0.6579196
41.23761, 0.6515316, 0.6576984
41.25113, 0.6398583, 0.6568987
41.26359, 0.6364545, 0.656038
41.27601, 0.6401353, 0.6553336
41.28645, 0.6359312, 0.6545518
41.29896, 0.6353091, 0.6550336
41.31075, 0.6385418, 0.6532364
41.32166, 0.6854596, 0.6531361
41.33243, 0.6827191, 0.6529449
41.34551, 0.6854533, 0.6516333
41.35855, 0.6747259, 0.6534943
41.37082, 0.684433, 0.6551106
41.38345, 0.6841553, 0.6564893
41.39722, 0.6820483, 0.6584865
41.40928, 0.6875984, 0.6607214
41.4265, 0.6894801, 0.6628406
41.43877, 0.6802886, 0.6641734
41.45164, 0.6794661, 0.6648878
41.46503, 0.6720927, 0.6653784
41.47803, 0.6708001, 0.665517
41.49123, 0.6727912, 0.6657133
41.50154, 0.6721456, 0.6657606
41.51444, 0.6840931, 0.6661124
41.52758, 0.6836666, 0.6666364
41.53951, 0.6797477, 0.667136
41.55244, 0.6670256, 0.6671647
41.56681, 0.6398073, 0.6664743
41.57923, 0.7118534, 0.6682742
41.59136, 0.6179793, 0.667074
41.60357, 0.6898641, 0.6685151
41.61599, 0.6879319, 0.6697284
41.62821, 0.6936149, 0.6715203
41.64025, 0.678319, 0.6729158
41.65365, 0.6780803, 0.6741807
41.66669, 0.6411375, 0.6743543
41.67965, 0.6178643, 0.6737728
41.69122, 0.6255111, 0.6733384
41.70303, 0.6267564, 0.6713817
41.71525, 0.6319861, 0.6696905
41.72807, 0.6310772, 0.667878
41.7404, 0.6263053, 0.6662639
41.75222, 0.6330335, 0.6645507
41.76435, 0.6300559, 0.6627474
41.77805, 0.6318951, 0.6610756
41.79181, 0.6346498, 0.6593106
41.80412, 0.6288837, 0.6572907
41.81679, 0.6179551, 0.6552129
41.82977, 0.6439241, 0.6540282
41.84141, 0.6668791, 0.6538544
41.85686, 0.6215605, 0.6522132
41.87009, 0.5965251, 0.649671
41.88269, 0.6047021, 0.6474229
41.89494, 0.5662817, 0.6434958
41.9076, 0.5455215, 0.638891
41.92053, 0.5613115, 0.6349431
41.93298, 0.5576003, 0.6312955
41.94419, 0.583595, 0.6294218
41.95791, 0.6087789, 0.625986
41.96997, 0.6070302, 0.625621
41.98217, 0.6191549, 0.6232641
41.99452, 0.6230277, 0.6211006
42.00735, 0.6246122, 0.6188005
42.01892, 0.6099402, 0.6165212
42.03179, 0.5569327, 0.612483
42.04467, 0.5522649, 0.6095206
42.05725, 0.5512192, 0.607299
42.21209, 0.6522992, 0.608192
42.22521, 0.6047664, 0.607459
42.23823, 0.9782729, 0.6190019
42.24976, 0.9307188, 0.62899
42.26214, 0.9347598, 0.6392718
42.27569, 0.6392633, 0.6394795
42.28889, 0.6104472, 0.6388258
42.30304, 0.6245869, 0.6385822
42.31594, 0.6037592, 0.6375525
42.32855, 0.5991977, 0.636563
42.34215, 0.5935277, 0.6357487
42.35396, 0.5914014, 0.633998
42.36689, 0.5896351, 0.6314232
42.38049, 0.5954561, 0.630553
42.39233, 0.663505, 0.6327857
42.40706, 0.631411, 0.6336759
42.42094, 0.6701263, 0.6371374
42.43183, 0.6490408, 0.640588
42.44466, 0.7561235, 0.6470817
42.45766, 2.383033, 0.7079296
42.47054, 1.102406, 0.7252232
42.4825, 0.7484227, 0.7298781
42.49639, 0.6170337, 0.7302114
42.50869, 0.6885558, 0.7325249
42.52127, 0.6915998, 0.7348107
42.53525, 0.461361, 0.7293689
42.54834, 0.4541797, 0.7241769
42.56027, 0.4871283, 0.7218502
42.57241, 0.4536793, 0.718564
42.58498, 0.4586351, 0.7154778
42.59615, 0.4592301, 0.7090422
42.60991, 0.451308, 0.7039269
42.62328, 0.478804, 0.6872779
42.63506, 0.7367927, 0.6808137
42.64883, 0.82774, 0.6772463
42.66162, 0.7765738, 0.6818234
42.67421, 0.7120978, 0.6852117
42.68702, 0.7567109, 0.6896158
42.70006, 0.7722355, 0.6952317
42.71382, 0.6748318, 0.6977528
42.72661, 0.6437209, 0.6994259
42.74208, 0.6210197, 0.7004132
42.7542, 0.6080225, 0.7010261
42.76525, 0.5619365, 0.6999089
42.77776, 0.5756109, 0.696979
42.79187, 0.6126255, 0.6963528
42.80407, 0.572463, 0.6930974
42.8157, 0.509093, 0.6884325
42.82864, 0.5254959, 0.6807449
42.84055, 0.4771107, 0.6172141
42.85307, 0.5071904, 0.5973736
42.86629, 0.4924695, 0.5888418
42.87615, 0.4875167, 0.5845246
42.88678, 0.4868633, 0.5778015
42.89967, 0.4864906, 0.5709646
42.91436, 0.4874708, 0.5718349
42.92788, 0.4864322, 0.57291
42.94322, 0.575605, 0.5758592
42.95562, 0.5171508, 0.5779749
42.96581, 0.5641772, 0.581493
42.97816, 1.139362, 0.604164
42.99081, 0.6500871, 0.61079
43.00235, 0.5405601, 0.6128485
43.01514, 0.5346823, 0.6061115
43.02845, 0.5269772, 0.5960861
43.04029, 0.5230557, 0.5876356
43.05275, 0.5240342, 0.5813668
43.06483, 0.51892, 0.5734405
43.07757, 0.5238566, 0.5651612
43.08915, 0.5331077, 0.5604371
43.10209, 0.537231, 0.5568874
43.11573, 0.5751219, 0.5553576
43.1277, 0.5823081, 0.5545004
43.13939, 0.5989445, 0.5557339
43.15196, 0.604548, 0.5566985
43.16432, 0.611213, 0.5566514
43.17752, 0.6038131, 0.5576965
43.18906, 0.6061874, 0.560933
43.20173, 0.6014032, 0.5634633
43.21432, 0.6175858, 0.5681458
43.22836, 0.6425526, 0.5726579
43.24004, 0.8320072, 0.5839758
43.25201, 0.8496762, 0.5960478
43.26441, 0.5837413, 0.5992771
43.27778, 0.6341359, 0.6041986
43.29031, 0.5970587, 0.6078516
43.3023, 0.580879, 0.6109998
43.31523, 0.5759943, 0.6110127
43.32962, 0.571147, 0.6128126
43.34275, 0.5697685, 0.612999
43.35559, 0.5724747, 0.5941028
43.36856, 0.5703852, 0.591446
43.38157, 0.5848574, 0.5929226
43.39418, 0.5905374, 0.5947846
43.40623, 0.6055309, 0.597403
43.41939, 0.6028638, 0.6000633
43.43046, 0.6101902, 0.6029351
43.4445, 0.6060985, 0.605841
43.4558, 0.60833, 0.6086568
43.46809, 0.6094517, 0.6112015
43.48001, 0.6136223, 0.6137479
43.49232, 0.611187, 0.6149501
43.50695, 0.6101711, 0.6158788
43.5205, 0.6174858, 0.6164969
43.53272, 0.7439311, 0.621143
43.54599, 0.7679748, 0.6263683
43.5586, 0.8227611, 0.6336666
43.57188, 0.7805358, 0.6394783
43.58622, 0.73598, 0.6439641
43.59926, 0.6971282, 0.6466156
43.61514, 0.702491, 0.6486135
43.62824, 0.7007601, 0.6442386
43.63986, 0.6918209, 0.6389768
43.65194, 0.6934413, 0.6426334
43.66461, 0.7035809, 0.6449482
43.67675, 0.7039276, 0.6485105
43.68876, 0.7116874, 0.6528708
43.70039, 0.708039, 0.6572722
43.71464, 0.7128139, 0.6619944
43.72709, 0.7029181, 0.6664327
43.73963, 0.7140027, 0.6711503
43.75129, 0.7264856, 0.6763537
43.76533, 0.7445474, 0.6816767
43.77814, 0.7405404, 0.6866767
43.79078, 0.6976928, 0.6897488
43.80371, 0.6174288, 0.6902343
43.81612, 0.6106242, 0.6902488
43.83079, 0.7244436, 0.6941937
43.84278, 0.7559968, 0.6991159
43.85423, 0.7018664, 0.7021964
43.86448, 0.6344219, 0.7028897
43.87743, 0.6549035, 0.7043469
43.89057, 0.6607924, 0.7060344
43.90293, 0.6580576, 0.7073868
43.91356, 0.6590956, 0.704559
43.92652, 0.6536264, 0.7007473
43.94051, 0.6491841, 0.6949614
43.95317, 0.6484855, 0.6905596
43.96587, 0.634093, 0.6871634
43.97744, 0.6314647, 0.6849746
43.98962, 0.6235533, 0.6823433
44.00232, 0.6233458, 0.6797628
44.01507, 0.6203758, 0.6773814
44.0276, 0.6219589, 0.6749986
44.04325, 0.6250753, 0.6723818
44.05529, 0.7318474, 0.6733124
44.06884, 0.7233809, 0.6737022
44.08055, 0.6410738, 0.67147
44.09375, 0.595114, 0.6675467
44.11111, 0.6154474, 0.664631
44.12441, 0.607984, 0.6610971
44.13854, 0.5987184, 0.6568382
44.15148, 0.5969966, 0.6519198
44.16516, 0.5922061, 0.6469754
44.17789, 0.5836838, 0.6431751
44.1912, 0.5856041, 0.6421142
44.20437, 0.5862114, 0.6413004
44.21516, 0.5869577, 0.6367176
44.22759, 0.5829894, 0.6309507
44.23969, 0.5887747, 0.627181
44.25086, 0.5862558, 0.6255754
44.2646, 0.5914156, 0.6234592
44.27725, 0.5934365, 0.621214
44.28951, 0.5789365, 0.6185766
44.30251, 0.5890889, 0.616243
44.31544, 0.7785424, 0.6204069
44.32962, 0.5804113, 0.6181145
44.34335, 0.6002344, 0.6165062
44.35569, 0.503293, 0.6121462
44.36917, 0.5181735, 0.6083698
44.38076, 0.5301514, 0.6052564
44.39316, 0.5332413, 0.6022529
44.40636, 0.5429481, 0.599672
44.41726, 0.5461631, 0.5971454
44.43033, 0.5496712, 0.594632
44.44123, 0.5529863, 0.5886699
44.45441, 0.5805267, 0.5839081
44.46569, 0.5816907, 0.5819286
44.48124, 0.5864745, 0.5816407
44.4955, 0.5899777, 0.5807917
44.5089, 0.7980875, 0.5871285
44.52087, 0.9096943, 0.5974943
44.53294, 1.014185, 0.6114006
44.5465, 0.8396538, 0.6196488
44.55954, 0.7902157, 0.6265333
44.5728, 0.655598, 0.6288664
44.58614, 0.6629471, 0.6314242
44.59908, 0.6993665, 0.6351711
44.61181, 0.6956355, 0.638926
44.623, 0.6863436, 0.6421784
44.63478, 0.706073, 0.6461723
44.64681, 0.7223028, 0.6505352
44.66032, 0.7164204, 0.6546347
44.67275, 0.7225878, 0.6594231
44.68393, 0.7154209, 0.6636342
44.69618, 0.7308235, 0.6620436
44.70946, 0.7426937, 0.6674529
44.72123, 0.7219259, 0.6715093
44.7331, 0.7351915, 0.6792393
44.74415, 0.7359109, 0.6864972
44.75719, 0.7156949, 0.692682
44.76904, 0.715087, 0.6987435
44.78197, 0.7068564, 0.7042071
44.7953, 0.7007354, 0.7093595
44.8065, 0.6938564, 0.7141657
44.81876, 0.6880785, 0.7186688
44.83036, 0.6880967, 0.7222545
44.84349, 0.6877096, 0.7257884
44.85451, 0.7462099, 0.7311129
44.8662, 0.7369915, 0.7360134
44.87859, 0.7641007, 0.7348805
44.89035, 0.7338526, 0.7290191
44.90347, 0.7481129, 0.7201501
44.91942, 0.8065854, 0.7190478
44.93212, 0.8085729, 0.7196597
44.94318, 0.8127601, 0.7248984
44.95666, 0.8472389, 0.7310415
44.96958, 0.8173708, 0.734975
44.9814, 0.7938532, 0.7382489
44.99514, 0.7873596, 0.7416161
45.00776, 0.9034294, 0.7481946
45.02002, 1.066444, 0.759666
45.03143, 1.55195, 0.787517
45.04425, 1.449925, 0.8117616
45.05624, 2.361209, 0.8666212
45.06755, 2.531331, 0.9266382
45.0805, 2.61192, 0.9889457
45.09392, 2.474614, 1.047369
45.10682, 2.649554, 1.111181
45.11911, 2.858159, 1.181922
45.13155, 2.872499, 1.253816
45.14252, 3.157012, 1.335213
45.1558, 3.563717, 1.430442
45.16894, 3.604241, 1.527225
45.18104, 3.393318, 1.617208
45.19415, 3.626744, 1.715163
45.20549, 4.247777, 1.833819
45.21825, 4.159503, 1.949546
45.23069, 5.381661, 2.104061
45.24427, 4.304359, 2.222973
45.25743, 3.860027, 2.32617
45.2706, 3.889256, 2.43135
45.28326, 4.391724, 2.552804
45.29531, 3.896833, 2.655812
45.30685, 4.50657, 2.779079
45.31974, 4.621042, 2.906022
45.33185, 4.571272, 3.030156
45.34798, 6.030974, 3.203943
45.36024, 4.688795, 3.333775
45.37079, 4.601545, 3.460914
45.38305, 4.966887, 3.596363
45.39674, 5.595897, 3.747344
45.40954, 5.812612, 3.889367
45.4226, 4.02714, 3.975274
45.4362, 4.404237, 4.043375
45.44796, 4.612565, 4.112749
45.46042, 4.775455, 4.184867
45.47237, 4.825911, 4.263243
45.48582, 5.059, 4.343558
45.49808, 5.369007, 4.427253
45.50936, 5.743303, 4.522947
45.5206, 5.805741, 4.611238
45.53329, 5.86437, 4.687926
45.54529, 7.619145, 4.821755
45.55715, 9.868181, 5.037584
45.56861, 9.020102, 5.217362
45.58096, 8.702991, 5.36587
45.59293, 9.381663, 5.539942
45.65587, 8.11779, 5.631146
45.66907, 6.974531, 5.720152
45.68033, 7.204129, 5.831622
45.69164, 7.636171, 5.956519
45.7051, 5.65562, 5.998649
45.71489, 5.318848, 6.04605
45.72749, 6.054819, 6.097658
45.73948, 4.795795, 6.103483
45.74999, 4.840188, 6.112447
45.76372, 5.443002, 6.092848
45.77628, 6.244588, 6.144707
45.79165, 6.320326, 6.202
45.8045, 6.777569, 6.262356
45.81779, 6.744869, 6.300655
45.8298, 6.659439, 6.328883
45.8417, 6.853675, 6.4231
45.85298, 7.486652, 6.525847
45.86464, 8.31401, 6.649229
45.87766, 8.379853, 6.769376
45.89064, 7.19452, 6.848329
45.90433, 7.765154, 6.938534
45.91575, 8.383259, 7.039009
45.92842, 7.625111, 7.101736
45.94044, 8.318795, 7.185504
45.95314, 8.080073, 7.259362
45.96577, 5.586572, 7.19161
47.15244, 5.160077, 7.034673
47.16323, 2.592541, 6.820421
47.17469, 0, 6.530322
48.41129, 0, 6.217599
48.42345, 0, 5.947006
48.43664, 0, 5.714522
48.44876, 0, 5.474384
48.46114, 0, 5.219845
48.47231, 0, 5.031324
48.48596, 0, 4.854029
48.49639, 0, 4.652202
48.50949, 0, 4.492342
48.523, 0, 4.331002
48.53579, 0, 4.149569
48.54892, 0, 3.941416
48.56137, 0, 3.730738
48.57417, 0, 3.504819
48.58638, 0, 3.27999
48.59845, 0, 3.058009
48.61172, 0, 2.829553
48.62278, 0, 2.579998
48.63618, 0, 2.302864
48.64809, 0, 2.023536
48.65894, 0, 1.783719
48.67096, 0, 1.52488
48.68488, 0, 1.245438
48.69821, 0, 0.9912678
48.71117, 0, 0.7139747
48.72346, 0, 0.4446388
48.73634, 0, 0.2584198
48.74869, 0, 0.08641721
48.76109, 0, -8.34465E-07
48.77727, 0, -8.34465E-07
48.79078, 0, -8.34465E-07
48.80404, 0, -8.34465E-07
48.81661, 0, -8.34465E-07
48.82982, 0, -8.34465E-07
48.84383, 0, -8.34465E-07
48.85619, 0, -8.34465E-07
48.86995, 0, -8.34465E-07
48.88194, 0, -8.34465E-07
48.89511, 0, -8.34465E-07
48.90787, 0, -8.34465E-07
48.9222, 0, -8.34465E-07
48.93505, 0, -8.34465E-07
48.94731, 0, -8.34465E-07
48.96197, 0, -8.34465E-07
48.97539, 0, -8.34465E-07
48.98708, 0, -8.34465E-07
48.99835, 0, -8.34465E-07
49.01195, 0, -8.34465E-07
49.02508, 0, -8.34465E-07
49.03897, 0, -8.34465E-07
49.05052, 0, -8.34465E-07
49.06209, 0, -8.34465E-07
49.07385, 0, -8.34465E-07
49.08724, 0, -8.34465E-07
49.10052, 0, -8.34465E-07
49.11371, 0, -8.34465E-07
49.12654, 0, -8.34465E-07
49.13871, 0, -8.34465E-07
49.153, 0, -8.34465E-07
49.16406, 0, -8.34465E-07
49.17772, 0, -8.34465E-07
49.19142, 0, -8.34465E-07
49.20383, 0, -8.34465E-07
49.22169, 0, -8.34465E-07
49.23451, 0, -8.34465E-07
49.24709, 0, -8.34465E-07
49.26008, 0, -8.34465E-07
49.27258, 0, -8.34465E-07
49.28572, 0, -8.34465E-07
49.2978, 0, -8.34465E-07
49.31179, 0, -8.34465E-07
49.32711, 0, -8.34465E-07
49.33878, 0, -8.34465E-07
49.34941, 0, -8.34465E-07
49.36303, 0, -8.34465E-07
49.37595, 0, -8.34465E-07
49.38818, 0, -8.34465E-07
49.40247, 0, -8.34465E-07
49.41512, 0, -8.34465E-07
49.42606, 0, -8.34465E-07
49.43832, 0, -8.34465E-07
49.44972, 0, -8.34465E-07
49.46302, 0, -8.34465E-07
49.47342, 0, -8.34465E-07
49.48586, 0, -8.34465E-07
49.49835, 0, -8.34465E-07
49.51075, 0, -8.34465E-07
49.52288, 0, -8.34465E-07
49.53667, 0, -8.34465E-07
49.54807, 0, -8.34465E-07
49.56134, 0, -8.34465E-07
49.57213, 0, -8.34465E-07
49.58445, 0, -8.34465E-07
49.59716, 0, -8.34465E-07
49.61048, 0, -8.34465E-07
49.62326, 0, -8.34465E-07
49.63628, 0, -8.34465E-07
49.6498, 0, -8.34465E-07
49.66257, 0, -8.34465E-07
49.67815, 0, -8.34465E-07
49.69006, 0, -8.34465E-07
49.70208, 0, -8.34465E-07
49.71342, 0, -8.34465E-07
49.72776, 0, -8.34465E-07
49.73978, 0, -8.34465E-07
49.75199, 0, -8.34465E-07
49.76362, 0, -8.34465E-07
49.77655, 0, -8.34465E-07
49.78941, 0, -8.34465E-07
49.80212, 0, -8.34465E-07
49.81358, 0, -8.34465E-07
49.82536, 0, -8.34465E-07
49.83658, 0, -8.34465E-07
49.84903, 0, -8.34465E-07
49.86128, 0, -8.34465E-07
49.87372, 0, -8.34465E-07
49.88632, 0, -8.34465E-07
49.89809, 0, -8.34465E-07
49.91165, 0, -8.34465E-07
49.92426, 0, -8.34465E-07
49.93742, 0, -8.34465E-07
49.94923, 0, -8.34465E-07
49.96417, 0, -8.34465E-07
49.97425, 0, -8.34465E-07
49.98591, 0, -8.34465E-07
49.99644, 0, -8.34465E-07
50.00866, 0, -8.34465E-07
50.02046, 0, -8.34465E-07
50.03284, 0, -8.34465E-07
50.04405, 0, -8.34465E-07
50.05506, 0, -8.34465E-07
50.06834, 0, -8.34465E-07
50.07981, 0, -8.34465E-07
50.09232, 0, -8.34465E-07
50.10733, 0, -8.34465E-07
50.11997, 0, -8.34465E-07
50.13133, 0, -8.34465E-07
50.14428, 0, -8.34465E-07
50.15438, 0, -8.34465E-07
50.16758, 0, -8.34465E-07
50.17974, 0, -8.34465E-07
50.19376, 0, -8.34465E-07
50.2056, 0, -8.34465E-07
50.21826, 0, -8.34465E-07
50.23055, 0, -8.34465E-07
50.24477, 0, -8.34465E-07
50.25882, 0, -8.34465E-07
50.27152, 0, -8.34465E-07
50.28465, 0, -8.34465E-07
50.29746, 0, -8.34465E-07
50.30957, 0, -8.34465E-07
50.32252, 0, -8.34465E-07
50.33381, 0, -8.34465E-07
50.34548, 0, -8.34465E-07
50.3584, 0, -8.34465E-07
50.3699, 0, -8.34465E-07
50.38098, 0, -8.34465E-07
50.39202, 0, -8.34465E-07
50.40521, 0, -8.34465E-07
50.41838, 0, -8.34465E-07
50.43094, 0, -8.34465E-07
50.44178, 0, -8.34465E-07
50.4536, 0, -8.34465E-07
50.46695, 0, -8.34465E-07
50.47787, 0, -8.34465E-07
50.48899, 0, -8.34465E-07
50.50119, 0, -8.34465E-07
50.51381, 0, -8.34465E-07
50.5259, 0, -8.34465E-07
50.5423, 0, -8.34465E-07
50.55378, 0, -8.34465E-07
50.56695, 0, -8.34465E-07
50.57797, 0, -8.34465E-07
50.58891, 0, -8.34465E-07
50.60169, 0, -8.34465E-07
50.61306, 0, -8.34465E-07
50.62395, 0, -8.34465E-07
50.63668, 0, -8.34465E-07
50.64811, 0, -8.34465E-07
50.6603, 0, -8.34465E-07
50.67305, 0, -8.34465E-07
50.68621, 0, -8.34465E-07
50.69711, 0, -8.34465E-07
50.71058, 0, -8.34465E-07
50.72336, 0, -8.34465E-07
50.73588, 0, -8.34465E-07
50.74702, 0, -8.34465E-07
50.75954, 0, -8.34465E-07
50.77271, 0, -8.34465E-07
50.78393, 0, -8.34465E-07
50.79565, 0, -8.34465E-07
50.80632, 0, -8.34465E-07
50.81794, 0, -8.34465E-07
50.82942, 0, -8.34465E-07
50.83758, 0, -8.34465E-07
50.84877, 0, -8.34465E-07
50.85999, 0, -8.34465E-07
50.87112, 0, -8.34465E-07
50.88225, 0, -8.34465E-07
50.89331, 0, -8.34465E-07
50.90445, 0, -8.34465E-07
50.91544, 0, -8.34465E-07
50.9267, 0, -8.34465E-07
50.93776, 0, -8.34465E-07
50.9488, 0, -8.34465E-07
50.9599, 0, -8.34465E-07
50.97102, 0, -8.34465E-07
50.98254, 0, -8.34465E-07
50.99316, 0, -8.34465E-07
51.00438, 0, -8.34465E-07
51.01581, 0, -8.34465E-07
51.02664, 0, -8.34465E-07
51.0377, 0, -8.34465E-07
51.04886, 0, -8.34465E-07
51.06002, 0, -8.34465E-07
51.07094, 0, -8.34465E-07
51.08202, 0, -8.34465E-07
51.09323, 0, -8.34465E-07
51.10441, 0, -8.34465E-07
51.11537, 0, -8.34465E-07
51.12664, 0, -8.34465E-07
51.13763, 0, -8.34465E-07
51.14888, 0, -8.34465E-07
51.15982, 0, -8.34465E-07
51.17104, 0, -8.34465E-07
51.18194, 0, -8.34465E-07
51.19333, 0, -8.34465E-07
51.20436, 0, -8.34465E-07
51.21538, 0, -8.34465E-07
51.22657, 0, -8.34465E-07
51.23791, 0, -8.34465E-07
51.2493, 0, -8.34465E-07
51.26066, 0, -8.34465E-07
51.27218, 0, -8.34465E-07
51.28397, 0, -8.34465E-07
51.29509, 0, -8.34465E-07
51.30685, 0, -8.34465E-07
51.31817, 0, -8.34465E-07
51.32957, 0, -8.34465E-07
51.34081, 0, -8.34465E-07
51.35251, 0, -8.34465E-07
51.36401, 0, -8.34465E-07
51.37577, 0, -8.34465E-07
51.38646, 0, -8.34465E-07
51.39805, 0, -8.34465E-07
51.40931, 0, -8.34465E-07
51.42035, 0, -8.34465E-07
51.4314, 0, -8.34465E-07
51.44268, 0, -8.34465E-07
51.45378, 0, -8.34465E-07
51.46472, 0, -8.34465E-07
51.47598, 0, -8.34465E-07
51.48739, 0, -8.34465E-07
51.49856, 0, -8.34465E-07
51.50917, 0, -8.34465E-07
51.52028, 0, -8.34465E-07
51.53138, 0, -8.34465E-07
51.54245, 0, -8.34465E-07
51.5536, 0, -8.34465E-07
51.56472, 0, -8.34465E-07
51.57557, 0, -8.34465E-07
51.58691, 0, -8.34465E-07
51.59797, 0, -8.34465E-07
51.60891, 0, -8.34465E-07
51.62022, 0, -8.34465E-07
51.63132, 0, -8.34465E-07
51.64259, 0, -8.34465E-07
51.65347, 0, -8.34465E-07
51.66459, 0, -8.34465E-07
51.67584, 0, -8.34465E-07
51.68665, 0, -8.34465E-07
51.69799, 0, -8.34465E-07
51.70897, 0, -8.34465E-07
51.72009, 0, -8.34465E-07
51.73167, 0, -8.34465E-07
51.74234, 0, -8.34465E-07
51.75353, 0, -8.34465E-07
51.76448, 0, -8.34465E-07
51.77587, 0, -8.34465E-07
51.78701, 0, -8.34465E-07
51.79789, 0, -8.34465E-07
51.80899, 0, -8.34465E-07
51.82032, 0, -8.34465E-07
51.83118, 0, -8.34465E-07
51.84214, 0, -8.34465E-07
51.85343, 0, -8.34465E-07
51.86466, 0, -8.34465E-07
51.8757, 0, -8.34465E-07
51.8867, 0, -8.34465E-07
51.8978, 0, -8.34465E-07
51.90899, 0, -8.34465E-07
51.92632, 0, -8.34465E-07
51.93841, 0, -8.34465E-07
51.94961, 0, -8.34465E-07
51.96056, 0, -8.34465E-07
51.97194, 0, -8.34465E-07
51.98289, 0, -8.34465E-07
51.99437, 0, -8.34465E-07
52.0051, 0, -8.34465E-07
52.01634, 0, -8.34465E-07
52.02724, 0, -8.34465E-07
52.03838, 0, -8.34465E-07
52.04937, 0, -8.34465E-07
52.06056, 0, -8.34465E-07
52.0719, 0, -8.34465E-07
52.08279, 0, -8.34465E-07
52.09392, 0, -8.34465E-07
52.10506, 0, -8.34465E-07
52.1161, 0, -8.34465E-07
52.1274, 0, -8.34465E-07
52.1383, 0, -8.34465E-07
52.14937, 0, -8.34465E-07
52.16045, 0, -8.34465E-07
52.1717, 0, -8.34465E-07
52.18259, 0, -8.34465E-07
52.19399, 0, -8.34465E-07
52.20495, 0, -8.34465E-07
52.21595, 0, -8.34465E-07
52.2272, 0, -8.34465E-07
52.23828, 0, -8.34465E-07
52.24944, 0, -8.34465E-07
52.26048, 0, -8.34465E-07
52.2716, 0, -8.34465E-07
52.28314, 0, -8.34465E-07
52.2942, 0, -8.34465E-07
52.30539, 0, -8.34465E-07
52.31691, 0, -8.34465E-07
52.3284, 0, -8.34465E-07
52.33944, 0, -8.34465E-07
52.35073, 0, -8.34465E-07
52.36202, 0, -8.34465E-07
52.37346, 0, -8.34465E-07
52.38459, 0, -8.34465E-07
52.39574, 0, -8.34465E-07
52.4072, 0, -8.34465E-07
52.41851, 0, -8.34465E-07
52.42975, 0, -8.34465E-07
52.44112, 0, -8.34465E-07
52.45264, 0, -8.34465E-07
52.46366, 0, -8.34465E-07
52.47491, 0, -8.34465E-07
52.48609, 0, -8.34465E-07
52.49751, 0, -8.34465E-07
52.50879, 0, -8.34465E-07
52.51958, 0, -8.34465E-07
52.53098, 0, -8.34465E-07
52.54171, 0, -8.34465E-07
52.55333, 0, -8.34465E-07
52.56772, 0, -8.34465E-07
52.57497, 0, -8.34465E-07
52.58628, 0, -8.34465E-07
52.59756, 0, -8.34465E-07
52.60868, 0, -8.34465E-07
52.61971, 0, -8.34465E-07
52.63076, 0, -8.34465E-07
52.64221, 0, -8.34465E-07
52.65316, 0, -8.34465E-07
52.66441, 0, -8.34465E-07
52.67536, 0, -8.34465E-07
52.68632, 0, -8.34465E-07
52.69728, 0, -8.34465E-07
52.70853, 0, -8.34465E-07
52.71974, 0, -8.34465E-07
52.73068, 0, -8.34465E-07
52.74176, 0, -8.34465E-07
52.75348, 0, -8.34465E-07
52.76501, 0, -8.34465E-07
52.77515, 0, -8.34465E-07
52.78622, 0, -8.34465E-07
52.79736, 0, -8.34465E-07
52.80834, 0, -8.34465E-07
52.81952, 0, -8.34465E-07
52.83075, 0, -8.34465E-07
52.84196, 0, -8.34465E-07
52.85332, 0, -8.34465E-07
52.86409, 0, -8.34465E-07
52.8751, 0, -8.34465E-07
52.88618, 0, -8.34465E-07
52.89742, 0, -8.34465E-07
52.90855, 0, -8.34465E-07
52.91958, 0, -8.34465E-07
52.93048, 0, -8.34465E-07
52.94172, 0, -8.34465E-07
52.95291, 0, -8.34465E-07
52.96403, 0, -8.34465E-07
52.975, 0, -8.34465E-07
52.98615, 0, -8.34465E-07
52.99766, 0, -8.34465E-07
53.00853, 0, -8.34465E-07
53.0195, 0, -8.34465E-07
53.03055, 0, -8.34465E-07
53.04148, 0, -8.34465E-07
53.05283, 0, -8.34465E-07
53.06387, 0, -8.34465E-07
53.07492, 0, -8.34465E-07
53.08613, 0, -8.34465E-07
53.09727, 0, -8.34465E-07
53.10841, 0, -8.34465E-07
53.11933, 0, -8.34465E-07
53.13062, 0, -8.34465E-07
53.14177, 0, -8.34465E-07
53.1528, 0, -8.34465E-07
53.16365, 0, -8.34465E-07
53.17494, 0, -8.34465E-07
53.18612, 0, -8.34465E-07
53.19725, 0, -8.34465E-07
53.2084, 0, -8.34465E-07
53.21939, 0, -8.34465E-07
53.23043, 0, -8.34465E-07
53.2417, 0, -8.34465E-07
53.25278, 0, -8.34465E-07
53.26366, 0, -8.34465E-07
53.27493, 0, -8.34465E-07
53.28609, 0, -8.34465E-07
53.29707, 0, -8.34465E-07
53.3083, 0, -8.34465E-07
53.31934, 0, -8.34465E-07
53.33045, 0, -8.34465E-07
53.34232, 0, -8.34465E-07
53.35335, 0, -8.34465E-07
53.36415, 0, -8.34465E-07
53.37539, 0, -8.34465E-07
53.3866, 0, -8.34465E-07
53.39761, 0, -8.34465E-07
53.4092, 0, -8.34465E-07
53.41974, 0, -8.34465E-07
53.43098, 0, -8.34465E-07
53.44222, 0, -8.34465E-07
53.45322, 0, -8.34465E-07
53.46423, 0, -8.34465E-07
53.47554, 0, -8.34465E-07
53.48639, 0, -8.34465E-07
53.49799, 0, -8.34465E-07
53.50846, 0, -8.34465E-07
53.51971, 0, -8.34465E-07
53.53094, 0, -8.34465E-07
53.54229, 0, -8.34465E-07
53.55341, 0, -8.34465E-07
53.56387, 0, -8.34465E-07
53.57507, 0, -8.34465E-07
53.5865, 0, -8.34465E-07
53.59761, 0, -8.34465E-07
53.60944, 0, -8.34465E-07
53.61959, 0, -8.34465E-07
53.63071, 0, -8.34465E-07
53.64206, 0, -8.34465E-07
53.65396, 0, -8.34465E-07
53.66426, 0, -8.34465E-07
53.67551, 0, -8.34465E-07
53.6865, 0, -8.34465E-07
53.69723, 0, -8.34465E-07
53.70794, 0, -8.34465E-07
53.71923, 0, -8.34465E-07
53.7304, 0, -8.34465E-07
53.74134, 0, -8.34465E-07
53.75303, 0, -8.34465E-07
53.76388, 0, -8.34465E-07
53.77468, 0, -8.34465E-07
53.78658, 0, -8.34465E-07
53.79747, 0, -8.34465E-07
53.80853, 0, -8.34465E-07
53.81976, 0, -8.34465E-07
53.83106, 0, -8.34465E-07
53.84253, 0, -8.34465E-07
53.85299, 0, -8.34465E-07
53.86454, 0, -8.34465E-07
53.87564, 0, -8.34465E-07
53.88635, 0, -8.34465E-07
53.89748, 0, -8.34465E-07
53.90902, 0, -8.34465E-07
53.91981, 0, -8.34465E-07
53.93074, 0, -8.34465E-07
53.94217, 0, -8.34465E-07
53.95382, 0, -8.34465E-07
53.96404, 0, -8.34465E-07
53.97563, 0, -8.34465E-07
53.98633, 0, -8.34465E-07
53.99712, 0, -8.34465E-07
54.00826, 0, -8.34465E-07
54.01944, 0, -8.34465E-07
54.03091, 0, -8.34465E-07
54.042, 0, -8.34465E-07
54.05308, 0, -8.34465E-07
54.06467, 0, -8.34465E-07
54.0759, 0, -8.34465E-07
54.08621, 0, -8.34465E-07
54.09761, 0, -8.34465E-07
54.10873, 0, -8.34465E-07
54.12032, 0, -8.34465E-07
54.13055, 0, -8.34465E-07
54.1426, 0, -8.34465E-07
54.15363, 0, -8.34465E-07
54.16408, 0, -8.34465E-07
54.17521, 0, -8.34465E-07
54.18607, 0, -8.34465E-07
54.19646, 0, -8.34465E-07
54.2083, 0, -8.34465E-07
54.21893, 0, -8.34465E-07
54.23109, 0, -8.34465E-07
54.24189, 0, -8.34465E-07
54.2528, 0, -8.34465E-07
54.26324, 0, -8.34465E-07
54.275, 0, -8.34465E-07
54.28539, 0, -8.34465E-07
54.29661, 0, -8.34465E-07
54.30865, 0, -8.34465E-07
54.31876, 0, -8.34465E-07
54.33001, 0, -8.34465E-07
54.34122, 0, -8.34465E-07
54.35429, 0, -8.34465E-07
54.36374, 0, -8.34465E-07
54.37443, 0, -8.34465E-07
54.38561, 0, -8.34465E-07
54.39662, 0, -8.34465E-07
54.41417, 0, -8.34465E-07
