5.411038, 5.070536, 6.129709
5.427792, 8.30152, 6.196949
5.44011, 8.031459, 6.247007
5.449659, 8.609042, 6.296648
5.459943, 8.919263, 6.311055
5.47156, 5.338412, 6.19451
5.48322, 5.823959, 6.089094
5.495515, 5.52819, 6.088719
5.508237, 5.611478, 6.086049
5.518358, 5.446681, 6.081639
5.528348, 5.101509, 6.065137
5.539588, 5.159019, 6.03759
5.549658, 9.631151, 6.170631
5.560347, 5.720672, 6.178573
5.570502, 4.069388, 6.159058
5.581676, 5.034315, 6.126962
5.589998, 5.674198, 6.157084
5.60002, 4.707671, 6.144937
5.610744, 5.140218, 6.142943
5.621257, 9.517305, 6.286108
5.636075, 8.44116, 6.390927
5.647633, 8.271601, 6.495493
5.668137, 8.843239, 6.607215
5.693373, 8.393476, 6.658262
5.702606, 8.697813, 6.711136
5.71314, 8.158379, 6.764822
5.724657, 8.899899, 6.86537
5.733513, 8.300626, 6.894047
5.74406, 7.73164, 6.941989
5.754055, 7.76284, 6.997889
5.765526, 7.82746, 7.089786
5.776253, 8.190019, 7.08607
5.787376, 6.872547, 7.047439
5.798433, 9.170153, 7.066143
5.809706, 5.204546, 6.942319
5.820912, 7.016834, 6.998266
5.832081, 7.445381, 7.052313
5.844767, 6.830238, 7.095715
5.856461, 7.285617, 7.151519
5.867226, 6.440812, 7.184657
5.878162, 6.57856, 7.233892
5.889424, 6.204116, 7.268729
5.900354, 6.025639, 7.148545
5.910527, 6.381585, 7.170576
5.92087, 6.393249, 7.248038
5.931791, 6.86769, 7.30915
5.942739, 7.743484, 7.378127
5.954055, 7.449747, 7.469529
5.965019, 9.649815, 7.619849
5.976525, 7.711432, 7.559653
6.054552, 8.783441, 7.571063
6.088972, 9.197116, 7.601913
6.101118, 6.34045, 7.518486
6.114199, 6.39646, 7.451919
6.124591, 6.305784, 7.372185
6.136306, 8.389804, 7.379899
6.224684, 8.0859, 7.352766
6.236395, 7.093331, 7.312523
6.247595, 6.531151, 7.272506
6.260648, 9.908987, 7.344044
6.273739, 9.604917, 7.403293
6.284831, 9.273719, 7.439416
6.296366, 8.693672, 7.500121
6.307835, 8.394356, 7.474261
6.318424, 8.556438, 7.585991
6.743632, 7.136089, 7.589966
6.753766, 8.305611, 7.618641
6.765273, 7.245357, 7.632479
6.777001, 7.200101, 7.629629
6.8138, 8.902904, 7.711699
6.876108, 8.833906, 7.786876
7.086921, 7.595825, 7.833267
7.121269, 6.29722, 7.84232
7.133232, 6.582758, 7.849025
7.145544, 5.726891, 7.826814
7.155812, 6.135009, 7.802391
7.16708, 5.855398, 7.739455
7.179464, 5.633172, 7.678902
7.191641, 5.654335, 7.54572
7.202477, 5.660324, 7.477349
7.21471, 6.23347, 7.39235
7.226287, 5.907308, 7.28269
7.238909, 6.379307, 7.283985
7.251173, 6.035745, 7.271962
7.262665, 6.470881, 7.277465
7.273228, 6.470738, 7.213496
7.284891, 6.413363, 7.157744
7.296055, 5.383701, 7.100756
7.308084, 6.281425, 7.092432
7.318951, 6.328591, 6.973085
7.33126, 6.351751, 6.864646
7.342958, 5.043213, 6.72363
7.354091, 4.759268, 6.592483
7.365776, 4.514886, 6.463167
7.377057, 4.265602, 6.320139
7.389215, 5.053535, 6.250721
7.401366, 3.324526, 6.084684
7.417618, 6.167627, 6.04876
7.462042, 4.772451, 5.967838
7.473337, 4.67404, 5.826876
7.484138, 4.485938, 5.681943
7.495388, 4.407158, 5.575655
7.507447, 4.421987, 5.513146
7.519093, 5.17607, 5.466257
7.530044, 7.749763, 5.533685
7.540858, 6.051843, 5.530913
7.551857, 6.02483, 5.536561
7.562411, 5.004107, 5.515592
7.574488, 6.407644, 5.540702
7.585235, 6.54198, 5.570091
7.597344, 6.37691, 5.574872
7.608919, 2.737365, 5.469207
7.620148, 2.75782, 5.348491
7.631868, 3.013259, 5.247742
7.6436, 3.145238, 5.136887
7.655018, 3.975853, 5.053724
7.667418, 4.780187, 4.999285
7.679472, 2.987733, 4.919419
7.689966, 3.09343, 4.813153
7.700739, 3.182611, 4.708287
7.711852, 2.823761, 4.590688
7.722744, 2.787584, 4.5155
7.734998, 2.787201, 4.449765
7.746593, 2.697577, 4.389187
7.758655, 2.652553, 4.335419
7.769678, 2.715986, 4.257501
7.801227, 4.948781, 4.311643
7.812533, 3.476083, 4.221925
7.823427, 2.753049, 4.154612
7.834545, 3.313434, 4.109258
7.846985, 3.206362, 4.066605
7.858975, 2.625204, 4.007207
7.870204, 2.540324, 3.944484
7.881806, 2.821901, 3.866012
7.893124, 3.341391, 3.719066
7.903976, 3.84725, 3.64558
7.9151, 4.379436, 3.590733
7.927258, 7.350391, 3.668943
7.938047, 5.345959, 3.633553
7.949786, 5.724918, 3.606318
7.965143, 3.492725, 3.510179
7.976287, 4.064911, 3.55443
7.989295, 3.6183, 3.583113
8.000027, 3.903848, 3.612799
8.011167, 4.067863, 3.643553
8.022202, 4.006487, 3.644574
8.033275, 4.169777, 3.624227
8.044464, 4.129271, 3.662278
8.056157, 4.160811, 3.697858
8.119912, 2.933805, 3.689564
8.131139, 2.325618, 3.67296
8.142937, 1.772556, 3.639125
8.154734, 1.700694, 3.602908
8.165533, 1.553346, 3.564767
8.177735, 1.642159, 3.531087
8.187681, 1.699467, 3.497204
8.198684, 1.667099, 3.387814
8.20965, 1.537244, 3.323186
8.222575, 1.497465, 3.281333
8.235681, 1.483862, 3.220348
8.246418, 1.45859, 3.162089
8.25673, 1.427866, 3.122177
8.268945, 1.394088, 3.08397
8.279666, 1.349721, 3.034897
8.291527, 1.314787, 2.967344
8.302383, 1.360297, 2.884445
8.314306, 1.125709, 2.775988
8.32683, 1.095997, 2.567508
8.337779, 1.076413, 2.42519
8.348825, 1.099303, 2.271003
8.359577, 1.084955, 2.190743
8.370556, 1.069575, 2.090899
8.382335, 1.066285, 2.005832
8.393949, 1.089888, 1.912033
8.405378, 1.036336, 1.810982
8.415553, 1.029248, 1.711741
8.426625, 1.026943, 1.60698
8.436744, 1.030899, 1.5037
8.44771, 1.041928, 1.399738
8.459384, 1.038263, 1.336553
8.470261, 1.066567, 1.294585
8.481468, 1.048856, 1.270461
8.4913, 1.028951, 1.24807
8.502478, 1.044163, 1.231097
8.516696, 1.027472, 1.210607
8.527539, 1.012669, 1.187714
8.538127, 1.012052, 1.165879
8.549674, 1.025595, 1.148824
8.560451, 1.002696, 1.132332
8.571206, 0.9817253, 1.115594
8.582195, 0.9811808, 1.09968
8.593336, 0.9837744, 1.084877
8.604683, 0.9646013, 1.070561
8.615639, 0.9026643, 1.055659
8.627099, 0.9134808, 1.042282
8.63771, 0.9182607, 1.027548
8.64922, 0.8958707, 1.019886
8.660288, 0.8844073, 1.012833
8.67107, 0.87384, 1.006081
8.68327, 0.856825, 0.9979984
8.694291, 0.8788245, 0.9911273
8.706346, 0.886485, 0.9850243
8.717954, 0.9365417, 0.9806996
8.729078, 0.8795858, 0.9736895
8.740886, 0.897015, 0.9690455
8.752552, 0.8968499, 0.9646322
8.763941, 0.889157, 0.9600393
8.776245, 0.8774874, 0.9549256
8.787123, 0.8821747, 0.9496005
8.799305, 0.8691548, 0.9439636
8.810082, 0.8575678, 0.936997
8.821326, 0.8593761, 0.930681
8.832085, 0.8542228, 0.9248567
8.842495, 0.8490261, 0.9183521
8.854842, 0.8640066, 0.9129032
8.868565, 0.8489028, 0.9074444
8.880476, 0.8335121, 0.9014931
8.892018, 0.8390682, 0.8952755
8.902467, 0.8349177, 0.8896828
8.91346, 0.8311161, 0.8846625
8.924993, 0.8254775, 0.8794724
8.935607, 0.8225825, 0.8740994
8.945107, 0.8265808, 0.8694986
8.955687, 0.8353291, 0.8672541
8.966397, 0.8618124, 0.8655319
8.976525, 0.8959221, 0.8647872
8.987612, 0.9164446, 0.865473
8.997346, 0.9167608, 0.8665515
9.00841, 0.9075951, 0.8676767
9.019651, 0.9438342, 0.870577
9.03099, 0.9309689, 0.8723152
9.041875, 1.017089, 0.8766686
9.057011, 0.9743187, 0.8779278
9.067809, 0.9532276, 0.8803826
9.07903, 0.9529726, 0.8822479
9.090398, 0.9722822, 0.8847622
9.101951, 0.9520083, 0.8868573
9.113679, 0.9485671, 0.8892267
9.125345, 0.9364508, 0.8910359
9.136702, 0.9136609, 0.8925194
9.148909, 0.8969647, 0.8938326
9.160211, 0.8827058, 0.8946102
9.172112, 0.8685588, 0.8950881
9.182953, 0.8471506, 0.8950256
9.193725, 0.8280208, 0.8938261
9.20552, 0.8280544, 0.8931311
9.217023, 0.7982616, 0.8919561
9.227988, 0.926276, 0.894863
9.239277, 0.8090781, 0.8940017
9.250859, 0.7546168, 0.8914518
9.261839, 0.7253593, 0.8881145
9.27216, 1.000064, 0.8940306
9.283772, 0.887197, 0.8960512
9.295284, 0.881452, 0.8975886
9.306877, 0.8848372, 0.8983561
9.318108, 0.8453291, 0.8966697
9.33018, 0.8492329, 0.8944293
9.342384, 0.8160452, 0.8910722
9.35299, 0.8215904, 0.8882053
9.364804, 0.842622, 0.8848316
9.376591, 0.7934458, 0.8802475
9.387396, 0.8233545, 0.8737897
9.398321, 0.8431634, 0.8694178
9.409245, 0.8368893, 0.8655398
9.420042, 0.8996507, 0.8637625
9.43027, 0.7720459, 0.8570879
9.442038, 0.8785396, 0.8546389
9.452867, 0.8068811, 0.8499161
9.463624, 0, 0.818701
9.638019, 1.37379, 0.8340387
9.651189, 1.315184, 0.8479793
9.663758, 1.264822, 0.8607165
9.678174, 1.514506, 0.882248
9.688799, 1.499586, 0.9039959
9.700055, 1.61758, 0.9303146
9.709746, 1.542878, 0.954142
9.721746, 1.57069, 0.9798896
9.73412, 1.575513, 1.001531
9.744966, 1.549009, 1.026195
9.755554, 1.606005, 1.054575
9.765813, 1.617475, 1.084312
9.776801, 1.615596, 1.10483
9.786731, 1.602847, 1.128685
9.798953, 1.62956, 1.153622
9.810262, 1.566848, 1.176355
9.820575, 1.60043, 1.201525
9.832857, 1.549617, 1.224872
9.842887, 1.539184, 1.248976
9.853972, 1.517687, 1.272179
9.866006, 1.492119, 1.293829
9.876755, 1.558336, 1.319326
9.888872, 1.538901, 1.343177
9.898993, 1.540132, 1.36641
9.909482, 1.549419, 1.390161
9.920294, 1.418907, 1.407469
9.931244, 1.364424, 1.427215
9.942807, 1.409081, 1.4449
9.953917, 1.425861, 1.465533
9.964581, 1.551839, 1.51726
9.974972, 1.603455, 1.524916
9.986116, 1.590563, 1.534095
9.998404, 1.611944, 1.545666
10.01055, 1.724346, 1.552661
10.02287, 1.852713, 1.564432
10.03492, 2.028329, 1.578123
10.04503, 2.098387, 1.59664
10.05504, 2.281188, 1.620324
10.06583, 2.408888, 1.648103
10.07704, 2.530055, 1.680804
10.08763, 2.560028, 1.712605
10.09987, 2.641291, 1.746733
10.11108, 2.87989, 1.788876
10.12199, 2.890159, 1.831786
10.13252, 2.950732, 1.875825
10.14347, 3.412236, 1.937338
10.15465, 3.668112, 2.006261
10.16612, 4.14654, 2.092825
10.18205, 4.897738, 2.204777
10.19348, 5.887239, 2.350429
10.20417, 6.576334, 2.519902
10.21596, 8.96954, 2.766942
10.22702, 6.640536, 2.936997
10.23909, 8.94563, 3.183847
10.27217, 8.431083, 3.413236
10.28327, 7.611607, 3.619659
10.29431, 8.079677, 3.843501
10.30422, 7.976904, 4.062428
10.31579, 8.058895, 4.28353
10.32598, 8.618625, 4.519089
10.33714, 7.768638, 4.724595
10.34765, 7.153939, 4.910041
10.35977, 6.941073, 5.087679
10.60924, 2.001164, 5.096906
10.61886, 3.527102, 5.152719
10.62975, 2.52977, 5.169434
10.64167, 4.073661, 5.235276
10.65321, 8.942666, 5.457325
10.99602, 9.676084, 5.699565
11.00731, 7.790654, 5.874918
11.0185, 5.448559, 5.971202
11.02957, 5.423235, 6.063934
11.04207, 6.039863, 6.169266
11.05269, 6.314622, 6.283415
11.06459, 7.136592, 6.422944
11.07576, 7.749727, 6.567527
11.08672, 7.851246, 6.706964
11.10944, 4.79504, 6.728581
11.12142, 2.922409, 6.662737
11.13237, 7.746339, 6.724707
11.1435, 4.472634, 6.654584
11.15603, 3.412593, 6.469352
11.16842, 2.944547, 6.346153
11.18039, 2.842164, 6.142704
11.19143, 2.818308, 5.955612
11.20243, 4.962765, 5.867317
11.21212, 5.128742, 5.768952
11.22271, 5.69677, 5.692948
11.23393, 6.000644, 5.62434
11.2449, 5.446525, 5.518603
11.25719, 5.336408, 5.437529
11.27226, 5.569226, 5.384705
11.28216, 5.742459, 5.344751
11.29346, 6.989731, 5.511037
11.30405, 6.531404, 5.611181
11.3152, 8.645403, 5.815035
11.32622, 8.134021, 5.95038
11.33705, 8.505316, 5.935802
11.34918, 7.053971, 5.848398
11.40522, 9.95265, 5.920465
11.43421, 8.584879, 6.025009
11.45852, 9.234975, 6.152067
11.47011, 9.845664, 6.278926
11.62914, 9.982215, 6.401179
11.64018, 9.219914, 6.470623
11.65123, 6.983568, 6.445085
11.66246, 6.238055, 6.391312
11.67401, 6.743855, 6.456272
11.785, 8.653609, 6.647312
11.808, 7.810437, 6.649449
11.81951, 7.16527, 6.739203
11.83114, 9.322204, 6.93619
12.18581, 4.559554, 6.990023
12.19766, 1.61938, 6.949264
12.2083, 2.612821, 6.942414
12.21942, 2.57873, 6.862947
12.23146, 2.788368, 6.784934
12.24348, 3.085651, 6.697896
12.25437, 3.613057, 6.61831
12.26663, 3.734855, 6.561255
12.2787, 3.934533, 6.514525
12.29132, 3.793717, 6.455342
12.30165, 3.447581, 6.378846
12.3141, 3.469041, 6.261489
12.32567, 3.813412, 6.17089
12.33784, 4.161721, 6.021434
12.34928, 4.365535, 5.895818
12.36137, 5.459275, 5.794283
12.37272, 4.983157, 5.725256
12.38372, 5.360726, 5.572192
12.39575, 5.726573, 5.476915
12.40661, 6.255241, 5.377591
12.41799, 8.096448, 5.319284
12.42906, 7.63062, 5.240898
12.43999, 9.184898, 5.239731
12.45084, 9.891961, 5.336678
12.46202, 8.658626, 5.417364
12.4739, 6.896711, 5.422459
12.48538, 3.78922, 5.260313
12.49719, 6.255312, 5.208475
12.50737, 7.80188, 5.229695
12.67145, 7.246365, 5.160501
12.68229, 4.698103, 5.165119
12.69294, 2.696803, 5.201033
12.70488, 4.221916, 5.254669
12.71579, 2.829972, 5.263044
12.72707, 2.970782, 5.269125
12.73786, 2.728858, 5.257231
12.74796, 2.875525, 5.232646
12.75902, 2.937417, 5.206066
12.77008, 2.92117, 5.172287
12.78007, 2.638686, 5.133786
12.79139, 2.377404, 5.098114
12.80223, 2.189145, 5.05545
12.81397, 2.117758, 4.998929
12.82414, 2.096015, 4.930071
12.83586, 2.03285, 4.852315
12.84791, 2.045941, 4.738537
12.85914, 3.734123, 4.696902
12.87065, 4.00931, 4.651855
12.88085, 4.838, 4.622236
13.03388, 7.621788, 4.667787
13.04619, 7.621788, 4.651965
13.10946, 8.646978, 4.685843
13.11982, 7.200491, 4.619696
13.13099, 6.843304, 4.518074
13.14209, 4.717878, 4.386716
13.15384, 6.516504, 4.374042
13.16379, 6.431711, 4.462126
13.1773, 4.722034, 4.411016
13.18763, 4.391275, 4.29733
13.19892, 4.705009, 4.212617
13.20993, 5.41504, 4.236516
13.22126, 5.696027, 4.336489
13.23369, 5.522403, 4.379839
13.2459, 6.275145, 4.494678
13.258, 6.535237, 4.613493
13.26919, 5.708247, 4.712807
13.27967, 4.63985, 4.771617
13.29123, 4.208185, 4.813977
13.30226, 2.910875, 4.813633
13.31351, 3.188027, 4.831945
13.32587, 2.041781, 4.820757
13.33668, 2.361777, 4.826511
13.34715, 1.458278, 4.804529
13.35787, 1.631148, 4.789033
13.36905, 1.581508, 4.773989
13.38056, 1.389203, 4.752098
13.39194, 1.320225, 4.671634
13.4017, 1.267343, 4.580235
13.4129, 1.232304, 4.460045
13.42454, 1.217164, 4.246558
13.43498, 1.183203, 4.031939
13.44565, 1.164675, 3.782528
13.45768, 1.173996, 3.581645
13.46665, 1.181326, 3.392912
13.47854, 1.113322, 3.27276
13.48886, 1.1779, 3.094807
13.49907, 1.048446, 2.915365
13.5103, 1.027278, 2.792206
13.52174, 1.069771, 2.681489
13.53159, 1.04468, 2.559479
13.54247, 0.9880276, 2.411911
13.55408, 0.9644318, 2.254192
13.56601, 0.9454961, 2.101628
13.57717, 0.9957362, 1.925648
13.58776, 1.000412, 1.741154
13.59894, 1.006428, 1.584426
13.60917, 1.002749, 1.46319
13.62004, 0.9873284, 1.355828
13.63094, 0.9838065, 1.291592
13.64181, 0.9858811, 1.218187
13.65388, 0.9794906, 1.182777
13.66587, 0.967175, 1.136291
13.67573, 0.9575819, 1.119601
13.69122, 0.9560509, 1.097097
13.70212, 0.9553936, 1.076227
13.71282, 0.9292732, 1.060896
13.72462, 0.9284781, 1.047838
13.736, 0.9068779, 1.035822
13.74603, 0.9163476, 1.02529
13.75782, 0.9361644, 1.015924
13.76909, 0.9287284, 1.007441
13.7798, 0.9177507, 0.9992104
13.79178, 0.8961028, 0.9899473
13.80229, 0.8837055, 0.9800266
13.81377, 0.9512149, 0.9746231
13.82676, 0.936879, 0.966589
13.83741, 0.955625, 0.963495
13.84864, 1.025585, 0.9634386
13.86057, 1.006679, 0.9613355
13.87183, 0.89878, 0.9564723
13.8826, 1.030411, 0.957885
13.89392, 1.038236, 0.9603452
13.90451, 1.040945, 0.9635268
13.91516, 1.028207, 0.9646092
13.9259, 1.03876, 0.9658874
13.93778, 1.025327, 0.9665174
13.94952, 1.022999, 0.9671925
13.96088, 1.007807, 0.9678751
13.97265, 1.000976, 0.9684474
13.98417, 1.158317, 0.9741953
13.99631, 1.221438, 0.9822602
14.0069, 1.22272, 0.9907783
14.01836, 1.278989, 1.001492
14.02869, 1.394367, 1.016102
14.04063, 1.377042, 1.030157
14.05202, 1.485296, 1.048692
14.06394, 1.527858, 1.068671
14.07556, 1.513158, 1.08888
14.0856, 1.232048, 1.099403
14.09683, 1.050346, 1.103209
14.10697, 1.230087, 1.113255
14.11779, 1.050844, 1.117691
14.12875, 1.236389, 1.129034
14.1409, 1.235922, 1.140774
14.1518, 1.269368, 1.15138
14.16396, 1.206484, 1.160367
14.17504, 1.137429, 1.166427
14.18679, 1.104129, 1.169045
14.1977, 1.079602, 1.171476
14.20861, 1.072181, 1.177256
14.22302, 1.103934, 1.179706
14.23414, 1.128782, 1.182725
14.24632, 1.203485, 1.188143
14.25767, 1.275947, 1.196401
14.26837, 1.318342, 1.20572
14.27851, 1.30451, 1.215026
14.28984, 1.256331, 1.222804
14.30089, 1.364851, 1.234705
14.31119, 1.328411, 1.24562
14.32163, 1.333609, 1.251463
14.33374, 1.292628, 1.253836
14.34387, 1.256847, 1.254973
14.35456, 1.312909, 1.256104
14.36535, 1.317062, 1.253527
14.37632, 1.511474, 1.258008
14.38729, 1.520129, 1.259169
14.39891, 1.479605, 1.257561
14.40992, 1.445621, 1.25531
14.42109, 1.416803, 1.261468
14.4332, 1.365845, 1.271985
14.44421, 1.375853, 1.276844
14.45518, 1.370329, 1.287493
14.46685, 1.345875, 1.291143
14.47724, 1.351305, 1.294989
14.48879, 1.406325, 1.299554
14.49988, 1.445409, 1.307518
14.51196, 1.427746, 1.317196
14.52401, 1.395052, 1.326893
14.53428, 1.356694, 1.336129
14.54658, 1.36706, 1.345959
14.55875, 1.358708, 1.354451
14.56802, 1.293259, 1.359934
14.57787, 1.367568, 1.365403
14.58919, 1.292053, 1.36594
14.59965, 1.261183, 1.364035
14.6103, 1.243729, 1.362009
14.62202, 1.23373, 1.361255
14.63279, 1.352655, 1.360849
14.64263, 1.343119, 1.361339
14.65301, 1.455082, 1.365388
14.665, 1.444595, 1.370454
14.67587, 1.637087, 1.383129
14.68814, 1.630598, 1.393718
14.69987, 1.587204, 1.402723
14.71226, 1.556224, 1.404215
14.72297, 1.626694, 1.407767
14.73762, 1.626064, 1.412649
14.74867, 1.66462, 1.419948
14.76015, 1.67, 1.428388
14.77027, 1.717136, 1.440098
14.78172, 1.736896, 1.452133
14.79292, 1.796993, 1.466355
14.80476, 1.843958, 1.482958
14.81651, 3.082917, 1.540678
14.82597, 1.693419, 1.550248
14.83656, 3.038723, 1.603359
14.84654, 1.768061, 1.614702
14.85859, 2.553545, 1.653319
14.87037, 7.376458, 1.853978
14.88188, 3.905819, 1.938603
14.91401, 5.468251, 2.075588
14.93652, 3.820924, 2.159843
14.94732, 6.367093, 2.326494
15.0435, 8.178378, 2.556038
15.05589, 8.276545, 2.789883
15.06584, 8.918267, 3.045701
15.08977, 6.789149, 3.230882
15.10078, 6.815895, 3.41299
15.11085, 7.133168, 3.605992
15.12173, 7.561545, 3.80954
15.13275, 7.621502, 4.015437
15.15452, 7.783118, 4.220305
15.16486, 5.802191, 4.359358
15.17582, 8.17748, 4.579033
15.18697, 6.959259, 4.759134
15.199, 7.623234, 4.959019
15.20975, 7.994293, 5.171293
15.26285, 2.896741, 5.212364
15.27331, 2.358227, 5.235305
15.28735, 3.86779, 5.306993
15.29844, 2.462086, 5.331166
15.30808, 2.080966, 5.340631
15.31784, 1.483614, 5.32862
15.32844, 1.618489, 5.279806
15.34076, 1.845621, 5.284879
15.35178, 1.527632, 5.234509
15.36111, 1.208803, 5.215867
15.37223, 1.529321, 5.181726
15.3831, 2.141942, 5.007242
15.39401, 1.473617, 4.926169
15.40564, 1.842124, 4.805298
15.41698, 1.586221, 4.730808
15.42805, 1.72757, 4.576157
15.43894, 1.76985, 4.36254
15.45007, 1.660868, 4.142017
15.46126, 1.613732, 3.898533
15.47284, 1.565012, 3.724395
15.48421, 1.485048, 3.5467
15.49501, 1.477534, 3.358179
15.50684, 1.419449, 3.153442
15.51794, 1.361821, 2.944786
15.52971, 1.327086, 2.729585
15.54224, 1.345984, 2.581045
15.55291, 1.339844, 2.353123
15.56386, 1.341043, 2.165849
15.57493, 1.317805, 1.955669
15.58681, 1.385825, 1.735386
15.59692, 1.381154, 1.684867
15.60895, 1.343587, 1.651045
15.62051, 1.386947, 1.568351
15.63178, 1.376232, 1.532156
15.64254, 1.318048, 1.506725
15.65438, 1.30355, 1.500723
15.66435, 1.286274, 1.489649
15.67557, 1.2631, 1.470232
15.68659, 1.257541, 1.461228
15.69939, 1.309823, 1.464596
15.71322, 1.303237, 1.45706
15.72477, 1.341501, 1.430378
15.735, 1.342465, 1.426007
15.74693, 1.454522, 1.413086
15.75744, 1.441177, 1.408252
15.76963, 1.514448, 1.401148
15.78163, 1.506545, 1.392371
15.79282, 1.490177, 1.386681
15.80462, 1.49945, 1.382872
15.81846, 1.449669, 1.379027
15.83086, 1.404447, 1.37634
15.84192, 1.353257, 1.372198
15.85373, 1.33367, 1.369338
15.86603, 1.313759, 1.367736
15.88148, 1.329495, 1.367816
15.8904, 1.301697, 1.36634
15.90172, 1.282173, 1.364418
15.91026, 1.443068, 1.367819
15.92169, 1.531263, 1.374934
15.93311, 1.296418, 1.371954
15.94282, 0.9694659, 1.358231
15.95343, 1.523574, 1.36423
15.96437, 1.089449, 1.354314
15.97397, 0.7465619, 1.333325
15.98366, 0.9705811, 1.321743
15.99412, 0.8313177, 1.306002
16.00496, 0, 1.263126
16.01637, 0.5066444, 1.237911
16.0271, 0.5411417, 1.214031
16.03839, 0, 1.17037
16.0496, 0, 1.126929
16.06255, 0.5295026, 1.099862
16.07401, 0.582024, 1.074514
16.08362, 0.6304796, 1.047046
16.09475, 0.6358459, 1.020201
16.10527, 0.6212444, 0.990428
16.11617, 0.6252943, 0.961053
16.12684, 0.6303618, 0.9323924
16.13898, 0.6317296, 0.9034684
16.15026, 0.6310652, 0.8761816
16.16017, 0.6505946, 0.8510532
16.17124, 0.6496531, 0.8275997
16.18326, 0.6721097, 0.8055477
16.19378, 0.6638006, 0.7838824
16.20498, 0.717873, 0.7634951
16.21571, 0.7229182, 0.7442024
16.22692, 0.7219915, 0.7255297
16.23783, 0.7615721, 0.7028132
16.24981, 0.7936702, 0.6782268
16.26103, 0.7870968, 0.6612493
16.27293, 0.7148746, 0.652763
16.28385, 0.7054091, 0.6254908
16.29587, 0.7062367, 0.612717
16.30816, 0.7097456, 0.6114899
16.32025, 0.7260852, 0.60334
16.33678, 0.742323, 0.6003735
16.34814, 0.755864, 0.625569
16.35925, 0.7688914, 0.6343105
16.37191, 0.8050627, 0.643108
16.38298, 0.7609193, 0.6684719
16.39498, 0.7792678, 0.6944475
16.40595, 0.8973237, 0.7067082
16.41717, 0.5859296, 0.7068384
16.42865, 0, 0.6858224
16.5047, 1.355094, 0.7097974
16.51612, 1.268673, 0.7313784
16.52676, 1.127933, 0.748133
16.53936, 1.296158, 0.7703263
16.55145, 1.237082, 0.7905046
16.5635, 2.396621, 0.8493565
16.57574, 0.9498757, 0.8593325
16.58696, 0, 0.8376774
16.72989, 1.511793, 0.8656669
16.74267, 1.441265, 0.8915824
16.75545, 1.199768, 0.9076455
16.76806, 1.784027, 0.9430159
16.78021, 1.705412, 0.9757965
16.79115, 1.44292, 0.9985082
16.80215, 1.434393, 1.019866
16.81293, 1.42933, 1.041273
16.82502, 1.490617, 1.067131
16.83626, 1.551166, 1.095323
16.84696, 1.631311, 1.126159
16.8581, 1.704731, 1.159325
16.86808, 1.730684, 1.192812
16.87878, 1.699489, 1.224717
16.89075, 1.67059, 1.255208
16.90153, 1.898781, 1.292871
16.91607, 2.238881, 1.340665
16.92685, 2.267885, 1.390897
16.9379, 2.31073, 1.441946
16.95025, 2.328011, 1.489636
16.96188, 2.342911, 1.548202
16.97178, 2.396486, 1.628085
16.98219, 2.367109, 1.661818
16.99319, 2.390213, 1.699203
17.00475, 2.368648, 1.74056
17.01696, 2.382472, 1.776771
17.02671, 2.521558, 1.819586
17.03749, 2.518183, 1.823639
17.04903, 2.513286, 1.875752
17.06023, 2.664455, 1.964567
17.07115, 2.580513, 2.000191
17.08279, 2.805139, 2.045654
17.09327, 3.019117, 2.106299
17.10522, 3.059144, 2.148803
17.11559, 3.588879, 2.211585
17.12675, 3.571956, 2.282553
17.13782, 3.657111, 2.356643
17.14919, 3.963029, 2.4411
17.15973, 3.955115, 2.52325
17.17112, 3.959378, 2.603524
17.18235, 3.959379, 2.681126
17.19495, 4.150457, 2.762651
17.21732, 4.003784, 2.838421
17.22821, 4.129484, 2.919421
17.23934, 4.324876, 3.007897
17.2508, 2.282872, 3.0207
17.26273, 2.507573, 3.029656
17.27547, 2.609313, 3.041038
17.28686, 2.676975, 3.053246
17.29889, 2.887803, 3.071905
17.30986, 3.240028, 3.101809
17.32225, 3.304517, 3.132077
17.33281, 3.26017, 3.161846
17.34347, 3.529476, 3.199821
17.35515, 3.81084, 3.247894
17.36639, 4.164131, 3.307283
17.37812, 4.719316, 3.380541
17.38774, 4.793884, 3.456398
17.3999, 5.234555, 3.547107
17.4117, 5.339416, 3.636273
17.42208, 5.219681, 3.724245
17.43327, 4.748309, 3.789017
17.44296, 4.693738, 3.844838
17.45816, 4.903613, 3.90632
17.46961, 4.820258, 3.947366
17.4809, 5.422964, 4.009067
17.49156, 5.017796, 4.054423
17.50073, 4.962871, 4.087751
17.51225, 5.23667, 4.130469
17.52303, 4.233943, 4.139621
17.53266, 3.049874, 4.109304
17.5449, 6.601867, 4.191018
17.55708, 6.93661, 4.288779
17.56823, 4.665465, 4.306645
17.58009, 4.206448, 4.302697
17.58988, 4.121017, 4.363969
17.60034, 3.915319, 4.410894
17.61207, 4.408755, 4.470875
17.62299, 4.883118, 4.544413
17.63381, 5.002605, 4.614907
17.64581, 4.813679, 4.667362
17.6571, 4.519326, 4.707856
17.66855, 4.107923, 4.736114
17.68004, 3.895475, 4.748314
17.69078, 3.850153, 4.749625
17.70286, 5.762834, 4.802915
17.7147, 5.488935, 4.828569
17.72563, 5.418554, 4.849391
17.73765, 5.426333, 4.855783
17.74973, 6.210481, 4.884819
17.7617, 5.87663, 4.906717
17.77269, 5.45789, 4.93037
17.78406, 5.492118, 4.956983
17.80647, 7.34427, 5.038338
17.81764, 3.421087, 4.991699
17.829, 4.264207, 4.953074
17.83972, 4.776459, 4.945029
17.84979, 3.817919, 4.906864
17.85957, 4.639423, 4.886956
17.87088, 4.294356, 4.888969
17.88239, 4.001489, 4.92069
17.89287, 7.277571, 4.943213
17.90423, 6.477441, 4.927908
17.91511, 5.836144, 4.966931
17.9262, 5.007426, 4.99363
17.93721, 4.714243, 5.013404
18.15244, 4.614181, 5.0367
18.17212, 5.353703, 5.068198
18.18271, 1.979141, 4.971399
18.19288, 2.91652, 4.901863
18.2045, 1.523308, 4.792183
18.21572, 1.399042, 4.688174
18.22719, 1.312018, 4.594977
18.2387, 1.196287, 4.505004
18.25045, 1.311126, 4.42037
18.26195, 1.408609, 4.275229
18.27341, 1.37163, 4.137985
18.28479, 1.330208, 4.001707
18.29587, 1.324091, 3.864966
18.30662, 1.311606, 3.70167
18.31763, 1.419676, 3.553105
18.32912, 1.357881, 3.416438
18.34093, 1.348612, 3.278321
18.35135, 1.293344, 3.076623
18.36265, 1.267607, 3.004841
18.374, 1.563706, 2.914824
18.3848, 1.905081, 2.819111
18.39605, 1.967049, 2.757416
18.40668, 1.235325, 2.643946
18.42206, 0, 2.500801
18.67492, 0.8771689, 2.396657
18.68608, 0.8560286, 2.182605
18.6963, 3.962383, 2.09877
18.70678, 0.8143585, 1.931377
18.71772, 1.009445, 1.798111
18.72801, 0.8244799, 1.668452
18.73866, 0.5424774, 1.532728
18.74909, 0.7836532, 1.380394
18.75912, 1.119543, 1.35174
18.77053, 1.019721, 1.288514
18.78114, 1.232181, 1.278809
18.79257, 0.7918721, 1.25857
18.80392, 0.8290518, 1.242471
18.81469, 0.8119263, 1.22966
18.82587, 0.9550853, 1.217791
18.83684, 1.11501, 1.208005
18.84819, 1.098704, 1.198907
18.85932, 1.087878, 1.19083
18.87021, 1.086727, 1.182917
18.88228, 1.030913, 1.173561
18.8946, 1.047541, 1.161157
18.90536, 1.031907, 1.150291
18.91759, 1.017757, 1.139262
18.92863, 0.9981166, 1.129421
18.93964, 0.9925076, 1.120251
18.95023, 1.005123, 1.101632
18.96177, 1.026181, 1.072335
18.97378, 1.08049, 1.042783
18.98408, 1.077315, 1.037516
18.99511, 1.096987, 1.074083
19.00686, 1.155299, 1.083354
19.01842, 1.155214, 1.093326
19.0296, 1.161831, 0.9999745
19.04107, 1.263083, 1.014932
19.05083, 1.322068, 1.025353
19.06194, 1.370515, 1.043554
19.0744, 1.40069, 1.072161
19.08722, 1.429604, 1.093693
19.09908, 1.391691, 1.102764
19.11134, 1.197084, 1.108677
19.12333, 1.25257, 1.109356
19.13444, 1.965308, 1.148471
19.14624, 1.367922, 1.166433
19.16035, 1.379849, 1.185364
19.17086, 3.011134, 1.253899
19.18124, 1.34459, 1.261551
19.19204, 1.182693, 1.264351
19.20481, 1.177209, 1.267329
19.21626, 1.125699, 1.268628
19.22701, 1.124988, 1.271763
19.23804, 1.204507, 1.276996
19.24919, 4.425851, 1.390127
19.27193, 0.9505769, 1.387888
19.29266, 0.6252294, 1.375458
19.30382, 0.939343, 1.373686
19.31605, 0.3915304, 1.353233
19.3269, 0.618301, 1.339637
19.33917, 0, 1.303621
19.35021, 0.5883477, 1.287322
19.36196, 0.5934004, 1.270535
19.37314, 0.5976169, 1.251946
19.38396, 0.5136517, 1.230561
19.39523, 0.4594654, 1.207148
19.40708, 0.5190191, 1.182346
19.41818, 0.510421, 1.155291
19.42875, 0.4823766, 1.125687
19.43973, 0.5198424, 1.096325
19.45064, 0.5457475, 1.066863
19.46287, 0.6310768, 1.041509
19.47366, 0.6414075, 1.022987
19.48436, 0.6920798, 1.004304
19.49552, 0.7690914, 0.96443
19.50676, 0.8535312, 0.9472836
19.51713, 1.175166, 0.9404609
19.52568, 1.188013, 0.8796902
19.53667, 1.215675, 0.875393
19.54754, 1.223509, 0.8767536
19.55889, 1.225944, 0.8783781
19.57006, 1.366451, 0.8864031
19.58208, 1.530854, 0.899932
19.59258, 1.531247, 0.9108233
19.60423, 1.537252, 0.8145367
19.61675, 1.592312, 0.8359278
19.62706, 1.590611, 0.8681072
19.63887, 1.539535, 0.8881137
19.64959, 1.543354, 0.9265078
19.6611, 1.592912, 0.9589948
19.67224, 1.331133, 1.003366
19.73953, 2.787913, 1.076685
19.751, 2.966283, 1.155781
19.76251, 5.050406, 1.304207
19.77325, 6.723551, 1.511204
19.78404, 2.929264, 1.59353
19.79573, 5.589657, 1.762552
19.80654, 2.120631, 1.816225
19.8174, 3.190749, 1.906504
19.82885, 3.269112, 1.998147
19.84149, 2.711094, 2.070325
19.85324, 2.739602, 2.140609
19.86441, 2.587224, 2.20547
19.87503, 2.297983, 2.259
19.88704, 2.469129, 2.315668
19.89794, 3.788948, 2.413515
19.90912, 2.76614, 2.466548
19.92099, 2.881064, 2.522983
19.93303, 2.894742, 2.578952
19.94492, 4.244639, 2.679656
19.95643, 3.723386, 2.762904
19.96718, 5.202056, 2.890758
20.35039, 4.438725, 2.987687
20.36273, 6.785387, 3.162825
20.37473, 3.926781, 3.242476
20.39732, 3.05623, 3.291273
20.40759, 1.721719, 3.295643
20.41878, 1.430704, 3.292015
20.43044, 1.753555, 3.299022
20.44215, 1.617021, 3.299826
20.45427, 2.206062, 3.32899
20.46659, 1.688568, 3.292346
20.47798, 1.606899, 3.247032
20.48906, 1.534685, 3.129842
20.50051, 1.543643, 2.957178
20.51233, 1.473806, 2.908663
20.52442, 1.507436, 2.772589
20.53588, 1.536098, 2.753104
20.54711, 1.511441, 2.697128
20.55814, 1.34427, 2.632966
20.56914, 1.321221, 2.586637
20.58166, 1.364488, 2.5408
20.59384, 1.438655, 2.502514
20.6075, 1.572443, 2.478329
20.62188, 1.67036, 2.451703
20.63326, 1.639573, 2.380058
20.64497, 1.601226, 2.341227
20.6556, 1.5654, 2.297372
20.66729, 1.650805, 2.255907
20.68, 1.598705, 2.167709
20.6899, 1.57383, 2.096057
20.70111, 1.548351, 1.974267
20.71146, 1.504999, 1.876476
20.72278, 1.47913, 1.699601
20.73362, 1.464462, 1.617524
20.74486, 1.567585, 1.567902
20.7568, 1.619627, 1.564499
20.77155, 1.572876, 1.569238
20.78184, 1.573218, 1.563227
20.79293, 1.565134, 1.561497
20.80457, 1.568542, 1.540247
20.81606, 1.585534, 1.536812
20.82645, 1.600775, 1.536608
20.83764, 1.706699, 1.542342
20.84891, 1.72518, 1.548393
20.86062, 1.673349, 1.555045
20.87267, 1.676888, 1.560693
20.88432, 1.752601, 1.56791
20.89708, 1.744125, 1.575666
20.90828, 1.819496, 1.591507
20.91999, 1.778855, 1.606761
20.93037, 1.843193, 1.622718
20.94175, 1.749253, 1.633071
20.95306, 1.781846, 1.640051
20.96611, 2.129081, 1.655342
20.97882, 1.929718, 1.665014
20.98985, 1.939688, 1.676296
21.00092, 1.99344, 1.690564
21.01283, 2.030973, 1.703236
21.02168, 2.060508, 1.718629
21.03293, 2.098875, 1.736131
21.04484, 1.8882, 1.747459
21.05612, 1.693019, 1.753726
21.06685, 1.318724, 1.74838
21.07784, 1.626874, 1.753793
21.08914, 1.64544, 1.756388
21.10393, 1.531724, 1.753458
21.11607, 1.641563, 1.755748
21.12748, 1.814448, 1.763789
21.1388, 2.025053, 1.77912
21.15, 1.929364, 1.791147
21.16167, 1.934917, 1.802793
21.17853, 1.824466, 1.81025
21.18863, 1.801435, 1.813407
21.20032, 1.741654, 1.813956
21.21182, 1.776481, 1.817394
21.22276, 1.662619, 1.816919
21.2341, 1.601461, 1.811881
21.24367, 1.605605, 1.807263
21.25479, 1.610485, 1.800296
21.2663, 1.709814, 1.797995
21.27713, 1.816733, 1.797113
21.28906, 1.695667, 1.795327
21.29999, 1.722023, 1.793333
21.30971, 1.763515, 1.781147
21.32474, 2.105417, 1.787004
21.33583, 2.002593, 1.789101
21.34694, 1.968537, 1.78827
21.35824, 2.089666, 1.790227
21.36902, 1.989534, 1.787861
21.38098, 1.174408, 1.757046
21.39168, 1.052369, 1.729185
21.40274, 0.820969, 1.700116
21.41375, 0.7320911, 1.680562
21.42449, 0.723169, 1.650438
21.43677, 0.6896247, 1.618578
21.44896, 0.6594199, 1.589501
21.46508, 0.9904737, 1.567798
21.4769, 1.03661, 1.54187
21.48905, 1.013331, 1.508146
21.49927, 1.004531, 1.477318
21.50923, 0.9706866, 1.445177
21.52091, 0.9354815, 1.415544
21.53183, 0.9004555, 1.385512
21.54223, 0.8979368, 1.357388
21.55294, 0.887865, 1.327767
21.56473, 0.8925993, 1.3021
21.57568, 0.8853458, 1.27823
21.58689, 0.8394991, 1.252693
21.59678, 0.8587639, 1.227636
21.60919, 0.8242579, 1.198117
21.61992, 0.8488037, 1.165853
21.63214, 0.5961201, 1.129201
21.64092, 0.5512509, 1.090175
21.653, 0.6481207, 1.052995
21.66262, 7.197862, 1.222744
21.6737, 1.193638, 1.195778
21.68587, 1.305961, 1.173693
21.69798, 1.970349, 1.169715
21.70892, 2.570311, 1.189075
21.72066, 6.009221, 1.350235
21.73185, 4.75924, 1.473797
21.74325, 2.993708, 1.546222
21.75361, 6.510268, 1.738828
21.80808, 6.464683, 1.930212
21.81849, 8.365406, 2.186072
21.83036, 7.839845, 2.425419
21.88349, 8.151649, 2.664125
21.89368, 8.205636, 2.903092
21.90592, 7.572429, 3.121729
21.91716, 6.874143, 3.317383
21.92865, 6.725615, 3.509214
21.95152, 4.195554, 3.617883
21.96399, 4.052418, 3.722949
21.97495, 5.576366, 3.878896
21.9864, 6.272671, 4.05839
21.99771, 7.486422, 4.278184
22.00958, 9.181723, 4.55473
22.02105, 9.77756, 4.852665
22.05223, 9.531258, 5.141748
22.06308, 7.382783, 5.360365
22.14819, 9.692729, 5.655163
22.15842, 8.917652, 5.932548
22.18129, 3.359163, 6.026145
22.19195, 2.553993, 6.089674
22.2028, 2.598781, 5.936371
22.21479, 2.468772, 5.978875
22.22725, 3.296204, 6.045217
22.2388, 2.839147, 6.074176
22.24988, 2.750886, 6.080195
22.26217, 2.704792, 5.970048
22.27279, 2.510987, 5.895106
22.28277, 2.291157, 5.871687
22.29463, 1.807717, 5.714936
22.30528, 1.914776, 5.563272
22.3157, 2.416659, 5.364981
22.32696, 2.542773, 5.188412
22.33776, 2.370488, 4.995706
22.34866, 1.622815, 4.776278
22.36077, 1.897215, 4.587105
22.37292, 2.102664, 4.428055
22.38394, 2.30183, 4.280596
22.39581, 2.234361, 4.215223
22.40718, 2.350726, 4.158499
22.41956, 2.175977, 4.045153
22.42986, 2.423871, 3.91686
22.44266, 2.650011, 3.755646
22.45465, 2.442321, 3.530999
22.46491, 2.713264, 3.295523
22.47696, 2.717481, 3.068397
22.48918, 2.677754, 2.911563
22.49875, 2.438436, 2.669754
22.51015, 2.452752, 2.454257
22.52084, 2.325202, 2.419791
22.53461, 1.952655, 2.399747
22.54589, 1.760472, 2.371803
22.55676, 1.701341, 2.346222
22.56683, 1.836931, 2.29758
22.57879, 1.849615, 2.264595
22.59033, 1.903534, 2.23635
22.60279, 1.914627, 2.210011
22.61407, 1.947923, 2.191242
22.62444, 2.08231, 2.184281
22.63573, 2.174499, 2.196507
22.6474, 2.082152, 2.202086
22.65751, 2.139595, 2.192851
22.66895, 2.226391, 2.182305
22.68088, 2.419611, 2.183942
22.69081, 2.194983, 2.203014
22.70299, 2.150406, 2.211454
22.71488, 2.294683, 2.217855
22.72564, 2.488608, 2.224081
22.73825, 2.560081, 2.234938
22.74856, 2.675924, 2.245778
22.75875, 2.725826, 2.264107
22.77003, 2.551774, 2.26837
22.78046, 2.623165, 2.267475
22.7914, 3.153988, 2.291197
22.80187, 2.77744, 2.293336
22.81302, 2.80666, 2.296309
22.82428, 3.788043, 2.333318
22.83531, 3.916622, 2.382591
22.84629, 4.829178, 2.461805
22.85731, 5.060167, 2.552971
22.86854, 5.086601, 2.657436
22.87962, 5.030871, 2.766449
22.89105, 1.416404, 2.756951
22.90178, 1.048854, 2.730682
22.91299, 1.892505, 2.732111
22.92409, 1.096857, 2.705222
22.93524, 1.347383, 2.686314
22.94597, 0.5732069, 2.64049
22.95739, 1.639474, 2.625728
22.96878, 1.139071, 2.591214
22.97934, 0.8635908, 2.550595
22.99519, 0.6508459, 2.50097
23.00847, 0.6075861, 2.44701
23.01963, 0.7071021, 2.389927
23.03019, 0.7817636, 2.342819
23.04083, 0.7011991, 2.294513
23.05037, 0.7172718, 2.241932
23.06052, 0.6403583, 2.180324
23.07009, 0.6197166, 2.115645
23.08025, 0.6097897, 2.046773
23.09092, 0.6401682, 1.977251
23.10163, 0.6602214, 1.9142
23.11294, 0.6861091, 1.849631
23.12436, 0.6927322, 1.767589
23.13644, 0.7090022, 1.698641
23.14754, 0.7330517, 1.629521
23.15804, 0.7617716, 1.528645
23.16992, 0.8133913, 1.425205
23.18224, 0.8557214, 1.292756
23.19427, 0.8595676, 1.152736
23.20475, 0.8596038, 1.011836
23.21684, 0.8678555, 0.8730688
23.22836, 0.8678825, 0.8547847
23.23828, 0.8874657, 0.8494051
23.24776, 0.8948592, 0.8161502
23.2579, 0.883885, 0.8090512
23.26976, 0.8821822, 0.7935445
23.28197, 0.8268151, 0.801998
23.29265, 0.9064937, 0.7775654
23.30303, 0.845518, 0.7677803
23.31447, 0.7720146, 0.7647278
23.32651, 0.8024923, 0.7697827
23.33742, 0.9018109, 0.7795902
23.34854, 0.8787608, 0.7853121
23.3608, 0.947825, 0.7908475
23.37164, 0.975388, 0.7999871
23.38243, 1.005728, 0.8096024
23.39425, 0.9997083, 0.8215807
23.40543, 0.9833093, 0.8337004
23.4164, 0.9633143, 0.8454846
23.42754, 0.9440863, 0.8556152
23.43992, 0.9079506, 0.8638728
23.45065, 0.9439943, 0.872469
23.46163, 0.9097478, 0.8797029
23.47151, 0.8804516, 0.8854179
23.48256, 0.8687546, 0.8899413
23.4946, 0.8745683, 0.8937013
23.50662, 0.8857453, 0.8961131
23.5229, 0.8899868, 0.8972552
23.53357, 0.8102259, 0.8956106
23.54528, 0.7383758, 0.8915697
23.55648, 0.6673917, 0.8848875
23.56789, 0, 0.8559581
23.57962, 0, 0.8263759
23.59053, 0, 0.7965472
23.60257, 0, 0.7670844
23.61442, 1.183066, 0.7771139
23.62463, 1.416361, 0.7967654
23.63571, 1.905898, 0.8300788
23.64788, 1.756006, 0.8604285
23.65959, 2.882739, 0.9307859
23.67169, 3.332984, 1.015136
23.68247, 2.028891, 1.052705
23.69339, 2.85803, 1.118681
23.70491, 3.146554, 1.191971
23.71649, 4.3415, 1.304175
23.72813, 3.192003, 1.377051
23.73894, 4.336492, 1.488277
23.74909, 6.112881, 1.659263
23.76011, 6.115626, 1.831007
23.7712, 4.362722, 1.944961
23.78219, 5.552715, 2.099786
23.79416, 6.4669, 2.283883
23.80516, 4.823197, 2.414332
23.816, 3.939734, 2.516308
23.82688, 4.312354, 2.631095
23.83955, 4.084463, 2.738091
23.84998, 4.134789, 2.846393
23.86231, 4.079656, 2.952715
23.87305, 4.115925, 3.062905
23.88424, 4.562813, 3.190387
23.89738, 4.529315, 3.319118
23.90812, 2.808489, 3.412734
23.92103, 4.741258, 3.570776
23.93241, 2.887745, 3.667034
23.9441, 3.327107, 3.777938
23.95636, 3.560124, 3.857173
23.96694, 5.608412, 3.996908
23.97924, 6.766689, 4.158934
23.99015, 7.475754, 4.349592
24.00249, 6.693163, 4.476606
24.01418, 6.765455, 4.591022
24.02547, 8.097006, 4.793293
24.05097, 1.568869, 4.75032
24.06225, 3.956318, 4.777312
24.07354, 1.980766, 4.698621
24.08528, 2.707377, 4.682467
24.09623, 3.065683, 4.640107
24.10712, 2.083994, 4.505811
24.11717, 1.871249, 4.364332
24.12941, 1.82756, 4.279826
24.14066, 1.866313, 4.156946
24.14997, 1.805945, 4.001581
24.16216, 1.760634, 3.899496
24.17342, 1.726933, 3.825736
24.18542, 1.697107, 3.738561
24.19786, 1.703194, 3.659185
24.21011, 1.801396, 3.581405
24.22214, 1.742346, 3.503495
24.2329, 1.636599, 3.420851
24.24425, 1.617576, 3.322676
24.2551, 1.594355, 3.224844
24.26647, 1.450183, 3.179567
24.27739, 1.389761, 3.067851
24.28937, 1.34049, 3.016276
24.30028, 1.331456, 2.949754
24.31102, 1.313489, 2.874866
24.32223, 1.317567, 2.731838
24.33317, 1.375544, 2.552133
24.34524, 1.388819, 2.349235
24.35603, 1.500133, 2.176134
24.36687, 1.594655, 2.003774
24.38029, 1.620946, 1.787905
24.39135, 1.617388, 1.789523
24.40299, 1.607634, 1.711233
24.4153, 2.256822, 1.720435
24.42687, 2.954912, 1.728686
24.43717, 2.601835, 1.713225
24.44821, 3.553397, 1.762205
24.46028, 3.463385, 1.815276
24.47103, 6.394253, 1.967499
24.48173, 2.215163, 1.979127
24.49315, 1.97791, 1.984859
24.50401, 4.00875, 2.059797
24.51551, 2.553775, 2.087358
24.5268, 3.323842, 2.141582
24.5394, 3.033625, 2.18593
24.54977, 2.821537, 2.219935
24.56581, 2.086009, 2.23139
24.57816, 1.915965, 2.240702
24.59021, 2.313735, 2.263908
24.60109, 2.136496, 2.281979
24.61187, 2.014304, 2.300783
24.623, 2.334557, 2.332276
24.63516, 2.324999, 2.365093
24.64616, 2.555408, 2.405891
24.65689, 2.310005, 2.439109
24.66795, 2.133853, 2.466318
24.67854, 2.010849, 2.487495
24.68976, 3.298492, 2.551151
24.70111, 6.03332, 2.702257
24.71277, 8.461637, 2.931156
24.73461, 3.257718, 2.985715
24.74528, 1.44456, 2.979954
24.7567, 1.153557, 2.964818
24.76883, 1.321263, 2.933633
24.78085, 1.432847, 2.882898
24.79057, 1.724004, 2.853637
24.80064, 1.166399, 2.77407
24.81205, 1.291646, 2.701679
24.82318, 0.9547212, 2.520361
24.83394, 1.239451, 2.487838
24.84554, 1.197188, 2.461813
24.85748, 1.384814, 2.374349
24.86772, 2.171812, 2.361617
24.87903, 1.729709, 2.308479
24.88974, 0.9729021, 2.239788
24.90095, 1.283551, 2.188522
24.91233, 1.319352, 2.162967
24.92322, 1.323991, 2.143234
24.93469, 1.228077, 2.107046
24.94673, 1.128118, 2.073433
24.9577, 1.129435, 2.043937
24.96954, 1.18508, 2.005622
24.98096, 0.8584491, 1.956736
24.99134, 0.8590186, 1.90019
25.00279, 0.7574291, 1.848438
25.01263, 0.8645137, 1.806126
25.02302, 0.7178985, 1.763028
25.03498, 0, 1.653078
25.04654, 0, 1.451968
25.35513, 0, 1.169913
25.36685, 0, 1.061322
25.37887, 0, 1.01317
25.39139, 0, 0.9747185
25.40243, 0.7821291, 0.9567474
25.41404, 0.8239847, 0.936452
25.42578, 0.8151849, 0.9061581
25.43673, 0.8373981, 0.8951914
25.44787, 0.8916701, 0.8818589
25.45888, 0.9132354, 0.880476
25.46963, 0.8001322, 0.8658321
25.48061, 0.7703321, 0.8516036
25.49152, 0.7683956, 0.8310564
25.50251, 0.7643422, 0.7841406
25.51447, 0.7505145, 0.7515008
25.5247, 0.7341608, 0.7435428
25.53871, 0.736369, 0.7253034
25.55174, 0.7800223, 0.7073257
25.56528, 0.7791849, 0.6891655
25.57916, 0.7863959, 0.6744428
25.58969, 0.7922738, 0.663248
25.6004, 0.7929595, 0.6520321
25.61131, 0.7934781, 0.6389788
25.62266, 0.5774363, 0.6296117
25.63495, 0.6873446, 0.6238892
25.64775, 0.8071029, 0.625545
25.65903, 0.9561599, 0.6285999
25.67101, 0.7443659, 0.6294821
25.68195, 1.263925, 0.6716129
25.69754, 1.11082, 0.7086403
25.70959, 1.335361, 0.7531523
25.7205, 1.371472, 0.7988681
25.73202, 1.294515, 0.8420185
25.74409, 1.698557, 0.8986371
25.75629, 1.136862, 0.9104615
25.76779, 1.211904, 0.9233922
25.7787, 1.196138, 0.9360906
25.78953, 2.916662, 1.005399
25.8007, 3.181649, 1.081732
25.81248, 2.606711, 1.138181
25.82269, 1.842772, 1.172936
25.83362, 1.970097, 1.212928
25.84505, 1.991158, 1.253687
25.85646, 2.214594, 1.302029
25.86785, 2.335794, 1.354871
25.87873, 2.479315, 1.413043
25.88975, 2.595348, 1.475009
25.90171, 2.435306, 1.530185
25.9138, 2.36024, 1.582887
25.92508, 2.619431, 1.643988
25.93676, 2.678525, 1.706863
25.94769, 2.86429, 1.775907
25.95942, 3.024252, 1.850266
25.96958, 3.137649, 1.935607
25.97988, 3.259579, 2.021348
25.9911, 4.172902, 2.133541
26.00171, 4.240214, 2.243009
26.01405, 4.255016, 2.360031
26.02368, 3.386799, 2.430794
26.03594, 3.396663, 2.506989
26.04653, 3.893547, 2.592261
26.05786, 3.714321, 2.670356
26.07108, 4.538323, 2.778483
26.0808, 5.244686, 2.896687
26.09145, 7.004295, 3.092268
26.10063, 8.067933, 3.320802
26.27568, 5.937191, 3.478837
26.28787, 6.390782, 3.594642
26.29906, 3.3531, 3.600357
26.3108, 2.4602, 3.595473
26.32189, 2.36482, 3.612875
26.33315, 2.65567, 3.635727
26.34356, 2.775179, 3.661861
26.35615, 6.451032, 3.803076
26.36668, 7.147115, 3.963453
26.37825, 2.601758, 3.967535
26.57407, 5.613336, 4.068134
26.59851, 7.963881, 4.25242
27.25242, 7.32635, 4.417957
27.31715, 8.799343, 4.623954
27.32762, 5.97352, 4.733788
27.33874, 6.591119, 4.858016
27.35086, 3.946782, 4.888766
27.36154, 3.962761, 4.91627
27.37244, 3.581054, 4.926986
27.38496, 4.963074, 4.953325
27.3958, 6.974228, 5.044459
27.41737, 5.456918, 5.084523
27.42883, 4.353872, 5.116758
27.43907, 3.93329, 5.134645
27.45128, 4.749496, 5.163177
27.46173, 4.923006, 5.203466
27.47336, 9.718288, 5.376132
27.52859, 9.510448, 5.518324
27.53865, 8.387479, 5.56443
27.7469, 8.715099, 5.586003
27.76011, 2.579525, 5.474081
27.77241, 2.724262, 5.351863
27.7847, 2.552299, 5.32517
27.79699, 2.561679, 5.328552
27.80805, 2.651859, 5.33812
27.81995, 2.738218, 5.340871
27.83088, 2.90519, 5.345205
28.11928, 8.847347, 5.425082
28.70492, 7.273966, 5.429311
28.71679, 9.716981, 5.666485
28.73501, 9.015155, 5.779879
28.74626, 7.555383, 5.766263
28.77201, 3.600453, 5.642066
28.7828, 2.928509, 5.446371
28.79519, 2.842494, 5.342003
28.80622, 2.565658, 5.207821
28.81687, 2.374077, 5.155398
28.82802, 2.835544, 5.117824
28.8378, 4.015312, 5.132299
28.84864, 5.117629, 5.137451
28.86145, 3.918374, 5.035589
28.87172, 8.32591, 5.131222
28.88173, 4.372208, 5.131834
28.8932, 3.85757, 5.12931
28.90452, 3.43805, 5.085595
28.91727, 7.064599, 5.156981
28.94873, 5.619801, 5.020365
28.98005, 7.246938, 4.944914
28.99216, 4.052512, 4.800415
29.00405, 2.417214, 4.590486
29.01625, 1.596325, 4.557712
29.02696, 1.498234, 4.516845
29.03921, 1.416825, 4.478996
29.05256, 1.388791, 4.4399
29.06358, 1.311554, 4.395223
29.07434, 1.276023, 4.346483
29.08587, 1.249002, 4.291276
29.09708, 1.244247, 4.03784
29.10916, 1.245195, 3.836881
29.12032, 1.243324, 3.554425
29.13105, 1.244792, 3.295413
29.14223, 1.276144, 3.086106
29.15453, 1.254208, 3.007897
29.16816, 1.224908, 2.95111
29.18032, 1.221324, 2.897071
29.1922, 1.209284, 2.851859
29.20296, 1.444728, 2.82088
29.21415, 1.400503, 2.773046
29.22522, 1.404617, 2.686023
29.23717, 1.392025, 2.561836
29.2493, 1.497015, 2.481124
29.2595, 1.48883, 2.253221
29.27125, 1.480927, 2.156845
29.28194, 1.447415, 2.076507
29.2968, 1.384359, 2.00805
29.3071, 1.348633, 1.817518
29.31894, 1.341657, 1.674913
29.32996, 1.321219, 1.477389
29.3421, 1.263603, 1.384426
29.35827, 4.060895, 1.439215
29.3687, 1.35893, 1.431302
29.37975, 2.109107, 1.451664
29.39034, 2.097861, 1.474366
29.40269, 2.093617, 1.49786
29.41418, 2.936411, 1.552022
29.42593, 3.257938, 1.618086
29.43682, 3.688617, 1.699406
29.44817, 5.905069, 1.854767
29.459, 5.689203, 2.0029
29.46962, 5.103089, 2.131559
29.4806, 4.161964, 2.228798
29.49281, 3.919255, 2.316902
29.50471, 3.699315, 2.398406
29.51504, 3.647768, 2.479168
29.5259, 3.254116, 2.546928
29.53776, 2.929083, 2.604254
29.54818, 2.696562, 2.645982
29.5601, 2.615563, 2.686484
29.57082, 2.652955, 2.728096
29.58075, 2.829931, 2.776026
29.59212, 3.476382, 2.842005
29.60284, 2.973061, 2.891479
29.61365, 2.669943, 2.931113
29.62379, 2.503451, 2.966314
29.63467, 2.503342, 3.003613
29.64474, 2.497805, 3.041919
29.65597, 2.28933, 3.073508
29.66588, 2.192689, 3.102557
29.67653, 2.134269, 3.131579
29.68752, 2.064267, 3.065025
29.69891, 1.978237, 3.085668
29.71093, 0.9136774, 3.045821
29.72205, 1.758124, 3.034496
29.73399, 4.451796, 3.113102
29.74485, 2.349663, 3.093544
29.75477, 1.055933, 3.020144
29.7666, 1.025266, 2.931366
29.77854, 1.002108, 2.767934
29.78827, 1.202483, 2.618376
29.79899, 1.155773, 2.486799
29.8108, 1.164055, 2.386869
29.8254, 1.148892, 2.294524
29.83773, 0.9740183, 2.203681
29.84911, 0.8790224, 2.111389
29.86019, 0.7990457, 2.029553
29.86989, 0.8437805, 1.960043
29.88066, 0.8796958, 1.899481
29.89196, 0.9193599, 1.842941
29.90402, 0.9043306, 1.784653
29.91406, 0.8475976, 1.718576
29.9262, 0.8715109, 1.631746
29.93698, 0.8712627, 1.561686
29.94665, 0.8487083, 1.500979
29.95881, 0.8701436, 1.446535
29.97012, 0.8658384, 1.391951
29.98082, 0.9031353, 1.338796
29.99314, 0.8986595, 1.29244
30.00403, 0.8914722, 1.249066
30.01385, 0.9292849, 1.2089
30.0261, 0.9212501, 1.1708
30.03788, 0.978346, 1.13747
30.04898, 0.9806082, 1.139701
30.05998, 0.998776, 1.114389
30.0699, 1.016175, 0.9998687
30.08099, 0.9652987, 0.9537233
30.09234, 0.9581961, 0.9504654
30.10268, 0.9217599, 0.9470152
30.11375, 0.8567352, 0.9421695
30.12374, 0.8561302, 0.9306244
30.13598, 0.847065, 0.9203341
30.14605, 0.8219879, 0.9089319
30.15719, 0.792771, 0.8970612
30.16686, 0.7978777, 0.8911898
30.17895, 0.839124, 0.8898599
30.18945, 0.8699135, 0.8922222
30.20225, 0.9194573, 0.8947447
30.21207, 0.9326578, 0.8965101
30.22304, 0.9247115, 0.8966885
30.2359, 0.8499187, 0.8948747
30.24683, 0.8466851, 0.8948443
30.25879, 0.8171445, 0.8930321
30.27093, 0.8279547, 0.8915884
30.28194, 0.8011551, 0.8900033
30.29417, 0.8010331, 0.8876997
30.30476, 0.7828344, 0.8849328
30.31462, 0.7830849, 0.8809311
30.32637, 0.7825423, 0.8770607
30.33929, 0.753368, 0.8724572
30.35289, 0.7545313, 0.8666321
30.36379, 0.7547234, 0.8610812
30.37402, 0.7260902, 0.8526726
30.38503, 0.7226253, 0.8440732
30.39599, 0.725028, 0.8349483
30.40716, 0.7206705, 0.8250981
30.41893, 0.7287989, 0.8172148
30.42991, 0.931984, 0.816341
30.44198, 0.7054966, 0.8091322
30.45191, 0.9176944, 0.8111641
30.46304, 1.682573, 0.8387123
30.47484, 1.349613, 0.8554639
30.48675, 2.167442, 0.9003124
30.49655, 1.275236, 0.9163945
30.50677, 2.91903, 0.9870996
30.51881, 2.652897, 1.047559
30.52994, 2.418327, 1.099172
30.54241, 2.155276, 1.140366
30.55511, 1.988452, 1.17556
30.56626, 0.9701993, 1.177076
30.57734, 1.389018, 1.195046
30.58743, 1.976492, 1.232706
30.59822, 1.016385, 1.239347
30.60972, 2.04294, 1.279847
30.62088, 1.466675, 1.302031
30.63168, 1.417969, 1.322595
30.6432, 1.826635, 1.357389
30.65556, 1.816697, 1.391842
30.66632, 1.540082, 1.417094
30.67808, 1.565575, 1.444167
30.68911, 0, 1.419016
30.70039, 0, 1.393859
30.86883, 1.823444, 1.430437
30.88092, 1.590842, 1.459378
30.89482, 1.693818, 1.491671
30.90721, 1.975813, 1.533509
30.91974, 2.415221, 1.589723
30.93373, 2.296093, 1.635193
30.94424, 1.839585, 1.672996
30.95509, 1.460335, 1.691084
30.96515, 1.817169, 1.695571
30.97599, 3.022805, 1.751344
30.98695, 4.818762, 1.839721
30.99838, 3.156884, 1.902443
31.00924, 1.888939, 1.868106
31.02021, 2.209611, 1.85333
31.03151, 1.711131, 1.829757
31.04303, 2.589927, 1.844245
31.22985, 1.877021, 1.840531
31.24309, 5.554832, 1.993352
31.25576, 6.608653, 2.16734
31.28943, 6.168674, 2.307079
31.51424, 7.240804, 2.51456
31.52579, 6.788466, 2.672744
31.53705, 4.684798, 2.780015
31.54802, 8.989897, 3.032413
31.5626, 3.777377, 3.097437
31.57282, 1.596339, 3.090092
31.58487, 1.616932, 3.092653
31.59571, 1.841408, 3.101848
31.60533, 2.275083, 3.177684
31.61697, 2.475584, 3.260203
31.62714, 2.665575, 3.288274
31.63798, 2.90251, 3.331997
31.64784, 3.171203, 3.381243
31.65889, 3.154481, 3.420532
31.67093, 3.184584, 3.446177
31.68178, 3.823726, 3.497098
31.69413, 4.006467, 3.569328
31.70489, 2.388906, 3.60028
31.71561, 8.114492, 3.810191
31.72629, 4.503615, 3.859551
31.73698, 5.019004, 3.866226
31.74851, 5.870584, 3.956683
31.76052, 7.193761, 4.13351
31.77194, 6.682775, 4.282616
31.78394, 6.535401, 4.443425
31.79584, 6.09026, 4.560102
31.80607, 5.417764, 4.678128
31.81787, 7.385522, 4.739151
31.82893, 6.677581, 4.741448
31.83968, 6.073318, 4.73827
31.85038, 6.001081, 4.696946
31.86056, 5.867188, 4.666237
31.87143, 6.40429, 4.723554
31.88169, 5.81601, 4.617757
31.89141, 5.465622, 4.674032
31.90097, 3.831769, 4.748546
31.91033, 3.879872, 4.823977
31.92124, 5.643333, 4.950708
31.93086, 4.293237, 5.017981
31.94245, 5.155248, 5.107302
31.95308, 5.247499, 5.193367
31.96431, 5.949268, 5.294925
31.97518, 5.310699, 5.366241
31.98627, 5.406676, 5.441315
31.99763, 7.896047, 5.598363
32.0087, 8.120368, 5.741584
32.07543, 5.856712, 5.803259
32.08698, 6.419257, 5.937604
32.10302, 5.744071, 5.85859
32.11499, 5.723759, 5.899261
32.12499, 5.089734, 5.901619
32.13691, 7.034968, 5.940432
32.14668, 6.955276, 5.932482
32.15622, 8.490402, 5.992737
32.20847, 9.69292, 6.097987
32.29833, 9.3397, 6.206302
32.31147, 8.103544, 6.295828
32.3348, 9.462922, 6.365075
32.34593, 8.658168, 6.431094
32.3574, 7.986048, 6.494852
32.36728, 7.532405, 6.545897
32.3775, 7.921489, 6.614373
32.38781, 9.531294, 6.718606
32.39815, 7.778061, 6.784009
32.40974, 7.27196, 6.84422
32.4206, 9.666059, 7.038696
32.4424, 9.455537, 7.224551
32.45356, 8.505548, 7.319959
32.46461, 8.431183, 7.45789
32.47607, 8.659143, 7.574687
32.48744, 6.964202, 7.63191
32.49884, 6.889181, 7.66324
32.51032, 7.638937, 7.740848
32.53302, 9.976264, 7.893167
32.54393, 7.481125, 7.879337
32.55499, 0, 7.608658
34.98478, 4.450861, 5.3236
35.00724, 4.545419, 5.184237
35.01832, 6.668644, 5.14261
35.02948, 9.205519, 5.128408
35.04087, 7.704598, 5.196049
35.28855, 4.38142, 5.174267
35.53208, 9.897933, 5.335396
35.72066, 6.401657, 5.37336
35.73227, 6.734116, 5.38831
35.74373, 7.050227, 5.416422
35.75468, 3.036444, 5.310575
35.76579, 4.208891, 5.273065
35.7771, 3.416235, 5.208771
35.78846, 3.378075, 5.147506
35.79981, 3.586004, 5.108825
35.81123, 4.277339, 5.132299
35.82271, 5.095001, 5.190152
35.8338, 5.269459, 5.281195
35.84485, 5.387866, 5.400777
35.85626, 6.0372, 5.361936
35.86763, 7.432195, 5.503775
35.87859, 7.832799, 5.591553
36.15339, 6.594099, 5.613575
36.42869, 5.793187, 5.610438
36.44002, 6.201519, 5.76559
36.45134, 5.046908, 5.933821
36.46221, 3.291768, 5.863058
36.47479, 3.277758, 5.759684
36.48631, 3.192629, 5.538641
36.49518, 4.751554, 5.471573
36.50648, 5.282401, 5.499291
36.51762, 5.948898, 5.546073
36.52879, 3.952004, 5.455519
36.53968, 3.878648, 5.277956
36.55086, 4.54244, 5.172551
36.56208, 4.042342, 5.161248
36.57375, 3.764576, 4.956803
36.58437, 4.485475, 4.89293
36.59549, 7.912487, 4.932209
36.72863, 5.657478, 4.885784
36.73965, 8.935731, 5.082427
36.75244, 8.758295, 5.234074
37.11128, 7.765989, 5.379066
37.32984, 5.884924, 5.462627
37.39666, 8.448545, 5.624712
37.40859, 9.172826, 5.787895
37.42005, 8.166039, 5.890263
37.43185, 6.569696, 5.933604
37.44281, 7.755109, 6.012513
37.45367, 8.573266, 6.097048
37.47652, 7.599615, 6.102629
37.48683, 3.664135, 5.963674
37.49795, 3.753607, 5.86899
37.81506, 6.776559, 5.90177
37.82776, 4.503476, 5.845169
37.83852, 7.506246, 5.927146
37.85258, 6.602936, 6.037519
37.86456, 7.012815, 6.162021
37.87516, 6.775766, 6.281459
38.0653, 9.029737, 6.424065
38.07485, 5.032054, 6.41572
38.0859, 3.237484, 6.32534
38.10674, 3.562923, 6.312371
38.13955, 6.913418, 6.41353
38.15033, 6.477542, 6.478034
38.34147, 5.277113, 6.519193
38.36528, 1.561632, 6.445761
38.37766, 4.214365, 6.436724
38.38905, 1.744699, 6.231132
38.39922, 1.774645, 6.101704
38.41076, 1.229048, 5.844815
38.42184, 1.314862, 5.5967
38.43312, 1.196478, 5.377716
38.44698, 0.7838462, 5.20768
38.45763, 1.717629, 4.983316
38.46777, 1.633051, 4.731991
38.47786, 1.297637, 4.503045
38.48976, 1.329011, 4.328355
38.50085, 1.206602, 4.110071
38.51177, 1.229683, 3.865285
38.52369, 1.190359, 3.651643
38.53516, 1.292935, 3.572603
38.54655, 1.346848, 3.492378
38.55627, 1.431623, 3.314214
38.56591, 1.328927, 3.208395
38.57408, 1.234183, 2.999326
38.58421, 1.253668, 2.821018
38.59569, 1.254275, 2.629066
38.60699, 1.255613, 2.445061
38.61783, 1.229869, 2.185065
38.62883, 1.250019, 2.058997
38.64012, 1.242116, 1.992485
38.65113, 1.141518, 1.911771
38.66282, 1.081615, 1.717378
38.6751, 1.079801, 1.537453
38.68613, 0.9336605, 1.392671
38.69719, 1.11343, 1.377731
38.70832, 1.060079, 1.272589
38.71897, 1.055647, 1.24962
38.72874, 1.162296, 1.229209
38.73999, 1.077329, 1.224151
38.75102, 1.083722, 1.216447
38.76215, 1.176013, 1.215765
38.77319, 1.243913, 1.2311
38.78439, 1.251897, 1.215576
38.79534, 1.235249, 1.202316
38.80824, 1.272604, 1.201481
38.81924, 1.164183, 1.195987
38.83017, 1.188655, 1.195389
38.84129, 1.065381, 1.189912
38.85284, 0.9289343, 1.181198
38.8634, 0.9691032, 1.170404
38.87373, 0.9714302, 1.15789
38.8853, 0.9705976, 1.142522
38.90059, 1.041061, 1.132927
38.91035, 0.9834876, 1.12457
38.92104, 0.9967341, 1.116006
38.93218, 2.348425, 1.152477
38.94318, 2.599803, 1.197284
38.95412, 1.245721, 1.197812
38.96811, 1.911261, 1.219854
38.97935, 3.159932, 1.283781
38.99006, 2.416027, 1.326265
39.00244, 2.627644, 1.377799
39.01327, 2.163787, 1.413932
39.05572, 3.197249, 1.489385
39.06624, 5.877748, 1.648195
39.10991, 7.413137, 1.859964
39.1339, 8.341536, 2.102827
39.50557, 3.979609, 2.196737
39.52838, 3.965347, 2.293004
39.5409, 6.820186, 2.48422
39.55206, 4.223231, 2.585793
39.56655, 1.610523, 2.598014
39.57774, 1.255988, 2.59815
39.58778, 2.095431, 2.626823
39.59899, 1.535942, 2.635601
39.60957, 1.157374, 2.635373
39.62066, 1.270585, 2.638104
39.63274, 1.327399, 2.646838
39.64373, 1.446623, 2.664095
39.65449, 1.596995, 2.685024
39.66272, 1.497261, 2.702552
39.67494, 1.412683, 2.717288
39.6859, 1.431902, 2.730316
39.69547, 1.398385, 2.744146
39.7067, 1.365165, 2.756427
39.71912, 1.322502, 2.72223
39.72988, 1.307841, 2.679164
39.73946, 1.292608, 2.680727
39.75042, 1.403837, 2.663813
39.76138, 1.243822, 2.599943
39.77319, 1.261054, 2.561444
39.78342, 1.254166, 2.515661
39.79472, 1.252754, 2.485293
39.80635, 1.300903, 2.422082
39.81849, 1.273985, 2.268623
39.82991, 2.118431, 2.092133
39.84158, 1.641069, 1.868784
39.85247, 1.287316, 1.779041
39.86353, 0.9490066, 1.678496
39.8743, 1.030687, 1.485513
39.88557, 0.8047209, 1.371562
39.89735, 0.7751292, 1.343716
39.9096, 0.7450349, 1.326684
39.9198, 0.7597537, 1.282161
39.92916, 0.8395617, 1.258949
39.94168, 0.7669159, 1.245933
39.9529, 0.8643581, 1.232393
39.96458, 0.8824938, 1.217562
39.97539, 0.837864, 1.19727
39.98667, 0.8586182, 1.172658
39.99829, 0.8563967, 1.151296
40.01083, 0.8531982, 1.132646
40.02259, 0.8451959, 1.113089
40.03379, 0.8806393, 1.095831
40.04357, 0.9661422, 1.08253
40.05355, 0.939023, 1.069748
40.06596, 0.9552091, 1.057993
40.0775, 0.9395373, 1.046224
40.09291, 0.9377016, 1.030686
40.10386, 1.02228, 1.023302
40.11446, 0.9344749, 1.012416
40.12609, 0.9073585, 1.000855
40.13827, 0.8513798, 0.9874762
40.15044, 0.8502032, 0.9724529
40.16193, 1.205814, 0.9701805
40.17448, 1.016255, 0.9334413
40.18531, 0.9575735, 0.9106581
40.19678, 1.167216, 0.9066547
40.20782, 1.373518, 0.9208051
40.21909, 1.509767, 0.9367744
40.2303, 1.414348, 0.9570953
40.2415, 5.36235, 1.110003
40.25566, 9.491002, 1.401535
40.26786, 5.38433, 1.555688
40.27923, 3.572069, 1.646771
40.28951, 3.983722, 1.753998
40.30177, 4.480793, 1.874546
40.32312, 9.010015, 2.145463
40.33431, 8.346155, 2.39574
40.34509, 7.938964, 2.631751
40.35511, 8.739147, 2.894509
40.36563, 9.71805, 3.190005
40.47324, 8.107674, 3.432087
40.48487, 8.108147, 3.673004
40.49555, 8.735058, 3.931968
40.50493, 7.691833, 4.157061
40.51674, 6.097602, 4.328474
40.53851, 5.489385, 4.480135
40.54965, 5.574251, 4.634687
40.56087, 5.66847, 4.78956
40.57131, 6.329603, 4.969398
40.58396, 5.453357, 5.120931
40.59485, 4.218524, 5.233169
40.60604, 4.120794, 5.342188
40.61769, 3.99133, 5.435039
40.62879, 3.965471, 5.533346
40.63921, 4.358662, 5.646715
40.65094, 4.654703, 5.762965
40.66071, 4.73859, 5.875134
40.67218, 4.877088, 5.987378
40.68255, 5.311062, 6.117269
40.69342, 5.567605, 6.12411
40.70461, 8.078061, 6.077013
40.71623, 8.350749, 6.175894
40.72789, 8.802622, 6.350245
40.7399, 8.702758, 6.507547
40.75092, 8.870093, 6.653857
41.1319, 8.215024, 6.627357
41.14346, 7.88601, 6.61202
41.15389, 6.486859, 6.563616
41.1659, 5.854384, 6.467457
41.1815, 5.404115, 6.323659
41.19242, 5.072828, 6.222497
41.20293, 4.744368, 6.110372
41.21387, 7.055411, 6.054383
41.22488, 2.836076, 5.892525
41.25639, 3.234701, 5.797095
41.26744, 6.725155, 5.838287
41.27837, 3.549314, 5.77079
41.28796, 1.384698, 5.627997
41.29952, 1.643646, 5.471799
41.31063, 2.664242, 5.378829
41.32032, 1.880447, 5.300893
41.33141, 0.9913259, 5.196578
41.3425, 1.060366, 5.098878
41.35502, 0.6003121, 4.986707
41.36512, 0.6569481, 4.863317
41.37679, 0.5387186, 4.726117
41.38635, 0.5780946, 4.587433
41.39639, 0.6145373, 4.445348
41.40721, 0.6244317, 4.289127
41.41835, 0.6932646, 4.126649
41.42851, 0.6263519, 3.878259
41.43941, 0.6896465, 3.622889
41.45079, 0.7085212, 3.353085
41.45998, 0.721948, 3.087058
41.47112, 0.7297729, 2.815714
41.48226, 0.7486637, 2.566836
41.49315, 0.7927956, 2.330395
41.50418, 0.8864561, 2.143715
41.51541, 0.9573061, 1.980479
41.52648, 0.9271821, 1.831248
41.53762, 0.8892465, 1.691795
41.54907, 0.9120021, 1.564049
41.55984, 0.8903687, 1.358548
41.57118, 0.9933874, 1.297125
41.58218, 0.965879, 1.221498
41.59331, 0, 0.9973259
41.60514, 0, 0.8790154
41.61648, 1.067863, 0.8684542
41.62742, 0.9762489, 0.8462077
41.63772, 1.187428, 0.7969806
41.64872, 1.702202, 0.791039
41.65987, 1.522059, 0.8087301
41.67088, 1.690454, 0.8297331
41.68277, 1.467951, 0.8586544
41.69341, 1.578208, 0.8893631
41.7076, 1.700197, 0.928079
41.71868, 1.844303, 0.970286
41.72894, 2.021122, 1.017172
41.74049, 2.013694, 1.063481
41.75148, 2.041412, 1.108419
41.76327, 2.431511, 1.168591
41.77316, 2.228789, 1.219896
41.78459, 2.200317, 1.269622
41.79581, 2.102945, 1.315656
41.8067, 2.195775, 1.364522
41.81952, 2.146003, 1.4111
41.83065, 2.202166, 1.458079
41.84103, 2.167089, 1.500767
41.852, 2.194386, 1.542003
41.86325, 1.05276, 1.546189
41.87593, 0.74823, 1.541488
41.88745, 0.5977703, 1.531014
41.89948, 0.8528476, 1.529763
41.91168, 1.523169, 1.547423
41.92313, 0.8736451, 1.544348
41.9341, 1.155348, 1.58286
41.94453, 1.307887, 1.626456
41.95648, 1.577486, 1.643444
41.96788, 1.615734, 1.66476
41.97859, 1.609321, 1.678823
41.99063, 1.710018, 1.679083
42.00198, 1.662528, 1.683766
42.01327, 1.501713, 1.677474
42.02492, 1.398681, 1.675165
42.0356, 1.958032, 1.687826
42.04803, 2.199736, 1.704477
42.06062, 2.263756, 1.718459
42.07171, 2.081081, 1.720458
42.08249, 2.371703, 1.732391
42.09339, 1.904076, 1.727814
42.10395, 2.402909, 1.72686
42.11552, 2.004364, 1.719379
42.1276, 4.818626, 1.806656
42.13995, 4.813429, 1.897006
42.1511, 6.5972, 2.04372
42.16125, 4.89498, 2.135352
42.17225, 4.098909, 2.198577
42.18355, 4.094604, 2.262828
42.19566, 4.82755, 2.3506
42.20638, 5.076461, 2.484723
42.21752, 5.458057, 2.641717
42.22873, 4.922441, 2.785873
42.23968, 3.514683, 2.874601
42.25344, 3.77108, 2.949532
42.26446, 4.065094, 3.055913
42.27442, 4.172404, 3.156482
42.28442, 3.853369, 3.241331
42.29528, 4.286471, 3.331631
42.30553, 4.426389, 3.425319
42.31752, 5.478052, 3.554277
42.38192, 5.102166, 3.667348
42.39306, 5.675869, 3.801127
42.40402, 6.947655, 3.982658
42.41504, 4.290984, 4.079068
42.42659, 5.830693, 4.208157
42.43733, 4.742127, 4.292903
42.46032, 7.138222, 4.455385
42.50612, 9.152716, 4.691106
42.51666, 8.831596, 4.906436
42.52772, 7.990491, 5.109316
42.53862, 6.480913, 5.24525
42.54983, 5.845467, 5.373287
42.56063, 5.440635, 5.394021
42.57274, 4.871006, 5.39594
42.58366, 5.912808, 5.373127
42.59463, 5.966463, 5.408843
42.60563, 5.693687, 5.462002
42.61693, 5.384898, 5.505012
42.62818, 5.259007, 5.519394
42.63942, 5.242783, 5.524938
42.65094, 4.596931, 5.496233
42.66206, 6.485558, 5.548337
42.67371, 4.5708, 5.583541
42.68464, 8.106677, 5.728061
42.7071, 6.527062, 5.810127
42.7185, 7.148857, 5.909342
42.73141, 6.687628, 6.003817
42.74355, 6.567074, 6.079837
42.75569, 6.092973, 6.13539
42.76693, 5.727772, 6.143714
42.77779, 6.753434, 6.198756
42.78977, 7.161134, 6.248265
42.80384, 7.243023, 6.258111
42.81467, 6.954357, 6.34689
42.82615, 7.24624, 6.394075
42.90141, 5.187742, 6.408929
42.91157, 6.850279, 6.399331
42.92194, 4.691719, 6.250631
42.93167, 7.076873, 6.19214
42.94424, 1.439814, 5.973784
42.95636, 0.8760459, 5.786955
42.96716, 1.283813, 5.6349
42.98055, 0.9914657, 5.486595
42.99144, 0.851895, 5.352624
43.0024, 0.7680539, 5.181132
43.01307, 0.6938886, 5.00538
43.02317, 0, 4.815591
43.0345, 0, 4.636094
43.0451, 0.8067411, 4.487686
43.05653, 0.7600967, 4.338263
43.06795, 0.8387523, 4.21299
43.07909, 0.8129147, 4.023902
43.09063, 0.8182377, 3.898816
43.10187, 0.796522, 3.655145
43.11393, 0.7985304, 3.464194
43.12472, 0.8003535, 3.252577
43.1365, 0.7416556, 3.054378
43.14777, 0.7523161, 2.860553
43.15862, 0.8816275, 2.686841
43.16883, 0.885982, 2.525448
43.18096, 0.8710232, 2.329368
43.19163, 0.8734908, 2.119779
43.20203, 0.8104961, 1.905362
43.21193, 0.8382598, 1.701492
43.22332, 0.7498127, 1.484944
43.23543, 0.822479, 1.339436
43.24567, 0.8680567, 1.140028
43.2574, 0.9019612, 1.013703
43.26944, 0.9848329, 0.8106349
43.28148, 0.9622645, 0.7947166
43.29253, 0.9242463, 0.7963232
43.30322, 0.8980473, 0.7834644
43.3147, 0.8896527, 0.7800705
43.32741, 0.9215137, 0.7823913
43.3387, 0.9274034, 0.7877029
43.35283, 0.9745001, 0.7970566
43.36465, 0.8996006, 0.8270434
43.37656, 0.8545101, 0.855527
43.38678, 0.8320686, 0.8563712
43.39777, 0.8577396, 0.859626
43.41011, 0.8682516, 0.8606093
43.42104, 0.8582298, 0.8621199
43.43149, 0.8841271, 0.8643162
43.44168, 0.8674641, 0.8666809
43.49374, 3.414612, 0.9538836
43.50421, 2.532662, 1.011627
43.51543, 2.494782, 1.070065
43.52652, 0.6537167, 1.066778
43.53735, 0.6662971, 1.0596
43.54792, 1.356534, 1.075285
43.55908, 7.379904, 1.292248
43.57056, 0, 1.263132
43.58121, 0, 1.236115
43.59209, 0, 1.208173
43.60352, 0, 1.183179
43.61452, 1.096664, 1.192319
43.62542, 5.914647, 1.360538
43.63733, 2.31908, 1.407776
43.64853, 2.272562, 1.4507
43.6604, 2.097981, 1.488557
43.67094, 2.812701, 1.551506
43.68242, 2.63916, 1.609543
43.69381, 1.941458, 1.644603
43.70465, 2.281371, 1.689932
43.71564, 2.512548, 1.74277
43.72669, 2.478325, 1.792897
43.73763, 2.515997, 1.846777
43.74976, 2.521281, 1.902336
43.76077, 2.021868, 1.941996
43.77185, 1.690887, 1.969768
43.7828, 2.9369, 2.038723
43.79421, 2.877599, 2.106035
43.80482, 7.03613, 2.311102
43.81546, 7.456093, 2.530723
43.84965, 6.046665, 2.618458
43.86092, 3.744332, 2.658847
43.87257, 3.747419, 2.700602
43.88362, 4.191897, 2.818541
43.90059, 4.225614, 2.937185
43.91187, 4.153466, 3.030416
43.92283, 4.599919, 2.93775
43.93358, 4.235631, 3.078938
43.94495, 4.665263, 3.234446
43.95683, 4.824205, 3.395253
43.96851, 5.443175, 3.576692
43.97993, 5.212262, 3.713879
43.99176, 5.346569, 3.694943
44.00417, 5.316953, 3.794872
44.01472, 5.286759, 3.895345
44.02639, 3.834431, 3.953227
44.03883, 3.862134, 3.988209
44.04984, 3.547385, 4.018483
44.06053, 3.560998, 4.072467
44.07313, 3.463214, 4.111862
44.0846, 3.276477, 4.137326
44.09645, 3.657684, 4.176638
44.1077, 3.773561, 4.218557
44.11869, 4.706501, 4.291398
44.13048, 4.1251, 4.361506
44.14281, 4.460539, 4.453827
44.15285, 4.360446, 4.501279
44.16357, 4.304038, 4.548827
44.17575, 4.386163, 4.460495
44.18719, 4.575527, 4.364476
44.19756, 4.002457, 4.296335
44.26117, 7.111077, 4.40856
44.27246, 7.363844, 4.529108
44.28267, 7.640555, 4.644063
44.29653, 6.381301, 4.715919
44.30659, 6.400875, 4.790833
44.3177, 6.716961, 4.861401
44.32799, 6.984684, 4.953036
44.34085, 7.245019, 5.039028
44.35487, 7.511373, 5.1286
44.36739, 7.215261, 5.187669
44.37835, 7.209279, 5.254236
44.39071, 7.772332, 5.335095
44.40261, 8.172867, 5.430292
44.41469, 8.171842, 5.526462
44.42667, 8.092443, 5.668396
44.4379, 8.212181, 5.813397
44.45003, 7.828793, 5.95611
44.46362, 9.263359, 6.146189
44.47495, 9.334809, 6.341909
44.48579, 4.645304, 6.387537
44.49665, 4.111225, 6.402655
44.50773, 2.322844, 6.354298
44.51867, 2.058029, 6.266016
44.53035, 2.388164, 6.208117
44.54191, 2.265037, 6.134934
44.55235, 2.172237, 6.061994
44.56283, 2.340774, 5.996552
44.57536, 2.247212, 5.925253
44.58456, 2.240853, 5.847431
44.59368, 2.289431, 5.79033
44.60464, 2.406637, 5.633515
44.61656, 2.510416, 5.471734
44.62752, 2.291045, 5.293417
44.63808, 2.290647, 5.157062
44.64989, 2.311458, 5.020749
44.66095, 2.250121, 4.871854
44.67125, 2.295051, 4.715532
44.68133, 2.215493, 4.547882
44.69244, 2.21684, 4.371397
44.70377, 2.40151, 4.210939
44.71589, 2.197943, 4.043894
44.72659, 2.108738, 3.855108
44.73695, 2.230811, 3.657039
44.74756, 2.200255, 3.457986
44.75863, 2.200127, 3.261576
44.76977, 2.388921, 3.067467
44.78139, 2.446291, 2.88805
44.79295, 2.46537, 2.661451
44.80361, 2.612118, 2.437361
44.81447, 2.576836, 2.368412
44.82588, 2.583417, 2.317485
44.83653, 2.743127, 2.331495
44.84882, 2.768348, 2.355172
44.85978, 2.631603, 2.363286
44.87228, 2.707613, 2.378039
44.88453, 2.762142, 2.397702
44.89667, 2.878908, 2.41564
44.90697, 2.855528, 2.435917
44.91798, 2.8712, 2.456929
44.92752, 2.991287, 2.480324
44.93969, 3.02956, 2.501088
44.95057, 2.984242, 2.516883
44.96159, 2.974426, 2.539662
44.97369, 2.974254, 2.562449
44.98353, 2.928271, 2.583009
44.99782, 2.886302, 2.604215
45.00983, 7.066232, 2.763254
45.02177, 4.614355, 2.843216
45.03297, 2.367075, 2.848224
45.0444, 3.1796, 2.874161
45.05667, 4.658621, 2.956183
45.06841, 4.086596, 3.022111
45.07872, 4.992074, 3.114154
45.09049, 6.43177, 3.255204
45.10192, 4.551114, 3.33357
45.11219, 4.326928, 3.39817
45.12313, 4.241101, 3.457998
45.13372, 4.076333, 3.511696
45.14506, 4.005822, 3.558153
45.1566, 4.232547, 3.613343
45.16677, 4.006354, 3.660775
45.17715, 4.03279, 3.703763
45.18798, 4.011148, 3.74519
45.19884, 3.281239, 3.766845
45.22113, 7.942111, 3.941328
45.23343, 6.326189, 4.06013
45.24336, 7.340464, 4.208848
45.25507, 8.722369, 4.40441
45.29635, 9.475586, 4.624556
45.30753, 9.848719, 4.853137
45.39617, 9.674862, 5.074647
45.4066, 9.723998, 5.299306
45.41745, 9.805011, 5.526992
45.51354, 7.416025, 5.675051
45.52464, 6.265279, 5.786285
45.53591, 5.314499, 5.867225
45.54694, 5.645398, 5.819863
45.55897, 5.859709, 5.861375
45.57331, 5.645629, 5.97066
45.58466, 5.841287, 6.059384
45.59478, 5.897941, 6.100694
45.60599, 5.716045, 6.155009
45.61757, 5.698048, 6.178542
45.62991, 5.629125, 6.151786
45.64217, 5.715878, 6.190612
45.65182, 6.023222, 6.247155
45.66392, 5.843433, 6.300566
45.67477, 6.34205, 6.37609
45.68637, 6.769409, 6.468209
45.69795, 6.672073, 6.549527
45.71482, 7.315628, 6.659836
45.72745, 5.900154, 6.722081
45.73909, 5.863327, 6.78382
45.75072, 5.995275, 6.874288
45.76159, 6.973899, 6.842014
45.77265, 5.646801, 6.819368
45.78311, 5.595316, 6.761197
45.79377, 5.637939, 6.658382
45.80624, 5.751243, 6.534237
45.81793, 5.60428, 6.392756
45.82938, 5.447762, 6.251853
45.84114, 5.103654, 6.097841
45.85077, 5.090196, 5.940681
45.86146, 6.154622, 5.898633
45.87179, 6.093795, 5.892917
45.88417, 6.004832, 5.915929
45.89365, 5.798837, 5.921043
45.90384, 5.632298, 5.913463
45.91484, 5.891143, 5.921647
45.92675, 6.326467, 5.937819
45.93886, 6.447199, 5.956128
45.95088, 6.491847, 5.981988
45.96168, 6.168689, 5.997676
45.97374, 6.347726, 6.02163
45.98445, 6.282108, 6.040504
45.99474, 6.027496, 6.040647
46.00557, 5.575246, 6.031707
46.01762, 5.866235, 6.015846
46.02769, 5.534277, 5.974675
46.04, 5.327543, 5.929857
46.05091, 5.453266, 5.867778
46.06181, 5.215074, 5.844943
46.07306, 5.207705, 5.823089
46.08364, 5.156916, 5.795144
46.0946, 5.635055, 5.750516
46.10509, 5.839724, 5.756946
46.11683, 5.839724, 5.765093
46.13078, 5.42958, 5.758148
46.14353, 4.300207, 5.70978
46.15669, 4.275564, 5.665489
46.16688, 4.866495, 5.646114
46.17785, 3.66923, 5.5983
46.18803, 3.669219, 5.550934
46.19789, 3.669178, 5.468086
46.21014, 3.604878, 5.385122
46.22221, 3.549497, 5.303277
46.23341, 3.546092, 5.228186
46.24306, 3.573514, 5.15956
46.25494, 3.80937, 5.090168
46.26596, 3.998852, 5.012581
46.27705, 4.203183, 4.93778
46.28661, 3.977202, 4.853959
46.29801, 3.743438, 4.773117
46.31121, 3.720774, 4.685552
46.32308, 3.566816, 4.595042
46.33463, 4.227598, 4.535046
46.34519, 4.640886, 4.503901
46.35713, 4.549847, 4.460021
46.36776, 4.706029, 4.432413
46.37981, 3.968915, 4.387125
46.39149, 4.020588, 4.339369
46.40297, 4.403756, 4.312325
46.41375, 4.189569, 4.278388
46.42435, 4.227912, 4.247421
46.43533, 3.978323, 4.192197
46.45075, 4.038025, 4.13214
46.46163, 4.339903, 4.082146
46.47421, 3.992971, 4.034259
46.48458, 4.720555, 4.048271
46.49687, 5.19804, 4.07902
46.50705, 5.34822, 4.095078
46.51767, 4.877182, 4.135343
46.53009, 5.54826, 4.197978
46.5415, 5.564834, 4.261167
46.55286, 5.625103, 4.328507
46.56369, 5.755942, 4.402055
46.57502, 5.625154, 4.471357
46.58579, 5.684714, 4.54173
46.59813, 5.684522, 4.604235
46.6097, 5.881883, 4.667003
46.62074, 5.976703, 4.72612
46.63316, 5.658361, 4.782158
46.64523, 6.00511, 4.857547
46.65625, 6.154419, 4.938669
46.66809, 5.489483, 5.002758
46.67788, 5.182558, 5.03459
46.69265, 6.013583, 5.080346
46.70291, 6.520891, 5.146048
46.7149, 6.277515, 5.198431
46.72596, 6.203743, 5.272924
46.73678, 6.342125, 5.350309
46.74763, 5.504596, 5.387003
46.75963, 6.091711, 5.450408
46.77008, 6.600727, 5.529502
46.77985, 6.555377, 5.615404
46.79144, 8.390539, 5.760488
46.80174, 7.495376, 5.86567
46.81363, 7.406204, 5.979445
46.82421, 7.943739, 6.086884
46.83498, 7.778707, 6.172906
46.84684, 8.226003, 6.268832
46.85892, 7.996232, 6.3728
46.86882, 6.478592, 6.403811
46.88068, 5.044133, 6.386454
46.89156, 5.412318, 6.379362
46.90207, 5.115168, 6.358003
46.91268, 4.924402, 6.334645
46.92406, 4.898514, 6.308438
46.93494, 4.675761, 6.274813
46.94775, 4.70504, 6.235585
46.95753, 4.70453, 6.193179
46.96872, 4.687086, 6.160804
46.9798, 4.858637, 6.122588
46.99072, 4.510176, 6.06778
47.00154, 5.178438, 6.057412
47.01373, 5.185773, 6.057519
47.02455, 5.121235, 6.027774
47.22638, 3.501796, 5.927138
47.23798, 1.933894, 5.782351
47.24943, 2.775676, 5.668082
47.26104, 9.969539, 5.788995
47.27893, 9.075516, 5.908026
47.2953, 9.139316, 6.009613
47.32249, 8.960663, 6.088278
47.33294, 9.146457, 6.174647
47.34396, 9.559412, 6.21361
47.36647, 4.39359, 6.110217
47.37792, 8.045038, 6.131511
47.3891, 5.049012, 6.03502
47.41039, 2.091171, 5.845436
47.41988, 4.160933, 5.709934
47.43166, 7.08016, 5.679398
47.44233, 6.097357, 5.66669
47.62349, 5.209315, 5.672196
47.64582, 7.669087, 5.747422
47.65689, 6.409222, 5.790557
47.66815, 7.012942, 5.860175
47.68, 9.135567, 6.00141
47.69076, 9.713389, 6.16933
47.90327, 5.982919, 6.211926
47.9147, 3.35758, 6.167028
47.92609, 4.58516, 6.16363
48.12839, 6.882982, 6.231108
48.14026, 5.634997, 6.268602
48.15058, 6.249896, 6.304317
48.16187, 4.548976, 6.283091
48.17309, 4.987527, 6.278634
48.18397, 5.470425, 6.344255
48.19511, 2.120702, 6.350482
48.20623, 2.831703, 6.352349
48.21732, 4.673561, 6.175817
48.22871, 2.887523, 5.969551
48.24116, 2.999035, 5.764875
48.25087, 2.365922, 5.54505
48.26186, 2.624847, 5.327663
48.27306, 3.232701, 5.116773
48.28399, 4.127827, 5.107913
48.29543, 6.218776, 5.047038
48.30637, 4.500597, 5.028758
48.35202, 3.673712, 5.081509
48.36151, 2.705477, 5.032994
48.37416, 2.914292, 4.894132
48.38519, 1.847578, 4.752472
48.39691, 3.822005, 4.706229
48.4088, 1.354899, 4.495756
48.42018, 1.131573, 4.319834
48.4337, 0.8689967, 4.115036
48.4446, 1.187608, 3.850105
48.45781, 1.552512, 3.578075
48.46854, 1.755075, 3.437147
48.48094, 2.636992, 3.413128
48.49117, 2.672101, 3.349359
48.5016, 2.257581, 3.195179
48.51394, 1.834175, 3.068485
48.52452, 1.883861, 2.922951
48.53579, 1.949054, 2.836287
48.5466, 2.087938, 2.739634
48.55913, 2.191457, 2.630335
48.57061, 2.098641, 2.6296
48.58305, 2.204289, 2.608686
48.59378, 2.132962, 2.523999
48.60529, 1.955531, 2.492933
48.61685, 1.727069, 2.450534
48.62822, 1.949485, 2.436653
48.64041, 2.085103, 2.418662
48.651, 2.21476, 2.38473
48.66203, 2.06321, 2.315909
48.67204, 2.061558, 2.177336
48.68153, 2.125681, 2.098172
48.69291, 2.111463, 2.046097
48.70393, 2.089101, 2.025551
48.71481, 2.134087, 1.999544
48.72599, 1.828959, 1.998924
48.73756, 1.662026, 1.926924
48.74675, 1.289264, 1.924736
48.75748, 1.171143, 1.926055
48.76778, 1.107289, 1.933998
48.77975, 1.137719, 1.932335
48.79102, 1.12269, 1.918008
48.80173, 1.013938, 1.893304
48.81257, 0.9704347, 1.837752
48.82428, 0.9489746, 1.780314
48.83523, 0.98463, 1.737883
48.84705, 1.004118, 1.710214
48.8578, 1.028419, 1.681699
48.86901, 1.040001, 1.651398
48.87991, 1.015738, 1.615658
48.89255, 1.033039, 1.577044
48.90291, 1.001601, 1.540476
48.91365, 0.9984565, 1.500281
48.92397, 1.218962, 1.469815
48.93547, 1.197084, 1.444533
48.94679, 1.195333, 1.426808
48.95881, 1.18189, 1.401222
48.97205, 1.148692, 1.370008
48.98334, 1.156627, 1.334737
48.99778, 0.9870906, 1.298866
49.00876, 1.012069, 1.263883
49.01981, 1.014138, 1.226832
49.03064, 1.068474, 1.192066
49.04301, 0.9970096, 1.155663
49.05397, 0.9849596, 1.117358
49.0646, 1.035406, 1.090907
49.07563, 1.014952, 1.069337
49.08648, 1.014802, 1.060189
49.09874, 1.014357, 1.054963
49.10976, 1.07967, 1.054042
49.1209, 1.032178, 1.050524
49.13244, 1.040958, 1.047799
49.14369, 0.7548972, 1.039165
49.15506, 1.112196, 1.04389
49.16555, 0.915256, 1.042766
49.17764, 0.9083592, 1.040224
49.18953, 0.8862581, 1.036295
49.2009, 0.5965326, 1.021899
49.21263, 0.4206428, 1.001254
49.22465, 0.1883595, 0.9736744
49.23579, 0.421953, 0.9533049
49.24776, 0.495369, 0.9364304
49.25859, 0.2797662, 0.912474
49.27084, 0.3880589, 0.8847773
49.34837, 1.065653, 0.8803962
49.35983, 0.4529027, 0.8556486
49.37193, 0.4428345, 0.8310134
49.3816, 0.4413628, 0.8074358
49.39262, 0.4919974, 0.7852814
49.4045, 0.484722, 0.7685357
49.41549, 0.4845781, 0.7509527
49.42577, 0.4885145, 0.7334319
49.43745, 0.5041912, 0.7146224
49.44844, 0.4673389, 0.6969668
49.46087, 0.4718741, 0.6798639
49.47093, 0.4944703, 0.6618327
49.48304, 0.4589508, 0.6432993
49.49399, 0.4595263, 0.6247901
49.5036, 0.5690216, 0.6099456
49.51787, 0.5813241, 0.5933341
49.52871, 0.5721311, 0.5779991
49.54126, 0.4574825, 0.5585499
49.55205, 0, 0.5333866
49.56385, 0, 0.4963135
49.5756, 0, 0.4658049
49.58593, 0, 0.4355263
49.59796, 0, 0.4059843
49.60834, 0, 0.3860999
49.61898, 0.8690565, 0.4010471
49.62906, 1.659507, 0.4500853
49.63956, 0.841733, 0.4640779
49.65077, 1.668642, 0.5031871
49.6628, 1.133554, 0.5316467
49.67523, 1.459264, 0.5673535
49.68649, 2.249974, 0.6068309
49.69863, 2.743585, 0.6831871
49.70974, 2.660843, 0.7571207
49.72021, 3.056785, 0.8443014
49.73127, 2.240691, 0.9025913
49.74259, 2.724721, 0.9772578
49.75405, 2.024823, 1.028599
49.76634, 2.019487, 1.079632
49.77713, 2.091055, 1.132527
49.78966, 2.010049, 1.183951
49.80493, 2.074819, 1.237382
49.816, 1.992755, 1.287325
49.82625, 1.93541, 1.336541
49.8372, 1.961671, 1.386612
49.84792, 1.922298, 1.431721
49.85903, 1.901235, 1.475718
49.87089, 1.910259, 1.520322
49.88165, 2.043988, 1.573206
49.89237, 2.134902, 1.644369
49.90147, 2.078971, 1.713668
49.91254, 2.085316, 1.783179
49.92258, 2.112187, 1.853585
49.93365, 2.101338, 1.92363
49.94495, 1.828905, 1.984593
49.95589, 1.857252, 2.017533
49.96682, 1.836717, 2.02344
49.97824, 1.835901, 2.056579
49.9892, 1.838161, 2.06223
50.00005, 1.81879, 2.085071
50.0114, 1.671047, 2.09213
50.0226, 1.997813, 2.083725
50.03369, 2.42747, 2.073188
50.04791, 0, 1.984493
50.22226, 1.476762, 1.931826
50.2337, 1.802292, 1.917212
50.24483, 5.64538, 2.014568
50.25676, 4.427454, 2.094656
50.26684, 8.767348, 2.319584
50.27935, 8.855044, 2.54505
50.29087, 8.897521, 2.774633
50.30161, 7.935454, 2.969987
50.31385, 7.159881, 3.142225
50.32637, 7.429915, 3.325375
50.33742, 4.784747, 3.419478
50.34706, 3.229975, 3.463067
50.35888, 5.954084, 3.598162
50.37066, 6.706337, 3.758031
50.38267, 6.181044, 3.895933
50.39447, 5.51275, 4.008528
50.40606, 5.176783, 4.111788
50.41787, 5.480523, 4.224962
50.42901, 5.330322, 4.332232
50.44107, 5.131477, 4.433237
50.45226, 5.044919, 4.540438
50.46375, 5.069093, 4.647499
50.47391, 4.767813, 4.745202
50.48374, 4.917614, 4.847926
50.49355, 3.962924, 4.918751
50.50378, 4.25492, 4.999955
50.51487, 4.31897, 5.088219
50.52618, 4.108914, 5.158589
50.53797, 4.019965, 5.211672
50.54864, 3.861589, 5.340392
50.56015, 4.059661, 5.426488
50.57062, 3.817065, 5.493647
50.58246, 4.160844, 5.444162
50.59394, 5.292739, 5.473005
50.60957, 7.575395, 5.433273
50.62142, 7.760184, 5.396778
50.64463, 3.259837, 5.208855
50.65685, 1.87691, 5.006904
50.90038, 9.471311, 5.083951
50.92241, 3.423927, 4.950418
50.93372, 4.244578, 4.932413
50.94444, 4.243423, 4.966194
50.95577, 3.750692, 4.892747
50.96667, 2.958166, 4.767808
50.9796, 3.045414, 4.663287
50.99289, 3.438254, 4.594137
51.00355, 3.886038, 4.551111
51.01448, 3.7671, 4.493997
51.02602, 3.970164, 4.448659
51.03653, 4.140496, 4.415627
51.04662, 4.210127, 4.3878
51.05747, 4.461047, 4.367532
51.06774, 4.119526, 4.345922
51.08006, 4.364921, 4.327499
51.08995, 4.36949, 4.341051
51.10161, 4.156534, 4.337772
51.11282, 4.162904, 4.33257
51.12475, 4.00428, 4.329082
51.13585, 3.528418, 4.312697
51.14715, 4.254501, 4.325795
51.15862, 4.24031, 4.331816
51.17107, 5.19685, 4.377809
51.18074, 8.665026, 4.527948
51.3801, 5.735678, 4.542713
51.39201, 5.026847, 4.457761
51.67051, 6.763849, 4.424551
51.68188, 8.649747, 4.604214
51.69283, 8.670387, 4.830664
51.71596, 7.622993, 4.769053
51.72653, 6.36051, 4.866939
51.75965, 7.986211, 4.99166
51.82955, 7.948, 5.115145
51.84064, 7.10807, 5.227058
51.8502, 8.384636, 5.407941
51.85883, 4.314045, 5.450228
51.87001, 4.879815, 5.498281
51.88161, 7.687155, 5.624985
52.05868, 4.604573, 5.6529
52.07093, 8.854426, 5.815709
52.08212, 2.630944, 5.76539
52.09326, 3.436664, 5.739608
52.10384, 3.644144, 5.712379
52.11489, 3.094925, 5.678225
52.12582, 3.799044, 5.659363
52.13829, 4.219841, 5.654375
52.14974, 4.148397, 5.654103
52.16033, 4.307524, 5.658924
52.1708, 4.388485, 5.671731
52.18172, 4.595862, 5.707312
52.19334, 4.556812, 5.717389
52.2049, 5.234827, 5.75054
52.21751, 7.384956, 5.823476
52.22808, 7.716631, 5.791863
52.23882, 4.895829, 5.763868
52.24984, 4.53671, 5.74753
52.25928, 5.495057, 5.705237
52.26973, 4.990225, 5.583253
52.28104, 4.239667, 5.435562
52.33635, 9.422678, 5.495552
52.3479, 6.538629, 5.50149
52.36319, 3.324827, 5.34611
52.37528, 3.127615, 5.185431
52.38689, 3.226394, 5.056041
52.40045, 4.561113, 4.928591
52.4122, 6.976191, 5.017329
52.42341, 7.422046, 5.10207
52.43436, 6.205027, 5.052666
52.44519, 9.476672, 5.21507
52.45541, 7.04729, 5.154831
52.46676, 7.253161, 5.308905
52.51075, 8.351453, 5.472732
52.52135, 9.772364, 5.677005
52.53245, 5.631429, 5.761556
52.54407, 6.619524, 5.855571
52.57719, 8.768134, 6.007181
52.58925, 9.730391, 6.193247
52.59967, 6.569784, 6.268656
52.61103, 7.092117, 6.358777
52.93554, 6.945839, 6.43711
52.95805, 9.147545, 6.590134
52.96986, 6.029277, 6.616616
52.98132, 7.113339, 6.607562
52.9924, 4.911456, 6.514056
53.00766, 2.127342, 6.421773
53.01818, 2.622601, 6.35797
53.02911, 1.994433, 6.241282
53.03881, 1.753314, 6.133385
53.0498, 3.248823, 6.100357
53.06121, 1.846793, 5.847827
53.08273, 1.26883, 5.672167
53.09376, 1.128907, 5.598969
53.10624, 1.123164, 5.532155
53.11687, 1.169931, 5.463606
53.12815, 1.277305, 5.354146
53.13999, 1.371154, 5.167311
53.14976, 1.339903, 4.964573
53.15985, 1.372136, 4.803476
53.17129, 1.39755, 4.534173
53.1816, 1.418635, 4.346551
53.19287, 1.561301, 4.156822
53.20491, 1.496516, 3.928324
53.21674, 1.020682, 3.636601
53.22833, 0.9240687, 3.47969
53.24063, 1.910708, 3.322729
53.25206, 0.7699061, 3.056121
53.26271, 1.306308, 2.775318
53.27358, 0.8596894, 2.584982
53.28361, 0.8755074, 2.377762
53.29491, 0.8827757, 2.175659
53.30627, 0.8114771, 1.897791
53.31755, 0.9008784, 1.726844
53.3294, 0.9025118, 1.519816
53.3402, 0.9056956, 1.386291
53.35143, 0.8641281, 1.344184
53.36321, 0.7367618, 1.281323
53.37507, 0.629292, 1.235818
53.38599, 0.6388428, 1.198669
53.39796, 0.7063242, 1.113919
53.408, 0.6188859, 1.072989
53.41887, 0.614089, 1.051164
53.42972, 0.6329696, 1.034633
53.43919, 0.6135975, 1.017647
53.44966, 0.5789792, 0.9979486
53.45957, 0.53575, 0.9732301
53.46947, 0.5240507, 0.9449932
53.47967, 0.5327992, 0.9180897
53.48948, 0.531565, 0.8900707
53.50037, 0.5863684, 0.8630314
53.5155, 0.578956, 0.8350421
53.52548, 0.5805939, 0.8023519
53.53523, 0.7958397, 0.7789961
53.54686, 0.8782855, 0.7742495
53.55792, 0.8423907, 0.7715269
53.56749, 0.8428097, 0.7359303
53.57882, 0.9467895, 0.7418264
53.58858, 0.934278, 0.7294254
53.59988, 0.9605014, 0.7327858
53.61154, 0.9533932, 0.735382
53.62201, 1.03146, 0.7403381
53.63323, 0.8282529, 0.7408972
53.64307, 0.8574324, 0.7394491
53.65404, 0.9292283, 0.7403396
53.66545, 0.380636, 0.7228376
53.67665, 0.5674378, 0.712948
53.68914, 0.5653011, 0.7072327
53.70014, 0.4480428, 0.701191
53.71138, 0.4184957, 0.693846
53.72305, 0, 0.670302
53.73462, 0, 0.6496724
53.75524, 0, 0.6292028
53.76709, 0.3793356, 0.6207483
53.77802, 0.3453304, 0.6118061
53.79037, 0.3230063, 0.6032736
53.80119, 0.3556274, 0.5972696
53.81129, 0, 0.5798012
53.82215, 0.4306047, 0.5763947
53.83355, 0.4844007, 0.5748225
53.8455, 0.5943522, 0.5750887
53.8575, 0, 0.5557901
53.87018, 0, 0.536437
54.04828, 0, 0.509909
54.06015, 0.8326466, 0.5083878
54.07309, 0, 0.4803081
54.085, 0, 0.4522144
54.09964, 0, 0.4206548
54.11204, 0, 0.3895122
54.12279, 0, 0.3574955
54.13521, 3.940822, 0.4570764
54.14664, 4.975322, 0.5885385
54.15744, 9.358006, 0.8728636
54.64276, 3.641628, 0.9656702
54.66516, 2.83807, 1.029298
54.67599, 1.659836, 1.071938
54.68691, 1.215208, 1.093531
54.7019, 1.59274, 1.127779
54.71332, 1.617421, 1.166758
54.72329, 2.048844, 1.221103
54.73456, 1.754162, 1.279575
54.7455, 1.239029, 1.320876
54.75637, 1.654068, 1.376011
54.76657, 1.707312, 1.420277
54.77777, 1.852784, 1.470526
54.78855, 2.018323, 1.527036
54.79984, 1.135945, 1.553047
54.81071, 1.982847, 1.619142
54.8215, 1.500321, 1.654799
54.83239, 4.66776, 1.794244
54.8424, 2.905774, 1.871292
54.85437, 3.137158, 1.975863
54.86592, 6.693767, 2.198989
55.28065, 9.35498, 2.510822
55.29226, 9.576331, 2.802278
55.3038, 8.707329, 3.092522
55.33028, 9.933678, 3.423645
55.35069, 9.437269, 3.73822
55.36117, 9.070997, 4.040587
55.37187, 9.758156, 4.365859
55.42528, 3.160706, 4.339855
55.43487, 4.759556, 4.332663
55.46739, 2.355859, 4.099257
55.47918, 4.771535, 4.136921
55.48967, 9.967667, 4.374575
55.49986, 2.628414, 4.406861
55.51166, 6.35159, 4.578074
55.52242, 2.654939, 4.61348
55.53279, 1.680231, 4.615574
55.54427, 1.393188, 4.593719
55.55577, 0.9362317, 4.566454
55.56548, 1.900071, 4.588489
55.57733, 1.486073, 4.582889
55.58879, 3.050166, 4.627652
55.59993, 2.056359, 4.634438
55.61056, 2.221555, 4.641212
55.62274, 2.370553, 4.682366
55.63402, 2.081829, 4.685666
55.64497, 2.408834, 4.715949
55.6557, 2.694861, 4.650186
55.66602, 2.589393, 4.639639
55.67596, 2.047361, 4.603312
55.68663, 1.700909, 4.436884
55.69778, 1.648356, 4.179997
55.70881, 1.561552, 3.912838
55.72102, 1.580629, 3.675281
55.73204, 2.006179, 3.411031
55.74273, 2.408613, 3.176742
55.75493, 2.400626, 2.954396
55.76553, 2.807666, 2.722713
55.7768, 2.825915, 2.711554
55.78762, 2.9711, 2.651938
55.79834, 3.122145, 2.677481
55.80961, 2.844931, 2.613261
55.82168, 2.945977, 2.379205
55.83274, 2.971223, 2.390632
55.84362, 3.456316, 2.294122
55.85579, 3.651196, 2.327331
55.86846, 2.853655, 2.366445
55.87986, 2.564574, 2.405492
55.89078, 2.920208, 2.471624
55.90279, 2.949308, 2.506599
55.91479, 3.214683, 2.564219
55.92533, 3.871782, 2.591606
55.93543, 3.745012, 2.647895
55.94573, 3.588759, 2.693468
55.95697, 3.108924, 2.718081
55.96817, 2.409109, 2.72899
55.98058, 2.397465, 2.728611
55.9908, 2.007243, 2.70569
56.00257, 1.922895, 2.683474
56.01488, 1.770124, 2.674232
56.02589, 1.588569, 2.670488
56.03685, 1.562271, 2.667618
56.04777, 1.066692, 2.651123
56.05804, 0.8343427, 2.626247
56.06968, 1.251324, 2.601085
56.08231, 0.8082459, 2.547739
56.09274, 0.7354194, 2.492232
56.10405, 0.4158796, 2.412506
56.11473, 0.513741, 2.335434
56.1259, 0.3728289, 2.248825
56.13769, 0.4894557, 2.161068
56.14868, 0, 2.066237
56.16095, 0, 1.968038
56.17164, 0.502272, 1.88574
56.18281, 0, 1.770529
56.19501, 0.160607, 1.654176
56.21624, 0.3482828, 1.570664
56.22593, 0.347676, 1.496767
56.23795, 0.4182914, 1.41337
56.24894, 0.4970514, 1.331628
56.26117, 0.3635969, 1.236592
56.27264, 0.2903063, 1.11721
56.28364, 0.2950695, 1.002211
56.29465, 2.094832, 0.9524139
56.30462, 0.4445494, 0.8636014
56.31608, 2.317231, 0.8605388
56.32571, 0, 0.7806234
56.33578, 0, 0.7137153
56.34731, 0, 0.6496187
56.35811, 3.419772, 0.704607
56.39526, 1.119791, 0.688981
56.4068, 0.539485, 0.6548882
56.41855, 0.5459372, 0.6375296
56.43086, 0.542977, 0.6278174
56.44275, 0.5645915, 0.6049263
56.45443, 0.5675192, 0.5969021
56.46676, 0.5868209, 0.5919488
56.47987, 0.5731022, 0.5971896
56.49174, 0.47916, 0.5960369
56.50367, 0.4745739, 0.5994284
56.51711, 0.4787815, 0.5990725
56.52973, 0.4777662, 0.614998
56.54137, 0.6793454, 0.6376429
56.55325, 0.4416832, 0.6356233
56.5655, 0.4050989, 0.6491266
56.57656, 0.4091632, 0.6574118
56.58828, 0.4828103, 0.661896
56.5993, 0.5800937, 0.6696433
56.61167, 0.5933254, 0.6754777
56.62356, 0.5903429, 0.6785875
56.63338, 6.238711, 0.8744246
56.64881, 0.5862931, 0.8842908
56.66063, 0.5826166, 0.8938758
56.67258, 0.6004236, 0.8440621
56.68394, 0.604194, 0.8493837
56.69535, 0.6173143, 0.7927197
56.70784, 0.6097227, 0.8130438
56.72034, 0.619097, 0.8336803
56.7332, 1.01711, 0.867584
56.74521, 1.125522, 0.791109
56.75785, 0.8067936, 0.7806758
56.77177, 0.6038539, 0.7828214
56.78337, 0.9715254, 0.7970076
56.79443, 1.343049, 0.8236767
56.80643, 2.366908, 0.8837539
56.81749, 2.950404, 0.9631833
56.82906, 2.154428, 1.015437
56.84131, 2.734051, 1.087469
56.85303, 3.781313, 1.19754
56.86406, 7.736988, 1.439621
56.88706, 5.126226, 1.594536
56.8979, 4.361887, 1.724006
56.90845, 6.2574, 1.909941
56.92024, 7.475729, 2.14441
56.93147, 8.616071, 2.418109
56.9421, 8.292496, 2.680887
56.95335, 7.806757, 2.925018
56.965, 7.245519, 3.147199
56.97642, 7.107835, 3.364349
56.98701, 7.346312, 3.589549
56.99923, 8.202776, 3.655017
57.01033, 9.377242, 3.948049
57.02156, 8.559305, 4.213938
57.033, 7.556158, 4.445796
57.04264, 7.451534, 4.674041
57.05262, 8.464151, 4.935603
57.09771, 9.217421, 5.222526
57.26358, 7.794591, 5.461709
57.27481, 9.94811, 5.759409
57.29758, 9.147687, 6.026815
57.3079, 9.146791, 6.304815
57.31917, 8.873281, 6.580462
57.35376, 5.248386, 6.723024
57.366, 7.289829, 6.92125
57.40258, 8.161655, 7.114408
57.47874, 0, 7.016061
57.48964, 0, 6.944246
57.70061, 0, 6.853111
57.71181, 0, 6.727067
57.72297, 3.692601, 6.592255
57.73384, 3.128116, 6.525651
57.74507, 2.651572, 6.46864
57.75681, 2.614228, 6.347201
57.76908, 2.508094, 6.181613
57.78121, 1.801178, 5.95445
57.791, 1.611636, 5.731755
57.80101, 1.847106, 5.533099
57.81314, 1.693869, 5.348044
57.82401, 1.362278, 5.156526
57.83463, 1.310006, 4.955316
57.84608, 1.099673, 4.718545
57.85709, 1.102072, 4.442706
57.86861, 1.016051, 4.191265
57.879, 0.9863818, 3.972272
57.88999, 0.9264565, 3.754769
57.9015, 0.858788, 3.501257
57.91226, 0.8191952, 3.221317
57.92376, 0.7488967, 2.98646
57.93455, 0.7463797, 2.679735
57.95277, 0.7359075, 2.399343
57.96633, 0.7236618, 2.118572
57.98228, 0.70157, 1.846181
57.99305, 0.7443861, 1.696048
58.00459, 0.6915945, 1.476107
58.01583, 0.8847846, 1.233544
58.0258, 0.8927076, 1.263301
58.03665, 0.8740889, 1.292437
58.04887, 0.8858728, 1.321967
58.0593, 0.8693218, 1.350944
58.06887, 0.8883222, 1.257468
58.08122, 0.9204174, 1.183878
58.09075, 1.29487, 1.138654
58.10361, 1.455277, 1.100023
58.1138, 1.550469, 1.068102
58.12359, 1.748551, 1.066348
58.13616, 1.785788, 1.072153
58.14583, 1.903954, 1.074047
58.15559, 2.372831, 1.096679
58.16623, 2.531709, 1.13566
58.17752, 1.210311, 1.132337
58.18776, 1.257307, 1.137592
58.22243, 0.9337205, 1.13198
58.23193, 0.8872852, 1.127688
58.24207, 0.8860695, 1.124344
58.25395, 0.7710467, 1.119164
58.26531, 0.8262499, 1.118079
58.27486, 0.8267927, 1.118332
58.28581, 0.8420901, 1.121439
58.29667, 0.9647868, 1.128719
58.30921, 0.6027404, 1.12428
58.31981, 1.089832, 1.136486
58.33073, 1.302472, 1.156516
58.3417, 1.351452, 1.176751
58.35308, 1.411609, 1.200752
58.36369, 1.396727, 1.217817
58.37487, 1.455609, 1.23658
58.38683, 1.479996, 1.256777
58.39904, 1.199297, 1.267224
58.41219, 1.181307, 1.277624
58.42268, 1.271047, 1.290381
58.43402, 1.156971, 1.298267
58.44497, 1.158446, 1.293719
58.45673, 1.15774, 1.283801
58.46934, 1.137964, 1.270051
58.48013, 1.129814, 1.249426
58.49582, 0.826614, 1.217454
58.50658, 0.9296029, 1.184976
58.51802, 4.411521, 1.252932
58.52853, 0.6124313, 1.188956
58.53942, 1.657523, 1.203863
58.54961, 1.023681, 1.196076
58.55967, 1.650093, 1.219955
58.57067, 2.978073, 1.289648
58.58183, 1.886443, 1.322994
58.5914, 3.731086, 1.421662
58.6027, 6.448282, 1.609063
58.62294, 4.461558, 1.730222
58.63363, 4.724363, 1.859631
58.64401, 4.448101, 1.975742
58.65511, 3.817758, 2.082909
58.66697, 3.405236, 2.160089
58.67883, 3.876089, 2.245876
58.69001, 5.616324, 2.388038
58.7002, 6.756936, 2.566216
58.71096, 7.721735, 2.77705
58.72269, 7.242683, 2.969952
58.73465, 5.476474, 3.103168
58.74485, 5.389654, 3.242846
58.75666, 5.413821, 3.38393
58.76722, 5.261427, 3.516943
58.77807, 6.772602, 3.70413
58.79018, 5.081734, 3.834907
58.80222, 6.781179, 4.022355
58.81291, 4.213762, 4.124881
58.82442, 5.61283, 4.274315
58.83518, 4.444675, 4.394917
58.84612, 5.483278, 4.546707
58.85767, 6.044128, 4.601127
58.86892, 6.411818, 4.79444
58.88126, 6.399848, 4.952518
58.89225, 7.96083, 5.183756
58.90179, 7.760509, 5.387437
58.91292, 8.095765, 5.558027
58.92482, 7.740799, 5.753172
58.93584, 8.112543, 5.899221
58.94705, 8.443089, 5.965714
58.95805, 8.226842, 6.091223
58.96774, 9.247891, 6.242007
58.98079, 8.265501, 6.369254
58.99182, 7.515797, 6.492522
59.00581, 7.579539, 6.631665
59.01767, 6.385293, 6.715306
59.03034, 6.79289, 6.754525
59.04097, 7.461134, 6.777998
59.05193, 7.148186, 6.75888
59.06378, 6.923002, 6.748224
59.09602, 4.544838, 6.71717
59.10715, 2.332994, 6.615281
59.11841, 2.68584, 6.524348
59.12986, 1.764715, 6.407791
59.1408, 3.262378, 6.290784
59.15151, 2.608397, 6.208339
59.16356, 2.726154, 6.073172
59.1739, 2.870928, 6.028411
59.18993, 2.676007, 5.930517
59.20228, 2.668187, 5.871301
59.21373, 2.542234, 5.773266
59.22468, 2.417959, 5.652394
59.23704, 2.402431, 5.518747
59.24935, 2.507059, 5.388988
59.26085, 2.527594, 5.20788
59.27302, 2.526328, 5.033407
59.28393, 2.743501, 4.854998
59.2946, 9.71745, 4.920887
59.30643, 9.513641, 4.96759
59.35437, 6.15834, 4.891432
59.37638, 9.947577, 4.94879
59.38671, 5.010674, 4.807549
59.39662, 4.103664, 4.668821
59.40711, 4.370171, 4.563967
59.41868, 4.237033, 4.45255
59.42953, 4.048486, 4.374657
59.44116, 7.51733, 4.398805
59.4517, 7.50558, 4.400286
59.46251, 7.967793, 4.427606
59.47359, 7.142678, 4.434929
59.48632, 6.461223, 4.498808
59.49648, 6.60954, 4.64136
59.50739, 9.319442, 4.86248
59.53009, 9.624113, 5.12446
59.54108, 8.368599, 5.294668
59.55701, 8.467494, 5.489972
59.56897, 6.917779, 5.629693
59.57962, 8.544149, 5.8188
59.59103, 6.871396, 5.958646
59.60261, 5.06795, 6.038638
59.61365, 4.991621, 6.120285
59.62392, 9.134131, 6.344157
59.63615, 7.832984, 6.525175
59.71544, 9.405603, 6.755126
59.72461, 9.311507, 6.981257
59.73453, 6.271663, 7.106102
59.74548, 5.544871, 7.199481
59.78902, 8.267094, 7.151136
59.79982, 8.361413, 7.112729
59.87349, 9.60855, 7.227736
59.88498, 6.872133, 7.125221
59.89671, 7.882961, 7.220963
59.9076, 5.328058, 7.261777
59.91864, 5.396703, 7.295994
59.92895, 5.773598, 7.347213
59.94012, 5.224406, 7.386411
59.95249, 7.967152, 7.401404
59.96361, 9.655618, 7.473073
59.99564, 9.757738, 7.532737
60.06216, 8.928375, 7.59226
60.07463, 4.346127, 7.521757
60.08673, 5.605603, 7.488292
60.09946, 6.941868, 7.40904
60.12528, 8.090741, 7.357927
60.16961, 9.494593, 7.395461
60.18196, 8.637412, 7.401124
60.19385, 6.443097, 7.385302
60.2045, 5.02504, 7.267998
60.21479, 4.97114, 7.204657
60.22459, 5.352949, 7.214157
60.23597, 5.028081, 7.215372
60.24717, 6.653686, 7.13269
60.25822, 6.091941, 7.074656
60.26983, 4.219334, 6.90178
60.31224, 5.452962, 6.773161
60.33127, 4.454844, 6.712601
60.3418, 2.253356, 6.602883
60.3627, 1.868621, 6.389601
60.3741, 1.294576, 6.154039
60.38483, 3.244119, 5.941892
60.39558, 1.646709, 5.767711
60.40673, 1.608718, 5.55857
60.41794, 1.291102, 5.424005
60.42885, 1.088583, 5.280401
60.44012, 1.299917, 5.131278
60.45185, 2.116343, 5.027675
60.46268, 1.791443, 4.821818
60.47337, 1.186589, 4.539517
60.48488, 1.197809, 4.254187
60.49604, 1.174713, 3.995731
60.50673, 1.234569, 3.892012
60.51869, 1.274002, 3.747626
60.53078, 1.231576, 3.557282
60.54227, 1.238736, 3.328882
60.55278, 1.271085, 3.054765
60.56451, 1.219995, 2.807518
60.57682, 1.250584, 2.634434
60.58664, 1.202366, 2.507012
60.59801, 1.192926, 2.381072
60.60859, 1.704519, 2.259457
60.62053, 1.495633, 2.141709
60.63101, 1.454507, 1.968403
60.64236, 1.41649, 1.812554
60.65469, 1.390349, 1.718255
60.66963, 1.342769, 1.581249
60.68241, 1.23639, 1.473967
60.69514, 1.249569, 1.440507
60.70678, 1.189826, 1.417881
60.71779, 1.151601, 1.413115
60.72976, 1.145142, 1.343149
60.74062, 1.053563, 1.323377
60.75115, 1.051513, 1.304804
60.76208, 1.029855, 1.296095
60.77312, 1.006417, 1.293357
60.78474, 0.9994857, 1.283342
60.79542, 0.9045975, 1.242951
60.80673, 0.8983845, 1.213182
60.81776, 0.9488204, 1.205257
60.82895, 0.9468026, 1.19689
60.8396, 0.9560796, 1.189602
60.85087, 0.8953049, 1.178293
60.86272, 0.9186573, 1.166448
60.87357, 1.001162, 1.158768
60.88499, 0.9371001, 1.148713
60.89574, 0.9704478, 1.138692
60.9066, 0.9774705, 1.130608
60.91875, 1.019897, 1.122918
60.93008, 1.002554, 1.116258
60.94072, 1.082171, 1.112566
60.95262, 1.120871, 1.093112
60.96378, 1.02914, 1.077562
60.97364, 1.037254, 1.063653
60.98519, 1.036336, 1.050982
60.99666, 0.9982101, 1.03791
61.00666, 0.9076618, 1.023407
61.01897, 0.9183955, 1.012807
61.03114, 0.9574206, 1.003069
61.04183, 0.9518567, 0.9951363
61.05379, 0.9426394, 0.9881709
61.06475, 0.9383478, 0.9812778
61.07471, 0.9534397, 0.9779404
61.08566, 0.9536569, 0.9746785
61.09643, 0.9078135, 0.9706104
61.10643, 0.9181597, 0.9676685
61.11884, 0.90847, 0.9646347
61.12977, 0.9297472, 0.965473
61.14063, 0.9612486, 0.9675685
61.15181, 0.9503629, 0.9676199
61.16245, 0.8587475, 0.9646847
61.1736, 1.56178, 0.9848748
61.18453, 1.923968, 1.019163
61.19851, 0.9871731, 1.021447
61.20957, 0.9353989, 1.019255
61.22171, 1.266218, 1.030226
61.23282, 1.036176, 1.032417
61.24339, 0.9219197, 1.030565
61.25452, 1.002525, 1.029986
61.26549, 0.9921119, 1.029638
61.27665, 1.042729, 1.028323
61.28765, 1.013646, 1.024749
61.29943, 1.05612, 1.025648
61.31164, 1.040159, 1.025745
61.3227, 0.9723188, 1.023611
61.33361, 1.595508, 1.043521
61.34546, 1.055637, 1.048454
61.35719, 2.755448, 1.109689
61.36903, 1.79811, 1.137712
61.38, 1.683554, 1.162102
61.39065, 1.408075, 1.177616
61.4019, 1.788167, 1.205944
61.41349, 1.389611, 1.220483
61.42463, 1.366929, 1.234258
61.43654, 1.473473, 1.253114
61.44767, 1.799766, 1.282501
61.45976, 2.047714, 1.320475
61.47152, 2.04402, 1.357618
61.48251, 2.160068, 1.397578
61.49366, 2.036164, 1.433772
61.50424, 2.138784, 1.47644
61.51576, 2.05472, 1.492871
61.52736, 2.05366, 1.497194
61.53856, 2.332707, 1.542045
61.54993, 1.995898, 1.577395
61.56189, 1.251552, 1.576907
61.57292, 2.219177, 1.61634
61.58377, 1.668917, 1.64124
61.59485, 1.689831, 1.66415
61.60633, 1.739411, 1.68906
61.61718, 2.154204, 1.726109
61.62831, 2.209908, 1.765985
61.64014, 2.772342, 1.823192
61.65133, 3.538466, 1.906469
61.66286, 4.270785, 2.016418
61.67422, 5.652128, 2.151639
61.68567, 5.942339, 2.314529
61.69723, 5.952902, 2.421111
61.70823, 6.840937, 2.589205
62.22044, 6.565688, 2.751942
62.24456, 0, 2.705007
62.36591, 6.771162, 2.871106
62.37772, 6.933496, 3.055903
62.39202, 5.566296, 3.195882
62.40361, 5.865341, 3.342277
62.43551, 9.496589, 3.598838
62.44548, 5.888853, 3.726876
62.45665, 4.358044, 3.80401
62.46891, 4.562519, 3.884092
62.48072, 4.791176, 3.975925
62.49285, 5.983819, 4.104093
62.50402, 5.320584, 4.212955
62.51476, 3.504951, 4.261332
62.5267, 3.429711, 4.297898
62.5377, 3.424187, 4.345508
62.5488, 4.010727, 4.43748
62.56082, 3.714742, 4.487333
62.57124, 4.040922, 4.5664
62.58188, 3.517833, 4.627333
62.59411, 4.07068, 4.705042
62.60472, 4.54735, 4.784813
62.61546, 7.806474, 4.971365
62.62664, 6.165929, 5.084485
62.64983, 7.324322, 5.21068
62.66102, 3.670545, 5.190672
62.67212, 8.899788, 5.298928
62.96085, 8.327449, 5.378432
