0.011333, 1.974415, 1.974415, 2.638808
0.0217263, 1.97353, 1.973973, 2.638654
0.0328717, 2.061064, 2.003003, 2.638473
0.0438572, 2.035426, 2.011109, 2.638168
0.0549419, 2.008636, 2.010614, 2.637889
0.0661019, 2.011554, 2.010771, 2.637611
0.07734101, 2.02027, 2.012128, 2.637227
0.08836131, 2.016321, 2.012652, 2.636868
0.09979651, 2.058792, 2.017779, 2.636311
0.1112477, 2.143915, 2.030392, 2.63583
0.1221014, 2.300031, 2.054905, 2.635188
0.1329496, 2.342786, 2.078895, 2.634615
0.1438611, 2.437376, 2.106471, 2.633823
0.1550426, 2.462142, 2.131876, 2.633062
0.1661975, 2.511781, 2.157203, 2.632154
0.1773195, 2.48144, 2.177468, 2.63128
0.1883258, 2.451958, 2.193614, 2.630383
0.1994641, 2.524738, 2.21201, 2.629431
0.2105591, 2.646493, 2.234877, 2.628399
0.2215646, 2.677357, 2.257001, 2.627354
0.2328666, 2.735058, 2.295033, 2.626159
0.2439262, 2.698585, 2.331286, 2.624924
0.2551324, 2.608075, 2.358637, 2.623656
0.2662132, 2.661983, 2.389965, 2.622241
0.2771421, 2.498639, 2.414464, 2.620891
0.2883825, 2.571716, 2.442473, 2.619493
0.2996499, 2.791253, 2.481022, 2.617958
0.3104891, 2.835394, 2.521976, 2.616408
0.3216096, 2.866838, 2.562378, 2.614769
0.3328489, 2.825727, 2.596468, 2.613098
0.344032, 2.645984, 2.613766, 2.611294
0.3549136, 2.722799, 2.632767, 2.609568
0.3660699, 2.779772, 2.649887, 2.607825
0.3772304, 2.874485, 2.670504, 2.605963
0.3881781, 2.771656, 2.683497, 2.604076
0.3994759, 2.658813, 2.692366, 2.602106
0.410437, 2.52175, 2.695856, 2.600043
0.4215195, 2.464256, 2.692832, 2.597886
0.4328129, 2.293478, 2.675181, 2.595747
0.4439818, 2.190659, 2.650846, 2.593621
0.4548845, 2.118047, 2.619995, 2.591483
0.4661379, 2.122437, 2.591188, 2.589201
0.4772903, 2.285781, 2.575073, 2.586884
0.4881972, 2.208485, 2.552398, 2.584613
0.499341, 2.216681, 2.538301, 2.582191
0.5104788, 2.424951, 2.530962, 2.579737
0.5215022, 2.437909, 2.513295, 2.577218
0.5327325, 2.397841, 2.491417, 2.574638
0.5438206, 2.421236, 2.469137, 2.572041
0.5548556, 2.452414, 2.450472, 2.569432
0.5660785, 2.423665, 2.439356, 2.566823
0.5770382, 2.424647, 2.424448, 2.564147
0.5882952, 2.398468, 2.405383, 2.561443
0.5993669, 2.442601, 2.383789, 2.558644
0.6104669, 2.437938, 2.367103, 2.555799
0.6214563, 2.364846, 2.352404, 2.55285
0.6327245, 2.426325, 2.347633, 2.549847
0.6436227, 2.627353, 2.355788, 2.546892
0.6547789, 2.616847, 2.371957, 2.543819
0.6659865, 2.521755, 2.388511, 2.540662
0.6770099, 2.39784, 2.402501, 2.537501
0.6880459, 2.420715, 2.417415, 2.53433
0.6994278, 2.588556, 2.432554, 2.530972
0.7103543, 2.743207, 2.45929, 2.527654
0.7214396, 2.745009, 2.485706, 2.524644
0.7325349, 3.836864, 2.556302, 2.521238
0.7437879, 4.142179, 2.641515, 2.517413
0.7548486, 3.694306, 2.706338, 2.513895
0.7658608, 3.104692, 2.740511, 2.51028
0.777022, 2.464905, 2.741136, 2.506626
0.7880489, 2.660224, 2.752964, 2.502913
0.7992398, 2.530915, 2.758277, 2.499146
0.8108139, 2.282024, 2.752455, 2.495203
0.8213473, 2.370728, 2.748861, 2.491553
0.8325369, 2.343755, 2.744152, 2.487627
0.8435107, 2.282319, 2.740026, 2.48376
0.8546797, 2.251715, 2.731295, 2.479756
0.8658879, 2.220097, 2.710932, 2.47571
0.8768751, 2.086275, 2.684404, 2.471695
0.8880273, 2.0932, 2.662976, 2.46763
0.8991328, 2.263192, 2.656244, 2.463545
0.9104745, 2.109396, 2.640678, 2.459222
0.9215139, 1.960587, 2.609279, 2.454908
0.9325532, 1.961958, 2.570217, 2.450676
0.9434675, 1.971253, 2.531529, 2.446398
0.9546378, 1.982812, 2.438826, 2.442021
0.9659805, 1.960802, 2.329758, 2.437574
0.976962, 2.113169, 2.250701, 2.433203
0.9879252, 2.082235, 2.199578, 2.428735
0.99923, 2.04446, 2.178556, 2.424144
1.010135, 2.109953, 2.151042, 2.419688
1.021268, 2.04761, 2.126877, 2.415128
1.032515, 2.000208, 2.112787, 2.410441
1.043574, 1.982396, 2.09337, 2.405818
1.054556, 1.959188, 2.074142, 2.401169
1.065852, 1.929896, 2.05652, 2.396419
1.076951, 1.951855, 2.041527, 2.391635
1.088029, 2.056378, 2.033341, 2.386803
1.099207, 2.054173, 2.031736, 2.381909
1.110111, 2.126734, 2.033413, 2.377051
1.121361, 2.147899, 2.027648, 2.372091
1.132506, 2.17719, 2.031038, 2.367093
1.14349, 1.934066, 2.029712, 2.362223
1.154496, 1.974888, 2.030358, 2.357225
1.165899, 1.936383, 2.028615, 2.35196
1.177015, 1.948345, 2.026891, 2.346823
1.187916, 1.998645, 2.028784, 2.341839
1.199079, 1.861796, 2.016215, 2.336527
1.210011, 1.776233, 2.000915, 2.331371
1.221328, 1.756625, 1.986523, 2.325826
1.232226, 1.728021, 1.967426, 2.320606
1.243522, 1.709063, 1.950499, 2.315082
1.25486, 1.69179, 1.935078, 2.309555
1.265712, 1.683408, 1.920128, 2.304442
1.276646, 1.630931, 1.903716, 2.299049
1.287809, 1.69688, 1.892065, 2.293483
1.298991, 1.739658, 1.881455, 2.287921
1.310052, 1.815091, 1.869391, 2.282359
1.321186, 1.843048, 1.858835, 2.276789
1.332348, 1.831523, 1.844074, 2.271116
1.343378, 1.89087, 1.831222, 2.265534
1.354484, 1.91133, 1.81793, 2.259813
1.365733, 1.946066, 1.818529, 2.253836
1.376734, 1.961937, 1.817882, 2.248104
1.38782, 1.938751, 1.818, 2.242202
1.39895, 1.924685, 1.816817, 2.236333
1.409972, 1.923068, 1.813038, 2.230475
1.42111, 1.96391, 1.818144, 2.22443
1.432251, 1.946875, 1.826676, 2.218423
1.44333, 2.048643, 1.841277, 2.212419
1.454313, 1.978892, 1.853821, 2.206491
1.465497, 2.033946, 1.870065, 2.200404
1.47668, 2.025488, 1.88675, 2.194234
1.487858, 2.03891, 1.904525, 2.187938
1.498922, 2.013843, 1.92367, 2.181705
1.509977, 1.949766, 1.936315, 2.175493
1.521063, 2.149495, 1.956806, 2.169201
1.532302, 2.402105, 1.986157, 2.162821
1.543278, 2.149126, 2.001461, 2.156584
1.554387, 2.180343, 2.018902, 2.150208
1.56549, 1.987208, 2.023719, 2.14387
1.576609, 1.917258, 2.024015, 2.137382
1.5881, 1.841851, 2.018805, 2.130662
1.598909, 1.857975, 2.013607, 2.124403
1.609823, 1.637185, 1.998528, 2.11804
1.621119, 1.680547, 1.986321, 2.111404
1.632192, 1.647073, 1.972521, 2.104881
1.643264, 1.721202, 1.960386, 2.098361
1.654263, 1.727842, 1.949434, 2.091825
1.665536, 1.733018, 1.933653, 2.084842
1.676498, 1.71616, 1.920516, 2.078266
1.687791, 1.751194, 1.906379, 2.07148
1.698941, 1.705586, 1.890383, 2.06474
1.709902, 1.772735, 1.877075, 2.058084
1.720919, 1.778734, 1.865319, 2.051349
1.73212, 1.790544, 1.857358, 2.0445
1.743242, 1.79768, 1.839767, 2.037646
1.754187, 1.897183, 1.814521, 2.030914
1.765388, 1.898953, 1.802013, 2.023999
1.776483, 1.784995, 1.782245, 2.017123
1.787761, 1.786534, 1.772212, 2.010135
1.798865, 1.710694, 1.761883, 2.003309
1.809917, 1.725424, 1.756062, 1.996402
1.820934, 1.851811, 1.755754, 1.989456
1.832038, 1.734681, 1.760629, 1.98249
1.843073, 1.764051, 1.764804, 1.975517
1.854237, 1.807073, 1.772804, 1.968466
1.865541, 1.886703, 1.781079, 1.961178
1.876455, 1.88602, 1.788988, 1.954173
1.887655, 1.817788, 1.793226, 1.947041
1.898847, 1.788283, 1.796833, 1.939921
1.909838, 1.879876, 1.803267, 1.932863
1.920955, 1.86771, 1.811373, 1.925739
1.93182, 1.825655, 1.814019, 1.918732
1.943245, 1.780125, 1.814088, 1.911346
1.954268, 1.763055, 1.812714, 1.904198
1.96534, 1.722565, 1.808958, 1.896961
1.976572, 1.72387, 1.800293, 1.889617
1.987479, 1.697998, 1.790245, 1.882535
1.998734, 1.702221, 1.786106, 1.875219
2.009826, 1.737227, 1.783641, 1.867947
2.020807, 1.761281, 1.78617, 1.860648
2.031931, 1.742301, 1.787014, 1.853311
2.043051, 1.738374, 1.781342, 1.845901
2.054148, 1.757122, 1.782464, 1.838467
2.065165, 1.77333, 1.782928, 1.831077
2.07645, 1.616067, 1.773378, 1.823522
2.087499, 1.59433, 1.758759, 1.816129
2.098698, 1.531634, 1.74104, 1.808574
2.109742, 1.589286, 1.729615, 1.801177
2.120868, 1.570702, 1.718736, 1.793754
2.132025, 1.57548, 1.703516, 1.786248
2.142959, 1.618421, 1.691052, 1.778901
2.1541, 1.634454, 1.681492, 1.771389
2.165176, 1.611126, 1.673042, 1.763895
2.17645, 1.614935, 1.665636, 1.756134
2.187444, 1.62528, 1.660772, 1.748727
2.198663, 1.622676, 1.655712, 1.741072
2.209814, 1.646209, 1.653123, 1.733485
2.220586, 1.653613, 1.650692, 1.726318
2.232091, 1.690729, 1.648367, 1.718489
2.242969, 1.725019, 1.646554, 1.71106
2.254154, 1.674493, 1.643164, 1.703393
2.265084, 1.713184, 1.641904, 1.695923
2.276239, 1.653754, 1.636736, 1.688256
2.287314, 1.633044, 1.629722, 1.680686
2.298478, 1.632172, 1.630527, 1.673043
2.309931, 1.668436, 1.634232, 1.665201
2.320708, 1.648054, 1.640053, 1.657697
2.331982, 1.664891, 1.643833, 1.649954
2.343067, 1.657422, 1.648169, 1.642316
2.354024, 1.660185, 1.652404, 1.63482
2.365107, 1.667701, 1.654868, 1.627187
2.377272, 1.658892, 1.65609, 1.618812
2.387405, 1.649523, 1.65801, 1.611909
2.398526, 1.649523, 1.65974, 1.604277
2.409812, 1.646801, 1.660816, 1.596473
2.420571, 1.649485, 1.662156, 1.588966
2.431936, 1.599151, 1.659803, 1.581089
2.443293, 1.563281, 1.655287, 1.573137
2.453953, 1.566371, 1.649069, 1.565813
2.465184, 1.56264, 1.64095, 1.558054
2.476251, 1.554189, 1.634935, 1.550323
2.487218, 1.521274, 1.625339, 1.54263
2.498512, 1.509917, 1.618147, 1.534812
2.50961, 1.460781, 1.609534, 1.527117
2.520774, 1.485129, 1.602182, 1.519234
2.531843, 1.465764, 1.592049, 1.511541
2.542824, 1.529561, 1.586124, 1.503939
2.553799, 1.53377, 1.579568, 1.496288
2.564976, 1.260219, 1.559708, 1.488564
2.576256, 1.599918, 1.556694, 1.480788
2.587316, 1.481588, 1.547389, 1.473255
2.598417, 1.439278, 1.536408, 1.465543
2.609832, 1.460904, 1.526977, 1.457649
2.620679, 1.445747, 1.516788, 1.450166
2.632034, 1.393824, 1.504139, 1.442319
2.643153, 1.408051, 1.492068, 1.434693
2.653921, 1.495488, 1.486885, 1.427284
2.665128, 1.414048, 1.479423, 1.419427
2.676491, 1.466946, 1.474452, 1.411621
2.687246, 1.493108, 1.470975, 1.404252
2.698336, 1.408289, 1.46368, 1.396636
2.709541, 1.368931, 1.456063, 1.388927
2.72057, 1.383526, 1.449743, 1.381334
2.732016, 1.390185, 1.446213, 1.373487
2.74335, 1.416423, 1.442778, 1.365851
2.75394, 1.425353, 1.440758, 1.358603
2.765119, 1.402977, 1.434428, 1.351003
2.776212, 1.350106, 1.425245, 1.343437
2.787154, 1.358303, 1.430149, 1.335987
2.79837, 1.358732, 1.41809, 1.328333
2.809593, 1.353199, 1.411671, 1.320747
2.820455, 1.335931, 1.406503, 1.313401
2.831649, 1.317894, 1.399353, 1.30582
2.84292, 1.327492, 1.39344, 1.298185
2.853849, 1.332743, 1.390386, 1.290854
2.865001, 1.331021, 1.386534, 1.283242
2.876047, 1.338408, 1.37868, 1.27573
2.887073, 1.363448, 1.37615, 1.268391
2.898325, 1.346458, 1.370126, 1.260761
2.909379, 1.2963, 1.360286, 1.253368
2.920465, 1.264436, 1.353093, 1.245849
2.93166, 1.26972, 1.348132, 1.238372
2.942693, 1.295983, 1.343755, 1.231034
2.953841, 1.255169, 1.337005, 1.223672
2.964954, 1.247302, 1.328549, 1.216312
2.976137, 1.26624, 1.320593, 1.208957
2.987098, 1.294391, 1.315163, 1.201822
2.998325, 1.294, 1.312358, 1.194577
3.009567, 1.28315, 1.3086, 1.187228
3.02046, 1.290191, 1.305173, 1.179941
3.031531, 1.286895, 1.301858, 1.172716
3.042578, 1.257683, 1.297946, 1.165467
3.053737, 1.236556, 1.293879, 1.158188
3.06498, 1.236577, 1.289333, 1.150899
3.075902, 1.14949, 1.280171, 1.143774
3.087033, 1.197803, 1.27351, 1.136612
3.09811, 1.187803, 1.26598, 1.129365
3.109181, 1.211464, 1.25838, 1.122255
3.120537, 1.227896, 1.252452, 1.114957
3.13135, 1.196576, 1.247466, 1.108059
3.142857, 1.189179, 1.243703, 1.100785
3.153709, 1.215693, 1.241002, 1.09393
3.164788, 1.191707, 1.235788, 1.08694
3.176526, 1.132945, 1.229677, 1.079563
3.187058, 1.103125, 1.222468, 1.073048
3.198121, 1.108911, 1.214602, 1.066082
3.209497, 1.099286, 1.204846, 1.058992
3.220365, 1.100784, 1.195186, 1.052272
3.231328, 1.105668, 1.186311, 1.045454
3.243191, 1.115515, 1.177578, 1.038155
3.25392, 1.097988, 1.168132, 1.031556
3.264667, 1.095198, 1.160008, 1.024998
3.275951, 1.085271, 1.152444, 1.017963
3.286926, 1.086754, 1.144953, 1.011206
3.298096, 1.090052, 1.141981, 1.004364
3.309125, 1.043855, 1.134283, 0.9976968
3.320358, 1.040609, 1.126924, 0.99093
3.331375, 1.010124, 1.116857, 0.9841669
3.342639, 0.9998358, 1.105454, 0.9772554
3.353334, 1.011112, 1.096181, 0.9708827
3.364733, 1.006769, 1.08706, 0.964168
3.375968, 0.976617, 1.075106, 0.9575218
3.386746, 0.9665074, 1.063846, 0.9511033
3.398143, 0.9509528, 1.054747, 0.9445136
3.408979, 0.9324715, 1.046214, 0.9381914
3.420357, 0.9094403, 1.036241, 0.9315143
3.431788, 0.9111231, 1.026832, 0.924896
3.442996, 0.8688983, 1.015238, 0.9184636
3.453986, 0.8670396, 1.003307, 0.9121811
3.46506, 0.8718375, 0.9911228, 0.9058226
3.476408, 0.8910338, 0.9807751, 0.8995088
3.487413, 0.8613141, 0.9690809, 0.8932902
3.498358, 0.8666416, 0.9581494, 0.8870606
3.509695, 0.8553159, 0.9465775, 0.8807319
3.520631, 0.821603, 0.9331552, 0.8748015
3.53268, 0.8198344, 0.921954, 0.8682261
3.543005, 0.7826235, 0.9090548, 0.8625377
3.554617, 0.7923874, 0.8981679, 0.8562437
3.565566, 0.7743714, 0.8868947, 0.8502681
3.576628, 0.7577535, 0.8742267, 0.8441615
3.587017, 0.7541206, 0.8615943, 0.8386433
3.598069, 0.75076, 0.8503014, 0.8326595
3.608862, 0.7467858, 0.8393153, 0.8269027
3.62016, 0.7492507, 0.8292302, 0.8209201
3.632794, 0.7375442, 0.8194839, 0.8143482
3.643327, 0.7403958, 0.8110316, 0.8088867
3.654377, 0.7338802, 0.8021695, 0.8031399
3.665473, 0.7350403, 0.7954766, 0.7974485
3.676427, 0.7409853, 0.789174, 0.7917973
3.686905, 0.7478353, 0.7829739, 0.7864097
3.697834, 0.7518873, 0.7760165, 0.78071
3.709061, 0.7616916, 0.7710353, 0.7750529
3.720002, 0.7701917, 0.7662128, 0.7696061
3.73206, 0.7689238, 0.7618933, 0.7637201
3.74299, 0.7647794, 0.7590522, 0.758215
3.754353, 0.7583768, 0.7559792, 0.7526789
3.765174, 0.7453553, 0.7541159, 0.7474795
3.776294, 0.7370129, 0.7513472, 0.7419983
3.786879, 0.7228634, 0.7487718, 0.7369806
3.797607, 0.707274, 0.7462478, 0.7318783
3.808935, 0.707105, 0.743897, 0.7264498
3.820117, 0.7044356, 0.7415807, 0.7212727
3.83205, 0.6929283, 0.7388878, 0.7157261
3.843183, 0.671856, 0.7350181, 0.7105193
3.854434, 0.6709779, 0.7316898, 0.7052518
3.865367, 0.6699832, 0.7281691, 0.7002566
3.876312, 0.6506812, 0.7240092, 0.6953319
3.886617, 0.6593764, 0.720226, 0.6906884
3.897768, 0.6613055, 0.716242, 0.6856637
3.908699, 0.6743226, 0.7125664, 0.6807792
3.920138, 0.6833242, 0.7091382, 0.6755328
3.931251, 0.6919739, 0.7056524, 0.6707173
3.942031, 0.7041205, 0.7023488, 0.6661042
3.953441, 0.6898925, 0.6983972, 0.6612619
3.964269, 0.6506337, 0.69269, 0.6566386
3.975439, 0.6488419, 0.6872132, 0.651844
3.986533, 0.6116644, 0.6805286, 0.6472439
3.998066, 0.6005577, 0.6737059, 0.6426137
4.008708, 0.5926099, 0.6671932, 0.6382827
4.020098, 0.6018217, 0.6619207, 0.6337264
4.0311, 0.5998036, 0.6565556, 0.6293612
4.042243, 0.5861381, 0.6506407, 0.6249369
4.053058, 0.5818927, 0.645089, 0.6206278
4.064431, 0.582768, 0.6406345, 0.6161587
4.075598, 0.5771021, 0.6359407, 0.6119471
4.086521, 0.5713379, 0.6310085, 0.607753
4.097523, 0.5755649, 0.6272527, 0.6037118
4.108829, 0.5706908, 0.6228184, 0.5995411
4.120003, 0.5709949, 0.6183029, 0.5954463
4.131017, 0.5676038, 0.6129669, 0.591406
4.141943, 0.5690666, 0.6072541, 0.5874667
4.153343, 0.5723197, 0.6012714, 0.5834409
4.164511, 0.5710068, 0.5946157, 0.5795381
4.175457, 0.5516912, 0.5877056, 0.5757939
4.186643, 0.5507469, 0.5827113, 0.5719675
4.197599, 0.5372812, 0.5771332, 0.5682716
4.208667, 0.5349043, 0.5732952, 0.5646216
4.21981, 0.5376082, 0.5701478, 0.5610442
4.230769, 0.5358577, 0.5673102, 0.5575309
4.242094, 0.5306649, 0.5637523, 0.5539576
4.25329, 0.529368, 0.5602305, 0.5504746
4.264335, 0.5324422, 0.5575457, 0.5470789
4.275187, 0.5331699, 0.5551096, 0.5437987
4.286449, 0.5580617, 0.5538742, 0.540299
4.29758, 0.5749741, 0.5537678, 0.5370036
4.308681, 0.4878013, 0.549591, 0.533795
4.319826, 0.4864211, 0.5451338, 0.5305806
4.331209, 0.49339, 0.5412687, 0.527365
4.34211, 0.4973664, 0.5375873, 0.5243314
4.352992, 0.4954431, 0.5339792, 0.5212802
4.364245, 0.4919927, 0.5301255, 0.5182056
4.375242, 0.4909647, 0.5260578, 0.5153245
4.386529, 0.4959533, 0.5223051, 0.5124334
4.397892, 0.4945202, 0.5194466, 0.5096081
4.408662, 0.4915206, 0.5164853, 0.5069373
4.419574, 0.4941054, 0.5143265, 0.5042895
4.430855, 0.4925723, 0.5122098, 0.5016103
4.441932, 0.4854322, 0.5096011, 0.4989133
4.453222, 0.4811686, 0.5068666, 0.4962928
4.463993, 0.4642097, 0.5035439, 0.4937584
4.475332, 0.4685895, 0.5005049, 0.4911556
4.486496, 0.4578501, 0.4967753, 0.4887215
4.497464, 0.4829822, 0.494266, 0.4864541
4.508567, 0.40602, 0.4866639, 0.4841157
4.519736, 0.4101268, 0.4784215, 0.4818212
4.530939, 0.4138747, 0.4747252, 0.4796432
4.541724, 0.4150943, 0.4711589, 0.4775176
4.553104, 0.4203568, 0.4675072, 0.4754053
4.564114, 0.4138332, 0.4633306, 0.4731637
4.575235, 0.418212, 0.459469, 0.4710721
4.586451, 0.4152687, 0.4556328, 0.4690554
4.597476, 0.411072, 0.4516382, 0.4670798
4.6085, 0.4040473, 0.4470429, 0.4652569
4.619631, 0.4046613, 0.4425499, 0.4634317
4.630991, 0.4037159, 0.4381596, 0.4616059
4.642121, 0.4029078, 0.4335998, 0.4599243
4.652996, 0.4028545, 0.429114, 0.4582726
4.664021, 0.4040421, 0.4250444, 0.4566489
4.67514, 0.4022227, 0.4210971, 0.455051
4.686332, 0.4035753, 0.4180654, 0.4536437
4.69734, 0.400336, 0.4146527, 0.4521581
4.708427, 0.3969643, 0.4116084, 0.4506804
4.719448, 0.3973124, 0.4073249, 0.4492699
4.730736, 0.3967015, 0.406859, 0.4479028
4.741844, 0.3950603, 0.4061057, 0.4466493
4.752928, 0.3922157, 0.4050227, 0.4454862
4.763871, 0.3903767, 0.4037868, 0.444274
4.775296, 0.3821528, 0.4018766, 0.4431787
4.78605, 0.3814421, 0.4002571, 0.442163
4.797433, 0.3815589, 0.3984244, 0.441137
4.808439, 0.3752097, 0.3964215, 0.4402112
4.819481, 0.3746649, 0.3946011, 0.4393632
4.830944, 0.37241, 0.3930193, 0.4385175
4.841718, 0.3672405, 0.3911482, 0.4376979
4.852921, 0.3666517, 0.389295, 0.4369398
4.864188, 0.3636953, 0.3873344, 0.4362486
4.875111, 0.3636226, 0.3853728, 0.4356334
4.886345, 0.3645442, 0.3833979, 0.4350193
4.89749, 0.3645818, 0.3815158, 0.4343759
4.908306, 0.363816, 0.3795279, 0.4339397
4.919763, 0.3650697, 0.3777646, 0.4335217
4.930608, 0.3660665, 0.3762197, 0.4331493
4.941523, 0.3641528, 0.3745617, 0.4328164
4.952961, 0.3658629, 0.3730198, 0.4325168
4.963696, 0.3670299, 0.3716183, 0.4323047
4.975042, 0.3674462, 0.3703798, 0.4321498
4.98605, 0.3674136, 0.3692316, 0.4320188
4.997349, 0.3666746, 0.3684577, 0.4319518
5.008237, 0.3659884, 0.367685, 0.4319296
5.01953, 0.3677678, 0.3669955, 0.4319468
5.030467, 0.3749558, 0.3669828, 0.4320352
5.041821, 0.373539, 0.3669265, 0.4320968
5.052927, 0.3745986, 0.3670359, 0.4323336
5.063952, 0.3758858, 0.3674682, 0.4326297
5.074944, 0.3789797, 0.3680846, 0.4330223
5.086091, 0.3790609, 0.3688529, 0.4333625
5.097118, 0.3813918, 0.3697413, 0.4338298
5.108408, 0.3774599, 0.3703871, 0.4343683
5.119534, 0.3768941, 0.3710027, 0.4349158
5.130411, 0.3771045, 0.3716671, 0.4356127
5.141659, 0.3790446, 0.3723658, 0.4362214
5.152749, 0.3797857, 0.3730518, 0.4368677
5.163725, 0.3796879, 0.3738285, 0.4375705
5.175004, 0.381963, 0.3746336, 0.4383688
5.18603, 0.3818112, 0.3753726, 0.4392093
5.19706, 0.3795474, 0.3759777, 0.4401988
5.20835, 0.378267, 0.3765203, 0.4411514
5.219426, 0.377935, 0.3770834, 0.4422504
5.230426, 0.3785491, 0.3777114, 0.4434181
5.241511, 0.3835398, 0.3785, 0.4445574
5.252963, 0.3821603, 0.3788602, 0.4458132
5.263887, 0.3824645, 0.3793065, 0.4470356
5.274728, 0.3806419, 0.3796087, 0.4482449
5.285993, 0.3802131, 0.379825, 0.4495427
5.297279, 0.3775461, 0.3797534, 0.4510257
5.308287, 0.3758854, 0.3795946, 0.4524987
5.319347, 0.3762369, 0.3793368, 0.4540166
5.330481, 0.3755196, 0.3792398, 0.4555939
5.341504, 0.3751656, 0.3791534, 0.4571648
5.352684, 0.3747232, 0.3790343, 0.4588386
5.363652, 0.3768969, 0.3789269, 0.4606352
5.37493, 0.3771793, 0.3787966, 0.4624615
5.386008, 0.3774478, 0.3786846, 0.464294
5.397044, 0.3808819, 0.3786305, 0.4661545
5.408204, 0.3818148, 0.3786307, 0.46803
5.419248, 0.3866354, 0.3789851, 0.4699397
5.430209, 0.3856784, 0.3793557, 0.4719395
5.441613, 0.3832071, 0.3796193, 0.4740546
5.452767, 0.3922569, 0.3803047, 0.4762598
5.463528, 0.3918776, 0.3807216, 0.478293
5.474854, 0.3937685, 0.381302, 0.4806012
5.485999, 0.3912719, 0.3817424, 0.4828199
5.497025, 0.3930947, 0.382365, 0.4851532
5.508125, 0.3989719, 0.383303, 0.4875043
5.519369, 0.4064754, 0.3847494, 0.4899135
5.530205, 0.4127487, 0.3865926, 0.4922739
5.541519, 0.373489, 0.3864551, 0.4948931
5.552748, 0.3692437, 0.3861414, 0.497567
5.563556, 0.3745115, 0.3861087, 0.5001932
5.574881, 0.403977, 0.3875713, 0.502861
5.586262, 0.4153872, 0.3894958, 0.5056956
5.596951, 0.4185857, 0.3915662, 0.5083256
5.630201, 0.4876395, 0.3970758, 0.5170027
5.641578, 0.4849618, 0.4022798, 0.5200572
5.653064, 0.4641334, 0.4063957, 0.5231798
5.663651, 0.4515473, 0.4096413, 0.5260727
5.674491, 0.4758095, 0.4141478, 0.5291375
5.685914, 0.4919557, 0.4195852, 0.5323488
5.697019, 0.4902294, 0.4244839, 0.535608
5.70796, 0.4729676, 0.4285384, 0.5388532
5.719195, 0.4591592, 0.4318079, 0.5422103
5.730288, 0.4623126, 0.43536, 0.545672
5.74145, 0.4576633, 0.4385884, 0.5490481
5.752638, 0.4573604, 0.4415078, 0.5525971
5.763572, 0.4554046, 0.4439543, 0.5559487
5.774733, 0.4555046, 0.4460921, 0.5595293
5.785705, 0.4537137, 0.4501033, 0.5630863
5.796826, 0.4536578, 0.454324, 0.566756
5.808033, 0.4530099, 0.4582489, 0.5705458
5.819127, 0.4482344, 0.4604618, 0.5742006
5.829965, 0.4464767, 0.4620163, 0.5778837
5.841445, 0.4527436, 0.4637241, 0.5818683
5.852554, 0.459602, 0.4623223, 0.5856621
5.86342, 0.4597364, 0.4610611, 0.5896393
5.874593, 0.4634767, 0.4610282, 0.5936422
5.885839, 0.4690593, 0.4619038, 0.5977232
5.896992, 0.4690779, 0.4615673, 0.6018888
5.907921, 0.4965142, 0.4617952, 0.605924
5.919283, 0.504347, 0.462501, 0.6100963
5.930176, 0.5094696, 0.4643262, 0.6142126
5.941317, 0.5133381, 0.4670351, 0.6184605
5.952466, 0.5184311, 0.4698411, 0.6227204
5.963365, 0.5232071, 0.4731182, 0.6270027
5.974498, 0.519294, 0.4762149, 0.6314039
5.985758, 0.5178819, 0.4793387, 0.6360067
5.996812, 0.5248938, 0.4828082, 0.6404381
6.007766, 0.5324819, 0.4867466, 0.6449147
6.01899, 0.5340762, 0.4907675, 0.6495486
6.030128, 0.5380573, 0.4950199, 0.6540808
6.041222, 0.5432783, 0.4997721, 0.6587418
6.052357, 0.5456263, 0.5047296, 0.6634239
6.063279, 0.5432681, 0.5092558, 0.6681457
6.074358, 0.5959094, 0.5160712, 0.67286
6.085699, 0.583762, 0.5222725, 0.6777925
6.096895, 0.6080236, 0.5294998, 0.6827035
6.107738, 0.5783797, 0.5349658, 0.6875765
6.119162, 0.5771433, 0.5403691, 0.6926245
6.130134, 0.5776759, 0.5444272, 0.6975514
6.141286, 0.5854141, 0.5484805, 0.7026069
6.152426, 0.5950197, 0.552758, 0.7077664
6.163473, 0.601962, 0.5571892, 0.7128986
6.174602, 0.6063005, 0.5615827, 0.7180576
6.185653, 0.6094543, 0.565895, 0.7232502
6.196806, 0.6249866, 0.5711797, 0.7284878
6.207707, 0.6322691, 0.5768991, 0.7337062
6.219059, 0.6269825, 0.5820035, 0.7391131
6.230098, 0.6271778, 0.5867383, 0.7444082
6.241098, 0.6390537, 0.5919872, 0.7497972
6.252442, 0.642571, 0.5972129, 0.7553367
6.263449, 0.6418681, 0.6021423, 0.7606651
6.274234, 0.653451, 0.6075336, 0.7659569
6.285546, 0.6510339, 0.6129218, 0.7716416
6.29667, 0.6506994, 0.6156613, 0.7771938
6.307731, 0.6736585, 0.6201562, 0.7827609
6.318992, 0.68313, 0.6239115, 0.788452
6.330011, 0.6871896, 0.629352, 0.7940632
6.341114, 0.70977, 0.6359833, 0.7997513
6.352307, 0.7227252, 0.6432357, 0.8055167
6.363387, 0.7272441, 0.6503273, 0.8111752
6.374378, 0.7460902, 0.6578808, 0.8169841
6.38555, 0.762095, 0.6658875, 0.822877
6.399328, 0.769494, 0.6740471, 0.8301865
6.407598, 0.7574444, 0.6814467, 0.834674
6.418656, 0.780935, 0.6892441, 0.8406757
6.430028, 0.7735189, 0.6963066, 0.8467214
6.441116, 0.7800985, 0.7039624, 0.8527212
6.452138, 0.7735747, 0.7112822, 0.8587323
6.463285, 0.7682086, 0.7177399, 0.8648711
6.474404, 0.7745992, 0.7243414, 0.8709908
6.485518, 0.7873498, 0.7316155, 0.8771246
6.49653, 0.7889757, 0.7383918, 0.8832708
6.507653, 0.7781981, 0.7447499, 0.8895172
6.518763, 0.7794734, 0.7511886, 0.8957746
6.529914, 0.7733381, 0.7561726, 0.902065
6.540814, 0.7912558, 0.7615789, 0.9082876
6.552098, 0.7853576, 0.7664873, 0.9147106
6.563167, 0.788135, 0.7704056, 0.9210578
6.574367, 0.7915671, 0.7738477, 0.9274226
6.585561, 0.7993845, 0.7774547, 0.9340978
6.596679, 0.8155906, 0.7809297, 0.9406616
6.607499, 0.8599991, 0.7858249, 0.9469649
6.618832, 0.8792163, 0.791311, 0.9536505
6.629795, 0.9208506, 0.7994813, 0.9601303
6.64115, 0.9396476, 0.8074169, 0.9667577
6.651961, 0.9286507, 0.8151734, 0.9731792
6.663404, 0.9153742, 0.8219373, 0.9799782
6.674057, 0.902234, 0.8283702, 0.9863479
6.685478, 0.9014038, 0.8350299, 0.9931765
6.69629, 0.8985057, 0.8412253, 0.9996405
6.707548, 0.9082776, 0.8472716, 1.006492
6.718698, 0.9173827, 0.8536921, 1.013283
6.729959, 0.9225391, 0.8609091, 1.020125
6.740699, 0.9110402, 0.8674873, 1.026682
6.752065, 0.9212323, 0.874882, 1.033731
6.763072, 0.9422072, 0.8824296, 1.040359
6.774263, 0.9557006, 0.8909467, 1.047298
6.785166, 0.9543285, 0.8992563, 1.054139
6.79646, 0.9511142, 0.9072337, 1.061178
6.807296, 0.9412176, 0.9143254, 1.067887
6.818833, 0.9437303, 0.9207323, 1.075144
6.829669, 0.927495, 0.9241071, 1.081975
6.841032, 0.9711211, 0.9287022, 1.089171
6.851859, 0.9729452, 0.931307, 1.096041
6.863326, 0.9830998, 0.9334795, 1.103452
6.874204, 0.98789, 0.9364415, 1.110342
6.885133, 0.9864252, 0.939994, 1.117404
6.896413, 0.9759344, 0.9436792, 1.124673
6.907513, 0.9761771, 0.9474179, 1.131886
6.918647, 0.9727501, 0.95113, 1.139059
6.929632, 0.968927, 0.9541625, 1.146127
6.940984, 0.9964799, 0.9581173, 1.153415
6.951963, 0.9997362, 0.9619772, 1.160566
6.962921, 1.008977, 0.9668741, 1.167744
6.97426, 1.008346, 0.9712299, 1.175201
6.985094, 1.009902, 0.9746145, 1.182396
6.996467, 1.010386, 0.9773488, 1.18984
7.007237, 0.9935142, 0.9793081, 1.196927
7.018692, 1.004344, 0.9819695, 1.204451
7.029667, 0.9657862, 0.983198, 1.211687
7.040571, 0.9563895, 0.983831, 1.218907
7.05197, 0.9609508, 0.9855038, 1.226503
7.062845, 0.9656907, 0.9852322, 1.233652
7.074124, 1.001047, 0.9866373, 1.241149
7.085382, 1.003878, 0.9876763, 1.24868
7.096223, 1.011149, 0.9888391, 1.255935
7.107219, 1.048204, 0.9919281, 1.263343
7.118651, 1.014441, 0.9938534, 1.270983
7.129994, 0.9940556, 0.9947473, 1.278663
7.140731, 1.064307, 0.9993251, 1.286018
7.151712, 1.066655, 1.004211, 1.293469
7.163035, 1.098267, 1.009301, 1.301122
7.17381, 1.106669, 1.014647, 1.308482
7.185208, 1.111122, 1.019755, 1.316241
7.196431, 1.123972, 1.025536, 1.323855
7.207508, 1.105613, 1.030321, 1.331391
7.218558, 1.098548, 1.034729, 1.338971
7.229456, 1.092487, 1.039678, 1.346478
7.240588, 1.112244, 1.045073, 1.354114
7.251925, 1.12448, 1.053008, 1.361929
7.26285, 1.115066, 1.060941, 1.369569
7.27404, 1.097985, 1.067793, 1.377249
7.285024, 1.094108, 1.074214, 1.384824
7.296175, 1.120617, 1.080193, 1.392506
7.307351, 1.125365, 1.086267, 1.400234
7.31852, 1.15073, 1.093246, 1.407956
7.329484, 1.152153, 1.098443, 1.415548
7.340471, 1.141476, 1.104795, 1.42334
7.3518, 1.148194, 1.112502, 1.43118
7.362839, 1.155602, 1.117067, 1.438782
7.376528, 1.120023, 1.119735, 1.448274
7.385108, 1.104409, 1.120042, 1.454454
7.396271, 1.121467, 1.120782, 1.462166
7.407359, 1.139532, 1.122203, 1.469678
7.418493, 1.132112, 1.12261, 1.477461
7.429262, 1.124735, 1.123566, 1.484937
7.440694, 1.141943, 1.125736, 1.49299
7.451724, 1.147235, 1.128473, 1.500656
7.462783, 1.150055, 1.130364, 1.508268
7.47387, 1.181406, 1.13321, 1.515984
7.484974, 1.201666, 1.13754, 1.523654
7.496162, 1.1889, 1.142086, 1.531393
7.507339, 1.176772, 1.146219, 1.539139
7.518241, 1.156944, 1.148035, 1.54667
7.529527, 1.17604, 1.150569, 1.554466
7.540472, 1.17239, 1.151652, 1.562013
7.551675, 1.236331, 1.155861, 1.569719
7.562813, 1.170322, 1.157303, 1.577315
7.573835, 1.192898, 1.159539, 1.584896
7.585109, 1.251036, 1.16431, 1.592703
7.596379, 1.251407, 1.17088, 1.600443
7.607216, 1.27292, 1.179305, 1.60795
7.618364, 1.287458, 1.187605, 1.615645
7.629468, 1.320116, 1.196634, 1.623249
7.640728, 1.301192, 1.205088, 1.630904
7.651496, 1.357625, 1.216733, 1.638247
7.662923, 1.310368, 1.225154, 1.646096
7.673779, 1.232733, 1.229429, 1.653479
7.684782, 1.339173, 1.238885, 1.661102
7.696199, 1.380088, 1.248819, 1.668859
7.707078, 1.396857, 1.258578, 1.676254
7.718406, 1.394482, 1.268857, 1.683843
7.729425, 1.389225, 1.27948, 1.691321
7.740352, 1.328147, 1.28804, 1.698759
7.7516, 1.347457, 1.296611, 1.706376
7.762839, 1.461901, 1.311086, 1.714046
7.773885, 1.434821, 1.321011, 1.721506
7.784986, 1.479917, 1.336491, 1.729068
7.796159, 1.495361, 1.351614, 1.736656
7.807106, 1.443115, 1.361218, 1.744113
7.818276, 1.445202, 1.370907, 1.751691
7.829287, 1.493946, 1.381959, 1.759132
7.840389, 1.4878, 1.391976, 1.766579
7.851421, 1.507358, 1.401338, 1.773998
7.863022, 1.506833, 1.41162, 1.781708
7.873686, 1.431316, 1.415304, 1.788887
7.884915, 1.415294, 1.420551, 1.796332
7.896077, 1.43973, 1.430901, 1.803782
7.907029, 1.422581, 1.435071, 1.811115
7.918223, 1.592448, 1.445689, 1.818674
7.929864, 1.562199, 1.453956, 1.826446
7.940277, 1.385376, 1.453501, 1.833346
7.951361, 1.310077, 1.449543, 1.840742
7.962417, 1.43838, 1.455055, 1.848057
7.973667, 1.379869, 1.456676, 1.855478
7.984683, 1.363987, 1.45178, 1.862861
7.9959, 1.349859, 1.447532, 1.870226
8.006888, 1.281911, 1.437632, 1.877447
8.018051, 1.321967, 1.428962, 1.884746
8.029183, 1.326847, 1.423149, 1.892004
8.040795, 1.354041, 1.418591, 1.899511
8.051384, 1.29997, 1.408892, 1.90642
8.062496, 1.26308, 1.397656, 1.91366
8.073896, 1.463249, 1.39545, 1.921005
8.084886, 1.510543, 1.395636, 1.928102
8.095915, 1.508741, 1.399507, 1.935148
8.106777, 1.554067, 1.406446, 1.942133
8.118175, 1.604118, 1.414665, 1.949485
8.129111, 1.674567, 1.427265, 1.956458
8.140258, 1.390243, 1.417154, 1.963716
8.151424, 1.455066, 1.411798, 1.97082
8.162357, 1.435697, 1.414314, 1.977835
8.173505, 1.466081, 1.422114, 1.98488
8.184668, 1.52485, 1.426437, 1.991758
8.195702, 1.588968, 1.436892, 1.998643
8.206855, 1.546692, 1.446028, 2.005643
8.218064, 1.542192, 1.455644, 2.012687
8.229084, 1.535971, 1.468347, 2.019516
8.240129, 1.517061, 1.478102, 2.02628
8.251338, 1.510104, 1.487265, 2.033207
8.262468, 1.530615, 1.496093, 2.040108
8.273627, 1.542739, 1.508232, 2.046899
8.284538, 1.588895, 1.524523, 2.053461
8.295757, 1.674211, 1.535071, 2.060166
8.3067, 1.678157, 1.543451, 2.066756
8.317911, 1.733483, 1.554689, 2.073455
8.329015, 1.73508, 1.563739, 2.080083
8.34009, 1.827497, 1.574908, 2.086697
8.351208, 1.81521, 1.58194, 2.093261
8.362659, 1.78289, 1.601573, 2.100033
8.373445, 1.804991, 1.619069, 2.106279
8.385047, 1.986776, 1.646623, 2.113019
8.395735, 1.991114, 1.672875, 2.119201
8.406716, 1.75227, 1.684246, 2.125417
8.417885, 1.845304, 1.697062, 2.131795
8.428926, 2.05025, 1.72224, 2.138071
8.440151, 2.599057, 1.775084, 2.144511
8.451309, 1.728225, 1.784696, 2.150744
8.462398, 1.793737, 1.79853, 2.156914
8.473395, 1.654879, 1.805769, 2.16296
8.484595, 1.510485, 1.804762, 2.169133
8.495481, 1.626246, 1.808938, 2.175228
8.506685, 1.783882, 1.818687, 2.181348
8.517892, 2.005148, 1.835234, 2.18737
8.528901, 2.213046, 1.861979, 2.193313
8.539948, 1.834328, 1.867021, 2.199125
8.551206, 1.6165, 1.861092, 2.205086
8.562315, 1.84044, 1.861739, 2.211071
8.573389, 1.700766, 1.856017, 2.216973
8.584483, 1.637023, 1.848723, 2.222735
8.595595, 1.657837, 1.841366, 2.228529
8.606766, 1.844087, 1.834231, 2.234267
8.617941, 1.528895, 1.81112, 2.239895
8.62883, 1.404603, 1.793737, 2.245423
8.63996, 1.73982, 1.788463, 2.250894
8.651187, 1.553562, 1.763628, 2.256449
8.662167, 1.759904, 1.721671, 2.261945
8.673383, 1.925673, 1.731543, 2.267415
8.68443, 1.758711, 1.729792, 2.272685
8.69538, 1.470012, 1.720548, 2.277825
8.706612, 2.071753, 1.748612, 2.283102
8.718021, 1.406447, 1.737622, 2.288317
8.728832, 1.957032, 1.746279, 2.293268
8.739985, 1.559642, 1.724004, 2.298307
8.751016, 1.392003, 1.682952, 2.303295
8.762168, 1.893762, 1.685924, 2.30831
8.77334, 1.561716, 1.683184, 2.313302
8.784456, 1.61846, 1.672085, 2.318294
8.795443, 1.646606, 1.669377, 2.323135
8.806429, 1.735788, 1.674316, 2.327949
8.817521, 2.102316, 1.69654, 2.332917
8.828822, 1.864582, 1.697564, 2.337811
8.839996, 1.9966, 1.72095, 2.342684
8.850897, 1.721818, 1.73681, 2.347312
8.862044, 1.578992, 1.728769, 2.351992
8.873218, 2.353326, 1.768757, 2.356792
8.884254, 1.917119, 1.776618, 2.361433
8.895391, 1.530686, 1.756868, 2.366096
8.906596, 1.985272, 1.768196, 2.370739
8.91782, 1.831408, 1.786266, 2.375377
8.928674, 1.904477, 1.777902, 2.379777
8.939879, 2.04839, 1.809999, 2.384411
8.950949, 1.886824, 1.806489, 2.388827
8.96204, 1.923431, 1.824678, 2.393195
8.973268, 1.803973, 1.845277, 2.397804
8.984232, 1.875559, 1.844367, 2.402108
8.99542, 1.84405, 1.858484, 2.406476
9.006406, 2.782481, 1.916685, 2.410706
9.01757, 1.662723, 1.917491, 2.414944
9.028705, 1.69089, 1.915246, 2.419189
9.039826, 1.653811, 1.892821, 2.42364
9.050899, 1.63934, 1.881559, 2.427801
9.062089, 1.65637, 1.864547, 2.431864
9.0734, 1.79075, 1.867994, 2.436
9.084216, 1.690354, 1.873562, 2.439932
9.095335, 1.781353, 1.844963, 2.443954
9.10638, 2.548958, 1.876555, 2.447892
9.117661, 2.339339, 1.916988, 2.451984
9.128709, 2.263973, 1.930923, 2.455921
9.13969, 1.881229, 1.933414, 2.459891
9.150946, 1.71646, 1.924013, 2.463836
9.161959, 1.827397, 1.912964, 2.467395
9.173078, 2.682788, 1.952762, 2.471089
9.184168, 3.967061, 2.054943, 2.474794
9.195297, 3.320637, 2.130776, 2.478621
9.206403, 2.261978, 2.150097, 2.482257
9.217567, 1.530575, 2.134423, 2.485945
9.228617, 1.85777, 2.088188, 2.489492
9.239544, 1.677916, 2.088948, 2.492965
9.251205, 1.620947, 2.08545, 2.49669
9.261832, 1.937542, 2.099637, 2.49992
9.272978, 1.806741, 2.108007, 2.503328
9.284104, 1.659932, 2.108185, 2.506705
9.295141, 1.604917, 2.098893, 2.509989
9.306376, 2.013689, 2.11506, 2.513341
9.317474, 2.75952, 2.163969, 2.516853
9.328629, 2.067656, 2.139904, 2.520118
9.341911, 2.062383, 2.126055, 2.524057
9.350716, 2.067073, 2.11621, 2.526537
9.361624, 1.981288, 2.121213, 2.529448
9.372987, 1.705326, 2.120657, 2.532681
9.38401, 2.313193, 2.144947, 2.535634
9.395205, 2.021256, 2.11187, 2.538425
9.406274, 2.013788, 2.014206, 2.54122
9.417618, 2.349896, 1.965669, 2.544167
9.428576, 2.615694, 1.983355, 2.546887
9.439686, 2.400859, 2.026869, 2.549524
9.450661, 1.977129, 2.032837, 2.55213
9.461915, 2.272212, 2.062552, 2.554737
9.472981, 2.133505, 2.08818, 2.557374
9.48404, 3.057263, 2.144166, 2.559862
9.495052, 3.125989, 2.210129, 2.562369
9.506086, 2.728822, 2.263573, 2.564691
9.517397, 1.840773, 2.275366, 2.566915
9.528465, 2.13934, 2.281649, 2.569136
9.539571, 2.123905, 2.249868, 2.571194
9.550668, 2.38141, 2.265556, 2.573258
9.561677, 2.283889, 2.276631, 2.575248
9.573714, 1.949092, 2.270732, 2.577528
9.584299, 1.757941, 2.259565, 2.579306
9.595114, 1.846992, 2.266648, 2.581012
9.606113, 1.808599, 2.241418, 2.582761
9.617489, 1.943786, 2.237545, 2.584515
9.628572, 1.847205, 2.229216, 2.586174
9.639429, 1.808618, 2.202152, 2.587956
9.650806, 1.852114, 2.163973, 2.589592
9.661764, 1.818217, 2.134841, 2.5912
9.672794, 1.932629, 2.132616, 2.592598
9.683955, 1.851156, 2.111563, 2.59403
9.695057, 1.898817, 2.099828, 2.595291
9.706114, 1.727917, 2.033361, 2.596645
9.717293, 1.554428, 1.954783, 2.597966
9.728365, 1.661534, 1.901419, 2.599221
9.739497, 1.889972, 1.903879, 2.600578
9.750629, 1.854497, 1.889637, 2.601809
9.761691, 2.000204, 1.883451, 2.602898
9.772895, 1.79528, 1.854145, 2.604064
9.784785, 1.818168, 1.830859, 2.60517
9.795025, 1.783436, 1.822576, 2.60605
9.806346, 1.846015, 1.82698, 2.606961
9.817347, 2.0157, 1.835415, 2.607564
9.828309, 1.915305, 1.84075, 2.608275
9.839325, 1.909965, 1.839059, 2.609093
9.85054, 1.912013, 1.8423, 2.609698
9.861718, 1.990057, 1.851372, 2.610277
9.872783, 2.246898, 1.871111, 2.610745
9.883949, 2.104256, 1.885413, 2.611221
9.89489, 2.988782, 1.938221, 2.611706
9.905979, 2.961577, 1.993742, 2.612098
9.917338, 1.87061, 1.992331, 2.612525
9.928344, 1.891065, 2.000489, 2.612813
9.939327, 1.877627, 2.016649, 2.613097
9.950572, 1.874141, 2.027279, 2.613283
9.961549, 2.198412, 2.042701, 2.613639
9.972721, 2.106158, 2.055284, 2.613863
9.984875, 1.785629, 2.044555, 2.613903
9.994948, 2.463455, 2.077964, 2.613905
10.00599, 2.229771, 2.098544, 2.613894
10.01715, 2.453342, 2.13204, 2.61376
10.02884, 2.314609, 2.155469, 2.613641
10.03924, 1.691743, 2.139271, 2.613584
10.05045, 1.840206, 2.135516, 2.61333
10.06172, 2.006648, 2.14035, 2.61305
10.07259, 1.992957, 2.144397, 2.612693
10.08393, 1.987294, 2.144259, 2.612285
10.09482, 1.567574, 2.110293, 2.611807
10.10591, 2.023605, 2.106261, 2.611312
10.11714, 2.156664, 2.064655, 2.610818
10.12821, 1.609245, 1.997038, 2.610218
10.13929, 1.354118, 1.971213, 2.609554
10.15048, 2.097466, 1.981533, 2.608919
10.16147, 1.507417, 1.963023, 2.608143
10.17259, 1.640413, 1.951336, 2.607215
10.1837, 1.457665, 1.914299, 2.606336
10.19477, 1.36234, 1.877108, 2.605471
10.20609, 1.834311, 1.879542, 2.604466
10.21704, 1.688877, 1.840813, 2.603456
10.22827, 1.112799, 1.784965, 2.602376
10.23933, 1.480356, 1.736315, 2.601268
10.25037, 1.872773, 1.714224, 2.600145
10.2615, 2.175086, 1.738391, 2.598881
10.27256, 3.007476, 1.796754, 2.597729
10.28375, 2.783, 1.835572, 2.596445
10.29466, 2.529767, 1.862412, 2.595157
10.30577, 2.742093, 1.900152, 2.5938
10.31701, 2.286879, 1.936118, 2.592506
10.32807, 2.569266, 1.963401, 2.591008
10.33928, 2.504588, 1.980797, 2.589386
10.35026, 2.032484, 2.001959, 2.587795
10.36136, 1.928425, 2.030674, 2.586085
10.37252, 1.665352, 2.009068, 2.584215
10.38381, 1.950908, 2.031243, 2.582388
10.39476, 1.614717, 2.029958, 2.580523
10.40586, 1.60079, 2.037115, 2.578608
10.41703, 1.806862, 2.059341, 2.576563
10.42805, 1.720634, 2.053657, 2.574491
10.43915, 1.642809, 2.051353, 2.572402
10.45036, 1.669244, 2.079175, 2.570361
10.46133, 1.55744, 2.08303, 2.568198
10.47242, 1.366892, 2.057736, 2.565996
10.48361, 1.123323, 2.005148, 2.563634
10.49463, 1.373282, 1.923438, 2.561245
10.50576, 1.578976, 1.863237, 2.558795
10.51697, 1.5046, 1.811979, 2.556422
10.52805, 1.513679, 1.750558, 2.553888
10.5392, 1.562902, 1.714359, 2.551345
10.5503, 1.56955, 1.664373, 2.548689
10.56136, 1.476595, 1.612973, 2.546024
10.57244, 1.419188, 1.582309, 2.543365
10.58455, 1.57394, 1.564584, 2.540367
10.59459, 1.616198, 1.562127, 2.537656
10.60571, 1.605324, 1.544847, 2.534748
10.61708, 1.898885, 1.559056, 2.531753
10.62809, 1.638375, 1.560935, 2.528801
10.63914, 1.667005, 1.553942, 2.525825
10.65093, 1.676873, 1.551754, 2.522566
10.66128, 1.712433, 1.555235, 2.519664
10.67235, 1.754477, 1.559497, 2.516533
10.68379, 1.66677, 1.564963, 2.5132
10.69473, 1.54153, 1.573695, 2.509839
10.70601, 1.569744, 1.596016, 2.506409
10.71732, 1.611653, 1.607935, 2.503062
10.72818, 1.612171, 1.609595, 2.49968
10.73919, 1.394214, 1.604075, 2.496042
10.75015, 1.44387, 1.600585, 2.492501
10.76129, 1.882008, 1.61654, 2.488976
10.77253, 1.746063, 1.625366, 2.485497
10.7836, 2.072541, 1.655163, 2.481901
10.79453, 1.596136, 1.66401, 2.478399
10.80571, 1.575972, 1.664112, 2.474745
10.81692, 1.547668, 1.660685, 2.471086
10.82788, 1.527547, 1.656796, 2.467388
10.83914, 1.546538, 1.639179, 2.463605
10.85026, 1.530528, 1.633787, 2.459811
10.86139, 1.468411, 1.623857, 2.455923
10.87237, 1.722503, 1.626139, 2.451978
10.88366, 1.931199, 1.637077, 2.447965
10.89456, 1.950622, 1.646884, 2.443973
10.9056, 2.139709, 1.670531, 2.439918
10.91743, 1.806762, 1.683793, 2.43547
10.92791, 2.139393, 1.712275, 2.431542
10.93877, 1.518062, 1.707596, 2.427466
10.95021, 1.809517, 1.717463, 2.42319
10.96124, 1.951208, 1.745313, 2.418913
10.97236, 1.720494, 1.759144, 2.414564
10.98334, 1.788387, 1.754463, 2.410236
10.99456, 1.740104, 1.754165, 2.405633
11.00569, 1.811905, 1.741133, 2.40115
11.01708, 1.895575, 1.756105, 2.396596
11.02792, 1.86747, 1.77068, 2.39205
11.03987, 1.834901, 1.785042, 2.38701
11.05023, 1.968647, 1.807097, 2.382674
11.06098, 1.992291, 1.829384, 2.378182
11.07221, 2.020125, 1.853864, 2.373548
11.08342, 2.359269, 1.898407, 2.368753
11.09447, 2.444142, 1.934489, 2.363844
11.10547, 2.516781, 1.963768, 2.35904
11.11644, 1.782181, 1.955346, 2.354291
11.12779, 2.001628, 1.948442, 2.349217
11.13892, 1.821369, 1.949172, 2.344135
11.14991, 1.460172, 1.915211, 2.339023
11.16089, 2.524818, 1.965549, 2.33399
11.17199, 2.14658, 1.982402, 2.328773
11.18328, 1.855376, 1.977611, 2.323546
11.1945, 3.146094, 2.048891, 2.318351
11.20533, 1.825961, 2.050769, 2.313257
11.21673, 2.280982, 2.077813, 2.307793
11.22786, 1.859909, 2.080214, 2.302666
11.23913, 2.350165, 2.102943, 2.29723
11.25004, 2.608344, 2.139987, 2.292002
11.26103, 2.550166, 2.17575, 2.286621
11.27224, 2.567976, 2.205717, 2.281074
11.28394, 1.902539, 2.201229, 2.27528
11.29431, 2.016299, 2.201038, 2.270142
11.30527, 2.163118, 2.19123, 2.264644
11.31669, 1.940361, 2.166041, 2.258852
11.32744, 2.038801, 2.142142, 2.253392
11.33877, 1.905245, 2.148295, 2.247578
11.3499, 2.655301, 2.180979, 2.241871
11.36087, 2.588654, 2.219343, 2.236173
11.3721, 1.813768, 2.237023, 2.230336
11.3833, 1.542116, 2.187888, 2.224445
11.39459, 1.521692, 2.156643, 2.218512
11.40524, 1.579025, 2.142826, 2.212867
11.41665, 1.477348, 2.059388, 2.206725
11.42766, 1.662285, 2.051204, 2.200827
11.43869, 1.964477, 2.035379, 2.194846
11.44998, 1.974578, 2.041112, 2.188859
11.46087, 1.635953, 2.005402, 2.182928
11.47188, 1.665215, 1.958245, 2.176784
11.4833, 1.92602, 1.927038, 2.170526
11.49419, 2.039567, 1.900617, 2.164423
11.5051, 1.984879, 1.904734, 2.158261
11.51654, 2.455209, 1.92668, 2.151869
11.52761, 2.342384, 1.935643, 2.145702
11.53862, 1.74465, 1.925858, 2.139524
11.54985, 1.765747, 1.912205, 2.13327
11.56103, 1.675982, 1.900742, 2.126919
11.57204, 1.920237, 1.863989, 2.120892
11.58329, 1.931065, 1.831109, 2.114419
11.59423, 3.05282, 1.893062, 2.107945
11.60519, 1.683363, 1.900124, 2.101335
11.61639, 1.66128, 1.907104, 2.09464
11.62755, 1.780633, 1.917184, 2.088195
11.63889, 1.473633, 1.916999, 2.081489
11.65001, 1.216686, 1.894719, 2.074727
11.66067, 1.947222, 1.893856, 2.068392
11.67188, 1.222498, 1.856252, 2.06169
11.68319, 2.123174, 1.880613, 2.054956
11.69488, 1.853992, 1.890052, 2.048038
11.70532, 1.715721, 1.879537, 2.041813
11.71637, 1.686241, 1.861871, 2.035167
11.72746, 1.814459, 1.85335, 2.028602
11.73866, 1.778602, 1.81952, 2.021907
11.75031, 1.716546, 1.788228, 2.014853
11.76081, 1.543709, 1.77818, 2.008376
11.77184, 1.494821, 1.764634, 2.001641
11.78304, 1.561355, 1.758903, 1.994717
11.79491, 1.347492, 1.730265, 1.987313
11.80522, 1.443911, 1.705908, 1.980704
11.81618, 1.400859, 1.62331, 1.973705
11.82756, 1.110006, 1.594642, 1.966409
11.83856, 1.476047, 1.58538, 1.959355
11.84974, 1.377139, 1.565205, 1.952161
11.86065, 1.479168, 1.565482, 1.945096
11.87204, 1.616607, 1.585478, 1.937788
11.88303, 1.525011, 1.564368, 1.930641
11.89497, 1.445252, 1.575506, 1.92286
11.90516, 1.747841, 1.556739, 1.91622
11.91615, 1.585587, 1.543319, 1.909065
11.92753, 1.629136, 1.538989, 1.901631
11.93855, 1.351461, 1.52225, 1.894468
11.94985, 1.60218, 1.511636, 1.887109
11.96056, 1.547142, 1.500063, 1.880113
11.97201, 1.570407, 1.492756, 1.872547
11.98285, 1.525896, 1.491866, 1.865435
11.99406, 1.735825, 1.503916, 1.858018
12.00496, 1.963167, 1.524007, 1.850784
12.01627, 2.17117, 1.565191, 1.843223
12.02776, 1.9101, 1.5885, 1.835726
12.03841, 1.931755, 1.615045, 1.828638
12.04951, 1.85038, 1.652063, 1.821337
12.06062, 1.858593, 1.671191, 1.813983
12.07161, 1.861472, 1.695407, 1.806699
12.08307, 1.419788, 1.692438, 1.799075
12.09394, 2.058885, 1.714552, 1.791923
12.10492, 2.301491, 1.753376, 1.784548
12.11615, 1.719303, 1.767079, 1.777094
12.12744, 1.845394, 1.771956, 1.7697
12.13834, 1.519191, 1.768636, 1.762391
12.14951, 1.438652, 1.759112, 1.754863
12.16059, 1.415965, 1.762338, 1.747419
12.17224, 1.447837, 1.754621, 1.739515
12.18297, 1.816962, 1.768112, 1.732198
12.19402, 1.451911, 1.762187, 1.724621
12.20501, 1.524034, 1.762094, 1.717155
12.21606, 1.11668, 1.731137, 1.709689
12.22705, 1.846291, 1.725293, 1.702246
12.23842, 2.022487, 1.717859, 1.69452
12.25024, 1.898831, 1.717295, 1.686419
12.26043, 1.752502, 1.708332, 1.679328
12.27185, 1.67303, 1.699465, 1.671533
12.28301, 1.899889, 1.70153, 1.663943
12.29392, 1.929232, 1.704918, 1.656513
12.3051, 1.850363, 1.726447, 1.648936
12.31601, 1.869551, 1.71698, 1.641517
12.3272, 1.982119, 1.701011, 1.633989
12.33833, 1.992112, 1.714652, 1.626427
12.34928, 2.0336, 1.724062, 1.618922
12.36045, 2.225378, 1.759371, 1.611316
12.37156, 2.23439, 1.799158, 1.603575
12.38291, 1.776164, 1.817168, 1.59584
12.39396, 1.760285, 1.83279, 1.588243
12.40517, 1.741467, 1.829015, 1.580653
12.41616, 1.731823, 1.843011, 1.573084
12.42725, 1.805187, 1.857069, 1.565404
12.43832, 1.688254, 1.885648, 1.557796
12.44928, 1.809421, 1.883804, 1.550225
12.46046, 1.780821, 1.871721, 1.542466
12.47179, 1.780193, 1.865789, 1.534492
12.48258, 1.798452, 1.868086, 1.527091
12.49378, 1.813035, 1.875087, 1.519288
12.50473, 1.760117, 1.868098, 1.511692
12.51613, 1.560829, 1.849678, 1.503776
12.52715, 1.528329, 1.833576, 1.495946
12.53819, 1.778377, 1.829017, 1.488305
12.55004, 1.709476, 1.815385, 1.480011
12.56037, 1.677294, 1.799644, 1.472764
12.5717, 1.736914, 1.78481, 1.464834
12.58267, 1.70728, 1.758905, 1.457152
12.59362, 1.676938, 1.731033, 1.449483
12.60492, 1.594059, 1.721927, 1.441706
12.61584, 1.600734, 1.71395, 1.434166
12.627, 1.577474, 1.70575, 1.426357
12.6382, 1.16973, 1.677645, 1.418593
12.64915, 1.648461, 1.669809, 1.411001
12.66046, 1.363199, 1.653556, 1.403062
12.67155, 1.21591, 1.623881, 1.39532
12.6828, 1.317162, 1.600698, 1.387572
12.69384, 1.257287, 1.574553, 1.379828
12.70464, 1.316282, 1.550444, 1.372286
12.71588, 1.297897, 1.524687, 1.364532
12.72703, 1.244773, 1.49892, 1.356866
12.73819, 1.215145, 1.481636, 1.349146
12.74932, 1.175053, 1.463972, 1.341435
12.76052, 1.170606, 1.433583, 1.333658
12.7715, 1.163429, 1.406281, 1.326156
12.78259, 1.124695, 1.378651, 1.318641
12.79365, 1.489788, 1.366295, 1.311078
12.80461, 1.435878, 1.352725, 1.303748
12.81587, 1.345122, 1.336134, 1.296092
12.82696, 1.328837, 1.322873, 1.288516
12.83799, 1.302491, 1.30796, 1.281034
12.8493, 1.328544, 1.295514, 1.273355
12.86025, 1.310326, 1.302544, 1.265988
12.87138, 1.285403, 1.284391, 1.258358
12.88251, 1.277472, 1.280104, 1.250875
12.89348, 1.255254, 1.282072, 1.243576
12.90464, 1.257656, 1.279096, 1.236239
12.91588, 1.285376, 1.280501, 1.228724
12.92684, 1.21428, 1.275401, 1.221323
12.9381, 1.358781, 1.278445, 1.213865
12.94919, 1.278826, 1.280148, 1.206382
12.96025, 1.31227, 1.285004, 1.199182
12.97129, 1.283401, 1.290421, 1.191868
12.98237, 1.226434, 1.293213, 1.184446
12.99358, 1.210825, 1.295583, 1.177055
13.00459, 1.199565, 1.299326, 1.170057
13.01571, 1.199949, 1.284834, 1.162721
13.02697, 1.206745, 1.273378, 1.155249
13.03842, 1.196998, 1.265971, 1.147821
13.04918, 1.183565, 1.258708, 1.140678
13.06016, 1.175418, 1.252354, 1.133556
13.07126, 1.180854, 1.24497, 1.12649
13.08243, 1.153137, 1.23711, 1.119475
13.09361, 1.156553, 1.230668, 1.112336
13.10477, 1.151307, 1.224359, 1.105139
13.11572, 1.12936, 1.218065, 1.098171
13.12672, 1.109712, 1.210667, 1.091201
13.13811, 1.072542, 1.200026, 1.084023
13.14906, 1.063381, 1.192481, 1.077135
13.16017, 1.074118, 1.178248, 1.070134
13.1713, 1.068128, 1.167713, 1.063119
13.18238, 1.070977, 1.155648, 1.056162
13.19354, 1.076482, 1.145302, 1.049228
13.20461, 1.07548, 1.137754, 1.042294
13.21568, 1.070552, 1.130741, 1.035352
13.22671, 1.076426, 1.124584, 1.028464
13.23805, 1.083859, 1.118779, 1.021469
13.24905, 1.071522, 1.112018, 1.014719
13.25989, 1.079643, 1.10615, 1.008104
13.27122, 1.051577, 1.099551, 1.001146
13.28231, 1.059037, 1.093732, 0.9944512
13.29382, 1.04845, 1.087111, 0.9874893
13.30463, 1.05099, 1.082004, 0.980966
13.3156, 1.019462, 1.07515, 0.9744397
13.32674, 1.017099, 1.068439, 0.9678406
13.33809, 0.9720282, 1.060573, 0.961058
13.34889, 0.9465771, 1.052416, 0.954551
13.35993, 0.9465051, 1.046114, 0.9480994
13.37106, 0.9414365, 1.040017, 0.9415323
13.38232, 0.9575832, 1.03419, 0.9348577
13.39339, 0.954568, 1.028512, 0.9283461
13.40439, 0.9557679, 1.022752, 0.9218879
13.41553, 0.9489985, 1.016377, 0.9154733
13.42651, 0.9392686, 1.009567, 0.9092705
13.43801, 0.9455743, 1.003318, 0.9026602
13.44899, 0.955162, 0.9972548, 0.8965076
13.46, 0.9520258, 0.9906632, 0.8901367
13.47113, 0.9463899, 0.9844067, 0.8839179
13.48269, 0.9673139, 0.9787902, 0.8774393
13.49326, 0.9519502, 0.9738089, 0.8713862
13.50445, 0.9496419, 0.9683391, 0.8651626
13.51541, 0.9398644, 0.9629099, 0.8590664
13.52666, 0.9457756, 0.9576491, 0.8527889
13.53788, 0.8831456, 0.9508333, 0.8466386
13.54902, 0.8870946, 0.9443331, 0.8405095
13.55988, 0.9048557, 0.9409744, 0.8347093
13.57103, 0.9077311, 0.9390321, 0.8286668
13.58241, 0.8945909, 0.9364364, 0.8226854
13.59383, 0.8885637, 0.9337927, 0.8166275
13.60443, 0.8849533, 0.9301612, 0.8111574
13.6154, 0.8735001, 0.9261078, 0.8052908
13.62651, 0.8507392, 0.9208563, 0.7995191
13.63785, 0.852258, 0.9160193, 0.793622
13.64898, 0.8280466, 0.9104582, 0.7877924
13.66005, 0.7814563, 0.9022523, 0.7820146
13.67102, 0.777433, 0.8933659, 0.7764642
13.68216, 0.7772833, 0.8846287, 0.7707207
13.69374, 0.7703846, 0.8758284, 0.7649057
13.70438, 0.7654434, 0.8657349, 0.7594998
13.71543, 0.7554813, 0.8559114, 0.7540107
13.72653, 0.7503232, 0.8459455, 0.7484945
13.73771, 0.750506, 0.8364775, 0.7429218
13.74858, 0.7092944, 0.8246534, 0.7374851
13.75981, 0.7103254, 0.8160124, 0.7319666
13.77088, 0.7080616, 0.8070607, 0.7265955
13.78204, 0.7246521, 0.7980505, 0.7211422
13.79306, 0.7113543, 0.7882316, 0.7158915
13.80411, 0.6929629, 0.7781503, 0.7107584
13.81551, 0.6934898, 0.7683965, 0.7053307
13.82638, 0.6872668, 0.7585121, 0.7003105
13.83753, 0.6830237, 0.7489883, 0.6950568
13.84868, 0.6831166, 0.7406072, 0.6899161
13.85979, 0.6771395, 0.7318513, 0.6849323
13.87093, 0.6789242, 0.7243952, 0.6798655
13.88286, 0.6527824, 0.7179615, 0.6743751
13.89302, 0.6518677, 0.7116832, 0.6696898
13.90425, 0.6593047, 0.7057843, 0.6647122
13.91547, 0.6446551, 0.6994978, 0.6597661
13.92651, 0.6427978, 0.6933655, 0.6550218
13.93755, 0.6451791, 0.6878504, 0.6500939
13.94848, 0.6519027, 0.6829293, 0.645478
13.9598, 0.6551967, 0.6781638, 0.6407192
13.97091, 0.6585734, 0.6756277, 0.6360265
13.98199, 0.6648428, 0.6733536, 0.6316016
13.99299, 0.6665616, 0.6712786, 0.6270801
14.00427, 0.6678606, 0.668439, 0.6224769
14.01554, 0.6454784, 0.6651452, 0.6178394
14.02642, 0.6233147, 0.6616628, 0.6134229
14.03753, 0.6242422, 0.6582004, 0.6091166
14.04839, 0.6222096, 0.6549476, 0.6048745
14.05961, 0.6183738, 0.6517151, 0.6005353
14.07068, 0.6159294, 0.6483557, 0.5962654
14.08205, 0.6050394, 0.6447507, 0.5919473
14.09303, 0.6086023, 0.6412346, 0.5878538
14.10417, 0.6124487, 0.639218, 0.5837463
14.11521, 0.6148666, 0.6373678, 0.5797375
14.12657, 0.6088043, 0.6348429, 0.5755984
14.1376, 0.6060447, 0.6329123, 0.571645
14.14852, 0.6025596, 0.6309005, 0.5678644
14.15959, 0.5996435, 0.6286237, 0.5639153
14.17087, 0.5894315, 0.6255002, 0.5600448
14.18171, 0.5978714, 0.6226339, 0.5563247
14.19303, 0.6036909, 0.6198899, 0.5524994
14.20397, 0.5983469, 0.616565, 0.5488722
14.2152, 0.5873505, 0.6126045, 0.5451902
14.22629, 0.5717725, 0.6078001, 0.5416995
14.23755, 0.5771464, 0.6043835, 0.5380301
14.24866, 0.5782786, 0.6021317, 0.5344709
14.25971, 0.5697359, 0.5994064, 0.5310073
14.27072, 0.570029, 0.5967973, 0.5275981
14.28183, 0.5561147, 0.5936844, 0.524314
14.29282, 0.5536312, 0.5905695, 0.5210095
14.30406, 0.5504469, 0.5878398, 0.5176382
14.31518, 0.5484078, 0.5848301, 0.5144205
14.32634, 0.5514508, 0.5817802, 0.5111695
14.33754, 0.5501112, 0.5785424, 0.5080895
14.34848, 0.5501239, 0.5756084, 0.5050517
14.35958, 0.5486273, 0.5727375, 0.5019679
14.37053, 0.541868, 0.5697029, 0.4989764
14.3817, 0.5204523, 0.5657433, 0.4960248
14.3929, 0.522137, 0.5623786, 0.4931111
14.40401, 0.5214989, 0.55856, 0.4901922
14.41495, 0.516618, 0.5542063, 0.4874343
14.42637, 0.5202995, 0.5503039, 0.4847069
14.43744, 0.5164658, 0.5467597, 0.4821261
14.44821, 0.5106625, 0.5437042, 0.4795296
14.45949, 0.5047696, 0.5400853, 0.4767908
14.47068, 0.5037033, 0.5363566, 0.4742495
14.48158, 0.4994421, 0.5328419, 0.4718152
14.49289, 0.4963057, 0.5291557, 0.4692717
14.50384, 0.4946367, 0.5260817, 0.4669585
14.51506, 0.4867616, 0.5227383, 0.4645559
14.52615, 0.4823599, 0.519334, 0.462229
14.53729, 0.4632636, 0.5150768, 0.4599269
14.54809, 0.4662631, 0.5108174, 0.4578038
14.55947, 0.4677165, 0.5066977, 0.4556069
14.57061, 0.4633153, 0.5023572, 0.4534875
14.58195, 0.4648592, 0.4981688, 0.4512908
14.593, 0.4577735, 0.493964, 0.4492466
14.60388, 0.4569882, 0.4907908, 0.4473541
14.61498, 0.4601897, 0.4876935, 0.4454896
14.6262, 0.4572152, 0.4844793, 0.4436677
14.63747, 0.4556537, 0.4814312, 0.441919
14.64836, 0.4525478, 0.4780436, 0.4402105
14.65941, 0.4380953, 0.474125, 0.4385312
14.67064, 0.4386291, 0.4705234, 0.4368671
14.68177, 0.4360259, 0.4670862, 0.4352524
14.69291, 0.437718, 0.4637869, 0.4337966
14.70379, 0.437817, 0.4607057, 0.4323337
14.71501, 0.4335075, 0.4575658, 0.4307789
14.72604, 0.4331599, 0.4544919, 0.4294534
14.73715, 0.433524, 0.4518301, 0.4281625
14.74814, 0.4318584, 0.449305, 0.4269118
14.75956, 0.4346726, 0.4478754, 0.4256833
14.77046, 0.4311877, 0.4461216, 0.4245766
14.78152, 0.4340191, 0.4444368, 0.4235406
14.79259, 0.4279319, 0.4426676, 0.4225362
14.80387, 0.4302301, 0.4409362, 0.4215963
14.81492, 0.4318135, 0.4396382, 0.4207112
14.82614, 0.4313518, 0.4383563, 0.4198886
14.8372, 0.4298208, 0.4368379, 0.4191963
14.84799, 0.4317753, 0.4355659, 0.4185075
14.85925, 0.4281438, 0.4341904, 0.4175932
14.87058, 0.4286545, 0.4329957, 0.4170101
14.88159, 0.4281278, 0.4324974, 0.4163625
14.8926, 0.4291343, 0.4320226, 0.4157903
14.90388, 0.4273027, 0.4315864, 0.4153125
14.91494, 0.4230685, 0.4308539, 0.4147806
14.92589, 0.4129649, 0.4296114, 0.4144663
14.93723, 0.4106248, 0.4284672, 0.4141085
14.9483, 0.4018446, 0.4269014, 0.4138457
14.95927, 0.4070427, 0.4255773, 0.4136797
14.97034, 0.3951982, 0.4237444, 0.4135025
14.98157, 0.394318, 0.4217266, 0.4135366
14.99267, 0.3968681, 0.4200106, 0.4134946
15.00397, 0.3982317, 0.4182212, 0.4134584
15.0148, 0.3951847, 0.4165839, 0.4134509
15.02572, 0.3942843, 0.4147866, 0.4136123
15.03723, 0.3936681, 0.4128793, 0.4138551
15.04808, 0.3943744, 0.4110305, 0.4140813
15.05929, 0.3935924, 0.4092191, 0.4144108
15.07033, 0.3924834, 0.4072545, 0.4147609
15.08181, 0.391036, 0.4053991, 0.414971
15.09245, 0.3927534, 0.4036041, 0.4153675
15.10409, 0.395206, 0.4019579, 0.4159134
15.11455, 0.3942734, 0.4002149, 0.4164318
15.126, 0.3944925, 0.3985744, 0.4170965
15.13694, 0.3944945, 0.3971457, 0.4176937
15.14799, 0.393378, 0.3961663, 0.4184335
15.15916, 0.3919786, 0.395234, 0.4191661
15.17043, 0.3969945, 0.3949915, 0.4200314
15.18171, 0.4001307, 0.3946459, 0.4209065
15.19267, 0.3993949, 0.3948557, 0.4217662
15.2036, 0.3956758, 0.3949236, 0.4225966
15.21491, 0.3906061, 0.3946105, 0.4236173
15.22555, 0.3925295, 0.3943254, 0.4246132
15.23737, 0.3933447, 0.3942334, 0.4258052
15.24807, 0.3969321, 0.3943658, 0.4268532
15.25911, 0.3997457, 0.3946697, 0.4279773
15.27017, 0.396345, 0.3947682, 0.4291873
15.28136, 0.3986337, 0.3950203, 0.4305373
15.29243, 0.3988112, 0.3953367, 0.4319071
15.304, 0.3984177, 0.3957058, 0.4333695
15.31443, 0.4039499, 0.3962656, 0.4346569
15.32587, 0.4024238, 0.3966264, 0.436155
15.33695, 0.4021499, 0.3970203, 0.4378042
15.34778, 0.4022932, 0.3974103, 0.4393589
15.35916, 0.4039749, 0.3978843, 0.4410862
15.37029, 0.4056382, 0.3984974, 0.4427855
15.38372, 0.4077818, 0.3992875, 0.4449446
15.39254, 0.4086344, 0.3998695, 0.4463992
15.40359, 0.4102289, 0.4003744, 0.448253
15.41475, 0.4118158, 0.4009954, 0.450393
15.42577, 0.4137651, 0.4018999, 0.4524239
15.43688, 0.4144671, 0.403093, 0.4545227
15.44804, 0.4171384, 0.4043234, 0.4567009
15.45906, 0.4165546, 0.4054839, 0.4587502
15.47008, 0.4174706, 0.4065108, 0.4608818
15.48122, 0.4249287, 0.40777, 0.4630904
15.49273, 0.4249989, 0.4092027, 0.4654693
15.50362, 0.4253782, 0.4105399, 0.4677532
15.51439, 0.4359758, 0.4123981, 0.4700568
15.52594, 0.4376124, 0.4143578, 0.4726993
15.53696, 0.4357205, 0.4159464, 0.4752392
15.54752, 0.4430524, 0.4179778, 0.4776288
15.55904, 0.4398215, 0.4198614, 0.4803085
15.57001, 0.4402169, 0.4217575, 0.4829198
15.5813, 0.4303191, 0.4230748, 0.4855306
15.5921, 0.4391229, 0.424749, 0.4881876
15.60357, 0.4039399, 0.4245569, 0.4910715
15.61463, 0.4204389, 0.4251471, 0.4939067
15.62562, 0.4239843, 0.425835, 0.4967585
15.63683, 0.4708736, 0.4287879, 0.4997311
15.64789, 0.449358, 0.4305675, 0.5027255
15.65885, 0.4473251, 0.4322104, 0.5057408
15.67005, 0.4447808, 0.4335925, 0.5088789
15.68101, 0.4562164, 0.4355756, 0.5120897
15.69232, 0.4527871, 0.4373415, 0.5153401
15.70337, 0.4525096, 0.4387205, 0.5186225
15.71445, 0.5097861, 0.4429599, 0.5219443
15.7255, 0.475418, 0.4454619, 0.5253367
15.73683, 0.4753612, 0.4474311, 0.5289409
15.74776, 0.4858246, 0.4498417, 0.5323688
15.75907, 0.4950123, 0.4528063, 0.5357326
15.76995, 0.4971257, 0.45551, 0.5392659
15.78112, 0.4933077, 0.4581843, 0.5429438
15.79228, 0.4870883, 0.4605279, 0.5466133
15.80341, 0.4804493, 0.4630345, 0.5503456
15.81442, 0.4770282, 0.4649297, 0.5540575
15.82552, 0.4939163, 0.4694285, 0.5577933
15.83701, 0.4936421, 0.4730887, 0.5617535
15.84764, 0.4679925, 0.475289, 0.5654728
15.85893, 0.4690754, 0.4751991, 0.5694814
15.86987, 0.4690936, 0.4761859, 0.5733793
15.88108, 0.4697379, 0.4773065, 0.5775256
15.89204, 0.4706187, 0.4785984, 0.5815921
15.90322, 0.476269, 0.4796011, 0.5857423
15.91434, 0.4707574, 0.4804996, 0.5899771
15.92552, 0.4774792, 0.481748, 0.5942854
15.93645, 0.4743477, 0.4799761, 0.5985155
15.94769, 0.4728617, 0.4798482, 0.6029373
15.95883, 0.4827546, 0.4802179, 0.6072835
15.9707, 0.4818799, 0.4800207, 0.6119448
15.98087, 0.5046582, 0.480503, 0.6161082
15.99284, 0.5103296, 0.4811632, 0.620768
16.00361, 0.5010479, 0.4815502, 0.6251537
16.0143, 0.4942234, 0.481907, 0.6295289
16.02547, 0.4914145, 0.4824552, 0.6341096
16.03677, 0.49074, 0.4831408, 0.6388482
16.04758, 0.4886064, 0.4828753, 0.6433985
16.05874, 0.4844712, 0.4824167, 0.6481084
16.06986, 0.4840898, 0.4832216, 0.6529346
16.08094, 0.4852901, 0.4840323, 0.6576775
16.09201, 0.4970727, 0.4854313, 0.6623982
16.10318, 0.5021849, 0.4870536, 0.6672446
16.11406, 0.5019288, 0.4886192, 0.6721084
16.12549, 0.5052537, 0.4900684, 0.6772303
16.13644, 0.5038487, 0.491723, 0.6821046
16.14774, 0.5030491, 0.4930015, 0.6871806
16.15877, 0.5086998, 0.4947191, 0.6922236
16.16979, 0.5106831, 0.4966102, 0.6972223
16.18104, 0.5102842, 0.4979866, 0.7024196
16.19224, 0.5266271, 0.500224, 0.7075387
16.20324, 0.5371495, 0.5018486, 0.7126787
16.21417, 0.5362071, 0.5031425, 0.7179501
16.22534, 0.5439231, 0.5052863, 0.7232308
16.23638, 0.5384268, 0.5074964, 0.7284282
16.24759, 0.5493178, 0.5103916, 0.7337708
16.25875, 0.5477596, 0.5132426, 0.7394117
16.26974, 0.5504164, 0.516333, 0.7448274
16.28089, 0.5588197, 0.5200505, 0.750326
16.2919, 0.5979466, 0.5257434, 0.7556058
16.30337, 0.6044092, 0.5316993, 0.7613826
16.31406, 0.6431914, 0.5390052, 0.7668951
16.32536, 0.6647074, 0.5471314, 0.7725704
16.33651, 0.6424848, 0.5541592, 0.7780775
16.34739, 0.6460516, 0.5611991, 0.7836139
16.35884, 0.6488445, 0.5684488, 0.7896065
16.36967, 0.6530384, 0.5759483, 0.795202
16.38083, 0.6423686, 0.5826317, 0.8010784
16.39186, 0.6349677, 0.588846, 0.8069853
16.4037, 0.694603, 0.5980619, 0.8132687
16.41414, 0.6658223, 0.6050216, 0.818768
16.42518, 0.6828507, 0.6123067, 0.8247169
16.43678, 0.7166087, 0.6213268, 0.8309993
16.44742, 0.686428, 0.628452, 0.8367898
16.45844, 0.6690573, 0.6349835, 0.8427797
16.46985, 0.6770354, 0.6413695, 0.8491229
16.4808, 0.6896371, 0.6484633, 0.8551825
16.49283, 0.6853181, 0.6552084, 0.8617714
16.50304, 0.6933963, 0.6619372, 0.8674904
16.51391, 0.6988759, 0.6669837, 0.873616
16.52525, 0.6972653, 0.6716265, 0.8799997
16.53648, 0.7006752, 0.6745007, 0.8863376
16.54753, 0.7235518, 0.6774429, 0.8926398
16.55864, 0.7297651, 0.6818069, 0.8991186
16.56948, 0.7351434, 0.6862615, 0.9054683
16.58087, 0.7543166, 0.6915351, 0.9120876
16.59203, 0.7562255, 0.6966945, 0.9186566
16.60274, 0.7603096, 0.7025915, 0.9249132
16.61409, 0.7564554, 0.708666, 0.9317296
16.62527, 0.7661323, 0.7122424, 0.9383627
16.63624, 0.7744392, 0.7176732, 0.9448691
16.64739, 0.7978232, 0.7234219, 0.9515315
16.65858, 0.7938592, 0.7272844, 0.9581568
16.6697, 0.7841647, 0.7321712, 0.9648142
16.68071, 0.7886985, 0.7381533, 0.9714689
16.6918, 0.7779287, 0.7431979, 0.9780702
16.70277, 0.7896054, 0.7481963, 0.9847289
16.71407, 0.7833658, 0.7530987, 0.9916461
16.72512, 0.7856048, 0.7577091, 0.998382
16.73617, 0.7893372, 0.7622322, 1.005198
16.74722, 0.7939387, 0.7670659, 1.011986
16.75855, 0.792382, 0.7716512, 1.019018
16.76941, 0.788155, 0.7748814, 1.025791
16.78066, 0.8443996, 0.7806131, 1.032754
16.79187, 0.8595308, 0.7868325, 1.039717
16.80266, 0.8539652, 0.791815, 1.046424
16.814, 0.8492223, 0.7964648, 1.053645
16.82491, 0.8190901, 0.7994038, 1.060496
16.83622, 0.8142993, 0.802296, 1.067633
16.84711, 0.8441814, 0.8061985, 1.074516
16.85846, 0.8533927, 0.8101462, 1.081638
16.86962, 0.8577468, 0.8131424, 1.088684
16.88067, 0.8951502, 0.8182069, 1.095725
16.89184, 0.8867891, 0.8233382, 1.102769
16.90282, 0.8895145, 0.828379, 1.109812
16.9142, 0.8882637, 0.8338957, 1.117002
16.92497, 0.8896144, 0.8388961, 1.123912
16.93607, 0.8905205, 0.8442538, 1.130928
16.94725, 0.8973565, 0.8498414, 1.13814
16.95845, 0.8956743, 0.8551582, 1.145395
16.96938, 0.8850874, 0.8597156, 1.152526
16.98062, 0.8776916, 0.8639811, 1.159825
16.99168, 0.8647653, 0.8678117, 1.167082
17.00284, 0.8577898, 0.8684812, 1.17437
17.01364, 0.8658023, 0.8687947, 1.181602
17.02508, 0.8545313, 0.8688231, 1.189103
17.03601, 0.8627483, 0.8694994, 1.196167
17.04713, 0.8615422, 0.871622, 1.203533
17.05841, 0.8695613, 0.8743852, 1.210952
17.06939, 0.8585688, 0.8751045, 1.218234
17.08063, 0.8593362, 0.8754017, 1.22567
17.09143, 0.8583633, 0.8754326, 1.232708
17.10298, 0.8604927, 0.8736998, 1.240407
17.1137, 0.8583437, 0.8722774, 1.247405
17.12482, 0.8610505, 0.8708542, 1.254809
17.13616, 0.8651084, 0.8696964, 1.262476
17.14708, 0.8736753, 0.8688995, 1.269702
17.15843, 0.8384495, 0.8662959, 1.277297
17.1692, 0.8442196, 0.8636391, 1.284409
17.18042, 0.9122886, 0.8644698, 1.29189
17.19139, 0.8985741, 0.8651441, 1.299298
17.20283, 0.9101453, 0.8667668, 1.306909
17.21363, 0.9756745, 0.8723122, 1.314142
17.22479, 0.988152, 0.8788303, 1.321595
17.23594, 1.016332, 0.8863568, 1.328981
17.2471, 1.001119, 0.8936862, 1.336538
17.25807, 1.077669, 0.9044322, 1.343933
17.2697, 1.039863, 0.9133483, 1.351933
17.28099, 1.060119, 0.9228761, 1.359602
17.29135, 1.033538, 0.9316246, 1.366666
17.30277, 1.033247, 0.9403201, 1.374437
17.31373, 1.121037, 0.9534537, 1.382044
17.32459, 0.9940652, 0.9601323, 1.389488
17.33597, 0.9737412, 0.9659022, 1.397195
17.34695, 0.9968516, 0.9726923, 1.404853
17.3581, 0.9948399, 0.9791789, 1.412426
17.36938, 0.9995965, 0.9854749, 1.420046
17.38021, 1.004557, 0.9937803, 1.427468
17.39167, 0.984246, 1.000782, 1.435166
17.40252, 0.9738478, 1.00386, 1.442605
17.41363, 1.010213, 1.009442, 1.450356
17.42474, 1.015535, 1.014711, 1.457962
17.43953, 1.013466, 1.016601, 1.468236
17.45043, 1.019573, 1.018172, 1.475971
17.45989, 1.024665, 1.018588, 1.482453
17.46941, 1.042403, 1.020653, 1.488905
17.48014, 1.012812, 1.01741, 1.496308
17.49141, 1.185821, 1.024708, 1.503946
17.50244, 1.325775, 1.03799, 1.511513
17.51355, 1.05539, 1.039083, 1.519075
17.52464, 1.024041, 1.038623, 1.526691
17.53598, 0.9995824, 1.03255, 1.534451
17.5467, 1.015465, 1.03362, 1.541754
17.55801, 1.039353, 1.0369, 1.549572
17.56893, 1.074999, 1.040808, 1.557063
17.58106, 1.074336, 1.044783, 1.565362
17.59147, 1.083002, 1.048953, 1.572497
17.60232, 1.312969, 1.064373, 1.579861
17.61355, 1.202701, 1.075296, 1.587595
17.6246, 1.187068, 1.085957, 1.595109
17.63577, 1.218095, 1.096351, 1.602921
17.64697, 1.289127, 1.110031, 1.610514
17.658, 1.259466, 1.122331, 1.618045
17.66916, 1.1562, 1.129162, 1.625665
17.68018, 1.291852, 1.142522, 1.633186
17.69189, 1.173457, 1.149074, 1.641234
17.7024, 1.184362, 1.157652, 1.648362
17.71351, 1.199391, 1.15833, 1.656003
17.72466, 1.21789, 1.152936, 1.663556
17.7357, 1.188084, 1.159571, 1.670923
17.74685, 1.16957, 1.166847, 1.678403
17.75794, 1.181665, 1.175951, 1.685931
17.76899, 1.188626, 1.184609, 1.693459
17.78015, 1.193678, 1.192326, 1.700979
17.79122, 1.1917, 1.198161, 1.708567
17.80246, 1.216952, 1.205292, 1.716192
17.8135, 1.293064, 1.215795, 1.723752
17.82456, 1.27881, 1.214087, 1.731253
17.83586, 1.260453, 1.216974, 1.738852
17.84676, 1.233285, 1.219285, 1.746137
17.85811, 1.264498, 1.221605, 1.753839
17.86913, 1.290539, 1.221676, 1.761284
17.8809, 1.323899, 1.224898, 1.769225
17.89117, 1.303299, 1.232253, 1.776092
17.90225, 1.338396, 1.23458, 1.783535
17.91394, 1.315572, 1.241686, 1.791449
17.92476, 1.300522, 1.247494, 1.798722
17.93567, 1.253078, 1.250178, 1.806037
17.94666, 1.248603, 1.251714, 1.81326
17.95799, 1.301153, 1.257367, 1.820798
17.96907, 1.303842, 1.264081, 1.828216
17.98008, 1.273162, 1.268656, 1.835515
17.99121, 1.299558, 1.274202, 1.84294
18.00248, 1.330166, 1.281026, 1.850397
18.01396, 1.388098, 1.290846, 1.85795
18.02464, 1.390187, 1.299508, 1.865106
18.03541, 1.421799, 1.305945, 1.872216
18.04671, 1.964811, 1.340245, 1.879562
18.0578, 1.423014, 1.348373, 1.886832
18.06902, 1.530075, 1.363212, 1.893989
18.08, 1.934146, 1.396695, 1.901157
18.09121, 1.967825, 1.430559, 1.908528
18.10235, 1.928833, 1.460806, 1.915779
18.1137, 1.881868, 1.489734, 1.923111
18.1244, 1.882791, 1.516954, 1.930073
18.13536, 1.84662, 1.543506, 1.937126
18.14665, 1.823715, 1.569666, 1.944298
18.15781, 1.831469, 1.598586, 1.95142
18.16903, 1.90632, 1.631471, 1.958578
18.17999, 1.846506, 1.658739, 1.965522
18.19181, 1.854658, 1.68628, 1.972995
18.20253, 1.869322, 1.716088, 1.979715
18.21339, 1.855452, 1.743883, 1.986565
18.22445, 2.05012, 1.779881, 1.993533
18.23548, 2.017532, 1.811352, 2.000416
18.24659, 2.006987, 1.842192, 2.007366
18.25756, 1.738442, 1.858025, 2.014105
18.26881, 1.82709, 1.851139, 2.021021
18.28061, 1.836531, 1.871814, 2.028156
18.2912, 1.802656, 1.885443, 2.034463
18.30207, 1.704215, 1.873947, 2.040933
18.31324, 1.697942, 1.860453, 2.047627
18.32443, 1.687305, 1.848376, 2.054097
18.33554, 1.664676, 1.837517, 2.060678
18.34681, 1.561053, 1.82143, 2.067425
18.35785, 1.626452, 1.810422, 2.073977
18.36894, 1.481317, 1.793302, 2.080774
18.37986, 1.45676, 1.774566, 2.08722
18.391, 1.478189, 1.75316, 2.093686
18.40208, 1.50013, 1.735841, 2.100202
18.41326, 1.625931, 1.724405, 2.106666
18.42437, 1.698765, 1.715877, 2.113093
18.43537, 1.695263, 1.707867, 2.119416
18.44652, 1.611402, 1.685931, 2.125645
18.45781, 1.549945, 1.662552, 2.132063
18.469, 1.52783, 1.638594, 2.138324
18.47987, 1.507678, 1.627056, 2.144414
18.49174, 1.671348, 1.619268, 2.151156
18.5021, 1.527109, 1.603797, 2.156916
18.51305, 1.386969, 1.583013, 2.163027
18.52457, 1.367378, 1.566171, 2.169363
18.53545, 1.41475, 1.552011, 2.175311
18.54644, 1.368182, 1.536055, 2.181281
18.5575, 1.250558, 1.515349, 2.187276
18.56869, 1.760605, 1.525327, 2.193438
18.57996, 1.573328, 1.522671, 2.199504
18.59087, 1.614769, 1.529343, 2.205242
18.60211, 1.625597, 1.537785, 2.211337
18.61313, 1.948009, 1.561276, 2.217129
18.62435, 1.802665, 1.576403, 2.223061
18.63552, 1.881603, 1.589186, 2.228915
18.64646, 1.915645, 1.600031, 2.23474
18.65785, 1.769961, 1.603765, 2.2407
18.66882, 1.780252, 1.612208, 2.246427
18.67976, 1.735862, 1.621504, 2.252072
18.69068, 1.784714, 1.634348, 2.2575
18.70197, 1.736309, 1.64578, 2.263187
18.71316, 1.497622, 1.637093, 2.268799
18.72421, 1.427468, 1.632111, 2.274226
18.7353, 1.442862, 1.634906, 2.279716
18.74649, 1.548813, 1.643978, 2.285258
18.75756, 1.593854, 1.652933, 2.290665
18.76863, 2.018075, 1.685427, 2.295977
18.77968, 1.72569, 1.709184, 2.30131
18.79083, 1.954224, 1.718865, 2.306618
18.80207, 1.726955, 1.726547, 2.312078
18.81297, 1.934873, 1.742552, 2.317235
18.82423, 1.728116, 1.747678, 2.322563
18.8353, 1.782684, 1.739411, 2.32773
18.84635, 2.096976, 1.754127, 2.33277
18.85753, 2.769237, 1.798509, 2.337872
18.86862, 2.558924, 1.830673, 2.342834
18.87971, 2.126266, 1.848488, 2.347825
18.89086, 2.212413, 1.870096, 2.352696
18.90205, 2.447639, 1.905685, 2.357712
18.91309, 2.169167, 1.924907, 2.36255
18.92426, 2.123042, 1.944244, 2.367429
18.93519, 2.18625, 1.978675, 2.372113
18.9464, 2.082262, 2.011415, 2.376889
18.95735, 2.044519, 2.041498, 2.381543
18.96861, 2.238115, 2.075963, 2.386417
18.97966, 1.785748, 2.085557, 2.391013
18.9909, 1.734989, 2.071403, 2.395638
19.00182, 1.715149, 2.070876, 2.400201
19.01279, 1.692923, 2.057811, 2.404629
19.02405, 1.668441, 2.054886, 2.409108
19.03511, 1.675927, 2.041938, 2.413532
19.04633, 1.690945, 2.04008, 2.418092
19.0575, 1.720459, 2.036969, 2.422449
19.06851, 1.772686, 2.020754, 2.426717
19.07958, 1.637194, 1.964152, 2.431049
19.09084, 1.720949, 1.922253, 2.435358
19.10195, 2.01161, 1.91652, 2.439601
19.11282, 1.662389, 1.889019, 2.443626
19.12417, 1.70845, 1.852059, 2.447918
19.13513, 1.734514, 1.830327, 2.451936
19.14617, 1.716428, 1.809996, 2.455693
19.15732, 1.760248, 1.788696, 2.459658
19.16849, 1.87917, 1.778541, 2.463471
19.1795, 1.951474, 1.773889, 2.467233
19.19089, 1.945789, 1.759273, 2.471192
19.20168, 1.954212, 1.767696, 2.474751
19.21282, 1.991159, 1.780504, 2.47843
19.22404, 2.068377, 1.798166, 2.48219
19.23511, 2.046868, 1.815863, 2.485812
19.2465, 2.061999, 1.835541, 2.489407
19.2575, 1.974335, 1.850461, 2.492847
19.26837, 2.0405, 1.867939, 2.496213
19.27939, 2.116727, 1.887753, 2.499597
19.29077, 2.21483, 1.90986, 2.50309
19.30179, 2.784253, 1.967212, 2.506226
19.31269, 1.87215, 1.974773, 2.509378
19.32389, 2.22999, 1.985692, 2.512551
19.33506, 1.842008, 1.994673, 2.515711
19.34614, 2.225537, 2.020527, 2.518837
19.35739, 2.677941, 2.067698, 2.522111
19.36825, 1.598593, 2.061807, 2.525214
19.44592, 1.962005, 2.071895, 2.547932
19.45724, 2.074619, 2.081667, 2.551093
19.46833, 4.750518, 2.22162, 2.554144
19.47947, 2.07512, 2.228086, 2.557171
19.49046, 1.416099, 2.20118, 2.560024
19.50164, 1.430081, 2.173127, 2.562906
19.51266, 2.129014, 2.176158, 2.565683
19.52389, 1.629274, 2.155279, 2.568408
19.53486, 1.074762, 2.105917, 2.571029
19.54596, 1.255644, 2.069982, 2.573689
19.55717, 1.180014, 2.026958, 2.576206
19.56836, 1.306492, 1.986446, 2.578581
19.57948, 1.278874, 1.939648, 2.580997
19.59059, 1.282769, 1.864574, 2.583293
19.60147, 0.9462255, 1.818278, 2.585451
19.6125, 1.188699, 1.766213, 2.587532
19.62391, 1.353471, 1.741786, 2.58957
19.63485, 1.289659, 1.694992, 2.591467
19.64598, 1.357606, 1.628976, 2.593361
19.6571, 1.356877, 1.61689, 2.595152
19.66827, 1.713026, 1.604441, 2.596904
19.6793, 1.216035, 1.561511, 2.598541
19.69082, 1.37801, 1.392886, 2.600156
19.70177, 1.292282, 1.353744, 2.601649
19.71249, 1.540101, 1.359944, 2.603039
19.7237, 2.302919, 1.403586, 2.604361
19.73479, 2.32442, 1.413356, 2.605646
19.74601, 1.997733, 1.431779, 2.606859
19.75716, 2.350873, 1.495585, 2.608011
19.76816, 2.077506, 1.536678, 2.609077
19.77924, 2.307691, 1.593062, 2.610103
19.79062, 2.552881, 1.655381, 2.611085
19.80146, 1.643158, 1.673595, 2.611801
19.81255, 1.527674, 1.685841, 2.612602
19.82378, 1.446773, 1.710868, 2.613359
19.83474, 1.843928, 1.74363, 2.613958
19.84583, 1.741959, 1.763054, 2.614574
19.85707, 2.556394, 1.826391, 2.615073
19.86812, 2.181533, 1.867587, 2.615391
19.87947, 1.33442, 1.866465, 2.615746
19.89027, 1.692666, 1.865446, 2.615984
19.90142, 1.939059, 1.901598, 2.616094
19.91264, 3.920223, 2.028708, 2.616235
19.92361, 2.640671, 2.096128, 2.616218
19.93474, 2.025925, 2.120419, 2.616224
19.94589, 2.688775, 2.139712, 2.616211
19.95709, 3.184139, 2.182698, 2.616083
19.96809, 3.043005, 2.234961, 2.615923
19.97966, 2.899996, 2.262417, 2.615706
19.99047, 2.779205, 2.297502, 2.615424
20.00143, 2.403341, 2.302285, 2.615031
