0.0112859, 2.737823, 2.737823, 2.510436
0.0216936, 6.41243, 4.575127, 2.510535
0.0326237, 6.324963, 5.158405, 2.510388
0.0440478, 7.187022, 5.665559, 2.510189
0.0548915, 5.550591, 5.642566, 2.510056
0.0659094, 3.685817, 5.316441, 2.509887
0.0770871, 4.514363, 5.201859, 2.509628
0.0881913, 5.315274, 5.216035, 2.509366
0.0998096, 5.686404, 5.268299, 2.509002
0.1114698, 5.238115, 5.26528, 2.508505
0.1215352, 5.139542, 5.25385, 2.508028
0.1326402, 5.536264, 5.277384, 2.50755
0.1437512, 5.956521, 5.329625, 2.506902
0.1548849, 5.420722, 5.336132, 2.506235
0.1658815, 4.621544, 5.288493, 2.505697
0.1770789, 3.476878, 5.175267, 2.505035
0.1881596, 3.225587, 5.06058, 2.504308
0.1991714, 2.986491, 4.945353, 2.503446
0.2104026, 3.152398, 4.850986, 2.502535
0.221541, 3.059269, 4.7614, 2.501443
0.2326624, 2.820659, 4.765542, 2.500388
0.2436103, 2.917061, 4.590774, 2.499173
0.2549226, 2.943479, 4.4217, 2.498032
0.2657938, 2.989379, 4.211818, 2.496798
0.2769686, 2.594435, 4.06401, 2.495483
0.2882188, 2.597365, 4.009587, 2.494289
0.2991835, 2.539076, 3.910823, 2.492879
0.3102629, 2.577888, 3.773954, 2.49144
0.3214317, 4.001513, 3.689709, 2.489852
0.3326226, 3.205368, 3.588072, 2.488309
0.3436427, 1.590494, 3.410619, 2.486614
0.3547358, 2.255939, 3.246603, 2.484917
0.3658389, 2.045207, 3.051037, 2.483209
0.3769236, 2.0678, 2.883391, 2.481392
0.388184, 2.062615, 2.755445, 2.479511
0.3992015, 2.147522, 2.688977, 2.477574
0.4101543, 2.081817, 2.631788, 2.475594
0.4214447, 2.138308, 2.589379, 2.473473
0.4324226, 2.074259, 2.535472, 2.471383
0.4435665, 2.072044, 2.486111, 2.469098
0.454689, 2.082811, 2.449219, 2.466845
0.4659015, 2.031079, 2.404919, 2.464459
0.4768628, 2.021806, 2.358836, 2.462158
0.4880739, 2.078382, 2.313286, 2.459573
0.4991313, 2.03167, 2.285147, 2.457269
0.5102505, 2.135417, 2.26205, 2.454835
0.52139, 2.196927, 2.244942, 2.452361
0.5324207, 2.035268, 2.217811, 2.449919
0.5434591, 2.038634, 2.119668, 2.447371
0.5547605, 2.147983, 2.066798, 2.444669
0.5658435, 2.197397, 2.097143, 2.442003
0.5768224, 2.197333, 2.094213, 2.43925
0.5880342, 2.14925, 2.099415, 2.436298
0.5990584, 2.119965, 2.102024, 2.43357
0.610158, 2.158905, 2.106838, 2.430739
0.6216263, 2.174139, 2.108169, 2.427704
0.6323919, 2.335161, 2.120836, 2.42492
0.643447, 2.253048, 2.126573, 2.422014
0.6549888, 2.230126, 2.134366, 2.418902
0.6656632, 2.099715, 2.13575, 2.41602
0.6767877, 1.955908, 2.129405, 2.413053
0.6880289, 1.96859, 2.12628, 2.409848
0.6990891, 1.856333, 2.118007, 2.406579
0.7101467, 1.847687, 2.106472, 2.403366
0.7212475, 1.850292, 2.097403, 2.40003
0.7322534, 1.87081, 2.084173, 2.396738
0.7433984, 1.855196, 2.067086, 2.393412
0.7545836, 1.843273, 2.057487, 2.389973
0.7656583, 1.750148, 2.043062, 2.38655
0.7768248, 1.812223, 2.026274, 2.383079
0.7879385, 1.827167, 2.007763, 2.379511
0.7989224, 1.778099, 1.986801, 2.37595
0.8100346, 1.906871, 1.974682, 2.372296
0.8213344, 1.840153, 1.960691, 2.368487
0.8322184, 1.747668, 1.94013, 2.364765
0.8433488, 1.707042, 1.916775, 2.360872
0.8546366, 1.791316, 1.889583, 2.357013
0.8656681, 1.804912, 1.867176, 2.353161
0.8767624, 1.75321, 1.84333, 2.349176
0.8880142, 1.717515, 1.82422, 2.345107
0.8989583, 1.662533, 1.809551, 2.341067
0.9099067, 1.615991, 1.791921, 2.336982
0.9213743, 1.6278, 1.780495, 2.332643
0.9322975, 1.688702, 1.772545, 2.328454
0.9432302, 1.707465, 1.765404, 2.324259
0.9545246, 1.722965, 1.758012, 2.319862
0.9655735, 1.716189, 1.751062, 2.315467
0.9766776, 1.672103, 1.742503, 2.311029
0.9879374, 1.852715, 1.747631, 2.306441
0.9988419, 1.771179, 1.745579, 2.302003
1.010027, 1.92314, 1.750378, 2.297414
1.021141, 1.858838, 1.754415, 2.292826
1.032218, 1.786919, 1.748417, 2.288195
1.043267, 1.972567, 1.755038, 2.283563
1.054596, 2.003124, 1.767811, 2.278752
1.065549, 1.937904, 1.779354, 2.274064
1.076631, 1.986251, 1.789101, 2.269258
1.087958, 1.932314, 1.795471, 2.264312
1.098883, 2.05131, 1.810376, 2.259509
1.109876, 2.089874, 1.828994, 2.254474
1.121141, 2.08205, 1.84997, 2.249422
1.132169, 2.049711, 1.871656, 2.244537
1.143216, 2.105777, 1.895555, 2.239634
1.154454, 1.98165, 1.910202, 2.234491
1.165375, 1.607058, 1.905182, 2.229355
1.176509, 1.48922, 1.893495, 2.224153
1.18785, 1.436121, 1.879491, 2.218936
1.198889, 1.441356, 1.867954, 2.21375
1.209769, 1.497196, 1.850178, 2.20849
1.221054, 1.474367, 1.835337, 2.203042
1.232159, 1.443533, 1.811357, 2.19759
1.243275, 1.433489, 1.79009, 2.192301
1.254604, 1.392946, 1.770391, 2.186684
1.265421, 1.390496, 1.741287, 2.181323
1.276438, 1.407948, 1.711529, 2.175961
1.287801, 1.421593, 1.685713, 2.170346
1.298753, 1.483632, 1.660582, 2.164931
1.309909, 1.501137, 1.639023, 2.159261
1.32127, 1.504688, 1.611692, 2.15357
1.332008, 1.495915, 1.581994, 2.148114
1.343076, 1.50913, 1.553348, 2.142366
1.354364, 1.498351, 1.52578, 2.136559
1.36538, 1.392038, 1.490093, 2.130852
1.376559, 1.382785, 1.46015, 2.125027
1.387642, 1.387701, 1.449182, 2.119385
1.398859, 1.211697, 1.435306, 2.113466
1.409759, 3.917106, 1.559355, 2.107655
1.421065, 3.074601, 1.641017, 2.10161
1.431959, 2.307307, 1.681523, 2.095775
1.443003, 1.939651, 1.704787, 2.089804
1.454387, 1.795712, 1.722396, 2.083592
1.46524, 1.944012, 1.747922, 2.077534
1.476264, 1.823869, 1.769468, 2.071522
1.48781, 1.81007, 1.790447, 2.065043
1.498695, 1.770337, 1.808566, 2.059008
1.509692, 1.778888, 1.826431, 2.053066
1.520983, 1.784253, 1.841462, 2.0467
1.532013, 1.755828, 1.854197, 2.040488
1.543114, 1.745815, 1.866253, 2.033977
1.554404, 1.744318, 1.878673, 2.027373
1.56516, 1.62027, 1.88423, 2.021199
1.57628, 1.612937, 1.88996, 2.014769
1.587803, 1.652613, 1.902988, 2.008168
1.598526, 1.614025, 1.91455, 2.001892
1.609644, 1.753934, 1.932862, 1.995234
1.621199, 1.761698, 1.960362, 1.988302
1.631873, 1.770118, 1.853013, 1.981935
1.643043, 1.790871, 1.788826, 1.975205
1.654268, 1.816905, 1.764306, 1.968592
1.665272, 1.899201, 1.762284, 1.961939
1.676381, 1.889722, 1.766984, 1.955178
1.687651, 1.910892, 1.765328, 1.948332
1.698576, 1.939441, 1.771107, 1.941694
1.70974, 1.814777, 1.771342, 1.934841
1.720899, 1.987336, 1.782192, 1.928
1.731855, 1.84499, 1.785497, 1.92124
1.742959, 2.012435, 1.796906, 1.914505
1.754217, 2.022674, 1.810249, 1.907514
1.765226, 1.998324, 1.822874, 1.900682
1.776281, 1.006534, 1.785985, 1.89361
1.787473, 1.049031, 1.757423, 1.886693
1.798438, 1.074454, 1.730499, 1.879855
1.809564, 1.109282, 1.703333, 1.872854
1.820827, 1.12263, 1.678763, 1.86576
1.831828, 1.128501, 1.647491, 1.858772
1.843005, 1.170709, 1.617942, 1.851722
1.854133, 1.124191, 1.585645, 1.844756
1.865293, 1.060447, 1.549124, 1.83767
1.876171, 1.027613, 1.509659, 1.830773
1.887489, 1.006261, 1.465012, 1.823453
1.898489, 1.019251, 1.421489, 1.8164
1.909567, 1.008679, 1.376378, 1.809271
1.920837, 1.042647, 1.331538, 1.801996
1.931761, 1.05101, 1.29335, 1.794948
1.942782, 1.065406, 1.247254, 1.787925
1.954104, 1.136919, 1.21185, 1.780502
1.965165, 1.143205, 1.168388, 1.773345
1.976196, 1.144138, 1.124462, 1.766359
1.987468, 1.149218, 1.082006, 1.759024
1.998413, 1.238489, 1.093604, 1.751912
2.00946, 1.28913, 1.105609, 1.744694
2.0209, 1.28454, 1.116114, 1.737084
2.031675, 1.248552, 1.123077, 1.729997
2.042807, 1.254196, 1.129655, 1.722632
2.054153, 1.24675, 1.135568, 1.715132
2.065131, 1.331304, 1.143597, 1.707843
2.076404, 1.335773, 1.154177, 1.700253
2.087532, 1.27907, 1.165108, 1.692919
2.098688, 1.341185, 1.180786, 1.685516
2.109667, 1.370635, 1.199005, 1.678192
2.121017, 1.458956, 1.22099, 1.67053
2.131922, 1.582165, 1.249665, 1.66322
2.14337, 1.603913, 1.277728, 1.655538
2.15433, 1.589173, 1.304636, 1.648152
2.165108, 1.586028, 1.330667, 1.641009
2.176567, 1.559198, 1.351781, 1.633304
2.187713, 1.589371, 1.374089, 1.625775
2.198568, 1.543962, 1.394081, 1.618402
2.209452, 1.520467, 1.412643, 1.611041
2.220619, 1.628133, 1.432125, 1.603522
2.23169, 1.60913, 1.448125, 1.596027
2.242742, 1.338008, 1.450799, 1.588654
2.253949, 1.330873, 1.454915, 1.581047
2.265091, 1.25286, 1.454848, 1.57346
2.276266, 1.6387, 1.474445, 1.565792
2.287334, 1.506368, 1.483199, 1.558169
2.298338, 1.485007, 1.49066, 1.550695
2.309435, 1.364025, 1.494908, 1.543103
2.320615, 1.444881, 1.500093, 1.535402
2.331724, 1.422142, 1.502668, 1.527799
2.342768, 1.379765, 1.498709, 1.520213
2.353981, 1.378801, 1.488541, 1.512507
2.365011, 1.362942, 1.476492, 1.504867
2.376005, 1.373863, 1.465727, 1.497264
2.387241, 1.214743, 1.447162, 1.489517
2.398369, 1.110451, 1.424725, 1.481937
2.409386, 1.1371, 1.402112, 1.474356
2.420605, 1.158839, 1.382855, 1.466588
2.431595, 1.172824, 1.365473, 1.459014
2.442685, 1.173862, 1.34276, 1.451346
2.453863, 1.176689, 1.321138, 1.443501
2.464939, 1.167856, 1.31263, 1.435921
2.475945, 1.141401, 1.303156, 1.428317
2.487361, 1.101619, 1.295594, 1.420422
2.498218, 1.126501, 1.269984, 1.41293
2.50939, 1.137321, 1.251532, 1.405201
2.520647, 1.084494, 1.231506, 1.39739
2.531653, 1.092978, 1.217954, 1.38976
2.542634, 1.049896, 1.198205, 1.382159
2.55379, 1.053969, 1.179796, 1.374373
2.564842, 1.076374, 1.164626, 1.366693
2.575903, 1.043967, 1.147885, 1.359076
2.587198, 1.037729, 1.131624, 1.351285
2.598131, 1.034499, 1.114656, 1.343692
2.609183, 1.01932, 1.104885, 1.336037
2.62073, 1.034011, 1.101063, 1.32808
2.63154, 0.9816149, 1.093289, 1.320606
2.642692, 0.9816713, 1.08443, 1.312928
2.653684, 0.9939884, 1.075488, 1.305411
2.664887, 0.9573535, 1.064663, 1.29768
2.675929, 0.9856139, 1.055109, 1.2901
2.686995, 0.9888973, 1.046161, 1.282521
2.698123, 0.9392138, 1.036052, 1.274949
2.709159, 0.9778088, 1.029861, 1.267411
2.720362, 1.001505, 1.023611, 1.259712
2.731439, 0.9901541, 1.016253, 1.252154
2.742526, 0.9855627, 1.011307, 1.244619
2.753788, 0.8958637, 1.001451, 1.236859
2.7648, 0.9284462, 0.9953784, 1.229387
2.775865, 0.920899, 0.9887249, 1.221861
2.786959, 0.9085554, 0.980334, 1.21435
2.798113, 0.8950798, 0.9728897, 1.206786
2.8091, 0.9139715, 0.9667018, 1.199349
2.820399, 0.9346035, 0.961707, 1.191767
2.831353, 0.9606898, 0.9587755, 1.184368
2.842429, 0.9319909, 0.9536745, 1.17685
2.853881, 0.9399494, 0.9515912, 1.169041
2.86475, 0.9285817, 0.9489366, 1.161778
2.875938, 0.9675079, 0.9476126, 1.154266
2.886908, 0.9511625, 0.9473031, 1.146921
2.898147, 0.9398219, 0.9450134, 1.139422
2.909139, 0.9314517, 0.9421412, 1.132077
2.920437, 0.8885577, 0.9396084, 1.124531
2.931412, 0.8628303, 0.9338595, 1.117232
2.94242, 0.8743298, 0.9275008, 1.109825
2.953712, 0.7621756, 0.9161019, 1.102371
2.964628, 0.8966689, 0.9116572, 1.095065
2.975763, 0.724179, 0.903073, 1.087744
2.986969, 0.7663161, 0.8949664, 1.08036
2.99793, 0.7165909, 0.884751, 1.073087
3.009131, 0.7060863, 0.8746276, 1.065732
3.02022, 0.699856, 0.8648664, 1.058499
3.031371, 0.7025926, 0.8542975, 1.051278
3.042482, 0.7007583, 0.8426052, 1.044086
3.053604, 0.7053325, 0.8298373, 1.036958
3.064512, 0.7141952, 0.8189475, 1.029969
3.075642, 0.7143493, 0.8076676, 1.022823
3.086894, 0.7144883, 0.7969629, 1.015564
3.097898, 0.7042968, 0.7838023, 1.00853
3.109135, 0.698111, 0.7711498, 1.001316
3.120215, 0.700677, 0.7591925, 0.9942487
3.131302, 0.7191731, 0.7485786, 0.9871757
3.142439, 0.7364734, 0.7409744, 0.980116
3.153436, 0.7346178, 0.7345638, 0.9731504
3.164529, 0.7102628, 0.7263604, 0.9661337
3.17555, 0.7116266, 0.723833, 0.9592457
3.186732, 0.7090796, 0.7144536, 0.9522298
3.197921, 0.690221, 0.7127557, 0.9452175
3.209066, 0.6920382, 0.7090418, 0.9382378
3.220141, 0.6879936, 0.7076119, 0.9314072
3.231298, 0.6817964, 0.7063974, 0.9244753
3.242364, 0.6839064, 0.7056, 0.9176897
3.253543, 0.6899366, 0.7049671, 0.9108325
3.264567, 0.720041, 0.7059313, 0.9040467
3.275861, 0.7258667, 0.706958, 0.8970944
3.286772, 0.7433259, 0.7084146, 0.8904256
3.297944, 0.7315286, 0.7092735, 0.883636
3.308948, 0.7183402, 0.7094661, 0.8769547
3.320249, 0.725408, 0.7105216, 0.8701524
3.331292, 0.7504942, 0.7131408, 0.8635179
3.342266, 0.7525727, 0.7157356, 0.8569661
3.353423, 0.7516733, 0.7173606, 0.8504275
3.364504, 0.7467259, 0.7178732, 0.843879
3.375575, 0.7429113, 0.7182879, 0.8372736
3.38671, 0.7602854, 0.7207891, 0.8307343
3.397844, 0.7001771, 0.7202166, 0.8242664
3.408821, 0.6901025, 0.7192677, 0.8179091
3.420073, 0.6880489, 0.7191591, 0.8113479
3.431135, 0.7066205, 0.7198882, 0.8049796
3.442192, 0.7128952, 0.7211333, 0.7986714
3.453348, 0.6993219, 0.7220095, 0.7922796
3.464417, 0.6991678, 0.7227727, 0.7860307
3.475515, 0.6902685, 0.7227892, 0.7797291
3.486729, 0.6887999, 0.7212272, 0.7734037
3.497787, 0.6973988, 0.7198038, 0.7673069
3.508912, 0.6797892, 0.716627, 0.7610992
3.520064, 0.6911518, 0.7146081, 0.7547065
3.531091, 0.709632, 0.7141727, 0.7486032
3.542118, 0.7039429, 0.7130995, 0.7425966
3.553396, 0.6942524, 0.7102875, 0.7367768
3.564447, 0.6837965, 0.7068486, 0.7307858
3.575613, 0.7057948, 0.7045547, 0.7248737
3.586726, 0.612336, 0.6978351, 0.7189394
3.597874, 0.7504916, 0.6982142, 0.7130396
3.608863, 0.945884, 0.7074941, 0.7072583
3.61992, 0.8502511, 0.7149978, 0.701506
3.631071, 0.7013204, 0.7155587, 0.6957035
3.64212, 0.6966618, 0.7159894, 0.6898469
3.653255, 0.6895518, 0.7151359, 0.6839946
3.664258, 0.6899066, 0.7139865, 0.6783472
3.675493, 0.6845396, 0.7132474, 0.672491
3.686595, 0.6651531, 0.7115466, 0.6668402
3.697646, 0.636444, 0.7088554, 0.6611474
3.708693, 0.6269976, 0.7057653, 0.6556048
3.720006, 0.632823, 0.7025365, 0.6500601
3.731111, 0.6167725, 0.6993856, 0.6445689
3.742049, 0.6008978, 0.694873, 0.6393293
3.753229, 0.6055895, 0.6896709, 0.6339132
3.764239, 0.5947924, 0.6842133, 0.6285929
3.775356, 0.5885734, 0.6789294, 0.6232252
3.786511, 0.5865943, 0.6740693, 0.6179025
3.797947, 0.581175, 0.6678383, 0.6124329
3.8088, 0.5858136, 0.6665121, 0.6073024
3.819867, 0.5905191, 0.6585135, 0.6021694
3.830912, 0.5925495, 0.6408468, 0.5970471
3.84201, 0.5974098, 0.6282048, 0.5919329
3.85333, 0.59413, 0.6228452, 0.586817
3.864276, 0.6031521, 0.6181697, 0.5818382
3.875299, 0.6042471, 0.6139045, 0.576802
3.886502, 0.5852712, 0.6086727, 0.5717925
3.897561, 0.5714308, 0.6030173, 0.5670093
3.908648, 0.5647095, 0.5979951, 0.5621425
3.919896, 0.5614377, 0.5942448, 0.5572356
3.930917, 0.4839809, 0.5870939, 0.5524755
3.942039, 0.5369863, 0.5823021, 0.5477225
3.953147, 0.5823798, 0.5805824, 0.5430102
3.964178, 0.5149369, 0.5762843, 0.5383979
3.975374, 0.4661962, 0.5693147, 0.5337537
3.986458, 0.5175157, 0.5654508, 0.5292017
3.997477, 0.5209808, 0.5620712, 0.5247178
4.008783, 0.5052587, 0.5580044, 0.5201612
4.01983, 0.5035151, 0.5541214, 0.5156567
4.030858, 0.4741212, 0.5485368, 0.5113022
4.04189, 0.4726974, 0.5426458, 0.5065066
4.05298, 0.4700767, 0.5365221, 0.5020935
4.064122, 0.4794022, 0.5306217, 0.4977798
4.075251, 0.4736136, 0.5245959, 0.493785
4.086407, 0.4890224, 0.5188894, 0.489555
4.097424, 0.5006129, 0.5137078, 0.4856206
4.108539, 0.4905925, 0.5089738, 0.4814996
4.119715, 0.4928859, 0.5050465, 0.4773603
4.13073, 0.4753656, 0.5005794, 0.4734205
4.141887, 0.4679437, 0.4959046, 0.4694951
4.153032, 0.4650344, 0.4949573, 0.4656505
4.164087, 0.4521434, 0.4907152, 0.4618011
4.175188, 0.4527644, 0.4842344, 0.4578382
4.186334, 0.4502879, 0.481002, 0.4540558
4.197582, 0.4360938, 0.4794969, 0.4503202
4.208475, 0.4207781, 0.47466, 0.4467042
4.219657, 0.4184776, 0.4695348, 0.4430927
4.230817, 0.4092801, 0.4647359, 0.4394823
4.241752, 0.4066381, 0.459892, 0.4360175
4.252964, 0.4047043, 0.4564212, 0.4325075
4.264071, 0.4012516, 0.4528489, 0.4290643
4.275246, 0.3983395, 0.4492621, 0.4257717
4.286279, 0.3974454, 0.4451642, 0.4224568
4.297499, 0.3948049, 0.4412238, 0.4190856
4.308531, 0.4062808, 0.4370867, 0.4158729
4.319638, 0.4160926, 0.4328607, 0.4126825
4.330709, 0.2868679, 0.4226744, 0.4095462
4.341854, 0.2798876, 0.4120245, 0.4064557
4.352977, 0.2788828, 0.4022004, 0.4032501
4.363981, 0.2801699, 0.3928117, 0.4002765
4.375286, 0.2787362, 0.3834968, 0.3973236
4.386296, 0.2796023, 0.3748697, 0.3944659
4.397247, 0.279954, 0.3662292, 0.3916225
4.408502, 0.2804501, 0.3577373, 0.3888168
4.419594, 0.2804832, 0.3499568, 0.3860807
4.430664, 0.2760758, 0.3427216, 0.3832666
4.441752, 0.2753626, 0.3355659, 0.38065
4.452966, 0.2745028, 0.328827, 0.3778575
4.463842, 0.2758396, 0.3222871, 0.3753647
4.475283, 0.2810085, 0.3161023, 0.3728304
4.486103, 0.2821966, 0.3101496, 0.3704447
4.497206, 0.2953701, 0.3050011, 0.3683776
4.508487, 0.2943903, 0.2998483, 0.3660236
4.51944, 0.2991997, 0.2950681, 0.3638613
4.530645, 0.305966, 0.2900523, 0.3617105
4.541776, 0.3095107, 0.2847232, 0.3595592
4.552824, 0.3044203, 0.2856008, 0.3574922
4.56389, 0.3057612, 0.2868945, 0.3554416
4.575063, 0.3008094, 0.2879908, 0.353519
4.586181, 0.2979144, 0.2888781, 0.3515787
4.597087, 0.2889892, 0.2893907, 0.3495037
4.608416, 0.2820603, 0.2895136, 0.3475873
4.619473, 0.2789615, 0.289464, 0.3456858
4.630538, 0.269123, 0.2888976, 0.3437981
4.641761, 0.2665464, 0.2882008, 0.3419934
4.652753, 0.262077, 0.2875008, 0.3403647
4.664052, 0.2513445, 0.2862999, 0.3387052
4.675075, 0.2513824, 0.2851439, 0.337194
4.686021, 0.2527988, 0.2839919, 0.3356942
4.697176, 0.253808, 0.2826318, 0.3343095
4.708291, 0.253508, 0.2811974, 0.3329037
4.719431, 0.2532559, 0.2790917, 0.3314999
4.730537, 0.2483024, 0.2767873, 0.3302517
4.741645, 0.2510468, 0.2743797, 0.3290012
4.752919, 0.2494593, 0.2715544, 0.3277584
4.763798, 0.248432, 0.2685004, 0.3266586
4.774904, 0.2481467, 0.2656867, 0.3255881
4.786024, 0.3209922, 0.2664483, 0.3245672
4.797171, 0.2764691, 0.2652313, 0.323549
4.808346, 0.2765039, 0.2641607, 0.32264
4.819368, 0.2852948, 0.263976, 0.3218391
4.830504, 0.287797, 0.2642629, 0.3210008
4.841558, 0.2764378, 0.2641367, 0.3202418
4.852682, 0.2821664, 0.2647888, 0.3195029
4.863914, 0.2808833, 0.2655057, 0.3188259
4.875084, 0.2790795, 0.2663558, 0.3182695
4.885975, 0.2794855, 0.2677628, 0.3177464
4.897079, 0.2762908, 0.2690083, 0.3172571
4.908281, 0.277569, 0.2702468, 0.3168282
4.919278, 0.2765833, 0.2713855, 0.3163866
4.930389, 0.2764396, 0.2725321, 0.3159513
4.941528, 0.2761867, 0.2736787, 0.3156854
4.952662, 0.2701866, 0.2747729, 0.3153824
4.963752, 0.2697816, 0.2757096, 0.3152303
4.97501, 0.2695004, 0.2767116, 0.3150554
4.985966, 0.2695612, 0.2777681, 0.3150066
4.996936, 0.2701014, 0.2788659, 0.3149997
5.008306, 0.2717052, 0.2764015, 0.3150521
5.019247, 0.2715526, 0.2761557, 0.3153951
5.030382, 0.2766276, 0.2761618, 0.3155879
5.041459, 0.2727408, 0.2755342, 0.3158111
5.052672, 0.2749798, 0.2748933, 0.3161126
5.063591, 0.270107, 0.2745768, 0.3164504
5.074878, 0.2687164, 0.2739043, 0.3168565
5.085948, 0.2688715, 0.2733037, 0.3172877
5.099433, 0.2734428, 0.2730218, 0.3178741
5.108183, 0.2731668, 0.2727059, 0.3183137
5.119359, 0.2753079, 0.2726567, 0.3190445
5.130291, 0.2784415, 0.2727004, 0.3197542
5.141469, 0.2793482, 0.2728386, 0.3204332
5.152532, 0.254357, 0.2717345, 0.3210809
5.163615, 0.269645, 0.2714074, 0.3219045
5.174823, 0.2984914, 0.2728226, 0.3227809
5.185794, 0.2971931, 0.2741932, 0.3236961
5.197078, 0.2999218, 0.2757143, 0.3245645
5.208218, 0.2995856, 0.2772155, 0.3255754
5.219253, 0.2958019, 0.2785005, 0.3265623
5.230284, 0.2897853, 0.2794046, 0.3276498
5.241413, 0.2881382, 0.2802338, 0.3289144
5.252504, 0.2876287, 0.2807839, 0.3301412
5.263589, 0.2870888, 0.2815013, 0.3313957
5.274728, 0.2879943, 0.282152, 0.3327422
5.285906, 0.2889278, 0.2830931, 0.3340982
5.296889, 0.2943913, 0.2843768, 0.3355358
5.3081, 0.2956944, 0.285718, 0.3370131
5.31906, 0.2803874, 0.2860652, 0.3385383
5.330239, 0.2386504, 0.2843394, 0.3401454
5.3415, 0.2388137, 0.2825147, 0.3417734
5.352565, 0.2391931, 0.2805523, 0.3434596
5.363615, 0.2395917, 0.2785644, 0.3451725
5.374773, 0.2377381, 0.2777335, 0.3468326
5.385737, 0.2401136, 0.2762569, 0.3486218
5.396926, 0.240921, 0.2733784, 0.3505
5.408273, 0.2408269, 0.2705601, 0.3524615
5.419275, 0.2409528, 0.2676117, 0.3543882
5.430218, 0.24684, 0.2649744, 0.3564441
5.441498, 0.2486364, 0.2626161, 0.3585533
5.452377, 0.2489385, 0.2605738, 0.3606117
5.46343, 0.2625772, 0.2592957, 0.3627632
5.47472, 0.2628159, 0.2580551, 0.3650438
5.485586, 0.2607388, 0.2567376, 0.3672405
5.496843, 0.2592007, 0.2552979, 0.3695568
5.508063, 0.2591069, 0.2538069, 0.3719365
5.518988, 0.2590494, 0.2520398, 0.3743264
5.530279, 0.2675724, 0.2506337, 0.3768296
5.541369, 0.2682281, 0.2500257, 0.3793524
5.55232, 0.2701619, 0.2516013, 0.3819969
5.563361, 0.2705429, 0.2531877, 0.3846284
5.574801, 0.2701935, 0.2547378, 0.3874018
5.585762, 0.2699957, 0.256258, 0.3901122
5.596808, 0.2725828, 0.2580002, 0.3929445
5.608037, 0.2772547, 0.2598573, 0.3957887
5.619039, 0.2864138, 0.2621319, 0.3986034
5.630023, 0.29443, 0.2648121, 0.4014607
5.641369, 0.402708, 0.2728998, 0.4044657
5.652239, 0.4205102, 0.2815833, 0.4073519
5.663423, 0.3442473, 0.2863639, 0.4104523
5.674553, 0.4035808, 0.294096, 0.4135507
5.685706, 0.3600284, 0.2989686, 0.4167279
5.696837, 0.3588243, 0.303769, 0.4198878
5.707981, 0.3609865, 0.3087814, 0.4231063
5.718928, 0.3667091, 0.3141568, 0.4263461
5.73002, 0.3748019, 0.3199416, 0.4297051
5.741202, 0.374652, 0.3257217, 0.4331108
5.752382, 0.374487, 0.3310674, 0.4365943
5.763256, 0.3796425, 0.3366381, 0.4400502
5.774483, 0.3808683, 0.3421734, 0.443675
5.785653, 0.3815587, 0.3477242, 0.447341
5.796655, 0.3868865, 0.3535588, 0.4508308
5.808017, 0.386053, 0.3593617, 0.4546207
5.81892, 0.3956186, 0.3655135, 0.4582554
5.83008, 0.3977475, 0.3715381, 0.4620833
5.841252, 0.3973112, 0.377083, 0.4659519
5.85218, 0.405317, 0.3826273, 0.4697417
5.863469, 0.4085156, 0.3829177, 0.4737557
5.874454, 0.4093924, 0.3823618, 0.4775564
5.885543, 0.4107298, 0.385686, 0.4815824
5.896785, 0.4067399, 0.3858439, 0.4856528
5.907984, 0.4167283, 0.3886789, 0.4898072
5.918996, 0.4186357, 0.3916695, 0.4940442
5.929926, 0.4109228, 0.3941662, 0.4982081
5.941128, 0.406307, 0.3961461, 0.5025623
5.952218, 0.4037872, 0.3975954, 0.5066597
5.963223, 0.4118958, 0.3994576, 0.5109527
5.974504, 0.3810377, 0.3997851, 0.5155019
5.985591, 0.4379333, 0.4026996, 0.5199755
5.996619, 0.4246479, 0.4048887, 0.524439
6.008029, 0.4161473, 0.4066181, 0.5292341
6.01881, 0.4444122, 0.4094944, 0.5336851
6.030025, 0.4225262, 0.4113181, 0.5383217
6.040981, 0.4128756, 0.4121809, 0.5428057
6.052186, 0.4060236, 0.4125947, 0.5475709
6.063224, 0.4087549, 0.4131669, 0.5522855
6.074364, 0.4040699, 0.4131046, 0.5570181
6.085432, 0.4033496, 0.4128463, 0.5619005
6.096549, 0.4142007, 0.4130867, 0.5666465
6.107946, 0.4139562, 0.413248, 0.5716265
6.118813, 0.4171121, 0.4137666, 0.5764394
6.129875, 0.4293118, 0.4143958, 0.5814453
6.141078, 0.4406352, 0.4154958, 0.5865869
6.152038, 0.4418474, 0.417042, 0.5915131
6.163155, 0.4551443, 0.4194838, 0.596602
6.174396, 0.4534845, 0.4219687, 0.6018606
6.185388, 0.464541, 0.424601, 0.6069791
6.196551, 0.4675792, 0.428928, 0.6122968
6.207647, 0.4667409, 0.4303684, 0.6175657
6.218802, 0.4742594, 0.432849, 0.6228642
6.229796, 0.4827999, 0.4361816, 0.6281476
6.241002, 0.4847778, 0.4381998, 0.6335346
6.251973, 0.4823445, 0.4411908, 0.6387537
6.263079, 0.4900907, 0.4450515, 0.6441654
6.274219, 0.487348, 0.4491177, 0.6497027
6.285274, 0.493445, 0.4533522, 0.6551754
6.296368, 0.4912322, 0.4577103, 0.6607106
6.307759, 0.490985, 0.4620921, 0.6665198
6.318699, 0.5055421, 0.4666591, 0.672066
6.329906, 0.5250679, 0.4722147, 0.6777188
6.340937, 0.5257967, 0.4776489, 0.6833122
6.351867, 0.5289428, 0.4826305, 0.6889476
6.363, 0.5555395, 0.4883757, 0.6947424
6.374239, 0.5597785, 0.4942722, 0.7005764
6.385178, 0.5595285, 0.4994915, 0.7063162
6.396436, 0.5617919, 0.5049068, 0.7122986
6.407557, 0.5607665, 0.5097181, 0.7182416
6.418651, 0.5556135, 0.5141197, 0.7241094
6.42976, 0.561864, 0.518876, 0.7300981
6.440873, 0.5563499, 0.5229805, 0.736114
6.451995, 0.5553555, 0.5266083, 0.7421023
6.46313, 0.552306, 0.5299847, 0.7482056
6.474241, 0.5531668, 0.5335258, 0.7543443
6.485188, 0.5598056, 0.5370116, 0.7604381
6.496397, 0.622928, 0.5437906, 0.7666708
6.507466, 0.6289716, 0.5505669, 0.7728795
6.518614, 0.6308903, 0.5575498, 0.7790438
6.529716, 0.6329994, 0.5646505, 0.7852534
6.540901, 0.6186448, 0.5703057, 0.7916164
6.551892, 0.6240872, 0.5752566, 0.7979156
6.563057, 0.6314246, 0.580538, 0.8043585
6.574238, 0.6315354, 0.5856677, 0.8108627
6.585433, 0.5984224, 0.5878118, 0.8173757
6.596249, 0.7133757, 0.5954917, 0.8236443
6.60745, 0.5537897, 0.5952048, 0.8302163
6.618546, 0.7246494, 0.6033477, 0.8367196
6.629637, 0.74028, 0.6123234, 0.8431597
6.64083, 0.6575124, 0.6174183, 0.8497977
6.6519, 0.5553641, 0.6170933, 0.8564027
6.807215, 0.6688633, 0.622719, 0.9519131
6.818429, 0.6856895, 0.6292357, 0.958976
6.82951, 0.8190352, 0.6425722, 0.9659315
6.84076, 0.7334431, 0.6515861, 0.9730344
6.851714, 0.8144885, 0.6643202, 0.9798563
6.862853, 0.7056765, 0.6684576, 0.9869054
6.874036, 0.7999325, 0.6770056, 0.9940134
6.885138, 0.68081, 0.6795017, 1.001043
6.896165, 0.6850654, 0.6821049, 1.008058
6.907445, 0.6986867, 0.686107, 1.015218
6.918526, 0.7639095, 0.6930982, 1.022279
6.929447, 0.7758312, 0.7003185, 1.029105
6.94074, 0.7691174, 0.7071975, 1.036356
6.951739, 0.7795425, 0.7162536, 1.043487
6.96281, 0.80238, 0.7207038, 1.050624
6.974097, 0.7993348, 0.732981, 1.057879
6.984962, 0.8200521, 0.7377511, 1.0649
6.996194, 0.80858, 0.7411662, 1.072158
7.007222, 0.8082026, 0.7487007, 1.079334
7.018384, 0.8212107, 0.7619931, 1.086577
7.029417, 0.8449931, 0.7707995, 1.093713
7.040538, 0.8548296, 0.7792565, 1.100995
7.051633, 0.8749352, 0.7820515, 1.108307
7.062893, 0.8342397, 0.7870913, 1.115729
7.073942, 0.8432426, 0.788529, 1.122994
7.085044, 0.8388517, 0.7951877, 1.130335
7.096032, 0.8495296, 0.7976676, 1.137565
7.107211, 0.8493457, 0.8060943, 1.144985
7.118375, 0.8571577, 0.814699, 1.152422
7.129422, 0.881261, 0.8238277, 1.159857
7.140556, 0.8710128, 0.8291829, 1.167289
7.151581, 0.8448424, 0.8326335, 1.174703
7.162699, 0.858211, 0.8370882, 1.182162
7.173865, 0.8603532, 0.8411287, 1.189556
7.184847, 0.8808044, 0.84505, 1.196967
7.196071, 0.894137, 0.84979, 1.204548
7.207093, 0.9138706, 0.8544809, 1.212001
7.218223, 0.9152145, 0.8598126, 1.219495
7.22927, 0.8978059, 0.8642928, 1.226993
7.240429, 0.9198747, 0.869226, 1.234566
7.251646, 0.9106612, 0.8725094, 1.242222
7.262557, 0.9011776, 0.8748268, 1.249702
7.273726, 0.8689219, 0.8745261, 1.257339
7.284839, 0.8509865, 0.8753635, 1.264986
7.29592, 0.8508062, 0.8757416, 1.272582
7.307117, 0.856954, 0.8766467, 1.28029
7.318159, 0.8587574, 0.8771081, 1.287706
7.329346, 0.9072793, 0.8800048, 1.295151
7.340394, 0.9366305, 0.8839785, 1.302705
7.351451, 0.9435176, 0.8870913, 1.310373
7.362739, 0.9306988, 0.8900755, 1.318206
7.373709, 0.9868014, 0.8971734, 1.325801
7.384977, 0.9964724, 0.9040865, 1.333371
7.395934, 1.139931, 0.9180654, 1.340911
7.407053, 1.132325, 0.9306414, 1.34852
7.418239, 1.151398, 0.9435045, 1.356197
7.429229, 1.141349, 0.9548784, 1.363811
7.440295, 1.15556, 0.9668957, 1.37146
7.451513, 1.147076, 0.9793591, 1.379172
7.462669, 1.153729, 0.9910519, 1.386885
7.473657, 1.173734, 1.004205, 1.394426
7.484779, 1.173021, 1.017798, 1.402145
7.495944, 1.073783, 1.028041, 1.409812
7.50692, 1.097531, 1.040368, 1.417218
7.51802, 1.09287, 1.052471, 1.424854
7.529265, 1.102771, 1.064762, 1.432543
7.540294, 1.107755, 1.077212, 1.440102
7.551424, 1.087303, 1.086213, 1.447829
7.56255, 1.100322, 1.094398, 1.455524
7.573621, 1.094419, 1.101943, 1.463133
7.584738, 1.083452, 1.10958, 1.470836
7.595815, 1.06304, 1.113392, 1.478481
7.606916, 1.06031, 1.116584, 1.486058
7.618256, 1.072622, 1.113219, 1.493856
7.62915, 1.146594, 1.113932, 1.501685
7.640318, 1.1463, 1.113677, 1.509402
7.651424, 1.128489, 1.113034, 1.517051
7.662444, 1.136851, 1.112099, 1.524646
7.67355, 1.135546, 1.111522, 1.532224
7.684757, 1.115816, 1.109627, 1.539965
7.695933, 1.138113, 1.107846, 1.547602
7.706829, 1.159838, 1.107187, 1.555058
7.718155, 1.148492, 1.110922, 1.562794
7.729112, 1.185131, 1.115302, 1.570282
7.740224, 1.166764, 1.118997, 1.577866
7.751352, 1.133092, 1.120513, 1.585534
7.762444, 1.104177, 1.120334, 1.593076
7.77371, 1.098497, 1.120894, 1.600743
7.784667, 1.074122, 1.119584, 1.608192
7.795754, 1.125246, 1.121125, 1.615746
7.80683, 1.13811, 1.123858, 1.623235
7.817962, 1.121722, 1.126792, 1.630755
7.829012, 1.123588, 1.129956, 1.638295
7.840197, 1.115843, 1.132117, 1.645836
7.851213, 1.126515, 1.131113, 1.653338
7.8624, 1.166993, 1.132148, 1.660904
7.873641, 1.195223, 1.135484, 1.668482
7.884601, 1.21156, 1.13922, 1.675869
7.895712, 1.227649, 1.143825, 1.68333
7.906788, 1.229746, 1.149521, 1.690768
7.91793, 1.198458, 1.152539, 1.698209
7.92909, 1.17937, 1.153515, 1.705693
7.940115, 1.218429, 1.157012, 1.713023
7.951161, 1.176575, 1.156584, 1.720293
7.962216, 1.280297, 1.162261, 1.727513
7.973399, 1.240644, 1.167639, 1.734824
7.984595, 1.280761, 1.176468, 1.742196
7.995873, 1.259384, 1.184512, 1.749612
8.006699, 1.25511, 1.193562, 1.756691
8.017803, 1.232224, 1.19891, 1.763943
8.028992, 1.225381, 1.203274, 1.771208
8.040014, 1.262528, 1.210314, 1.778392
8.051089, 1.260112, 1.21714, 1.785565
8.062242, 1.260578, 1.224377, 1.792801
8.073423, 1.282122, 1.232158, 1.80001
8.084594, 1.281677, 1.237892, 1.807225
8.095611, 1.29737, 1.242999, 1.814306
8.106802, 1.366802, 1.250761, 1.821485
8.118057, 1.41191, 1.259974, 1.828685
8.12897, 1.5242, 1.274697, 1.835615
8.140036, 1.457868, 1.287668, 1.842739
8.151053, 1.44456, 1.300927, 1.849729
8.16225, 1.43559, 1.311785, 1.856929
8.17332, 1.433526, 1.324633, 1.864077
8.184431, 1.380826, 1.329659, 1.871026
8.195632, 1.423668, 1.33881, 1.878047
8.206702, 1.410942, 1.345319, 1.885021
8.217801, 1.383712, 1.351536, 1.891952
8.228947, 1.361268, 1.356843, 1.898901
8.240236, 1.304846, 1.360475, 1.905876
8.250983, 1.277695, 1.36309, 1.912479
8.262197, 1.298031, 1.364865, 1.919389
8.273383, 1.344342, 1.369077, 1.92627
8.284409, 1.336173, 1.372857, 1.933013
8.295551, 1.500549, 1.383778, 1.93976
8.306599, 1.551889, 1.397289, 1.946476
8.317722, 1.550102, 1.409925, 1.953182
8.328876, 1.419192, 1.412545, 1.959895
8.339956, 1.418088, 1.412854, 1.966584
8.350962, 1.561431, 1.414715, 1.973104
8.362184, 1.43883, 1.413763, 1.979832
8.373222, 1.432645, 1.413168, 1.986385
8.384336, 1.451155, 1.413946, 1.992929
8.395612, 1.53972, 1.419256, 1.999556
8.406615, 1.568756, 1.428652, 2.005895
8.417794, 1.275005, 1.421219, 2.012374
8.428885, 1.518288, 1.426586, 2.01873
8.439927, 1.032374, 1.409019, 2.025067
8.451027, 0.9019424, 1.386053, 2.03146
8.584123, 1.098031, 1.375712, 2.105146
8.595303, 1.045198, 1.364088, 2.111121
8.606552, 2.400769, 1.419225, 2.117083
8.617608, 0.9154664, 1.397781, 2.122975
8.628706, 1.410586, 1.401502, 2.128844
8.639821, 1.265158, 1.389732, 2.134656
8.651085, 1.592753, 1.391775, 2.140456
8.662075, 1.723211, 1.400431, 2.146251
8.673086, 1.420294, 1.400486, 2.151899
8.684103, 1.71194, 1.415178, 2.157569
8.695592, 1.839819, 1.429098, 2.163438
8.706657, 1.17405, 1.415859, 2.169019
8.717449, 1.23023, 1.405738, 2.174453
8.728801, 1.35787, 1.401073, 2.180126
8.739801, 1.588408, 1.403508, 2.185705
8.750909, 1.295836, 1.389862, 2.191094
8.762188, 1.481863, 1.400205, 2.196591
8.773203, 1.150884, 1.381835, 2.20194
8.784213, 1.530992, 1.406765, 2.207228
8.795319, 1.406044, 1.43197, 2.21256
8.806447, 1.481955, 1.451167, 2.217852
8.817459, 1.511323, 1.474473, 2.223053
8.82854, 1.451508, 1.42701, 2.22823
8.839714, 1.534622, 1.457968, 2.23329
8.850791, 1.551938, 1.465035, 2.238433
8.861973, 1.476569, 1.475606, 2.243546
8.872993, 1.526456, 1.472291, 2.248592
8.884099, 1.474707, 1.459866, 2.253547
8.895263, 1.469347, 1.462318, 2.258553
8.906359, 1.423936, 1.447918, 2.263402
8.917489, 1.452182, 1.428536, 2.268251
8.928566, 1.403825, 1.440025, 2.273045
8.939652, 1.415407, 1.449284, 2.277937
8.950762, 1.480002, 1.45539, 2.282598
8.961796, 1.477689, 1.449854, 2.287277
8.973173, 1.475996, 1.458863, 2.292068
8.984084, 1.483192, 1.458929, 2.296824
8.995096, 1.516055, 1.477187, 2.301191
9.006306, 1.490281, 1.475152, 2.305709
9.017437, 1.55767, 1.482733, 2.310106
9.028482, 1.613581, 1.489315, 2.314465
9.039617, 1.62813, 1.495155, 2.318763
9.050693, 1.637492, 1.504454, 2.323078
9.061759, 1.683773, 1.511912, 2.327343
9.072942, 1.735196, 1.521075, 2.331625
9.083909, 1.702508, 1.532371, 2.33576
9.095091, 1.704975, 1.541297, 2.339906
9.106271, 1.717456, 1.553435, 2.344079
9.117391, 1.806176, 1.570276, 2.348141
9.128707, 1.751456, 1.586652, 2.352136
9.139692, 1.817553, 1.604921, 2.356068
9.150658, 1.885324, 1.628996, 2.359929
9.161809, 1.684438, 1.642447, 2.364056
9.172957, 1.723207, 1.654607, 2.367792
9.184101, 1.709791, 1.666212, 2.371539
9.195226, 1.742025, 1.679514, 2.375092
9.2061, 1.852145, 1.697962, 2.378612
9.217303, 1.815878, 1.712953, 2.382257
9.228457, 1.806721, 1.728775, 2.385926
9.239578, 1.763672, 1.739075, 2.389496
9.250673, 1.825014, 1.749646, 2.392987
9.261751, 1.915377, 1.764009, 2.396217
9.272844, 1.877563, 1.776012, 2.399596
9.283867, 2.139767, 1.798812, 2.402706
9.295119, 2.235201, 1.823812, 2.406006
9.306257, 2.27567, 1.85247, 2.409292
9.317131, 2.136485, 1.874046, 2.412415
9.32865, 2.162959, 1.896321, 2.415694
9.339499, 2.058685, 1.908947, 2.418732
9.350578, 2.225617, 1.932655, 2.421782
9.36178, 2.165656, 1.95006, 2.424832
9.372811, 2.183362, 1.964962, 2.4278
9.38389, 2.164567, 1.988968, 2.430722
9.395044, 1.903036, 1.997959, 2.433782
9.406121, 1.861438, 2.005542, 2.43664
9.417115, 1.835837, 2.010233, 2.439301
9.428402, 1.657913, 2.000521, 2.442101
9.439459, 1.672008, 1.993328, 2.44489
9.450575, 1.6911, 1.987547, 2.447554
9.461761, 1.721949, 1.985461, 2.450153
9.472688, 1.695569, 1.978988, 2.452676
9.483961, 1.885682, 1.977504, 2.455261
9.495035, 2.067861, 1.987018, 2.457869
9.50608, 2.081805, 1.98412, 2.460339
9.51702, 2.173172, 1.981019, 2.462759
9.528312, 2.036393, 1.969055, 2.46512
9.539281, 2.069089, 1.965685, 2.467405
9.550682, 2.035361, 1.959305, 2.469667
9.561587, 1.401399, 1.926441, 2.471812
9.572731, 1.379241, 1.884122, 2.47369
9.583928, 1.400754, 1.845877, 2.475748
9.595317, 1.503628, 1.81189, 2.477841
9.605834, 1.453229, 1.776323, 2.479743
9.617085, 1.458474, 1.754095, 2.481708
9.631365, 1.528051, 1.737426, 2.484132
9.639409, 1.458095, 1.718539, 2.485288
9.650426, 1.493766, 1.710331, 2.487054
9.661793, 1.571295, 1.705296, 2.488739
9.67261, 1.567043, 1.699093, 2.490336
9.683791, 1.593083, 1.692649, 2.491881
9.694862, 1.598195, 1.687781, 2.493397
9.705956, 1.555031, 1.671248, 2.494857
9.717047, 1.516994, 1.643705, 2.496242
9.728412, 1.425684, 1.610899, 2.497616
9.739249, 1.403484, 1.572415, 2.498914
9.750429, 1.437456, 1.542468, 2.500174
9.76153, 1.46878, 1.512452, 2.501361
9.772703, 1.475068, 1.484438, 2.502418
9.783683, 1.433878, 1.486062, 2.503468
9.794939, 1.430514, 1.488625, 2.504467
9.80587, 1.433747, 1.490275, 2.505336
9.817079, 1.449574, 1.487572, 2.506193
9.828333, 1.676852, 1.498753, 2.507002
9.83909, 1.744614, 1.51306, 2.507785
9.850367, 1.752978, 1.524307, 2.508513
9.861644, 1.710845, 1.536944, 2.509062
9.872537, 1.68984, 1.546748, 2.509624
9.883711, 1.731702, 1.554768, 2.510178
9.894782, 1.697723, 1.561302, 2.510886
9.905996, 1.743858, 1.568841, 2.511327
9.917142, 1.732461, 1.575554, 2.51175
9.928106, 1.719082, 1.583756, 2.512069
9.939179, 1.577806, 1.586797, 2.512437
9.950204, 1.529745, 1.592, 2.512673
9.961452, 1.545904, 1.599121, 2.5128
9.972509, 1.567899, 1.605643, 2.512968
9.983641, 1.544114, 1.60941, 2.513057
9.994845, 1.496275, 1.61047, 2.513108
10.00581, 1.541887, 1.61587, 2.51307
10.01695, 1.580587, 1.623374, 2.512979
10.0281, 1.588828, 1.631128, 2.512898
10.03928, 1.61341, 1.63932, 2.512562
10.05012, 1.668464, 1.6389, 2.512343
10.06135, 1.720623, 1.637701, 2.512132
10.07243, 1.757929, 1.637948, 2.511895
10.08359, 1.745624, 1.639687, 2.511527
10.09481, 1.794312, 1.644911, 2.511083
10.10586, 1.783704, 1.647511, 2.510603
10.11699, 1.862777, 1.655764, 2.510108
10.12802, 1.908191, 1.66398, 2.509473
10.13907, 1.83287, 1.669001, 2.50883
10.15025, 1.961611, 1.681128, 2.508152
10.16127, 1.825968, 1.693536, 2.507434
10.1725, 1.868695, 1.710483, 2.506684
10.18355, 1.874899, 1.726933, 2.505865
10.1947, 1.823475, 1.739712, 2.505018
10.2057, 1.825976, 1.753805, 2.503926
10.21675, 1.836053, 1.770794, 2.50294
10.22798, 1.848889, 1.786144, 2.501757
10.23915, 1.764581, 1.795344, 2.500592
10.25032, 1.696106, 1.800708, 2.499303
10.26139, 1.754481, 1.807761, 2.498066
10.2725, 1.725561, 1.810616, 2.496917
10.2835, 1.725534, 1.810862, 2.495612
10.29473, 1.702646, 1.808098, 2.494326
10.30563, 1.665549, 1.804094, 2.492883
10.31684, 1.698226, 1.79929, 2.491433
10.3279, 1.633794, 1.791794, 2.489972
10.33914, 1.610597, 1.779185, 2.488407
10.35008, 1.445294, 1.75604, 2.48686
10.36142, 1.44854, 1.736824, 2.485121
10.3723, 1.470084, 1.712247, 2.483376
10.38343, 1.46736, 1.694317, 2.481582
10.39453, 1.489447, 1.675355, 2.479733
10.40575, 1.52206, 1.657713, 2.47782
10.41679, 1.631676, 1.648123, 2.475904
10.42787, 1.530298, 1.633339, 2.47391
10.43894, 1.509325, 1.617002, 2.47189
10.45016, 1.525508, 1.600834, 2.4697
10.46115, 1.559121, 1.59056, 2.467638
10.47242, 1.560375, 1.583774, 2.465347
10.48346, 1.541536, 1.573127, 2.463102
10.49462, 1.507921, 1.562245, 2.46084
10.50566, 1.473054, 1.549621, 2.458481
10.51668, 1.377947, 1.533386, 2.456081
10.52787, 1.382263, 1.519221, 2.45359
10.53888, 1.389492, 1.503785, 2.451073
10.55001, 1.388006, 1.491495, 2.448506
10.56117, 1.467353, 1.484333, 2.445865
10.57241, 1.474952, 1.485816, 2.443146
10.58333, 1.451004, 1.485939, 2.440478
10.59446, 1.457393, 1.485305, 2.437824
10.60549, 1.482007, 1.486037, 2.43503
10.6167, 1.485912, 1.48586, 2.432138
10.62787, 1.515662, 1.48554, 2.429206
10.63884, 1.526156, 1.480264, 2.426292
10.64997, 1.505247, 1.479012, 2.423275
10.66125, 1.557301, 1.481411, 2.420157
10.67215, 1.564056, 1.483338, 2.417084
10.68338, 1.560945, 1.483429, 2.413865
10.69458, 1.541711, 1.482496, 2.410604
10.70556, 1.615847, 1.486212, 2.407342
10.71663, 1.612557, 1.491443, 2.404156
10.72812, 1.587289, 1.497155, 2.400654
10.73876, 1.581498, 1.507333, 2.397337
10.75297, 1.61368, 1.518903, 2.392901
10.76388, 1.755516, 1.537205, 2.389395
10.77225, 1.752969, 1.555453, 2.386707
10.7832, 1.758582, 1.570014, 2.383126
10.79444, 1.778968, 1.585215, 2.37945
10.80544, 1.615382, 1.593434, 2.375791
10.81657, 1.605479, 1.600838, 2.37203
10.82774, 1.719578, 1.612717, 2.368216
10.83876, 1.779634, 1.627403, 2.364511
10.8498, 1.843248, 1.643782, 2.360638
10.86099, 1.701384, 1.652543, 2.356689
10.87195, 1.718982, 1.66323, 2.352706
10.88328, 1.689835, 1.669857, 2.348598
10.89445, 1.810631, 1.682185, 2.344468
10.90619, 1.802405, 1.694258, 2.340098
10.91705, 1.79592, 1.706969, 2.336003
10.92824, 1.777605, 1.715057, 2.331742
10.93931, 1.773646, 1.723112, 2.327521
10.95039, 1.779218, 1.732708, 2.32326
10.96179, 1.747282, 1.740997, 2.318822
10.9727, 1.725205, 1.746573, 2.314507
10.98382, 1.953422, 1.756469, 2.310069
10.99499, 1.077722, 1.722706, 2.305552
11.00552, 1.486047, 1.709079, 2.301304
11.01661, 1.344747, 1.687368, 2.296762
11.02781, 1.037518, 1.658475, 2.292081
11.03907, 1.441906, 1.650296, 2.287339
11.04998, 1.670974, 1.647866, 2.282706
11.06093, 2.223437, 1.670056, 2.278036
11.20624, 1.353414, 1.645565, 2.211878
11.2174, 1.307469, 1.625869, 2.206531
11.22894, 3.565312, 1.718185, 2.200922
11.23958, 2.983509, 1.782869, 2.195678
11.24971, 2.087983, 1.796736, 2.190815
11.26111, 1.794993, 1.796366, 2.185198
11.27209, 2.128343, 1.812987, 2.179698
11.28305, 1.801444, 1.814179, 2.17422
11.29416, 1.344025, 1.792698, 2.168652
11.30647, 2.252603, 1.816367, 2.162427
11.31722, 1.744839, 1.816245, 2.156978
11.32861, 1.180403, 1.789005, 2.151289
11.33981, 1.832266, 1.782947, 2.145558
11.34989, 1.657585, 1.81194, 2.140301
11.36086, 1.768569, 1.826067, 2.134646
11.37204, 1.7144, 1.844549, 2.12886
11.38307, 1.455734, 1.86546, 2.123087
11.39425, 1.69517, 1.878124, 2.117259
11.40512, 1.354101, 1.86228, 2.11152
11.4161, 1.528232, 1.82752, 2.105572
11.4276, 1.520443, 1.835871, 2.099417
11.43868, 1.442457, 1.842621, 2.093445
11.44978, 1.37279, 1.732995, 2.087329
11.46074, 1.432918, 1.655465, 2.081362
11.47197, 1.309066, 1.616519, 2.075134
11.48319, 1.318286, 1.592684, 2.068951
11.49427, 1.373335, 1.554934, 2.062871
11.50542, 1.429385, 1.536331, 2.05659
11.51636, 1.39854, 1.539056, 2.050447
11.52746, 1.482914, 1.500572, 2.044248
11.53842, 1.476313, 1.487146, 2.038059
11.54957, 1.591511, 1.507701, 2.031777
11.56086, 1.636278, 1.497902, 2.02533
11.57191, 1.683541, 1.4992, 2.018993
11.58302, 1.608946, 1.491218, 2.012581
11.59415, 1.627214, 1.486859, 2.005999
11.60521, 1.659118, 1.497028, 1.999528
11.61637, 1.697196, 1.49713, 1.99269
11.62739, 1.677122, 1.513281, 1.98658
11.63857, 1.618996, 1.517819, 1.979942
11.64959, 1.626201, 1.523107, 1.973344
11.66073, 1.631925, 1.53258, 1.966675
11.67178, 1.600102, 1.543946, 1.960064
11.68296, 1.582178, 1.551409, 1.953348
11.69388, 1.54958, 1.563434, 1.946769
11.70519, 1.529319, 1.573986, 1.939872
11.71621, 1.562663, 1.583452, 1.933229
11.7274, 1.533022, 1.588634, 1.926162
11.73851, 1.546217, 1.596018, 1.919349
11.74955, 1.465402, 1.595143, 1.912638
11.76067, 1.466558, 1.594655, 1.905782
11.77176, 1.598152, 1.594987, 1.899004
11.78325, 1.58284, 1.592315, 1.89197
11.79396, 1.59624, 1.58795, 1.885415
11.80513, 1.607636, 1.587884, 1.878484
11.81614, 1.793234, 1.596185, 1.871735
11.82733, 1.821524, 1.604306, 1.864651
11.83852, 1.9152, 1.615206, 1.85762
11.84941, 1.996616, 1.63118, 1.850707
11.86061, 1.935829, 1.647022, 1.843578
11.87163, 1.954881, 1.663456, 1.836548
11.8828, 1.99792, 1.681756, 1.829459
11.89391, 1.92014, 1.697757, 1.822365
11.90492, 1.692332, 1.703265, 1.815332
11.91612, 1.576087, 1.704591, 1.808185
11.92718, 1.589399, 1.707595, 1.801078
11.93835, 1.552273, 1.707075, 1.793879
11.94934, 1.545673, 1.707707, 1.786723
11.96047, 1.540818, 1.707437, 1.779487
11.9717, 1.559683, 1.712152, 1.772269
11.98271, 1.429313, 1.710289, 1.765038
11.99393, 1.370397, 1.698902, 1.757614
12.00503, 1.297927, 1.684656, 1.750195
12.01603, 1.319706, 1.670829, 1.742966
12.02728, 1.307751, 1.655835, 1.73561
12.03831, 1.314309, 1.631889, 1.728316
12.04939, 1.316141, 1.606619, 1.721008
12.06054, 1.291952, 1.575457, 1.713634
12.07168, 1.833122, 1.567282, 1.706119
12.08278, 1.27616, 1.534299, 1.69871
12.09381, 1.285506, 1.50083, 1.691321
12.10492, 1.670621, 1.484465, 1.683877
12.11662, 1.55772, 1.466344, 1.676037
12.12719, 1.107401, 1.437098, 1.668984
12.13857, 1.472095, 1.431898, 1.661323
12.14942, 1.539048, 1.429381, 1.654016
12.16041, 0.7808921, 1.390812, 1.646604
12.17147, 0, 1.313528, 1.639121
12.18264, 0, 1.236487, 1.631555
12.27148, 0, 1.158503, 1.570618
12.28259, 0, 1.087037, 1.562974
12.29373, 0, 1.018517, 1.555373
12.30486, 1.832696, 1.045256, 1.547776
12.31597, 1.102286, 1.034385, 1.540167
12.32707, 1.671158, 1.052555, 1.532598
12.33833, 1.04776, 1.039228, 1.52502
12.34917, 2.162194, 1.08153, 1.517513
12.36034, 1.349021, 1.084384, 1.509832
12.37147, 0.8821939, 1.036837, 1.502036
12.38248, 0.9464834, 1.020354, 1.494416
12.39369, 1.014563, 1.006806, 1.486695
12.40483, 1.37845, 0.9921977, 1.479
12.4159, 1.210112, 0.9748173, 1.471366
12.427, 1.214762, 0.9801853, 1.463723
12.43814, 1.045528, 0.9588569, 1.456031
12.44926, 1.096748, 0.936742, 1.4483
12.46032, 1.072445, 0.9513197, 1.440643
12.47142, 1.078777, 1.005259, 1.433005
12.4825, 1.11909, 1.061213, 1.425368
12.49363, 1.137009, 1.118063, 1.41754
12.50469, 1.166024, 1.176365, 1.409953
12.51587, 1.153918, 1.234061, 1.402231
12.52702, 1.180422, 1.201447, 1.39455
12.53799, 1.192236, 1.205944, 1.386983
12.54903, 1.185958, 1.181684, 1.379404
12.56026, 1.158136, 1.187203, 1.371674
12.57137, 1.069726, 1.13258, 1.364029
12.58242, 0.9981905, 1.115038, 1.356421
12.59372, 0.9613004, 1.118993, 1.348689
12.60464, 0.999401, 1.121639, 1.341089
12.61577, 1.026786, 1.12225, 1.333428
12.62695, 1.035342, 1.105095, 1.325788
12.63806, 0.9971728, 1.094448, 1.318149
12.64907, 1.005669, 1.083993, 1.310507
12.66024, 1.003761, 1.081905, 1.302824
12.67137, 0.9979811, 1.076967, 1.295065
12.68249, 0.9847999, 1.072584, 1.287498
12.69359, 1.007102, 1.069001, 1.280019
12.7046, 0.9673481, 1.061414, 1.272439
12.71574, 0.9979966, 1.054463, 1.264811
12.72704, 0.9770393, 1.045014, 1.256929
12.73794, 0.9611679, 1.035376, 1.249476
12.74946, 0.9139931, 1.022055, 1.241599
12.76033, 0.9044701, 1.007667, 1.234263
12.77122, 0.9082713, 0.9937824, 1.226848
12.78233, 0.9074293, 0.9812471, 1.219411
12.79341, 0.9119358, 0.9733576, 1.211971
12.8047, 0.8950607, 0.9682012, 1.204325
12.81574, 0.8651394, 0.9633931, 1.196834
12.82682, 1.280822, 0.9774642, 1.189413
12.83783, 1.232538, 0.9877518, 1.181959
12.84903, 1.252509, 0.9986101, 1.174442
12.86019, 1.424949, 1.019999, 1.166917
12.87124, 1.339577, 1.036694, 1.1596
12.88231, 1.262913, 1.049652, 1.152134
12.89337, 1.193992, 1.059452, 1.144683
12.90473, 1.192597, 1.069842, 1.136962
12.91572, 1.205036, 1.079739, 1.129613
12.92678, 1.191911, 1.090967, 1.122322
12.93781, 1.222277, 1.102181, 1.11499
12.94896, 1.228436, 1.114751, 1.107525
12.96014, 1.229212, 1.128153, 1.100113
12.97127, 1.19461, 1.142184, 1.09275
12.98219, 1.174384, 1.155679, 1.085576
12.99345, 1.174709, 1.169001, 1.078165
13.00448, 1.173689, 1.182314, 1.070921
13.01564, 1.167776, 1.195106, 1.063601
13.0269, 1.152905, 1.207999, 1.055981
13.03781, 1.135381, 1.221511, 1.048856
13.04888, 1.072304, 1.211085, 1.041607
13.06021, 1.033347, 1.201125, 1.034235
13.071, 1.013024, 1.189151, 1.027257
13.08215, 1.005721, 1.168189, 1.020082
13.09327, 0.9967023, 1.151046, 1.012907
13.10446, 0.9680609, 1.136303, 1.005785
13.11561, 0.9690608, 1.125057, 0.9986236
13.12679, 0.9575766, 1.113306, 0.9913055
13.13792, 0.9359727, 1.099852, 0.9841915
13.14891, 0.9421192, 1.087363, 0.9771339
13.16003, 0.934745, 1.072986, 0.9700733
13.171, 0.942825, 1.058706, 0.9630808
13.18236, 0.9500718, 1.044749, 0.9559268
13.19331, 0.9167127, 1.030854, 0.9490392
13.20435, 0.9240697, 1.018338, 0.9420825
13.21559, 0.907575, 1.004982, 0.9350616
13.22662, 0.8952013, 0.9910571, 0.9281586
13.23787, 0.8950717, 0.9774219, 0.9211873
13.24888, 0.8542299, 0.9624881, 0.9144357
13.25993, 0.8623548, 0.9488367, 0.9076518
13.27101, 0.8479327, 0.9376181, 0.9008356
13.28216, 0.8445659, 0.9281791, 0.8940274
13.29331, 0.8445654, 0.9197563, 0.8873871
13.3045, 0.809826, 0.9099616, 0.8804595
13.31542, 0.7890663, 0.8995798, 0.8738841
13.32665, 0.8274373, 0.8925486, 0.8672205
13.33761, 0.8047852, 0.8843347, 0.8606796
13.34911, 0.8074178, 0.8768268, 0.8538802
13.35996, 0.7840293, 0.8692296, 0.8474572
13.37105, 0.9242732, 0.8683373, 0.8409618
13.38219, 0.8633448, 0.8647672, 0.834278
13.39322, 0.9491291, 0.8650824, 0.8279113
13.40439, 0.7136005, 0.8532588, 0.8215448
13.41541, 0.6673552, 0.8407909, 0.815165
13.4266, 0.6813204, 0.8286535, 0.8087116
13.43757, 0.781609, 0.8223551, 0.8022062
13.44888, 0.7351449, 0.8143523, 0.7957582
13.46004, 0.7437509, 0.8067864, 0.7893871
13.47097, 0.7573716, 0.8019435, 0.7833861
13.48208, 0.7628809, 0.7969698, 0.7769139
13.49312, 0.7672209, 0.7929342, 0.7706982
13.50437, 0.7755728, 0.7894846, 0.7644143
13.51537, 0.7779623, 0.7861544, 0.7582959
13.52658, 0.81146, 0.7862361, 0.7520713
13.53761, 0.7733797, 0.7854518, 0.7459863
13.54886, 0.7748003, 0.78282, 0.7397869
13.55992, 0.794924, 0.782327, 0.7337361
13.5709, 0.7696773, 0.78044, 0.7281721
13.58222, 0.774375, 0.7799573, 0.7221793
13.59287, 0.7612537, 0.7718063, 0.7164726
13.60422, 0.7605952, 0.7666687, 0.710443
13.61527, 0.7455321, 0.7564889, 0.7045734
13.6264, 0.7404994, 0.7578338, 0.6986935
13.6376, 0.7151246, 0.7602223, 0.6928033
13.64867, 0.6746035, 0.7598864, 0.6869667
13.6597, 0.7120665, 0.7564093, 0.6812574
13.67083, 0.6656307, 0.7529336, 0.6755244
13.6821, 0.6652475, 0.7490085, 0.6696851
13.69309, 0.6218066, 0.7422302, 0.6641114
13.70415, 0.6615747, 0.7371649, 0.6584164
13.71532, 0.6497839, 0.7312931, 0.6528006
13.72645, 0.5969216, 0.7223605, 0.647225
13.73749, 0.5822542, 0.7125751, 0.6417517
13.74861, 0.5825172, 0.701128, 0.6362762
13.75988, 0.5845583, 0.691687, 0.6307818
13.77074, 0.5874337, 0.6823186, 0.6255242
13.78205, 0.6014143, 0.6726432, 0.6201386
13.79298, 0.6161277, 0.6649657, 0.6149286
13.80421, 0.6249992, 0.6574969, 0.6094379
13.81801, 0.6171627, 0.6502924, 0.6029328
13.8264, 0.6249669, 0.6435109, 0.599229
13.83732, 0.6133022, 0.6368995, 0.5941682
13.8488, 0.6155288, 0.6306509, 0.5887702
13.85982, 0.6121694, 0.6255032, 0.5837357
13.87077, 0.6082007, 0.622183, 0.5787748
13.88195, 0.584782, 0.6158188, 0.5737577
13.89315, 0.5783275, 0.6114537, 0.5687824
13.90439, 0.562274, 0.6063049, 0.5638592
13.91538, 0.5611308, 0.6032711, 0.5590737
13.92653, 0.551801, 0.5977824, 0.5542682
13.93747, 0.5340356, 0.591995, 0.5495961
13.94861, 0.5376668, 0.5890323, 0.5448894
13.95972, 0.5358694, 0.586713, 0.5402468
13.97083, 0.5327424, 0.5842243, 0.5356165
13.982, 0.5299859, 0.5814956, 0.5310007
13.99302, 0.5311718, 0.5786825, 0.526536
14.00402, 0.5120366, 0.5742136, 0.5221052
14.01515, 0.506014, 0.5687079, 0.5176676
14.02633, 0.507079, 0.562812, 0.513253
14.03742, 0.5049801, 0.5572028, 0.5089232
14.0486, 0.507636, 0.5513363, 0.5046695
14.05949, 0.5054039, 0.5459414, 0.500546
14.07068, 0.5088167, 0.5406057, 0.4962433
14.08193, 0.5094382, 0.5354692, 0.4920355
14.09279, 0.5158842, 0.5308534, 0.4880046
14.10397, 0.4959404, 0.5264113, 0.4838976
14.11505, 0.4935101, 0.5221704, 0.4798797
14.12628, 0.4946479, 0.5187892, 0.4759286
14.13733, 0.5052258, 0.515994, 0.4717532
14.1485, 0.5024794, 0.5135279, 0.4677714
14.15956, 0.5067585, 0.512164, 0.4639186
14.17057, 0.5070183, 0.5106316, 0.4601327
14.18189, 0.5005611, 0.5088661, 0.4563644
14.19281, 0.493532, 0.5069056, 0.4526972
14.20386, 0.4874885, 0.5047808, 0.448994
14.21505, 0.4814789, 0.5022961, 0.4453265
14.22613, 0.4805716, 0.5007229, 0.4417534
14.23742, 0.4776489, 0.4993046, 0.4381473
14.24846, 0.4753389, 0.4977176, 0.4346732
14.25945, 0.4673605, 0.4958366, 0.4312191
14.27055, 0.4766454, 0.4942871, 0.4278414
14.28187, 0.479984, 0.4930162, 0.4244636
14.29272, 0.4845472, 0.4918027, 0.4212296
14.30399, 0.4627964, 0.4894706, 0.4179216
14.31499, 0.4542901, 0.4863909, 0.4147351
14.32621, 0.4541661, 0.4843022, 0.4114809
14.33721, 0.4553606, 0.4823947, 0.4083802
14.34824, 0.4516023, 0.4802424, 0.4054026
14.35944, 0.4482973, 0.477396, 0.4023328
14.37057, 0.4458641, 0.4745652, 0.3993675
14.38167, 0.4570299, 0.4720787, 0.3965252
14.3927, 0.4424955, 0.4688526, 0.3936725
14.40378, 0.4083219, 0.4642406, 0.3907205
14.41499, 0.3847414, 0.4588011, 0.3879066
14.42608, 0.3576446, 0.452309, 0.3852063
14.4371, 0.3162529, 0.4440476, 0.382575
14.44826, 0.3304628, 0.4365422, 0.3799231
14.45947, 0.3201668, 0.4286681, 0.377404
14.47064, 0.3089084, 0.4203466, 0.3748775
14.4817, 0.3130548, 0.4126313, 0.3725569
14.49266, 0.3123231, 0.4044152, 0.3701888
14.50371, 0.3172207, 0.396277, 0.3678233
14.51501, 0.3158847, 0.3878439, 0.3655042
14.52601, 0.3142557, 0.3804169, 0.3632953
14.53706, 0.3095486, 0.3731798, 0.3611496
14.54824, 0.307503, 0.3658467, 0.3589962
14.55934, 0.3073027, 0.3584438, 0.3570269
14.57049, 0.3089921, 0.3513132, 0.3548738
14.58158, 0.3098422, 0.3443905, 0.3528131
14.5926, 0.3098125, 0.3375879, 0.350877
14.60368, 0.3041894, 0.3299459, 0.3489199
14.61492, 0.3070667, 0.3231744, 0.3470631
14.62598, 0.3084236, 0.3181795, 0.3453864
14.63713, 0.3134476, 0.3146148, 0.3437538
14.6482, 0.3251962, 0.3129924, 0.3421187
14.65929, 0.3449397, 0.3144267, 0.3405381
14.67039, 0.3330181, 0.3145545, 0.339002
14.68161, 0.3265391, 0.3148732, 0.3374475
14.69253, 0.3283617, 0.3158458, 0.3360131
14.70366, 0.3187456, 0.3161303, 0.3346302
14.71482, 0.3140583, 0.3162171, 0.3332699
14.72593, 0.3200944, 0.3163608, 0.3319572
14.73697, 0.3166567, 0.3163994, 0.3307571
14.74822, 0.3165937, 0.3165163, 0.3295622
14.75928, 0.3172496, 0.3169013, 0.3284113
14.77034, 0.3161119, 0.3173318, 0.3273316
14.78144, 0.3143782, 0.3176856, 0.3262995
14.79258, 0.3163423, 0.3180531, 0.3253236
14.80366, 0.3109355, 0.3181078, 0.3243544
14.81482, 0.3080688, 0.3180206, 0.32346
14.82592, 0.3298294, 0.3193026, 0.3226735
14.83696, 0.2959207, 0.3187453, 0.3217451
14.84811, 0.2904448, 0.3178464, 0.3209906
14.85918, 0.294025, 0.3168752, 0.3203784
14.87047, 0.2832918, 0.31478, 0.319683
14.88139, 0.2930864, 0.3121873, 0.3192315
14.89254, 0.2943538, 0.3102542, 0.3186851
14.90415, 0.287589, 0.3083066, 0.3181273
14.91487, 0.2891676, 0.306347, 0.3176928
14.92579, 0.2877018, 0.3047947, 0.3172081
14.93686, 0.2883486, 0.3035093, 0.317313
14.94811, 0.2874968, 0.3018794, 0.3170135
14.95932, 0.289136, 0.3005033, 0.316786
14.97022, 0.287158, 0.2990316, 0.3165966
14.98133, 0.2851284, 0.2974255, 0.316442
14.9924, 0.2872291, 0.2959813, 0.3163541
15.00353, 0.2906348, 0.2947942, 0.3163806
15.01476, 0.2881145, 0.2933828, 0.3163902
15.02573, 0.289627, 0.2923174, 0.3166144
15.03687, 0.2980077, 0.2918143, 0.3167644
15.04812, 0.2976789, 0.2902068, 0.3169118
15.05912, 0.2902873, 0.2899251, 0.3171275
15.07023, 0.2987324, 0.2903395, 0.3173428
15.08163, 0.2980478, 0.2905406, 0.317664
15.09239, 0.2976423, 0.2912582, 0.3180376
15.10348, 0.2974261, 0.2914751, 0.3184385
15.11469, 0.2976015, 0.2916375, 0.3189361
15.12573, 0.2923597, 0.291876, 0.3194952
15.13678, 0.288451, 0.2918402, 0.3200925
15.14796, 0.2852273, 0.2917165, 0.3207142
15.15903, 0.2829939, 0.2914488, 0.3214123
15.17016, 0.2853642, 0.2913421, 0.3221464
15.18136, 0.2861202, 0.2911913, 0.3229808
15.19241, 0.2865908, 0.291163, 0.3238625
15.20347, 0.2853742, 0.2911753, 0.3248239
15.21462, 0.2846727, 0.2910475, 0.3258086
15.22562, 0.2886295, 0.2909472, 0.3268803
15.23701, 0.3041452, 0.2917487, 0.3279485
15.24799, 0.2802574, 0.2912802, 0.3290675
15.25916, 0.2966383, 0.2912118, 0.3304476
15.2701, 0.3729541, 0.2949756, 0.3317271
15.28123, 0.3108292, 0.2960027, 0.3330827
15.29231, 0.3008685, 0.2961095, 0.3344689
15.30346, 0.3099557, 0.2967049, 0.3357731
15.31454, 0.3113536, 0.2973904, 0.3372619
15.32564, 0.3018478, 0.2976115, 0.3388447
15.33685, 0.3031916, 0.2978911, 0.3405055
15.34791, 0.2967337, 0.2981097, 0.3421655
15.35903, 0.2940105, 0.2983877, 0.3439038
15.37001, 0.2913156, 0.2986921, 0.3455507
15.38144, 0.2959103, 0.299338, 0.3474355
15.39237, 0.2992332, 0.3000314, 0.349278
15.40338, 0.2951863, 0.3004847, 0.3511461
15.41466, 0.3006808, 0.3011892, 0.3531398
15.42557, 0.2947805, 0.3016595, 0.3550487
15.43663, 0.3123242, 0.3030421, 0.3570957
15.44799, 0.3095138, 0.3040863, 0.3592532
15.45891, 0.3042774, 0.3040929, 0.361348
15.46998, 0.3040104, 0.3052806, 0.3635529
15.48107, 0.305622, 0.3057297, 0.3657238
15.49224, 0.3097996, 0.302572, 0.3680006
15.50332, 0.3125913, 0.3026601, 0.3702991
15.5144, 0.3059521, 0.3029143, 0.3726483
15.52548, 0.3031571, 0.3025744, 0.3750881
15.53665, 0.3051011, 0.3022618, 0.3775901
15.54785, 0.3104029, 0.3026895, 0.3802213
15.55888, 0.3113792, 0.3030989, 0.3827505
15.57005, 0.4000648, 0.3082654, 0.3854165
15.58118, 0.3721848, 0.3121741, 0.3880677
15.5921, 0.3640963, 0.3158132, 0.3907568
15.60325, 0.3538885, 0.3187121, 0.3935606
15.61443, 0.3531339, 0.3214071, 0.3963657
15.62551, 0.3501278, 0.3241542, 0.3992568
15.63655, 0.3619981, 0.3272201, 0.4021899
15.64796, 0.3595128, 0.3304567, 0.4053398
15.65879, 0.3626868, 0.3329748, 0.4083225
15.66989, 0.3560071, 0.3352994, 0.4113731
15.68114, 0.3610225, 0.3381367, 0.4145976
15.69214, 0.3636642, 0.3411194, 0.4177742
15.70324, 0.3626142, 0.343969, 0.4210954
15.71428, 0.3736399, 0.347161, 0.4241689
15.72541, 0.3771603, 0.3503894, 0.4275447
15.73667, 0.388819, 0.3545328, 0.4310057
15.74767, 0.3876154, 0.3587557, 0.4344983
15.7588, 0.3853294, 0.3627671, 0.4380349
15.76987, 0.3896453, 0.3667292, 0.4416085
15.78097, 0.4002058, 0.3711705, 0.4451545
15.79214, 0.4016824, 0.3712514, 0.4488526
15.80317, 0.4101119, 0.3731478, 0.4525705
15.81423, 0.4141404, 0.37565, 0.4563773
15.8278, 0.419177, 0.3789144, 0.4611043
15.83652, 0.4164092, 0.3820781, 0.4642263
15.84751, 0.4234071, 0.3857421, 0.4680743
15.85883, 0.421263, 0.3887054, 0.472124
15.86978, 0.4387622, 0.3926678, 0.4760594
15.88096, 0.4340991, 0.3962384, 0.4800682
15.89201, 0.4388011, 0.4003781, 0.4841267
15.90321, 0.4359336, 0.4041237, 0.4882726
15.91423, 0.4399941, 0.4079401, 0.4924632
15.92551, 0.4483528, 0.4122271, 0.4966587
15.93645, 0.4603413, 0.4165621, 0.5008508
15.94755, 0.4675019, 0.4210792, 0.5052286
15.95864, 0.4562937, 0.424453, 0.5095543
15.96983, 0.4819925, 0.4291719, 0.5139681
15.98087, 0.4795423, 0.4338825, 0.5182324
15.99205, 0.4836123, 0.4385808, 0.5227139
16.00305, 0.4886268, 0.4430019, 0.5271804
16.01415, 0.4892825, 0.4473819, 0.5317585
16.02531, 0.497666, 0.4517596, 0.5363871
16.0364, 0.5033931, 0.4562222, 0.541098
16.04753, 0.4890146, 0.4597141, 0.5458205
16.05858, 0.5086592, 0.4643266, 0.5505486
16.06971, 0.5439754, 0.470355, 0.5553656
16.08085, 0.5264093, 0.4756123, 0.5602173
16.09196, 0.5086389, 0.4791061, 0.5650941
16.10299, 0.502586, 0.4825305, 0.5699908
16.11412, 0.5231102, 0.486746, 0.5750308
16.12533, 0.5123802, 0.4905683, 0.5801104
16.13646, 0.5081733, 0.4939773, 0.5851894
16.14742, 0.4977486, 0.4964471, 0.5901703
16.15857, 0.497003, 0.4982801, 0.5952629
16.16972, 0.5074531, 0.5002777, 0.6004434
16.1809, 0.5150424, 0.5032151, 0.605805
16.19196, 0.51631, 0.504931, 0.6110235
16.203, 0.520483, 0.506978, 0.6162631
16.21404, 0.5322679, 0.5094107, 0.6215715
16.22516, 0.5349474, 0.5117268, 0.627022
16.23662, 0.5281698, 0.5136712, 0.6326505
16.24737, 0.5329047, 0.5154331, 0.6379907
16.25854, 0.5366155, 0.5170942, 0.6434112
16.26963, 0.5384916, 0.519568, 0.6489016
16.28071, 0.5350183, 0.5208859, 0.6545191
16.29179, 0.5443295, 0.5209037, 0.66011
16.30291, 0.5520365, 0.522185, 0.665644
16.31405, 0.553362, 0.5244212, 0.6713034
16.32522, 0.5687304, 0.5277284, 0.6769766
16.33626, 0.5654167, 0.5298437, 0.6825252
16.34747, 0.5728034, 0.5328648, 0.6881804
16.35848, 0.5517086, 0.5350416, 0.6939079
16.36958, 0.552398, 0.537774, 0.6996473
16.38067, 0.5460374, 0.5402258, 0.7054325
16.39178, 0.5473626, 0.5422212, 0.7111662
16.40332, 0.5442784, 0.5436831, 0.7172745
16.4144, 0.5394546, 0.5448403, 0.7231778
16.42562, 0.5352846, 0.5455804, 0.7290639
16.43667, 0.5298558, 0.5454598, 0.7349677
16.44789, 0.5248104, 0.544953, 0.741026
16.45905, 0.5552954, 0.5463092, 0.7470189
16.47014, 0.5609717, 0.5477126, 0.7530804
16.48125, 0.5555695, 0.5486603, 0.7591978
16.4924, 0.5886037, 0.5511659, 0.7653663
16.50285, 0.6116791, 0.554999, 0.7711163
16.51399, 0.6055986, 0.5580624, 0.7773647
16.52527, 0.6090118, 0.5609112, 0.7837104
16.53637, 0.6082341, 0.5636548, 0.7899978
16.54733, 0.6198859, 0.5662126, 0.796105
16.55868, 0.6320438, 0.569544, 0.8025004
16.56992, 0.6493905, 0.5733733, 0.8089461
16.58059, 0.637967, 0.5776863, 0.8150933
16.59177, 0.6364678, 0.5818897, 0.8216168
16.60284, 0.6704941, 0.5881126, 0.8280879
16.61402, 0.6691876, 0.5942038, 0.8346381
16.62504, 0.6835601, 0.601168, 0.8410525
16.63622, 0.6809582, 0.6082431, 0.8476542
16.6476, 0.6902442, 0.6159911, 0.8543239
16.65932, 0.6911637, 0.6240565, 0.8613262
16.67007, 0.7071595, 0.6331739, 0.8677532
16.68118, 0.7029456, 0.6405565, 0.8744072
16.69232, 0.6962905, 0.6473224, 0.8810379
16.70302, 0.7033776, 0.6547128, 0.8875073
16.71387, 0.7099376, 0.6607795, 0.8940661
16.72509, 0.7051573, 0.6654534, 0.9009479
16.73608, 0.7163697, 0.670992, 0.9075925
16.74747, 0.7221144, 0.6766471, 0.9145519
16.7589, 0.7294219, 0.6827065, 0.9215374
16.77119, 0.7563457, 0.6895294, 0.9291707
16.7811, 0.7551382, 0.6956841, 0.935307
16.79249, 0.7665272, 0.701541, 0.942397
16.80377, 0.781655, 0.7087254, 0.9494228
16.81464, 0.7955176, 0.7166779, 0.9562915
16.82587, 0.7636499, 0.7213357, 0.9634317
16.83669, 0.7977215, 0.7277624, 0.9703045
16.84776, 0.8354583, 0.7353573, 0.977187
16.85913, 0.8354583, 0.7430823, 0.9843953
16.87044, 0.8184361, 0.7494919, 0.9915584
16.8818, 0.8271622, 0.7562917, 0.9987289
16.89247, 0.8210609, 0.7619869, 1.005618
16.90288, 0.761043, 0.7648917, 1.012263
16.91385, 0.7435297, 0.7672537, 1.019381
16.92495, 0.7431766, 0.7692437, 1.026521
16.93599, 0.7167953, 0.7695866, 1.03361
16.94748, 0.7176497, 0.7702112, 1.041053
16.95944, 0.7284897, 0.7708172, 1.048837
16.9704, 0.7145242, 0.7704376, 1.056067
16.98119, 0.6936178, 0.7686475, 1.063114
16.99296, 0.6896687, 0.7653136, 1.07086
17.00356, 0.6827939, 0.7616964, 1.077683
17.01453, 0.7067501, 0.7587075, 1.084927
17.02583, 0.7079493, 0.7550222, 1.092306
17.03708, 0.7161345, 0.7510531, 1.099795
17.04766, 0.721779, 0.7489595, 1.106833
17.05821, 0.7431393, 0.7462304, 1.113752
17.06936, 0.7452623, 0.7417206, 1.12116
17.08048, 0.7440056, 0.7371479, 1.128589
17.09153, 0.7510767, 0.7337799, 1.135971
17.10383, 0.8537864, 0.7351111, 1.144181
17.11479, 1.034773, 0.7457967, 1.151541
17.12565, 0.787001, 0.7470946, 1.158713
17.137, 0.7023937, 0.7450379, 1.166328
17.14744, 0.8200984, 0.748884, 1.173248
17.15802, 0.7540111, 0.7507448, 1.180357
17.30248, 1.287355, 0.77923, 1.278256
17.31347, 0.7737824, 0.7814947, 1.285801
17.32476, 0.8842176, 0.7899793, 1.293676
17.33583, 0.9457383, 0.8025854, 1.30129
17.347, 0.7972089, 0.8079624, 1.309005
17.3581, 0.8746545, 0.8175554, 1.316644
17.36918, 0.9762152, 0.8310286, 1.324093
17.38026, 1.061238, 0.8486932, 1.331702
17.39134, 0.9980466, 0.8627888, 1.339344
17.40252, 0.9081791, 0.8721088, 1.347111
17.41357, 0.9231187, 0.8811077, 1.354652
17.42469, 0.9779193, 0.8927405, 1.362399
17.4358, 0.6561821, 0.8883494, 1.370087
17.44698, 0.7036455, 0.8859777, 1.377919
17.45901, 0.9027223, 0.8884245, 1.386217
17.4698, 0.7649799, 0.8749349, 1.393702
17.48079, 0.787222, 0.8749459, 1.401352
17.49204, 0.8064702, 0.8801497, 1.409141
17.50239, 0.8324667, 0.8807681, 1.416358
17.5135, 0.8666443, 0.8863997, 1.424025
17.52481, 0.8457006, 0.8643171, 1.431717
17.53584, 0.8858978, 0.8699228, 1.439427
17.54689, 0.9225857, 0.8718413, 1.447223
17.5586, 0.9132777, 0.8702183, 1.455431
17.57, 0.9653388, 0.8786248, 1.463395
17.58091, 1.009181, 0.8853511, 1.470985
17.59194, 1.015501, 0.8873154, 1.478701
17.60237, 1.113956, 0.8899513, 1.485992
17.61365, 1.119052, 0.8960015, 1.493923
17.62477, 1.142607, 0.9077229, 1.501687
17.63572, 1.078839, 0.9155089, 1.509242
17.64719, 1.069851, 0.9201056, 1.517246
17.65867, 1.054024, 0.9399977, 1.525194
17.66968, 1.038466, 0.9567387, 1.532832
17.68059, 1.073433, 0.9652742, 1.540532
17.69196, 1.09084, 0.9815672, 1.548332
17.70257, 1.064815, 0.9954469, 1.555704
17.71347, 1.11168, 1.010707, 1.563236
17.72461, 1.117764, 1.024972, 1.571056
17.7356, 1.114354, 1.037358, 1.57863
17.74677, 1.126903, 1.051418, 1.586321
17.75881, 1.125916, 1.063419, 1.594546
17.76982, 1.159364, 1.075258, 1.60196
17.78066, 1.173208, 1.088254, 1.6093
17.79202, 1.171679, 1.098571, 1.617002
17.80291, 1.277317, 1.111978, 1.624359
17.81455, 1.12287, 1.117346, 1.632196
17.8251, 1.198039, 1.12155, 1.639229
17.8368, 1.173831, 1.12429, 1.64707
17.84747, 1.146293, 1.124474, 1.654238
17.85873, 1.15307, 1.128186, 1.66174
17.86985, 1.08743, 1.129064, 1.669095
17.88094, 1.103061, 1.131516, 1.676389
17.89196, 1.092508, 1.134218, 1.683566
17.90234, 1.036251, 1.132359, 1.690362
17.9135, 1.060275, 1.130831, 1.697709
17.92456, 1.049912, 1.130086, 1.704969
17.93563, 1.050783, 1.127041, 1.712213
17.94724, 1.02969, 1.122638, 1.719929
17.95911, 1.031782, 1.118509, 1.727752
17.96995, 1.093043, 1.116816, 1.734766
17.98118, 1.091799, 1.11511, 1.742075
17.99203, 1.128835, 1.113584, 1.749151
18.00231, 1.098258, 1.109836, 1.755813
18.01351, 1.111402, 1.106822, 1.762968
18.02453, 1.119002, 1.098907, 1.770127
18.03571, 1.11946, 1.098736, 1.777279
18.04735, 1.104693, 1.094069, 1.784775
18.05871, 1.104609, 1.090608, 1.792118
18.06972, 1.144903, 1.090538, 1.799124
18.08083, 1.209548, 1.093362, 1.806278
18.09184, 1.167648, 1.097373, 1.813354
18.10229, 1.469432, 1.115691, 1.820055
18.11349, 1.461201, 1.134126, 1.827253
18.1244, 1.40703, 1.152665, 1.834344
18.13572, 1.417387, 1.17052, 1.841447
18.14708, 1.4042, 1.188235, 1.848732
18.15867, 1.367086, 1.20405, 1.856121
18.16969, 1.295873, 1.217359, 1.86315
18.18098, 1.298146, 1.230677, 1.870276
18.19184, 1.305658, 1.241308, 1.877218
18.20207, 1.280141, 1.250725, 1.883644
18.21318, 1.280551, 1.258311, 1.890569
18.22435, 1.293172, 1.268057, 1.897578
18.23578, 1.294777, 1.277225, 1.904718
18.24697, 1.290857, 1.285818, 1.911685
18.25835, 1.276478, 1.293669, 1.91891
18.26956, 1.26074, 1.301471, 1.925831
18.28051, 1.285288, 1.310505, 1.932638
18.2917, 1.254376, 1.315979, 1.939528
18.30189, 1.24642, 1.317823, 1.945778
18.31322, 1.256804, 1.322281, 1.952671
18.32442, 1.275571, 1.312587, 1.959543
18.3354, 1.286822, 1.303869, 1.966101
18.34664, 1.239662, 1.2955, 1.972862
18.35824, 1.25436, 1.287349, 1.979843
18.36922, 1.236736, 1.278976, 1.986401
18.38036, 1.233635, 1.272303, 1.992989
18.39141, 1.249024, 1.269961, 1.999617
18.40288, 1.284512, 1.269279, 2.006356
18.41383, 1.305015, 1.269247, 2.012679
18.42513, 1.463678, 1.278424, 2.019436
18.43616, 1.618682, 1.29533, 2.025984
18.44752, 1.568516, 1.309097, 2.032688
18.45847, 1.561231, 1.32242, 2.039151
18.4698, 1.532248, 1.33449, 2.045787
18.48052, 1.494019, 1.345367, 2.052078
18.49197, 1.568127, 1.360736, 2.058763
18.50192, 1.545462, 1.373745, 2.064583
18.51311, 1.477799, 1.384916, 2.071167
18.52462, 1.524519, 1.398821, 2.07788
18.53521, 1.454319, 1.408697, 2.084054
18.54666, 1.417023, 1.415769, 2.090582
18.55845, 1.41193, 1.422024, 2.097289
18.56975, 1.380402, 1.429062, 2.103659
18.58078, 1.291847, 1.430936, 2.109751
18.59171, 1.270845, 1.432641, 2.115917
18.60206, 1.324148, 1.437167, 2.121614
18.61308, 1.314401, 1.440436, 2.127795
18.62429, 1.267636, 1.439592, 2.133902
18.63496, 1.228942, 1.435788, 2.139729
18.64666, 1.297846, 1.427497, 2.146077
18.65852, 1.287918, 1.410959, 2.152169
18.66944, 1.302867, 1.397676, 2.158028
18.68074, 1.356052, 1.387417, 2.163943
18.69165, 1.385611, 1.380085, 2.16965
18.70222, 1.350408, 1.372905, 2.17509
18.71305, 1.351742, 1.362086, 2.180655
18.72413, 1.26501, 1.348063, 2.186198
18.7352, 1.271229, 1.337734, 2.191748
18.74664, 1.272802, 1.325149, 2.197469
18.75832, 1.22872, 1.313869, 2.203201
18.7694, 1.309144, 1.308475, 2.208602
18.78054, 1.307832, 1.30327, 2.213987
18.79147, 1.187201, 1.29361, 2.219122
18.80218, 1.199793, 1.289007, 2.224289
18.81318, 1.195462, 1.285238, 2.229345
18.8241, 1.161284, 1.277095, 2.234563
18.83514, 1.259449, 1.274347, 2.23966
18.84635, 1.224522, 1.272191, 2.244737
18.8583, 1.321124, 1.2768, 2.250092
18.86947, 1.278979, 1.275857, 2.255076
18.8805, 1.219179, 1.27242, 2.259944
18.89154, 1.276464, 1.2711, 2.264802
18.9028, 1.278938, 1.267244, 2.269741
18.91374, 1.271981, 1.261563, 2.274324
18.9251, 1.330259, 1.260555, 2.279088
18.93613, 1.356346, 1.260785, 2.283729
18.9495, 1.361185, 1.265594, 2.289263
18.95758, 1.275455, 1.265805, 2.292541
18.96859, 1.272197, 1.265775, 2.296982
18.97979, 1.26715, 1.267697, 2.301499
18.99069, 1.305968, 1.267538, 2.305809
19.00272, 1.302648, 1.267279, 2.310567
19.01364, 1.302584, 1.273048, 2.314759
19.0248, 1.308992, 1.278508, 2.319079
19.03602, 1.336178, 1.285544, 2.323385
19.04661, 1.299874, 1.292473, 2.327344
19.05724, 1.310302, 1.295016, 2.331269
19.06846, 1.306488, 1.299114, 2.33547
19.07946, 1.322753, 1.299196, 2.339551
19.09069, 1.345312, 1.302512, 2.343666
19.10331, 1.375977, 1.310352, 2.34827
19.11408, 1.282106, 1.310634, 2.352037
19.1248, 1.334311, 1.313403, 2.355868
19.1362, 1.371076, 1.318358, 2.359879
19.14651, 1.336503, 1.31867, 2.363524
19.15719, 1.346671, 1.318186, 2.367352
19.1685, 1.378464, 1.31905, 2.371241
19.17949, 1.351541, 1.322854, 2.375028
19.19081, 1.328215, 1.325655, 2.378842
19.20171, 1.32199, 1.328397, 2.382317
19.2128, 1.309215, 1.32856, 2.385977
19.22396, 1.295303, 1.328192, 2.389691
19.23514, 1.287719, 1.327449, 2.393273
19.24616, 1.609151, 1.342457, 2.39672
19.25717, 1.598694, 1.355583, 2.400165
19.26832, 1.591761, 1.370177, 2.403607
19.2794, 1.582198, 1.383772, 2.407048
19.29052, 1.570374, 1.396966, 2.410403
19.30173, 1.558669, 1.408762, 2.413678
19.3127, 1.568587, 1.419926, 2.416993
19.32384, 1.551356, 1.428695, 2.42028
19.33493, 1.375831, 1.433381, 2.423436
19.3461, 1.421607, 1.437746, 2.426556
19.35711, 1.477595, 1.443072, 2.429618
19.36837, 1.498393, 1.451166, 2.432714
19.37935, 1.525577, 1.460112, 2.435596
19.39054, 1.566073, 1.469492, 2.438573
19.40171, 1.653069, 1.484568, 2.441469
19.41274, 1.643542, 1.500335, 2.444267
19.42381, 1.611452, 1.514808, 2.447038
19.43501, 1.628622, 1.530778, 2.449766
19.44616, 1.628013, 1.547414, 2.452464
19.4572, 1.670521, 1.566554, 2.455147
19.46855, 1.705751, 1.571384, 2.457769
19.47931, 1.777639, 1.580331, 2.460198
19.49049, 1.772707, 1.589378, 2.462657
19.50173, 1.755215, 1.598029, 2.465097
19.5127, 1.801714, 1.609596, 2.467402
19.5237, 1.847715, 1.624049, 2.469642
19.53485, 1.847773, 1.638008, 2.471731
19.54619, 1.77668, 1.649274, 2.473938
19.55714, 1.845123, 1.672739, 2.476123
19.56825, 1.840733, 1.693695, 2.478203
19.57934, 1.840807, 1.711855, 2.480158
19.59045, 1.82812, 1.728342, 2.482058
19.60179, 1.833372, 1.743731, 2.48401
19.61263, 1.710323, 1.750944, 2.485797
19.62367, 1.711044, 1.753843, 2.487672
19.63491, 1.870503, 1.76519, 2.489376
19.64594, 1.671374, 1.768187, 2.491108
19.65689, 1.66869, 1.77019, 2.492772
19.66804, 1.708957, 1.774237, 2.494216
19.67912, 1.702383, 1.775831, 2.495727
19.69034, 1.768247, 1.778955, 2.497208
19.70152, 1.713774, 1.775762, 2.498557
19.71257, 1.713959, 1.772825, 2.499889
19.72354, 1.71373, 1.770751, 2.501249
19.73479, 1.762496, 1.76879, 2.502542
19.74589, 1.781301, 1.765469, 2.503743
19.75678, 1.774336, 1.761797, 2.504814
19.76812, 1.846156, 1.765271, 2.505942
19.77917, 1.837623, 1.764896, 2.506931
19.7903, 1.836795, 1.764699, 2.508028
19.80137, 1.914447, 1.768381, 2.508916
19.8125, 2.039874, 1.778969, 2.509786
19.82367, 2.032743, 1.788938, 2.510624
19.83464, 2.033667, 1.805105, 2.511386
19.84585, 1.834314, 1.811268, 2.512028
19.85696, 1.842728, 1.80988, 2.512654
19.86808, 1.734326, 1.813027, 2.513267
19.87918, 1.68639, 1.813912, 2.513844
19.89024, 1.686414, 1.812785, 2.514433
19.90181, 1.833663, 1.819349, 2.514904
19.91245, 1.824408, 1.822157, 2.515306
19.9236, 1.796381, 1.826287, 2.515803
19.93462, 1.64123, 1.822651, 2.5162
19.94579, 1.641858, 1.819057, 2.516503
19.95686, 1.644602, 1.813162, 2.516785
19.96805, 1.679492, 1.808072, 2.517051
19.98189, 1.681661, 1.803438, 2.517181
19.99019, 1.681639, 1.795212, 2.517236
20.00131, 1.701069, 1.788385, 2.517289
