9.282147, True, 0, 6.094966
9.3047, True, 0, 7.334219
9.316098, True, 0, 6.698827
9.326591, True, 0, 7.704031
9.337555, True, 0, 9.16231
9.572511, True, 0, 4.694048
9.58398, True, 0, 2.584512
9.59592, True, 0, 2.923429
9.607269, True, 0, 2.766766
9.618597, True, 0, 2.318318
9.629999, True, 0, 3.314915
9.641562, True, 0, 2.541895
9.653085, True, 0, 2.246222
9.66509, True, 0, 2.234423
9.676828, True, 0, 2.451861
9.689215, True, 0, 1.722071
9.699992, True, 0, 1.935663
9.712097, True, 0, 1.952049
9.722465, True, 0, 1.840596
9.732941, True, 0, 1.889351
9.744277, True, 0, 1.915063
9.760797, True, 0, 2.229698
9.771415, True, 0, 2.048304
9.782216, True, 0, 2.095864
9.794506, True, 0, 2.139289
9.805416, True, 0, 2.934552
9.81618, True, 0, 2.977522
9.829146, True, 0, 3.054493
9.839259, True, 0, 3.484654
9.848774, True, 0, 3.06495
9.860608, True, 0, 2.866966
9.873525, True, 0, 2.563952
9.88533, True, 0, 2.684176
9.896855, True, 0, 2.625088
9.907154, True, 0, 2.658044
9.916744, True, 0, 2.597768
9.92847, True, 0, 2.695851
9.93868, True, 0, 2.642997
9.952198, True, 0, 4.068806
9.964696, True, 0, 4.08002
9.975073, True, 0, 4.110688
9.987536, True, 0, 4.005039
9.998367, True, 0, 3.240895
10.01019, True, 0, 3.854766
10.02106, True, 0, 4.240704
10.03308, True, 0, 2.401499
10.0444, True, 0, 2.726786
10.05598, True, 0, 2.572124
10.06774, True, 0, 2.232887
10.07915, True, 0, 2.179381
10.08997, True, 0, 2.199584
10.10187, True, 0, 2.228352
10.11335, True, 0, 2.267396
10.12527, True, 0, 2.364522
10.13742, True, 0, 2.542439
10.19275, True, 0, 2.62601
10.20401, True, 0, 2.782953
10.21547, True, 0, 3.317043
10.22802, True, 0, 2.041267
10.23915, True, 0, 2.215735
10.25062, True, 0, 3.327272
10.2617, True, 0, 4.523889
10.2729, True, 0, 3.527004
10.28376, True, 0, 4.614733
10.29566, True, 0, 4.509588
10.30591, True, 0, 4.494827
10.31839, True, 0, 3.842203
10.3294, True, 0, 4.121707
10.3396, True, 0, 3.941307
10.35069, True, 0, 4.125017
10.36159, True, 0, 4.524858
10.3727, True, 0, 4.414606
10.38328, True, 0, 4.277886
10.39482, True, 0, 4.05682
10.40762, True, 0, 4.283914
10.41972, True, 0, 4.780935
10.43, True, 0, 4.284092
10.44078, True, 0, 4.28784
10.45629, True, 0, 4.235229
10.46733, True, 0, 4.842669
10.47878, True, 0, 4.636839
10.49063, True, 0, 4.721729
10.5027, True, 0, 4.893981
10.51374, True, 0, 5.728407
10.52539, True, 0, 5.305987
10.5373, True, 0, 4.98814
10.54823, True, 0, 4.695463
10.56003, True, 0, 4.727767
10.57088, True, 0, 4.792993
10.58183, True, 0, 4.856189
10.59301, True, 0, 5.093685
10.60428, True, 0, 5.273907
10.62183, True, 0, 5.851044
10.63182, True, 0, 5.934283
10.64474, True, 0, 7.286587
10.66789, True, 0, 3.933575
10.67826, True, 0, 3.837316
10.68992, True, 0, 7.751167
10.70196, True, 0, 6.276126
10.71264, True, 0, 4.546509
10.72412, True, 0, 6.049723
10.73412, True, 0, 6.353341
10.74494, True, 0, 6.353599
10.75603, True, 0, 6.583804
10.76804, True, 0, 7.334546
10.77889, True, 0, 7.902494
10.78991, True, 0, 5.538188
10.80022, True, 0, 5.983362
10.81299, True, 0, 6.00025
10.85911, True, 0, 7.301872
10.87019, True, 0, 9.115655
10.88119, True, 0, 5.775475
10.89223, True, 0, 6.756105
10.90441, True, 0, 8.378261
11.15879, True, 1, 6.37531
11.17106, True, 1, 3.365489
11.18256, True, 1, 4.763035
11.1929, True, 1, 5.796975
11.28176, True, 1, 9.88837
11.29288, True, 1, 9.464714
11.78356, True, 1, 6.866555
11.79469, True, 1, 6.277464
11.80617, True, 1, 5.471594
11.81757, True, 1, 3.391703
11.82853, True, 1, 3.508923
11.84032, True, 1, 3.311114
11.85082, True, 1, 3.058801
11.86221, True, 1, 2.933416
11.87317, True, 1, 3.033602
11.88339, True, 1, 3.276678
11.89507, True, 1, 3.128452
11.90615, True, 1, 2.99416
11.91658, True, 1, 3.320633
11.92793, True, 1, 3.907097
11.93883, True, 1, 2.274604
11.96123, True, 1, 2.623184
12.2077, True, 1, 7.120966
12.27508, True, 1, 3.154512
12.28931, True, 1, 5.07494
12.38695, True, 1, 8.521354
12.39782, True, 1, 8.047129
12.40806, True, 1, 8.825774
12.419, True, 1, 7.923976
12.42971, True, 1, 5.261443
12.44094, True, 1, 5.952435
12.45323, True, 1, 6.360765
12.46381, True, 1, 6.529953
12.47509, True, 1, 8.288324
12.48692, True, 1, 7.488765
12.49841, True, 1, 7.989636
12.51085, True, 1, 8.067039
12.65841, True, 1, 7.108786
12.66975, True, 1, 5.242807
12.68093, True, 1, 5.383489
12.69151, True, 1, 5.512568
12.70271, True, 1, 5.679622
12.71377, True, 1, 5.766039
12.7251, True, 1, 6.233144
12.73628, True, 1, 7.940881
12.74803, True, 1, 8.437955
12.75994, True, 1, 8.57599
12.77197, True, 1, 9.990114
12.90376, True, 1, 4.478906
12.91393, True, 1, 8.972395
12.92496, True, 1, 4.032275
12.93646, True, 1, 2.117025
12.94716, True, 1, 1.931339
12.95836, True, 1, 1.496285
12.96983, True, 1, 1.488399
12.98111, True, 1, 1.416137
12.99246, True, 1, 1.427528
13.00417, True, 1, 1.451683
13.01541, True, 1, 1.383858
13.02737, True, 1, 1.322004
13.03836, True, 1, 1.310367
13.04973, True, 1, 1.264955
13.06098, True, 1, 1.285529
13.07255, True, 1, 1.303151
13.08405, True, 1, 1.698638
13.09527, True, 1, 1.645349
13.10683, True, 1, 1.520686
13.11935, True, 1, 1.609019
13.13018, True, 1, 1.501106
13.14022, True, 1, 1.597231
13.15271, True, 1, 1.561966
13.16288, True, 1, 1.536836
13.17365, True, 1, 1.496632
13.18594, True, 1, 1.634036
13.19822, True, 1, 1.711414
13.21017, True, 1, 1.540598
13.22072, True, 1, 1.416251
13.23096, True, 1, 1.393353
13.24186, True, 1, 1.423855
13.25233, True, 1, 1.432566
13.26262, True, 1, 1.419356
13.27272, True, 1, 1.441603
13.28374, True, 1, 1.470117
13.29514, True, 1, 1.488027
13.30763, True, 1, 1.414194
13.3196, True, 1, 1.493333
13.33077, True, 1, 1.482839
13.34158, True, 1, 1.419572
13.35877, True, 1, 1.353474
13.37122, True, 1, 1.357141
13.38286, True, 1, 1.260819
13.39798, True, 1, 1.224666
13.40873, True, 1, 1.364878
13.4199, True, 1, 1.40633
13.43078, True, 1, 1.388449
13.44273, True, 1, 1.364693
13.45395, True, 1, 1.353678
13.46583, True, 1, 1.090769
13.47819, True, 1, 1.10816
13.48874, True, 1, 1.106368
13.49945, True, 1, 1.147812
13.50985, True, 1, 1.132102
13.5217, True, 1, 0.9584948
13.53441, True, 1, 0.9631134
13.54498, True, 1, 0.9554148
13.55574, True, 1, 0.9453664
13.56614, True, 1, 0.9737435
13.57738, True, 1, 0.9510138
13.58876, True, 1, 0.9327586
13.59858, True, 1, 0.9300815
13.60987, True, 1, 0.9229397
13.61944, True, 1, 0.9435569
13.63089, True, 1, 0.9281643
13.64215, True, 1, 0.9286212
13.65374, True, 1, 0.9206057
13.66458, True, 1, 0.9089989
13.67628, True, 1, 0.9290253
13.68903, True, 1, 0.9288412
13.69936, True, 1, 0.9078581
13.71154, True, 1, 0.9373959
13.72134, True, 1, 0.9237615
13.73176, True, 1, 0.9263936
13.74272, True, 1, 0.9218879
13.75503, True, 1, 0.8765926
13.76629, True, 1, 0.9211805
13.7791, True, 1, 0.8241002
13.79027, True, 1, 1.04618
13.80206, True, 1, 1.119505
13.81278, True, 1, 1.092905
13.82355, True, 1, 1.030137
13.83459, True, 1, 1.011927
13.85244, True, 1, 1.042856
13.8671, True, 1, 1.024356
13.88061, True, 1, 1.204994
13.89148, True, 1, 1.187863
13.90271, True, 1, 1.172567
13.91351, True, 1, 1.546139
13.92442, True, 1, 1.939704
13.93616, True, 1, 1.647413
13.94712, True, 1, 1.666222
13.95869, True, 1, 1.845205
13.97021, True, 1, 2.23791
13.98071, True, 1, 2.402328
13.99279, True, 1, 2.461502
14.0039, True, 1, 2.228507
14.01549, True, 1, 2.198548
14.02466, True, 1, 2.16172
14.03585, True, 1, 2.050859
14.04741, True, 1, 2.208228
14.05919, True, 1, 2.190584
14.07092, True, 1, 2.117203
14.08145, True, 1, 2.334693
14.09099, True, 1, 2.220705
14.10238, True, 1, 2.319591
14.11396, True, 1, 2.191713
14.12445, True, 1, 8.279084
14.40478, True, 1, 5.038324
14.42099, True, 1, 5.07519
14.65901, True, 1, 6.629375
14.67115, True, 1, 4.446687
14.68103, True, 1, 3.466454
14.69235, True, 1, 3.250825
14.70369, True, 1, 3.063614
14.71584, True, 1, 4.267526
14.72685, True, 1, 3.320707
14.73745, True, 1, 2.68994
14.74937, True, 1, 2.707664
14.76072, True, 1, 1.891303
14.77239, True, 1, 1.625358
14.78267, True, 1, 1.670784
14.79368, True, 1, 1.583771
14.80548, True, 1, 1.542622
14.81633, True, 1, 2.148984
14.82641, True, 1, 2.108993
14.83748, True, 1, 2.073547
14.84877, True, 1, 2.426095
14.8603, True, 1, 1.722416
14.87254, True, 1, 2.293626
14.88271, True, 1, 2.352092
14.89419, True, 1, 3.620644
14.90508, True, 1, 3.560791
14.91668, True, 1, 3.976256
14.928, True, 1, 4.86093
14.93905, True, 1, 4.796515
14.95373, True, 1, 4.761464
14.96383, True, 1, 2.603743
14.97434, True, 1, 2.150426
14.98614, True, 1, 1.697707
14.99659, True, 1, 2.603574
15.00591, True, 1, 2.458857
15.01722, True, 1, 2.289953
15.02834, True, 1, 1.769737
15.03858, True, 1, 2.459336
15.05007, True, 1, 2.81925
15.06134, True, 1, 3.063019
15.07207, True, 1, 2.640849
15.08436, True, 1, 1.880939
15.0959, True, 1, 1.903814
15.10841, True, 1, 1.85953
15.12074, True, 1, 1.69555
15.13165, True, 1, 1.627848
15.14192, True, 1, 2.041697
15.15188, True, 1, 2.030245
15.16449, True, 1, 2.182688
15.17564, True, 1, 3.476836
15.1871, True, 1, 5.494607
15.1975, True, 1, 3.744814
15.20934, True, 1, 4.283558
15.22017, True, 1, 3.165076
15.22962, True, 1, 3.411024
15.2396, True, 1, 2.023071
15.25072, True, 1, 2.257689
15.2601, True, 1, 2.176247
15.27169, True, 1, 2.050616
15.28231, True, 1, 1.748637
15.29397, True, 1, 1.882894
15.30533, True, 1, 1.754926
15.31695, True, 1, 1.634095
15.32825, True, 1, 1.556863
15.33949, True, 1, 1.545015
15.34899, True, 1, 2.010285
15.36065, True, 1, 2.218182
15.37301, True, 1, 2.107177
15.38519, True, 1, 1.934401
15.40016, True, 1, 2.079551
15.41055, True, 1, 2.098222
15.42234, True, 1, 2.06809
15.43315, True, 1, 1.925521
15.44445, True, 1, 1.739901
15.45518, True, 1, 1.556093
15.46705, True, 1, 1.910639
15.47688, True, 1, 1.973588
15.48783, True, 1, 1.80576
15.498, True, 1, 2.292116
15.50923, True, 1, 2.722753
15.51995, True, 1, 2.115494
15.5326, True, 1, 2.060022
15.54266, True, 1, 1.713672
15.55384, True, 1, 1.688311
15.56566, True, 1, 1.656641
15.57646, True, 1, 1.667576
15.58846, True, 1, 1.647181
15.60138, True, 1, 1.665301
15.61281, True, 1, 1.665419
15.6235, True, 1, 1.622206
15.63482, True, 1, 1.620342
15.64681, True, 1, 1.617518
15.65706, True, 1, 1.677193
15.66785, True, 1, 1.680081
15.67925, True, 1, 1.652606
15.69015, True, 1, 1.563342
15.70131, True, 1, 1.617455
15.71274, True, 1, 1.668477
15.72362, True, 1, 1.651733
15.73522, True, 1, 1.802492
15.74604, True, 1, 2.418074
15.75657, True, 1, 7.157363
15.77903, True, 1, 9.199263
15.79007, True, 1, 5.688474
15.80143, True, 1, 4.37841
15.81303, True, 1, 4.885616
15.82337, True, 1, 5.416102
15.8356, True, 1, 6.799232
15.84673, True, 1, 5.815771
15.8624, True, 1, 5.857534
15.87349, True, 1, 5.150808
15.88388, True, 1, 4.902963
15.89545, True, 1, 4.505603
15.90528, True, 1, 4.458466
15.91475, True, 1, 5.634563
15.92359, True, 1, 5.596382
15.938, True, 1, 5.415254
15.94861, True, 1, 5.759501
15.95857, True, 1, 5.735962
15.96869, True, 1, 6.504266
15.98028, True, 1, 6.214024
15.9926, True, 1, 5.335182
16.00411, True, 1, 4.985375
16.01523, True, 1, 5.755476
16.02596, True, 1, 6.340395
16.03775, True, 1, 6.30205
16.04832, True, 1, 5.520968
16.05972, True, 1, 5.944419
16.07061, True, 1, 5.678867
16.08513, True, 1, 6.0481
16.09754, True, 2, 5.945591
16.10973, True, 2, 5.9374
16.12285, True, 2, 6.634365
16.1325, True, 2, 6.884778
16.14453, True, 2, 6.784468
16.1569, True, 2, 5.367318
16.1678, True, 2, 5.346869
16.17873, True, 2, 5.465744
16.18997, True, 2, 6.753738
16.20106, True, 2, 6.786566
16.21266, True, 2, 6.121522
16.22327, True, 2, 7.269534
16.23551, True, 2, 6.326798
16.24668, True, 2, 7.159018
16.25699, True, 2, 6.242087
16.2687, True, 2, 6.911914
16.27962, True, 2, 7.399519
16.29267, True, 2, 7.208907
16.30375, True, 2, 6.833216
16.31466, True, 2, 6.464349
16.32725, True, 2, 5.329173
16.33842, True, 2, 5.950738
16.35087, True, 2, 6.578247
16.36263, True, 2, 6.748063
16.37287, True, 2, 7.175246
16.38489, True, 2, 7.287385
16.39658, True, 2, 8.517383
16.42063, True, 2, 6.034169
16.43377, True, 2, 2.17114
16.44476, True, 2, 2.097055
16.4571, True, 2, 2.095767
16.46779, True, 2, 2.340571
16.48007, True, 2, 1.745948
16.49067, True, 2, 1.788071
16.50203, True, 2, 1.624895
16.51207, True, 2, 1.641602
16.52355, True, 2, 1.668122
16.53551, True, 2, 1.62997
16.5457, True, 2, 1.316708
16.55653, True, 2, 1.491167
16.56808, True, 2, 1.869098
16.5787, True, 2, 2.143671
16.58967, True, 2, 2.30278
16.60155, True, 2, 2.059315
16.61211, True, 2, 1.861559
16.62292, True, 2, 1.969849
16.6347, True, 2, 1.741295
16.64557, True, 2, 1.794435
16.65669, True, 2, 1.62329
16.66919, True, 2, 1.663916
16.6801, True, 2, 1.717196
16.6933, True, 2, 1.749165
16.7045, True, 2, 1.876576
16.71739, True, 2, 1.26078
16.72858, True, 2, 1.199293
16.7391, True, 2, 1.394225
16.74977, True, 2, 1.584412
16.76248, True, 2, 1.830362
16.77215, True, 2, 1.758134
16.78439, True, 2, 1.88773
16.79904, True, 2, 1.916406
16.80962, True, 2, 2.027244
16.81856, True, 2, 2.349373
16.82987, True, 2, 2.417866
16.84015, True, 2, 2.215737
16.85295, True, 2, 2.142073
16.86493, True, 2, 2.503162
16.87479, True, 2, 2.458588
16.88675, True, 2, 2.457121
16.89765, True, 2, 2.076868
16.90836, True, 2, 1.751556
16.92047, True, 2, 1.687338
16.93094, True, 2, 1.683213
16.94307, True, 2, 1.869829
16.95455, True, 2, 1.64331
16.96446, True, 2, 1.918841
16.97581, True, 2, 2.104037
16.98818, True, 2, 1.857903
16.99965, True, 2, 2.047469
17.01154, True, 2, 1.871122
17.02285, True, 2, 2.173604
17.03521, True, 2, 2.475249
17.04621, True, 2, 1.899065
17.05735, True, 2, 2.086387
17.06893, True, 2, 2.47696
17.08065, True, 2, 2.304943
17.09193, True, 2, 3.028706
17.10402, True, 2, 3.086383
17.11478, True, 2, 2.250994
17.12607, True, 2, 2.589554
17.13771, True, 2, 2.472742
17.14746, True, 2, 4.227378
17.1598, True, 2, 4.917819
17.17216, True, 2, 8.411137
17.19524, True, 2, 8.147247
17.20695, True, 2, 7.947478
17.21843, True, 2, 7.699598
17.22991, True, 2, 6.045252
17.2398, True, 2, 5.580074
17.25007, True, 2, 5.845439
17.26324, True, 2, 6.370355
17.27286, True, 2, 4.975715
17.28455, True, 2, 4.742218
17.29686, True, 2, 4.345857
17.30686, True, 2, 3.872495
17.31863, True, 2, 3.089214
17.32905, True, 2, 1.382221
17.33979, True, 2, 0.9537041
17.35087, True, 2, 0.9911447
17.36178, True, 2, 0.9708313
17.37338, True, 2, 1.002883
17.3848, True, 2, 0.9819409
17.39718, True, 2, 1.10853
17.40966, True, 2, 1.300784
17.42344, True, 2, 1.272856
17.43434, True, 2, 1.281315
17.44465, True, 2, 1.286142
17.45597, True, 2, 1.319694
17.46776, True, 2, 1.295179
17.47808, True, 2, 1.116612
17.49025, True, 2, 1.183032
17.50139, True, 2, 1.157007
17.5126, True, 2, 1.130961
17.52244, True, 2, 1.085456
17.5336, True, 2, 1.093177
17.545, True, 2, 1.084879
17.55615, True, 2, 1.148832
17.56679, True, 2, 1.147004
17.57822, True, 2, 1.136173
17.59023, True, 2, 1.030982
17.60302, True, 2, 0.7456301
17.61351, True, 2, 0.7608014
17.62473, True, 2, 0.7657378
17.636, True, 2, 0.7653869
17.64713, True, 2, 0.7781045
17.65688, True, 2, 0.7854005
17.66804, True, 2, 0.7737714
17.67897, True, 2, 0.7755769
17.69004, True, 2, 0.7689996
17.70112, True, 2, 0.7729315
17.71311, True, 2, 0.7694909
17.72831, True, 2, 0.7815611
17.73981, True, 2, 0.7691612
17.7517, True, 2, 0.7698243
17.76265, True, 2, 0.787124
17.7729, True, 2, 0.7872464
17.78444, True, 2, 1.0033
17.79617, True, 2, 1.015336
17.80844, True, 2, 1.035457
17.81961, True, 2, 1.096957
17.83016, True, 2, 1.041279
17.84045, True, 2, 1.043508
17.85339, True, 2, 1.024833
17.86433, True, 2, 0.997677
17.87586, True, 2, 0.9228808
17.8882, True, 2, 0.9243574
17.89858, True, 2, 0.9138196
17.91167, True, 2, 1.027901
17.92309, True, 2, 1.048098
17.93524, True, 2, 0.9911652
17.94585, True, 2, 1.00813
17.95628, True, 2, 0.9888804
17.96817, True, 2, 0.9937668
17.9786, True, 2, 1.072769
17.99022, True, 2, 1.019182
18.0031, True, 2, 1.028268
18.01407, True, 2, 1.029913
18.0249, True, 2, 1.032604
18.03742, True, 2, 1.036907
18.04722, True, 2, 1.040413
18.05791, True, 2, 1.032857
18.06831, True, 2, 1.013181
18.07866, True, 2, 1.013421
18.08899, True, 2, 1.023449
18.10066, True, 2, 1.014293
18.11261, True, 2, 1.013546
18.12286, True, 2, 1.057277
18.13354, True, 2, 1.064925
18.14511, True, 2, 1.056313
18.15755, True, 2, 1.036731
18.16864, True, 2, 1.051847
18.17912, True, 2, 1.03597
18.19133, True, 2, 1.049121
18.20271, True, 2, 1.058342
18.21266, True, 2, 1.302993
18.22264, True, 2, 1.012974
18.23377, True, 2, 0.8259914
18.24438, True, 2, 0.9774772
18.25575, True, 2, 0.9849894
18.26755, True, 2, 1.025298
18.27907, True, 2, 0.9717824
18.2906, True, 2, 1.042205
18.30292, True, 2, 1.141018
18.3128, True, 2, 1.114821
18.32446, True, 2, 1.103937
18.33589, True, 2, 1.233118
18.34748, True, 2, 1.642104
18.35775, True, 2, 3.526884
18.36808, True, 2, 5.008366
18.37864, True, 2, 2.889302
18.38931, True, 2, 3.400264
18.40013, True, 2, 3.41354
18.41296, True, 2, 2.85615
18.42478, True, 2, 2.634639
18.43636, True, 2, 2.616482
18.4477, True, 2, 2.675745
18.45916, True, 2, 2.772762
18.46936, True, 2, 2.827875
18.48359, True, 2, 2.859224
18.49438, True, 2, 2.714877
18.50527, True, 2, 2.871608
18.51728, True, 2, 2.801591
18.52895, True, 2, 2.879637
18.53995, True, 2, 3.054336
18.55232, True, 2, 3.178504
18.56333, True, 2, 3.451136
18.57394, True, 2, 3.400775
18.58509, True, 2, 3.720292
18.59621, True, 2, 3.864859
18.60958, True, 2, 3.781816
18.62124, True, 2, 4.328466
18.63335, True, 2, 4.266234
18.64473, True, 2, 4.487397
18.65846, True, 2, 4.720373
18.66969, True, 2, 4.671785
18.68079, True, 2, 4.296709
18.69245, True, 2, 4.251779
18.70347, True, 2, 4.404519
18.71388, True, 2, 3.962071
18.72303, True, 2, 3.935668
18.73413, True, 2, 3.84464
18.74479, True, 2, 3.977498
18.75544, True, 2, 2.941835
18.76661, True, 2, 2.950036
18.77776, True, 2, 2.759315
18.78939, True, 2, 2.817485
18.80266, True, 2, 2.819607
18.81314, True, 2, 7.457899
18.82451, True, 2, 4.715203
18.92239, True, 2, 1.384442
18.93319, True, 2, 1.364165
19.19309, True, 2, 0
19.22654, True, 2, 5.863816
19.25064, True, 2, 3.245415
19.27111, True, 2, 8.192513
19.28265, True, 2, 6.355602
19.29398, True, 2, 5.288615
19.40469, True, 2, 1.597989
19.41577, True, 2, 2.315328
19.72665, True, 2, 2.920166
19.73809, True, 2, 3.307704
19.74868, True, 2, 3.331043
19.76031, True, 2, 3.148574
19.77125, True, 2, 2.81625
19.78226, True, 2, 2.786779
19.7942, True, 2, 2.955383
19.80469, True, 2, 2.924906
19.81631, True, 2, 3.294042
19.82919, True, 2, 3.580092
19.83898, True, 2, 4.328406
19.85341, True, 2, 2.577519
19.86375, True, 2, 3.40075
19.87555, True, 2, 3.566678
19.88751, True, 2, 4.32661
19.8985, True, 2, 3.470671
19.90977, True, 2, 3.35056
19.92102, True, 2, 2.335083
19.93073, True, 2, 2.612416
19.94236, True, 2, 1.919717
19.9525, True, 2, 1.558582
19.96285, True, 2, 1.710221
19.97331, True, 2, 1.878376
19.98359, True, 2, 1.673931
19.99413, True, 2, 1.798358
20.11304, True, 2, 2.1902
20.12397, True, 2, 1.867918
20.13607, True, 2, 1.469861
20.14652, True, 2, 1.430768
20.15718, True, 2, 1.604719
20.17401, True, 2, 1.922096
20.18519, True, 2, 1.941001
20.19617, True, 2, 1.823188
20.2067, True, 2, 1.959467
20.21895, True, 2, 2.120415
20.23116, True, 2, 2.066517
20.24263, True, 2, 2.072913
20.25294, True, 2, 2.07084
20.26463, True, 2, 2.303828
20.27589, True, 2, 2.185393
20.28839, True, 2, 2.14562
20.29995, True, 2, 2.068256
20.31175, True, 2, 2.040642
20.32212, True, 2, 2.100428
20.33278, True, 2, 2.117764
20.34491, True, 2, 2.303365
20.35999, True, 2, 2.243987
20.37012, True, 2, 2.184659
20.38084, True, 2, 2.45108
20.39256, True, 2, 2.816194
20.40336, True, 2, 2.863034
20.41371, True, 2, 2.894466
20.42536, True, 2, 2.651698
20.43666, True, 2, 2.634531
20.4484, True, 2, 2.478151
20.45994, True, 2, 2.606559
20.4711, True, 2, 3.050085
20.48138, True, 2, 3.47973
20.49248, True, 2, 4.71345
20.50329, True, 2, 4.449615
20.51415, True, 2, 4.284797
20.52384, True, 2, 3.65464
20.53594, True, 2, 3.626931
20.54622, True, 2, 3.373225
20.5555, True, 2, 3.445617
20.56633, True, 2, 3.913314
20.57838, True, 2, 3.88694
20.58841, True, 2, 8.382429
20.59919, True, 2, 9.150253
20.61156, True, 2, 9.58754
20.62208, True, 2, 7.353336
20.63236, True, 2, 4.284667
20.64345, True, 2, 6.951124
20.65456, True, 2, 7.360024
20.66656, True, 2, 8.3525
20.67859, True, 2, 7.009634
20.68937, True, 2, 7.554245
20.70099, True, 2, 7.078788
20.71334, True, 2, 6.465959
20.72499, True, 2, 6.455308
20.73634, True, 2, 6.018494
20.74718, True, 2, 6.281466
20.75667, True, 2, 6.160606
20.76821, True, 2, 6.187812
20.78015, True, 2, 6.161335
20.7906, True, 2, 6.476417
20.80164, True, 2, 6.179547
20.81525, True, 2, 4.972861
20.8259, True, 2, 4.828754
20.8372, True, 2, 4.671211
20.84751, True, 2, 4.944695
20.85766, True, 2, 4.892274
20.86818, True, 2, 4.651982
20.87928, True, 2, 4.010765
20.89071, True, 2, 4.271657
20.90283, True, 2, 4.871473
20.91297, True, 2, 5.076483
20.92418, True, 2, 4.655199
20.93544, True, 2, 5.42966
20.94645, True, 2, 7.509418
20.95792, True, 2, 6.76188
20.9693, True, 2, 3.712157
20.9801, True, 2, 5.046826
20.9913, True, 2, 4.239601
21.00302, True, 2, 4.266258
21.0135, True, 2, 4.154894
21.02534, True, 2, 4.318322
21.03781, True, 2, 3.851596
21.05135, True, 2, 4.241708
21.06167, True, 2, 4.388407
21.07277, True, 2, 4.91496
21.08465, True, 2, 5.084789
21.09478, True, 2, 5.233799
21.10705, True, 3, 3.862331
21.11709, True, 3, 4.796916
21.12768, True, 3, 6.044206
21.13841, True, 3, 2.837176
21.14869, True, 3, 2.828981
21.15861, True, 3, 2.805853
21.17092, True, 3, 2.123797
21.1814, True, 3, 2.095531
21.19266, True, 3, 1.979602
21.20381, True, 3, 1.944633
21.21614, True, 3, 2.28851
21.22828, True, 3, 2.478257
21.23905, True, 3, 2.189017
21.2495, True, 3, 2.316654
21.26106, True, 3, 2.119658
21.27192, True, 3, 2.09256
21.28649, True, 3, 2.137689
21.29648, True, 3, 2.207579
21.30801, True, 3, 2.21011
21.31834, True, 3, 2.262759
21.32917, True, 3, 2.47191
21.34114, True, 3, 1.847087
21.35284, True, 3, 1.923459
21.36267, True, 3, 2.008405
21.37487, True, 3, 2.01523
21.38708, True, 3, 1.944764
21.39712, True, 3, 1.607213
21.40808, True, 3, 1.914205
21.4205, True, 3, 5.271214
21.43266, True, 3, 3.085784
21.44339, True, 3, 9.071931
21.45431, True, 3, 6.690776
21.56575, True, 3, 9.628938
21.5776, True, 3, 9.165551
21.58835, True, 3, 3.003716
21.60102, True, 3, 3.063963
21.61247, True, 3, 3.167363
21.6235, True, 3, 3.004118
21.63434, True, 3, 2.891032
21.6461, True, 3, 3.363762
21.65811, True, 3, 3.11657
21.754, True, 3, 9.622066
21.92135, True, 3, 9.799419
21.9329, True, 3, 9.278529
21.94429, True, 3, 9.4241
21.99025, True, 3, 8.15564
22.0014, True, 3, 6.077543
22.01256, True, 3, 6.799385
22.02384, True, 3, 5.428263
22.0363, True, 3, 5.912607
22.04739, True, 3, 6.042708
22.05788, True, 3, 7.324964
22.0702, True, 3, 6.616951
22.08006, True, 3, 7.124762
22.09266, True, 3, 8.603363
22.10401, True, 3, 8.857283
22.11373, True, 3, 7.978744
22.13595, True, 3, 3.750999
22.14727, True, 3, 6.73055
22.15833, True, 3, 5.158582
22.16999, True, 3, 6.383186
22.18008, True, 3, 4.366145
22.19147, True, 3, 3.515343
22.20269, True, 3, 3.914201
22.21391, True, 3, 8.446834
22.22636, True, 3, 8.396649
22.23897, True, 3, 8.073324
22.25152, True, 3, 6.779956
22.26159, True, 3, 6.725386
22.27182, True, 3, 7.509671
22.28275, True, 3, 7.300291
22.29292, True, 3, 7.126485
22.3042, True, 3, 6.936872
22.31412, True, 3, 8.279007
22.32638, True, 3, 7.285331
22.33954, True, 3, 7.123831
22.35357, True, 3, 6.628709
22.36446, True, 3, 2.984092
22.37488, True, 3, 2.580707
22.38606, True, 3, 1.749875
22.39593, True, 3, 1.825798
22.40633, True, 3, 1.521101
22.41848, True, 3, 1.2899
22.42875, True, 3, 1.186267
22.44054, True, 3, 1.141989
22.4526, True, 3, 1.024107
22.46242, True, 3, 0.946417
22.47407, True, 3, 0.9169445
22.48607, True, 3, 0.9093863
22.49755, True, 3, 0.9035118
22.51043, True, 3, 0.9126607
22.52101, True, 3, 0.8776842
22.53249, True, 3, 0.867066
22.54408, True, 3, 0.8642302
22.55531, True, 3, 0.8564211
22.56568, True, 3, 0.8536489
22.57701, True, 3, 0.864727
22.58869, True, 3, 0.8645159
22.59951, True, 3, 0.8356959
22.61069, True, 3, 0.8299984
22.62078, True, 3, 0.8319076
22.63245, True, 3, 0.8227556
22.64389, True, 3, 0.8265926
22.65458, True, 3, 0.8114416
22.66501, True, 3, 0.7955809
22.67666, True, 3, 0.7944558
22.68759, True, 3, 0.7683045
22.69969, True, 3, 0.7759235
22.70985, True, 3, 0.7710128
22.72042, True, 3, 0.7813237
22.73316, True, 3, 0.7922314
22.74436, True, 3, 0.7697127
22.75555, True, 3, 0.7851023
22.76724, True, 3, 0.7855966
22.77856, True, 3, 0.7871959
22.78797, True, 3, 0.7772242
22.79805, True, 3, 0.7718467
22.80914, True, 3, 0.7744677
22.82328, True, 3, 0.7829009
22.8347, True, 3, 0.7748042
22.84464, True, 3, 0.7780403
22.855, True, 3, 0.7676038
22.86478, True, 3, 0.7735293
22.87562, True, 3, 0.773802
22.88674, True, 3, 0.773292
22.90036, True, 3, 0.7614628
22.91077, True, 3, 0.7684139
22.92054, True, 3, 0.7862456
22.93112, True, 3, 0.7984096
22.94253, True, 3, 0.8082578
22.95407, True, 3, 0.8117023
22.96603, True, 3, 0.8140611
22.97757, True, 3, 0.8445361
22.98829, True, 3, 0.8859991
23.0004, True, 3, 0.9237007
23.01038, True, 3, 0.8897575
23.02203, True, 3, 0.9020587
23.03407, True, 3, 0.8658965
23.04529, True, 3, 0.8205529
23.05683, True, 3, 0.8112015
23.06817, True, 3, 0.8035209
23.07931, True, 3, 0.8229966
23.09059, True, 3, 0.8069252
23.10264, True, 3, 0.8123282
23.11267, True, 3, 0.8044484
23.12449, True, 3, 0.8037922
23.13753, True, 3, 0.8101731
23.14873, True, 3, 0.8214169
23.15899, True, 3, 0.8162643
23.16952, True, 3, 0.8127595
23.17989, True, 3, 0.8359513
23.19091, True, 3, 0.8274596
23.20261, True, 3, 0.8804628
23.21373, True, 3, 0.9877298
23.22456, True, 3, 1.421413
23.2361, True, 3, 1.078233
23.24689, True, 3, 1.586813
23.25767, True, 3, 1.474254
23.26873, True, 3, 1.560576
23.28005, True, 3, 1.687403
23.29311, True, 3, 1.707101
23.3042, True, 3, 1.777246
23.31614, True, 3, 1.734888
23.32663, True, 3, 1.826859
23.33672, True, 3, 1.81573
23.34796, True, 3, 1.782676
23.35907, True, 3, 1.763453
23.36983, True, 3, 1.787788
23.3822, True, 3, 2.460446
23.39467, True, 3, 3.147304
23.40455, True, 3, 1.968145
23.41674, True, 3, 1.959713
23.42773, True, 3, 1.992368
23.43812, True, 3, 1.974205
23.45008, True, 3, 1.960105
23.46249, True, 3, 1.903541
23.4727, True, 3, 1.944168
23.48429, True, 3, 2.036925
23.49486, True, 3, 2.061657
23.50344, True, 3, 2.281533
23.51482, True, 3, 2.465747
23.52623, True, 3, 2.515489
23.53669, True, 3, 2.480704
23.54759, True, 3, 2.956208
23.55804, True, 3, 3.276329
23.56848, True, 3, 8.215179
23.62621, True, 3, 8.37755
23.66949, True, 3, 9.628389
23.67985, True, 3, 8.414736
23.69139, True, 3, 6.590058
23.703, True, 3, 6.163569
23.71496, True, 3, 6.997171
23.72521, True, 3, 6.663949
23.73654, True, 3, 6.118737
23.74759, True, 3, 7.152043
23.7585, True, 3, 7.103548
23.76932, True, 3, 7.327599
23.77956, True, 3, 9.127138
23.7978, True, 3, 9.086096
23.8131, True, 3, 9.39095
23.8465, True, 3, 0
23.86869, True, 3, 0
23.87956, True, 3, 0
24.00874, True, 3, 0
24.03067, True, 3, 0
24.04262, True, 3, 0
24.05302, True, 3, 0
24.06501, True, 3, 0
24.0774, True, 3, 0
24.08842, True, 3, 0
24.10021, True, 3, 0
24.11178, True, 3, 4.331976
24.31127, True, 3, 6.337085
24.32247, True, 3, 5.303526
24.33416, True, 3, 4.74703
24.34509, True, 3, 1.407773
24.35706, True, 3, 1.53323
24.36827, True, 3, 7.905037
24.37894, True, 3, 8.556235
24.55741, True, 3, 7.713129
24.58233, True, 3, 4.825885
24.59469, True, 3, 4.344865
24.68584, True, 3, 7.978481
24.70816, True, 3, 5.763261
24.74162, True, 3, 4.065025
24.75292, True, 3, 5.128656
24.76503, True, 3, 5.562454
24.77627, True, 3, 4.727284
24.78693, True, 3, 4.41227
24.79932, True, 3, 4.624345
24.81116, True, 3, 4.755463
24.82436, True, 3, 5.404424
24.8354, True, 3, 4.816675
24.84629, True, 3, 4.710661
24.85862, True, 3, 5.151371
24.87033, True, 3, 4.925696
24.88092, True, 3, 1.879709
24.89302, True, 3, 1.852118
24.90524, True, 3, 1.56901
24.91743, True, 3, 1.566313
24.92752, True, 3, 1.805313
24.93698, True, 3, 1.721927
24.95189, True, 3, 1.49786
24.96306, True, 3, 1.398054
24.9748, True, 3, 1.416365
24.98639, True, 3, 1.634736
24.99694, True, 3, 1.36374
25.0079, True, 3, 1.7952
25.01907, True, 3, 1.548174
25.03058, True, 3, 2.145649
25.04234, True, 3, 1.960492
25.05265, True, 3, 2.004566
25.06355, True, 3, 1.998775
25.07508, True, 3, 1.806627
25.08571, True, 3, 2.066212
25.09703, True, 3, 2.557864
25.10806, True, 3, 2.469246
25.11986, True, 3, 2.747808
25.13053, True, 3, 2.975108
25.14156, True, 3, 3.58773
25.15411, True, 3, 5.57338
25.16334, True, 3, 4.439234
25.17441, True, 3, 4.973639
25.18561, True, 3, 4.412571
25.19683, True, 3, 4.504274
25.20914, True, 3, 3.625864
25.21975, True, 3, 3.153693
25.23115, True, 3, 2.884774
25.2429, True, 3, 3.37316
25.25534, True, 3, 3.193376
25.26699, True, 3, 3.411944
25.27777, True, 3, 3.684887
25.28902, True, 3, 6.172547
25.29824, True, 3, 7.356449
25.30876, True, 3, 8.153174
25.36346, True, 3, 2.860304
25.38568, True, 3, 8.138172
25.39797, True, 3, 1.678448
25.40844, True, 3, 1.499503
25.42349, True, 3, 1.735729
25.43486, True, 3, 1.560075
25.44712, True, 3, 1.851575
25.45756, True, 3, 1.979893
25.46931, True, 3, 2.273488
25.47807, True, 3, 2.195288
25.49029, True, 3, 2.095439
25.50236, True, 3, 2.011933
25.51295, True, 3, 1.953966
25.52527, True, 3, 2.163684
25.53611, True, 3, 2.246603
25.54836, True, 3, 2.169651
25.56109, True, 3, 2.5122
25.57301, True, 3, 2.375456
25.58345, True, 3, 2.064794
25.59477, True, 3, 1.962386
25.60639, True, 3, 2.173313
25.61785, True, 3, 2.273882
25.63184, True, 3, 2.619567
25.64357, True, 3, 3.012994
25.65341, True, 3, 2.299334
25.66355, True, 3, 2.298046
25.67548, True, 3, 2.192061
25.68585, True, 3, 2.441251
25.69659, True, 3, 2.194164
25.70805, True, 3, 2.293879
25.72011, True, 3, 2.565228
25.73138, True, 3, 2.583693
25.7423, True, 3, 2.583488
25.75295, True, 3, 2.181826
25.76306, True, 3, 2.360016
25.77458, True, 3, 2.503806
25.78558, True, 3, 2.513933
25.79657, True, 3, 2.210717
25.80793, True, 3, 1.999337
25.8206, True, 3, 2.079361
25.83192, True, 3, 2.047825
25.84299, True, 3, 2.011479
25.85475, True, 3, 2.002487
25.86672, True, 3, 1.954276
25.87771, True, 3, 1.949554
25.89175, True, 3, 1.945
25.90276, True, 3, 1.966354
25.91278, True, 3, 2.022876
25.92289, True, 3, 2.104411
25.93268, True, 3, 2.047899
25.9436, True, 3, 2.007646
25.95241, True, 3, 1.979726
25.96375, True, 3, 2.224231
25.97651, True, 3, 2.24803
25.98668, True, 3, 2.275853
25.99882, True, 3, 2.398347
26.01131, True, 3, 2.488397
26.02104, True, 3, 2.765527
26.03174, True, 3, 2.692215
26.04253, True, 3, 2.802049
26.05258, True, 3, 2.852359
26.06323, True, 3, 2.63263
26.07506, True, 3, 2.681517
26.08619, True, 3, 3.430872
26.09861, True, 3, 3.76616
26.11004, True, 4, 1.693049
26.11954, True, 4, 2.237815
26.13478, True, 4, 5.237921
26.1452, True, 4, 5.421139
26.15761, True, 4, 4.737867
26.16928, True, 4, 4.477704
26.17985, True, 4, 3.734511
26.19032, True, 4, 3.359896
26.20316, True, 4, 2.901518
26.21293, True, 4, 2.849731
26.22401, True, 4, 2.777286
26.23622, True, 4, 2.651131
26.24685, True, 4, 2.699776
26.25757, True, 4, 2.571699
26.26875, True, 4, 2.520218
26.2799, True, 4, 2.34807
26.29063, True, 4, 2.31133
26.30174, True, 4, 2.302442
26.31131, True, 4, 2.258295
26.3214, True, 4, 2.195691
26.33231, True, 4, 2.650162
26.34639, True, 4, 2.826158
26.35749, True, 4, 2.869263
26.36768, True, 4, 2.849587
26.37766, True, 4, 2.77125
26.3877, True, 4, 2.713576
26.39735, True, 4, 3.025244
26.40917, True, 4, 3.253167
26.41963, True, 4, 4.108917
26.4311, True, 4, 3.944365
26.44263, True, 4, 3.89649
26.45319, True, 4, 4.71652
26.46551, True, 4, 2.642358
26.52021, True, 4, 4.18555
26.53208, True, 4, 3.712415
26.54387, True, 4, 4.433777
26.55432, True, 4, 4.98785
26.56481, True, 4, 6.853999
26.57767, True, 4, 8.021553
26.7099, True, 4, 1.288248
26.72145, True, 4, 1.495724
26.73289, True, 4, 1.775896
26.74431, True, 4, 1.623846
26.77694, True, 4, 3.896995
26.86576, True, 4, 9.554626
26.87703, True, 4, 9.662356
26.91174, True, 4, 3.083554
26.92272, True, 4, 3.466289
26.93275, True, 4, 3.939193
26.94423, True, 4, 3.477454
26.95634, True, 4, 3.200313
26.96889, True, 4, 3.193375
26.98092, True, 4, 2.840873
26.99307, True, 4, 3.104819
27.00388, True, 4, 3.094175
27.01654, True, 4, 2.825063
27.02757, True, 4, 2.582919
27.03839, True, 4, 2.528003
27.04889, True, 4, 1.943496
27.0597, True, 4, 1.985313
27.07003, True, 4, 1.820407
27.08112, True, 4, 1.704534
27.09142, True, 4, 1.764703
27.1032, True, 4, 1.662359
27.11287, True, 4, 1.78501
27.12433, True, 4, 2.168963
27.13449, True, 4, 2.43665
27.14507, True, 4, 2.024744
27.15673, True, 4, 1.952357
27.16828, True, 4, 1.77126
27.1779, True, 4, 1.728119
27.18867, True, 4, 1.634095
27.20005, True, 4, 1.462108
27.2106, True, 4, 1.468918
27.22107, True, 4, 1.556638
27.23143, True, 4, 1.53718
27.24246, True, 4, 1.531988
27.25252, True, 4, 1.524403
27.26242, True, 4, 1.341657
27.27366, True, 4, 1.405996
27.28537, True, 4, 1.60453
27.29619, True, 4, 1.792053
27.30706, True, 4, 1.589492
27.31907, True, 4, 1.531658
27.33139, True, 4, 1.422826
27.34639, True, 4, 1.300136
27.35815, True, 4, 1.239223
27.36884, True, 4, 1.244423
27.37928, True, 4, 1.215388
27.39046, True, 4, 1.18034
27.40292, True, 4, 1.201047
27.41543, True, 4, 1.144528
27.42655, True, 4, 1.124779
27.43719, True, 4, 1.167631
27.44786, True, 4, 1.171443
27.45907, True, 4, 1.14027
27.46879, True, 4, 1.110952
27.47984, True, 4, 1.020736
27.49141, True, 4, 1.067291
27.50233, True, 4, 1.124869
27.51333, True, 4, 1.025082
27.52468, True, 4, 1.013304
27.53593, True, 4, 1.01719
27.54602, True, 4, 1.014205
27.55733, True, 4, 0.978627
27.56895, True, 4, 1.021304
27.58111, True, 4, 0.9225777
27.59305, True, 4, 0.9818294
27.60405, True, 4, 0.9864975
27.61558, True, 4, 0.9856393
27.62686, True, 4, 0.9807475
27.63852, True, 4, 0.9821873
27.64869, True, 4, 0.9824558
27.66011, True, 4, 0.9790407
27.6698, True, 4, 0.9493106
27.68057, True, 4, 0.9497679
27.69245, True, 4, 0.9639755
27.70328, True, 4, 0.9640109
27.71507, True, 4, 0.9531058
27.72722, True, 4, 0.9404145
27.73632, True, 4, 0.8991131
27.74699, True, 4, 0.9070677
27.75747, True, 4, 0.8917022
27.76749, True, 4, 0.6592978
27.77704, True, 4, 0.9361207
27.78594, True, 4, 0.9244254
27.79576, True, 4, 0.967504
27.80999, True, 4, 0.9296437
27.82084, True, 4, 0.9103061
27.83045, True, 4, 0.9271201
27.84089, True, 4, 0.9277756
27.85208, True, 4, 0.9953224
27.86333, True, 4, 1.076407
27.87487, True, 4, 1.101464
27.88658, True, 4, 1.075279
27.89634, True, 4, 1.083221
27.9067, True, 4, 1.049307
27.91793, True, 4, 1.142313
27.92916, True, 4, 1.380591
28.16264, True, 4, 0
28.17418, True, 4, 1.756403
28.18547, True, 4, 1.075859
28.19704, True, 4, 1.139658
28.20918, True, 4, 1.398021
28.22142, True, 4, 1.1081
28.23269, True, 4, 1.165808
28.24452, True, 4, 1.414539
28.25392, True, 4, 1.404682
28.26562, True, 4, 1.513304
28.27651, True, 4, 1.449638
28.28828, True, 4, 1.542919
28.2997, True, 4, 1.7076
28.31092, True, 4, 2.012125
28.32237, True, 4, 2.004265
28.33362, True, 4, 2.043118
28.34753, True, 4, 2.3005
28.36132, True, 4, 2.496614
28.37087, True, 4, 2.504185
28.38159, True, 4, 2.848664
28.3945, True, 4, 2.916839
28.40542, True, 4, 2.732051
28.41681, True, 4, 2.840734
28.42843, True, 4, 2.848377
28.43978, True, 4, 3.27036
28.4517, True, 4, 3.249948
28.463, True, 4, 2.983829
28.47415, True, 4, 3.024585
28.48606, True, 4, 3.060749
28.49745, True, 4, 3.092859
28.5076, True, 4, 3.104223
28.51949, True, 4, 2.981538
28.53046, True, 4, 3.029443
28.54228, True, 4, 3.219496
28.55378, True, 4, 3.483839
28.56482, True, 4, 3.454851
28.57599, True, 4, 3.434985
28.58596, True, 4, 3.770471
28.59595, True, 4, 3.696652
28.60702, True, 4, 3.625859
28.6176, True, 4, 3.229016
28.62911, True, 4, 3.19958
28.64072, True, 4, 3.22223
28.65169, True, 4, 2.556994
28.66209, True, 4, 4.212776
28.67369, True, 4, 4.990427
28.92934, True, 4, 4.055883
28.94091, True, 4, 8.386379
28.95257, True, 4, 8.310188
28.96391, True, 4, 4.188718
28.98689, True, 4, 2.571443
28.99825, True, 4, 4.261866
29.00954, True, 4, 2.545326
29.02081, True, 4, 1.931473
29.03289, True, 4, 1.638946
29.04432, True, 4, 2.057515
29.0542, True, 4, 2.036712
29.06576, True, 4, 1.950954
29.07699, True, 4, 1.452012
29.08947, True, 4, 1.704859
29.10072, True, 4, 1.413936
29.11263, True, 4, 1.603627
29.12308, True, 4, 1.64941
29.13451, True, 4, 1.692368
29.1455, True, 4, 1.786933
29.156, True, 4, 1.828556
29.16812, True, 4, 1.719848
29.17941, True, 4, 2.086918
29.19049, True, 4, 1.987408
29.20249, True, 4, 2.195553
29.21248, True, 4, 2.286474
29.22443, True, 4, 2.383784
29.236, True, 4, 2.407914
29.24596, True, 4, 1.933269
29.25844, True, 4, 2.38812
29.26928, True, 4, 2.440519
29.27876, True, 4, 2.484572
29.28879, True, 4, 2.568052
29.29826, True, 4, 2.826587
29.3094, True, 4, 2.733323
29.32081, True, 4, 2.990616
29.3338, True, 4, 3.04104
29.345, True, 4, 2.919355
29.35637, True, 4, 3.11488
29.37186, True, 4, 3.070854
29.38234, True, 4, 3.077142
29.39267, True, 4, 3.302275
29.40261, True, 4, 3.625624
29.41354, True, 4, 3.626748
29.42504, True, 4, 2.30927
29.43579, True, 4, 7.573477
29.44589, True, 4, 2.768024
29.45669, True, 4, 2.390326
29.46926, True, 4, 2.947066
29.48107, True, 4, 3.229977
29.49243, True, 4, 3.46612
29.50258, True, 4, 3.169593
29.51251, True, 4, 2.991786
29.52347, True, 4, 2.912971
29.53425, True, 4, 2.675463
29.54488, True, 4, 2.421381
29.55705, True, 4, 2.437643
29.56708, True, 4, 2.419187
29.57973, True, 4, 2.161803
29.59234, True, 4, 2.111498
29.60508, True, 4, 1.867259
29.61691, True, 4, 1.880629
29.62952, True, 4, 2.313342
29.63967, True, 4, 2.260317
29.65045, True, 4, 2.419688
29.66161, True, 4, 2.526864
29.67264, True, 4, 2.455454
29.68372, True, 4, 2.251409
29.69486, True, 4, 1.982924
29.70688, True, 4, 1.844049
29.72037, True, 4, 2.265189
29.73175, True, 4, 2.551026
29.74299, True, 4, 2.585967
29.75468, True, 4, 2.30887
29.76703, True, 4, 2.390256
29.77689, True, 4, 2.460426
29.78905, True, 4, 3.133101
29.79944, True, 4, 2.463255
29.81029, True, 4, 3.565531
29.82085, True, 4, 3.538383
29.83355, True, 4, 3.183913
29.84805, True, 4, 5.134069
29.85944, True, 4, 4.438349
29.86857, True, 4, 5.00611
29.87818, True, 4, 4.53542
29.88905, True, 4, 4.868671
29.90016, True, 4, 6.621789
29.91073, True, 4, 7.228753
29.92274, True, 4, 6.292987
29.93433, True, 4, 8.371044
29.94476, True, 4, 7.614825
29.95638, True, 4, 7.775087
29.96746, True, 4, 5.400767
29.97806, True, 4, 8.61591
30.02795, True, 4, 8.979515
30.06133, True, 4, 3.984986
30.07231, True, 4, 3.820294
30.0834, True, 4, 2.908188
30.09468, True, 4, 2.948637
30.10541, True, 4, 3.188536
30.1172, True, 4, 2.880986
30.12773, True, 4, 2.938127
30.13933, True, 4, 2.897478
30.15071, True, 4, 3.023995
30.1615, True, 4, 2.704261
30.17251, True, 4, 3.904617
30.18354, True, 4, 3.309699
30.19453, True, 4, 3.285362
30.20715, True, 4, 3.068888
30.21802, True, 4, 3.054715
30.22935, True, 4, 3.4196
30.24045, True, 4, 2.976289
30.25175, True, 4, 2.646996
30.26161, True, 4, 1.270695
30.27275, True, 4, 5.935502
30.28467, True, 4, 2.381212
30.29693, True, 4, 1.393724
30.30762, True, 4, 1.225937
30.32305, True, 4, 1.351599
30.33356, True, 4, 1.565638
30.34353, True, 4, 1.36906
30.35265, True, 4, 1.276274
30.36367, True, 4, 1.36728
30.37463, True, 4, 1.356358
30.38519, True, 4, 1.303931
30.39705, True, 4, 1.31979
30.40889, True, 4, 1.32021
30.41909, True, 4, 1.292902
30.43089, True, 4, 1.274634
30.44292, True, 4, 1.277048
30.45306, True, 4, 1.256088
30.46508, True, 4, 1.249902
30.47478, True, 4, 1.249538
30.48639, True, 4, 1.186801
30.49714, True, 4, 1.168578
30.50817, True, 4, 1.171977
30.51935, True, 4, 1.146398
30.53023, True, 4, 1.142736
30.5416, True, 4, 1.155874
30.5525, True, 4, 1.214775
30.56418, True, 4, 1.212624
30.57508, True, 4, 1.196466
30.58592, True, 4, 1.774125
30.59886, True, 4, 2.875707
30.60946, True, 4, 1.820032
30.62058, True, 4, 2.25156
30.63175, True, 4, 1.825543
30.64302, True, 4, 1.792247
30.65512, True, 4, 1.79
30.66677, True, 4, 1.811308
30.67673, True, 4, 1.978603
30.68694, True, 4, 2.23011
30.69718, True, 4, 2.23005
30.70854, True, 4, 2.279361
30.71955, True, 4, 2.198203
30.73103, True, 4, 2.2089
30.74253, True, 4, 2.192568
30.754, True, 4, 2.240148
30.76598, True, 4, 2.284856
30.77647, True, 4, 2.204467
30.79188, True, 4, 2.31538
30.80257, True, 4, 2.425333
30.81579, True, 4, 2.336393
30.8247, True, 4, 2.344303
30.83419, True, 4, 2.333706
30.8446, True, 4, 2.063701
30.85615, True, 4, 2.038296
30.86599, True, 4, 1.89308
30.87652, True, 4, 1.875858
30.88644, True, 4, 1.818596
30.89763, True, 4, 1.820206
30.90919, True, 4, 1.762973
30.91851, True, 4, 1.85057
30.92873, True, 4, 1.771413
30.94024, True, 4, 1.743533
30.95162, True, 4, 1.70725
30.96175, True, 4, 1.613819
30.97346, True, 4, 1.68484
30.98455, True, 4, 1.682091
30.99513, True, 4, 1.635742
31.00648, True, 4, 1.592358
31.01788, True, 4, 1.628625
31.02731, True, 4, 1.627964
31.03839, True, 4, 1.639712
31.04991, True, 4, 1.626901
31.06323, True, 4, 1.657958
31.08371, True, 4, 1.661949
31.09415, True, 4, 1.870274
31.10525, True, 4, 1.912928
31.11663, True, 5, 1.915609
31.12762, True, 5, 2.048191
31.13866, True, 5, 2.266416
31.14968, True, 5, 2.389917
31.16275, True, 5, 2.406599
31.17368, True, 5, 2.195878
31.18351, True, 5, 2.115982
31.20548, True, 5, 1.381714
31.22798, True, 5, 3.698353
31.24273, True, 5, 5.648672
31.25508, True, 5, 6.075632
31.26898, True, 5, 5.533275
31.28116, True, 5, 6.298163
31.29332, True, 5, 7.673409
31.32629, True, 5, 9.308506
31.33719, True, 5, 8.326245
31.34883, True, 5, 8.468513
31.3599, True, 5, 7.900674
31.38054, True, 5, 7.539212
31.39028, True, 5, 7.032384
31.40273, True, 5, 4.243958
31.41266, True, 5, 4.856971
31.42285, True, 5, 4.346881
31.43416, True, 5, 4.260364
31.44479, True, 5, 4.233451
31.48887, True, 5, 5.709867
31.49869, True, 5, 5.278162
31.50953, True, 5, 6.036421
31.52014, True, 5, 3.452731
31.53163, True, 5, 3.521317
31.54244, True, 5, 3.584854
31.55267, True, 5, 4.767903
31.56166, True, 5, 4.611821
31.57248, True, 5, 4.04199
31.58339, True, 5, 3.804337
31.63845, True, 5, 9.512918
31.66174, True, 5, 6.271414
31.67347, True, 5, 5.903579
31.68525, True, 5, 1.501379
31.69669, True, 5, 3.860221
31.70871, True, 5, 3.891098
31.71983, True, 5, 4.070702
31.73059, True, 5, 3.715834
31.74239, True, 5, 3.625029
31.752, True, 5, 3.581632
31.76397, True, 5, 3.527362
31.77898, True, 5, 4.292527
31.79002, True, 5, 4.014987
31.80087, True, 5, 3.767855
31.81212, True, 5, 3.74074
31.82479, True, 5, 4.015474
31.83476, True, 5, 7.401772
31.88552, True, 5, 6.44431
31.91768, True, 5, 3.283202
31.92789, True, 5, 2.414754
31.94008, True, 5, 2.096689
31.95079, True, 5, 3.776958
31.96149, True, 5, 5.19867
31.97322, True, 5, 4.514173
31.98435, True, 5, 3.89721
31.99486, True, 5, 2.672247
32.00528, True, 5, 3.255077
32.01566, True, 5, 3.953191
32.02726, True, 5, 5.249475
32.03853, True, 5, 3.94118
32.04939, True, 5, 3.797748
32.06029, True, 5, 3.716465
32.07135, True, 5, 3.527244
32.08264, True, 5, 3.745727
32.09388, True, 5, 2.518449
32.10605, True, 5, 2.455667
32.11835, True, 5, 2.47318
32.12968, True, 5, 2.364673
32.1401, True, 5, 2.53117
32.14978, True, 5, 2.345952
32.16029, True, 5, 2.40511
32.17277, True, 5, 2.325331
32.18242, True, 5, 2.267953
32.19353, True, 5, 1.604548
32.20486, True, 5, 1.363247
32.21643, True, 5, 1.267906
32.228, True, 5, 1.217499
32.23803, True, 5, 1.162195
32.24907, True, 5, 1.123725
32.26294, True, 5, 1.159382
32.27417, True, 5, 1.122299
32.28524, True, 5, 1.061496
32.2975, True, 5, 1.033522
32.30764, True, 5, 1.016846
32.31768, True, 5, 1.000349
32.32859, True, 5, 0.9038251
32.34021, True, 5, 0.8911318
32.35279, True, 5, 0.8651201
32.36275, True, 5, 0.8542672
32.37485, True, 5, 0.8638421
32.38549, True, 5, 0.9069789
32.39715, True, 5, 0.9016801
32.40821, True, 5, 0.9116378
32.41971, True, 5, 0.9093562
32.43119, True, 5, 0.90781
32.44355, True, 5, 0.9348218
32.45538, True, 5, 0.9266723
32.46439, True, 5, 0.9368148
32.4752, True, 5, 0.9350961
32.4866, True, 5, 0.8954199
32.49874, True, 5, 0.8990631
32.50951, True, 5, 0.8748726
32.52063, True, 5, 0.7582986
32.53265, True, 5, 0.7532637
32.5446, True, 5, 0.7399946
32.55603, True, 5, 0.7415072
32.56787, True, 5, 0.7402612
32.57743, True, 5, 0.7287377
32.58895, True, 5, 0.7357615
32.60101, True, 5, 0.7413498
32.61255, True, 5, 0.7252713
32.6241, True, 5, 0.7227932
32.6347, True, 5, 0.6807601
32.64682, True, 5, 0.6853436
32.65839, True, 5, 0.8489102
32.67198, True, 5, 0.8485633
32.6839, True, 5, 0.8935503
32.69537, True, 5, 0.8588893
32.70744, True, 5, 0.8692176
32.7179, True, 5, 0.8780317
32.73025, True, 5, 0.8558688
32.74412, True, 5, 0.8470079
32.75476, True, 5, 0.8529503
32.76703, True, 5, 0.8585615
32.77707, True, 5, 0.8513281
32.78865, True, 5, 0.8463658
32.80038, True, 5, 0.8660213
32.81129, True, 5, 0.8527676
32.82291, True, 5, 0.8266793
32.8343, True, 5, 0.8177297
32.84502, True, 5, 0.8160715
32.85535, True, 5, 0.8075333
32.8665, True, 5, 0.8122326
32.87723, True, 5, 0.6924728
32.88797, True, 5, 0.854147
32.89901, True, 5, 0.8798087
32.90857, True, 5, 0.9373111
32.91902, True, 5, 0.9377641
32.92966, True, 5, 0.9413185
32.94085, True, 5, 0.9473798
32.95088, True, 5, 0.9720637
32.96222, True, 5, 0.8897309
32.97284, True, 5, 0.8803553
32.98414, True, 5, 0.8776461
32.99514, True, 5, 0.8672186
33.00449, True, 5, 0.8675562
33.01624, True, 5, 0.8766861
33.02656, True, 5, 0.8534508
33.03902, True, 5, 0.8225111
33.04922, True, 5, 0.8151895
33.19322, True, 5, 2.56099
33.20419, True, 5, 1.485605
33.21555, True, 5, 1.236839
33.22703, True, 5, 1.971406
33.23857, True, 5, 1.876051
33.24964, True, 5, 1.669169
33.26397, True, 5, 1.37291
33.27603, True, 5, 1.133272
33.28573, True, 5, 1.200203
33.29629, True, 5, 1.694525
33.30692, True, 5, 1.93799
33.31762, True, 5, 1.802079
33.32934, True, 5, 2.95899
33.34064, True, 5, 2.611072
33.35238, True, 5, 2.497597
33.36355, True, 5, 2.37043
33.37504, True, 5, 2.255478
33.38543, True, 5, 1.568934
33.39702, True, 5, 1.64032
33.40765, True, 5, 1.55102
33.4188, True, 5, 1.559594
33.43003, True, 5, 1.589938
33.44124, True, 5, 1.629191
33.45231, True, 5, 1.82774
33.46308, True, 5, 1.918681
33.47439, True, 5, 2.542333
33.48542, True, 5, 2.381212
33.4969, True, 5, 2.374532
33.50909, True, 5, 2.354527
33.51877, True, 5, 3.399967
33.53105, True, 5, 4.421171
33.55202, True, 5, 1.358267
33.56356, True, 5, 4.153565
33.57445, True, 5, 3.388808
33.58532, True, 5, 8.375913
33.59646, True, 5, 4.286893
33.60758, True, 5, 4.627336
33.64086, True, 5, 8.576815
33.69733, True, 5, 6.282997
33.75345, True, 5, 6.748297
33.76486, True, 5, 5.350536
33.81421, True, 5, 1.704768
33.82623, True, 5, 6.949084
34.0822, True, 5, 0
34.20479, True, 5, 6.006285
34.21573, True, 5, 0.9004385
34.22698, True, 5, 1.096748
34.2376, True, 5, 1.134865
34.24934, True, 5, 1.701881
34.26403, True, 5, 1.980595
34.27587, True, 5, 2.725623
34.28769, True, 5, 3.44196
34.29811, True, 5, 5.005749
34.31787, True, 5, 3.504241
34.32832, True, 5, 1.817065
34.34047, True, 5, 1.548017
34.61587, True, 5, 7.781345
34.66515, True, 5, 8.145368
34.67594, True, 5, 7.64298
34.68564, True, 5, 6.682429
34.6975, True, 5, 6.384233
34.71952, True, 5, 4.501987
34.73076, True, 5, 4.628023
34.74276, True, 5, 6.477204
34.7637, True, 5, 8.94106
34.7739, True, 5, 7.515218
34.79593, True, 5, 6.75981
34.8064, True, 5, 6.982182
34.81793, True, 5, 6.411743
34.82836, True, 5, 6.728324
34.83946, True, 5, 5.926871
34.85072, True, 5, 5.664196
34.86156, True, 5, 5.094246
34.8726, True, 5, 6.495405
35.02893, True, 5, 5.409267
35.04021, True, 5, 6.452982
35.05148, True, 5, 4.841705
35.06331, True, 5, 5.894313
35.08515, True, 5, 5.970133
35.10752, True, 5, 8.276917
35.18561, True, 5, 5.427596
35.19724, True, 5, 5.36267
35.20884, True, 5, 5.641943
35.2198, True, 5, 8.517277
35.26377, True, 5, 5.12548
35.27528, True, 5, 4.271714
35.2862, True, 5, 4.477533
35.29745, True, 5, 3.761429
35.30897, True, 5, 4.773233
35.31908, True, 5, 4.64057
35.33011, True, 5, 3.870318
35.34323, True, 5, 2.89576
35.35439, True, 5, 2.668426
35.36496, True, 5, 2.46708
35.37597, True, 5, 2.585846
35.38602, True, 5, 2.94183
35.39699, True, 5, 2.767819
35.40822, True, 5, 2.960053
35.41933, True, 5, 2.451725
35.43068, True, 5, 1.647211
35.44212, True, 5, 1.680679
35.45442, True, 5, 1.674404
35.46657, True, 5, 1.571444
35.47722, True, 5, 1.753563
35.48767, True, 5, 1.739692
35.50018, True, 5, 1.707904
35.51595, True, 5, 1.677577
35.52657, True, 5, 1.672531
35.53921, True, 5, 1.690751
35.55048, True, 5, 1.534069
35.56099, True, 5, 1.582508
35.57256, True, 5, 1.565573
35.58249, True, 5, 4.852316
35.82533, True, 5, 2.120821
35.83639, True, 5, 7.682051
36.0392, True, 5, 9.238652
36.09639, True, 5, 8.800181
39.14749, False, 0, 3.173441
39.41646, False, 0, 7.404941
39.45047, False, 0, 7.238897
39.46152, False, 0, 9.855986
39.53987, False, 0, 1.553123
39.55099, False, 0, 1.418534
39.5624, False, 0, 1.52482
39.5734, False, 0, 1.524641
39.5841, False, 0, 1.536789
39.59513, False, 0, 1.579882
39.60661, False, 0, 2.534903
39.61767, False, 0, 6.66414
39.6285, False, 0, 7.179913
39.64008, False, 0, 7.085514
39.65098, False, 0, 5.486968
39.66172, False, 0, 7.10879
39.88395, False, 0, 2.628359
39.89624, False, 0, 2.637821
39.90777, False, 0, 2.675173
39.91892, False, 0, 2.463186
40.23871, False, 0, 8.665032
40.24982, False, 0, 8.09024
40.26091, False, 0, 7.272279
40.27298, False, 0, 8.500427
40.2833, False, 0, 9.387171
40.29473, False, 0, 8.453383
40.30584, False, 0, 8.869637
40.32793, False, 0, 3.627739
40.33879, False, 0, 6.31396
40.35086, False, 0, 7.537257
40.38526, False, 0, 9.184882
40.39644, False, 0, 8.462308
40.40807, False, 0, 7.903862
40.41788, False, 0, 8.465466
40.42931, False, 0, 8.104558
40.44009, False, 0, 7.160197
40.45034, False, 0, 7.221003
40.46087, False, 0, 7.196692
40.47266, False, 0, 6.922278
40.48239, False, 0, 6.743355
40.49284, False, 0, 6.277226
40.50544, False, 0, 6.491516
40.51569, False, 0, 6.617576
40.52658, False, 0, 8.607878
40.53875, False, 0, 7.483251
40.55038, False, 0, 7.967978
40.56153, False, 0, 8.250037
40.57279, False, 0, 8.501813
40.58438, False, 0, 9.595483
40.59563, False, 0, 9.594386
40.69364, False, 0, 8.150954
40.93989, False, 0, 4.813169
40.95113, False, 0, 5.024555
40.96252, False, 0, 5.109125
40.97426, False, 0, 5.196786
40.98503, False, 0, 4.986943
40.99646, False, 0, 5.39073
41.00738, False, 1, 5.785571
41.01639, False, 1, 3.214458
41.02896, False, 1, 4.313379
41.04092, False, 1, 5.156115
41.05176, False, 1, 5.410806
41.0628, False, 1, 5.318541
41.07374, False, 1, 4.829443
41.08465, False, 1, 5.673036
41.09604, False, 1, 6.60284
41.10757, False, 1, 7.575478
41.11823, False, 1, 6.672456
41.12724, False, 1, 6.477189
41.13823, False, 1, 6.229038
41.14931, False, 1, 6.990711
41.16032, False, 1, 5.999569
41.17245, False, 1, 6.25688
41.18285, False, 1, 7.417114
41.19363, False, 1, 6.852458
41.20604, False, 1, 6.572683
41.21608, False, 1, 5.638866
41.2274, False, 1, 4.620879
41.23922, False, 1, 4.503895
41.2493, False, 1, 4.216951
41.29337, False, 1, 8.812248
41.31581, False, 1, 6.095572
41.34963, False, 1, 6.888573
41.36086, False, 1, 6.900913
41.37219, False, 1, 7.286647
41.3826, False, 1, 6.076724
41.39387, False, 1, 6.08813
41.40512, False, 1, 6.41654
41.41601, False, 1, 6.549251
41.43579, False, 1, 7.049056
41.44698, False, 1, 6.441096
41.45633, False, 1, 6.267215
41.46769, False, 1, 6.981507
41.47793, False, 1, 7.604182
41.48933, False, 1, 7.966601
41.50034, False, 1, 8.028547
41.51232, False, 1, 7.470531
41.52434, False, 1, 6.836487
41.53445, False, 1, 6.651737
41.54535, False, 1, 6.061834
41.55573, False, 1, 7.551953
41.56685, False, 1, 7.734974
41.5783, False, 1, 7.880764
41.58979, False, 1, 8.488235
41.6621, False, 1, 5.499884
41.67271, False, 1, 7.62831
42.0585, False, 1, 5.741254
42.06866, False, 1, 3.442738
42.08026, False, 1, 2.534762
42.09151, False, 1, 2.598467
42.10283, False, 1, 5.648767
42.11405, False, 1, 7.472958
42.12592, False, 1, 7.609498
42.13675, False, 1, 3.786626
42.14816, False, 1, 4.877807
42.15987, False, 1, 4.253399
42.17073, False, 1, 6.277406
42.18223, False, 1, 5.101097
42.19303, False, 1, 7.739349
42.20488, False, 1, 8.113063
42.21664, False, 1, 8.035694
42.37172, False, 1, 6.668846
42.39366, False, 1, 4.459357
42.40447, False, 1, 5.481371
42.41642, False, 1, 3.833837
42.4277, False, 1, 3.908444
42.43854, False, 1, 3.789663
42.45039, False, 1, 2.673619
42.46201, False, 1, 2.764306
42.47403, False, 1, 2.740063
42.48397, False, 1, 2.262141
42.49486, False, 1, 2.292578
42.5057, False, 1, 2.238132
42.51742, False, 1, 2.100687
42.52909, False, 1, 2.190382
42.53933, False, 1, 2.003165
42.55155, False, 1, 1.749309
42.56391, False, 1, 1.71223
42.57804, False, 1, 1.464489
42.58936, False, 1, 2.003085
42.60081, False, 1, 2.55452
42.61185, False, 1, 2.015577
42.62379, False, 1, 1.830849
42.63399, False, 1, 1.870075
42.64509, False, 1, 1.887447
42.6568, False, 1, 1.784535
42.66739, False, 1, 1.741288
42.67819, False, 1, 1.789475
42.68966, False, 1, 1.778068
42.70039, False, 1, 1.735651
42.71226, False, 1, 1.65403
42.7228, False, 1, 1.736845
42.73379, False, 1, 1.689469
42.74489, False, 1, 1.684724
42.75603, False, 1, 1.684937
42.76707, False, 1, 1.729747
42.77828, False, 1, 1.668941
42.78944, False, 1, 1.458608
42.80099, False, 1, 1.489208
42.81152, False, 1, 1.491382
42.82274, False, 1, 1.510859
42.83407, False, 1, 1.4676
42.8449, False, 1, 1.465542
42.85624, False, 1, 1.465515
42.86752, False, 1, 1.502148
42.87946, False, 1, 1.495755
42.8908, False, 1, 1.465338
42.90119, False, 1, 1.472214
42.91167, False, 1, 1.496656
42.92298, False, 1, 1.495572
42.93384, False, 1, 1.462456
42.94541, False, 1, 1.431917
42.95668, False, 1, 1.407623
42.96792, False, 1, 1.538482
42.98097, False, 1, 1.528623
42.99234, False, 1, 1.630484
43.00356, False, 1, 1.768754
43.01467, False, 1, 1.422998
43.02626, False, 1, 1.452447
43.03886, False, 1, 1.265285
43.05318, False, 1, 1.237296
43.06357, False, 1, 1.267202
43.07336, False, 1, 1.218742
43.08401, False, 1, 1.157161
43.0965, False, 1, 1.140036
43.10701, False, 1, 1.11649
43.1172, False, 1, 1.063009
43.12959, False, 1, 1.035151
43.14047, False, 1, 1.033039
43.15125, False, 1, 1.031212
43.16301, False, 1, 1.006342
43.17371, False, 1, 1.007152
43.18327, False, 1, 0.9921737
43.1923, False, 1, 0.9906837
43.20338, False, 1, 0.9702995
43.21497, False, 1, 0.9890798
43.22619, False, 1, 0.9705714
43.23653, False, 1, 1.020565
43.24789, False, 1, 1.021968
43.25749, False, 1, 1.013441
43.26902, False, 1, 1.00573
43.27964, False, 1, 0.9847515
43.28934, False, 1, 0.9499985
43.3, False, 1, 0.9393151
43.31132, False, 1, 0.9435409
43.32249, False, 1, 0.9188843
43.33772, False, 1, 0.9320897
43.34888, False, 1, 0.9186767
43.36164, False, 1, 0.9122957
43.37262, False, 1, 0.9137647
43.38236, False, 1, 0.8831542
43.39188, False, 1, 0.8729908
43.40427, False, 1, 0.881264
43.41589, False, 1, 0.8274203
43.42712, False, 1, 1.30654
43.4385, False, 1, 1.094595
43.44917, False, 1, 1.065295
43.46025, False, 1, 1.115491
43.47117, False, 1, 1.206008
43.48124, False, 1, 1.309837
43.49255, False, 1, 1.266011
43.50243, False, 1, 1.313572
43.51385, False, 1, 1.380823
43.52878, False, 1, 1.316957
43.53996, False, 1, 1.358714
43.54984, False, 1, 1.585513
43.55863, False, 1, 3.064821
43.56982, False, 1, 2.22747
43.58069, False, 1, 2.14441
43.59311, False, 1, 1.627053
43.60381, False, 1, 1.525615
43.61403, False, 1, 1.540884
43.62354, False, 1, 1.601671
43.63376, False, 1, 1.587044
43.64547, False, 1, 1.710908
43.65635, False, 1, 1.780219
43.66728, False, 1, 1.969238
43.67763, False, 1, 1.993323
43.68898, False, 1, 2.04401
43.69953, False, 1, 2.249183
43.7107, False, 1, 2.352006
43.72269, False, 1, 2.198642
43.73419, False, 1, 3.318431
43.7459, False, 1, 3.430975
43.75677, False, 1, 3.585134
43.76908, False, 1, 3.10529
43.78072, False, 1, 3.050643
43.7923, False, 1, 3.234119
43.80403, False, 1, 3.182343
43.81562, False, 1, 3.149248
43.82546, False, 1, 3.031268
43.83812, False, 1, 3.029229
43.84757, False, 1, 3.235534
43.85639, False, 1, 3.161635
43.86715, False, 1, 2.705044
43.87842, False, 1, 2.872231
43.88991, False, 1, 3.001253
43.89996, False, 1, 2.932367
43.91206, False, 1, 2.688558
43.92435, False, 1, 3.985943
43.93632, False, 1, 5.049881
43.9478, False, 1, 3.046963
44.36863, False, 1, 8.129231
44.39091, False, 1, 5.454002
44.40236, False, 1, 6.592077
44.41361, False, 1, 6.133658
44.42485, False, 1, 3.194446
44.43605, False, 1, 3.624607
44.44747, False, 1, 3.95664
44.45908, False, 1, 4.737669
44.46981, False, 1, 5.243
44.48112, False, 1, 5.033314
44.49266, False, 1, 4.533496
44.50399, False, 1, 4.416913
44.515, False, 1, 3.387638
44.52604, False, 1, 3.967365
44.54871, False, 1, 6.920336
44.67155, False, 1, 8.647562
44.68215, False, 1, 7.028752
44.69254, False, 1, 6.771639
44.70927, False, 1, 6.237733
44.71925, False, 1, 4.578617
44.73079, False, 1, 4.59068
44.73949, False, 1, 3.951673
44.74903, False, 1, 4.315552
44.75884, False, 1, 4.341279
44.77183, False, 1, 3.767267
44.78236, False, 1, 4.480854
44.79185, False, 1, 3.851898
44.80367, False, 1, 3.831969
44.81512, False, 1, 3.936348
44.82502, False, 1, 4.952635
44.8368, False, 1, 2.116755
44.84721, False, 1, 3.018096
44.85741, False, 1, 4.195414
44.87026, False, 1, 4.678239
44.88329, False, 1, 5.193607
44.89503, False, 1, 4.748899
44.90392, False, 1, 4.445082
44.91468, False, 1, 4.717533
44.92386, False, 1, 6.716214
44.93612, False, 1, 9.946801
44.94807, False, 1, 5.533119
44.95897, False, 1, 3.84378
44.96958, False, 1, 5.607489
44.97931, False, 1, 5.440367
44.98855, False, 1, 3.698523
44.99887, False, 1, 3.217796
45.01017, False, 1, 4.135511
45.02166, False, 1, 3.83147
45.03207, False, 1, 6.012616
45.04309, False, 1, 9.545727
45.05442, False, 1, 7.005669
45.06599, False, 1, 2.052602
45.0779, False, 1, 1.710167
45.08819, False, 1, 3.012851
45.09866, False, 1, 1.567435
45.10968, False, 1, 1.52383
45.12107, False, 1, 1.72991
45.13605, False, 1, 1.765574
45.14678, False, 1, 1.907321
45.15727, False, 1, 1.708609
45.16968, False, 1, 1.761836
45.18102, False, 1, 1.696769
45.19332, False, 1, 1.829327
45.20463, False, 1, 1.826015
45.21518, False, 1, 1.894854
45.22429, False, 1, 1.851339
45.23499, False, 1, 1.875202
45.24652, False, 1, 1.897721
45.25675, False, 1, 1.933503
45.26719, False, 1, 1.877563
45.27703, False, 1, 2.050564
45.28905, False, 1, 2.132771
45.30016, False, 1, 2.169649
45.3121, False, 1, 2.130231
45.32248, False, 1, 2.171963
45.33314, False, 1, 2.092284
45.34516, False, 1, 2.822148
45.35681, False, 1, 3.045666
45.36655, False, 1, 6.436425
45.37822, False, 1, 4.8392
45.39967, False, 1, 7.259571
45.41243, False, 1, 4.948869
45.42257, False, 1, 3.684985
45.4346, False, 1, 3.629031
45.44602, False, 1, 3.427855
45.45681, False, 1, 3.229745
45.46653, False, 1, 3.278954
45.47802, False, 1, 3.173014
45.48862, False, 1, 3.184982
45.49963, False, 1, 3.290134
45.51085, False, 1, 3.109016
45.52308, False, 1, 3.03025
45.53301, False, 1, 2.590648
45.54438, False, 1, 2.564262
45.55499, False, 1, 2.499115
45.56659, False, 1, 2.625356
45.57767, False, 1, 2.681834
45.58902, False, 1, 2.776342
45.60049, False, 1, 2.984047
45.61357, False, 1, 3.111779
45.62391, False, 1, 5.796455
45.6358, False, 1, 5.594706
45.64687, False, 1, 5.887235
45.65687, False, 1, 6.229692
45.66834, False, 1, 6.602852
45.67953, False, 1, 8.213587
45.69105, False, 1, 8.603044
45.70313, False, 1, 7.917038
45.71477, False, 1, 7.82376
45.72662, False, 1, 6.861317
45.73679, False, 1, 7.304897
45.7474, False, 1, 6.972579
45.75897, False, 1, 7.549896
45.77015, False, 1, 8.440178
45.78258, False, 1, 7.590994
45.79502, False, 1, 7.611567
45.80676, False, 1, 7.622663
45.81747, False, 1, 7.680104
45.82858, False, 1, 7.798551
45.84038, False, 1, 7.457819
45.84945, False, 1, 6.620594
45.86116, False, 1, 7.427004
45.87308, False, 1, 7.001075
45.88536, False, 1, 6.478795
45.89654, False, 1, 6.375274
45.90684, False, 1, 6.5024
45.91742, False, 1, 3.271652
45.9287, False, 1, 5.144992
45.94084, False, 1, 1.510746
45.95233, False, 1, 4.5058
45.96368, False, 1, 6.242241
45.97527, False, 1, 2.818506
45.9859, False, 1, 1.983976
45.99643, False, 1, 1.954424
46.00706, False, 1, 1.92781
46.01858, False, 2, 1.878905
46.02975, False, 2, 1.89211
46.04083, False, 2, 1.883684
46.053, False, 2, 1.875998
46.06236, False, 2, 1.917348
46.07275, False, 2, 1.961491
46.08249, False, 2, 2.040724
46.09665, False, 2, 2.097196
46.10743, False, 2, 2.388087
46.11744, False, 2, 2.267218
46.12941, False, 2, 2.349919
46.13942, False, 2, 2.320888
46.15228, False, 2, 2.355537
46.16403, False, 2, 2.366479
46.17512, False, 2, 2.329139
46.18646, False, 2, 2.276643
46.19806, False, 2, 2.213063
46.2076, False, 2, 2.3779
46.21777, False, 2, 2.084758
46.22879, False, 2, 2.127973
46.23976, False, 2, 2.172644
46.24956, False, 2, 2.143237
46.26058, False, 2, 2.03613
46.27153, False, 2, 2.060675
46.2833, False, 2, 2.003448
46.29449, False, 2, 2.058775
46.30481, False, 2, 1.988246
46.31571, False, 2, 1.908886
46.32819, False, 2, 1.880042
46.3398, False, 2, 1.850479
46.35017, False, 2, 1.878453
46.36185, False, 2, 1.831423
46.37229, False, 2, 1.766665
46.38324, False, 2, 1.860695
46.39399, False, 2, 1.896969
46.40533, False, 2, 2.56651
46.52218, False, 2, 7.622532
46.53295, False, 2, 5.552198
46.544, False, 2, 5.380468
46.55531, False, 2, 4.967942
46.56503, False, 2, 3.843159
46.57592, False, 2, 4.128511
46.58704, False, 2, 3.697382
46.60429, False, 2, 3.479466
46.61805, False, 2, 3.413104
46.62903, False, 2, 3.404037
46.64058, False, 2, 3.329231
46.652, False, 2, 2.911438
46.66423, False, 2, 3.158988
46.67494, False, 2, 2.938981
46.68727, False, 2, 2.794056
46.69809, False, 2, 2.925067
46.70895, False, 2, 1.914901
46.72035, False, 2, 2.35217
46.73132, False, 2, 2.066419
46.74258, False, 2, 2.666429
46.75369, False, 2, 2.211936
46.76502, False, 2, 1.899815
46.77763, False, 2, 2.038291
46.78891, False, 2, 2.403634
46.79843, False, 2, 6.768508
46.80902, False, 2, 8.8017
46.83139, False, 2, 2.929897
46.84223, False, 2, 3.694357
46.85364, False, 2, 3.213965
46.8647, False, 2, 3.184518
46.8758, False, 2, 5.553789
46.88662, False, 2, 5.02355
46.89818, False, 2, 2.868353
46.91082, False, 2, 1.354345
46.92339, False, 2, 1.41892
46.93438, False, 2, 1.405596
46.94466, False, 2, 1.413177
46.95437, False, 2, 1.893116
46.96462, False, 2, 1.953135
46.9766, False, 2, 1.766126
46.98751, False, 2, 1.802831
47.00053, False, 2, 1.816947
47.0115, False, 2, 1.586071
47.02091, False, 2, 1.569555
47.03124, False, 2, 1.533303
47.04261, False, 2, 1.463404
47.05353, False, 2, 1.473012
47.06462, False, 2, 1.508798
47.07938, False, 2, 1.589423
47.08955, False, 2, 1.596223
47.10088, False, 2, 1.633363
47.11144, False, 2, 1.651911
47.12248, False, 2, 1.649279
47.13253, False, 2, 1.628846
47.14271, False, 2, 1.636229
47.15421, False, 2, 1.631809
47.16523, False, 2, 1.5065
47.17661, False, 2, 1.506021
47.18836, False, 2, 1.453368
47.19967, False, 2, 1.420241
47.211, False, 2, 1.416056
47.22238, False, 2, 1.353228
47.23396, False, 2, 1.255611
47.24642, False, 2, 1.225926
47.25732, False, 2, 1.1868
47.26916, False, 2, 1.055266
47.27975, False, 2, 1.059007
47.29075, False, 2, 1.080569
47.30239, False, 2, 1.047948
47.31321, False, 2, 1.045777
47.32508, False, 2, 1.028765
47.33672, False, 2, 1.004835
47.34687, False, 2, 1.219865
47.35813, False, 2, 1.478241
47.36875, False, 2, 1.411311
47.37981, False, 2, 1.474935
47.39139, False, 2, 0.9459749
47.40365, False, 2, 0.9869191
47.41426, False, 2, 1.066548
47.42673, False, 2, 1.245152
47.43801, False, 2, 1.126203
47.44739, False, 2, 1.162414
47.45765, False, 2, 1.129539
47.46946, False, 2, 1.062347
47.48046, False, 2, 1.089534
47.49133, False, 2, 0.9020396
47.50222, False, 2, 0.8883194
47.5136, False, 2, 0.8267403
47.52542, False, 2, 0.7635049
47.54063, False, 2, 0.7559839
47.55197, False, 2, 0.7451781
47.56258, False, 2, 0.7790397
47.57323, False, 2, 0.7382834
47.58262, False, 2, 0.7291355
47.59393, False, 2, 0.7363063
47.60493, False, 2, 0.7278731
47.6153, False, 2, 0.7046452
47.62521, False, 2, 0.7517605
47.63588, False, 2, 0.7555529
47.64743, False, 2, 0.7596789
47.65779, False, 2, 0.7715268
47.66949, False, 2, 0.7813884
47.68042, False, 2, 0.773488
47.69131, False, 2, 0.771179
47.70241, False, 2, 0.7718397
47.71348, False, 2, 0.7914743
47.7238, False, 2, 0.770978
47.73507, False, 2, 0.7715915
47.74586, False, 2, 0.7685773
47.75684, False, 2, 0.7283419
47.76849, False, 2, 0.7296946
47.78099, False, 2, 0.7326393
47.7909, False, 2, 0.7331677
47.80225, False, 2, 0.7309186
47.81201, False, 2, 0.7330319
47.8224, False, 2, 0.7304183
47.83294, False, 2, 0.7265031
47.84362, False, 2, 0.7374274
47.85554, False, 2, 0.7137707
47.86564, False, 2, 0.7155641
47.87687, False, 2, 0.8729485
47.88757, False, 2, 0.7462487
47.89738, False, 2, 0.6499559
47.90865, False, 2, 0.8273675
47.91969, False, 2, 0.8226784
47.9309, False, 2, 0.7921314
47.94266, False, 2, 0.7752184
47.95305, False, 2, 0.7801684
47.96422, False, 2, 0.7756187
47.97562, False, 2, 0.7649713
47.992, False, 2, 0.7468772
48.00315, False, 2, 0.744951
48.01459, False, 2, 0.7463745
48.02644, False, 2, 0.7496049
48.03796, False, 2, 0.7381135
48.04847, False, 2, 0.751105
48.05969, False, 2, 0.751151
48.07032, False, 2, 0.7376776
48.08043, False, 2, 0.7470164
48.09092, False, 2, 0.734616
48.10203, False, 2, 0.7285958
48.1125, False, 2, 0.7314616
48.12303, False, 2, 0.7544382
48.13467, False, 2, 0.7301413
48.14627, False, 2, 0.7608441
48.15688, False, 2, 0.7542597
48.16743, False, 2, 0.8358663
48.17751, False, 2, 1.051913
48.18804, False, 2, 0.8635404
48.19812, False, 2, 1.17252
48.21034, False, 2, 0.9882569
48.2226, False, 2, 1.048879
48.23354, False, 2, 1.045046
48.24461, False, 2, 1.051409
48.25438, False, 2, 1.071093
48.265, False, 2, 1.051032
48.27577, False, 2, 1.054416
48.28823, False, 2, 1.056998
48.29926, False, 2, 1.068781
48.30936, False, 2, 1.096253
48.32054, False, 2, 1.120409
48.33147, False, 2, 1.32578
48.3432, False, 2, 1.287597
48.3553, False, 2, 1.311069
48.36597, False, 2, 1.32123
48.37706, False, 2, 1.295003
48.3872, False, 2, 1.218073
48.39844, False, 2, 1.470381
48.40973, False, 2, 1.397741
48.42097, False, 2, 1.371211
48.43219, False, 2, 1.624795
48.44386, False, 2, 1.76898
48.45684, False, 2, 1.893874
48.46642, False, 2, 1.900214
48.47766, False, 2, 1.77062
48.48882, False, 2, 1.688938
48.50008, False, 2, 1.670341
48.51158, False, 2, 1.68073
48.52251, False, 2, 1.72271
48.53409, False, 2, 1.632361
48.54527, False, 2, 1.614219
48.55692, False, 2, 1.600415
48.5678, False, 2, 1.600752
48.57942, False, 2, 1.60894
48.59068, False, 2, 1.689964
48.60192, False, 2, 1.690007
48.61312, False, 2, 1.722499
48.62433, False, 2, 1.930925
48.63582, False, 2, 1.957689
48.64686, False, 2, 1.922656
48.65783, False, 2, 1.870676
48.6694, False, 2, 1.872251
48.68057, False, 2, 1.869521
48.69123, False, 2, 1.848432
48.70236, False, 2, 1.859341
48.71362, False, 2, 1.828545
48.72417, False, 2, 3.827067
48.73555, False, 2, 3.825772
48.74694, False, 2, 4.34462
48.75827, False, 2, 3.915814
48.77123, False, 2, 3.851252
48.78229, False, 2, 4.141944
48.79462, False, 2, 2.414803
48.80537, False, 2, 2.423449
48.8158, False, 2, 2.336456
48.82747, False, 2, 2.281126
48.83852, False, 2, 2.316986
48.84918, False, 2, 2.192283
48.85997, False, 2, 2.148493
48.87145, False, 2, 2.097186
48.88154, False, 2, 2.066648
48.89233, False, 2, 1.442268
48.90247, False, 2, 1.99152
49.15265, False, 2, 8.681026
49.17514, False, 2, 3.669824
49.18631, False, 2, 2.822164
49.19803, False, 2, 4.254297
49.23085, False, 2, 7.374537
49.24183, False, 2, 5.438992
49.25285, False, 2, 5.039621
49.26438, False, 2, 6.773799
49.27559, False, 2, 7.331447
49.28669, False, 2, 6.927852
49.29799, False, 2, 5.494343
49.30944, False, 2, 4.988664
49.32082, False, 2, 5.417981
49.33173, False, 2, 3.229059
49.34352, False, 2, 3.579018
49.35476, False, 2, 3.688702
49.366, False, 2, 4.928119
49.37703, False, 2, 4.66887
49.38848, False, 2, 5.106837
49.40021, False, 2, 7.127318
49.43396, False, 2, 5.848042
49.4453, False, 2, 5.423172
49.45645, False, 2, 5.964517
49.46805, False, 2, 6.006939
49.48222, False, 2, 2.965189
49.49338, False, 2, 2.814772
49.50449, False, 2, 2.793885
49.51436, False, 2, 2.968353
49.52562, False, 2, 2.61217
49.53696, False, 2, 2.327448
49.55282, False, 2, 2.326897
49.56332, False, 2, 1.870641
49.5742, False, 2, 2.330632
49.58587, False, 2, 2.173619
49.59673, False, 2, 2.429192
49.60779, False, 2, 2.37325
49.62003, False, 2, 2.272646
49.63064, False, 2, 4.560492
49.6744, False, 2, 5.760916
49.68521, False, 2, 4.217124
49.69654, False, 2, 3.692632
49.70784, False, 2, 5.183632
49.7201, False, 2, 5.084565
49.73013, False, 2, 4.128474
49.74103, False, 2, 5.277295
49.75222, False, 2, 5.977762
49.76319, False, 2, 6.973565
50.15702, False, 2, 9.348409
50.16851, False, 2, 9.710804
50.17998, False, 2, 6.226159
50.19049, False, 2, 3.444886
50.20237, False, 2, 3.257364
50.2125, False, 2, 3.048817
50.22369, False, 2, 2.436928
50.23496, False, 2, 2.329715
50.24707, False, 2, 2.055686
50.2681, False, 2, 7.050729
50.28009, False, 2, 3.451058
50.29063, False, 2, 4.820741
50.30256, False, 2, 4.454901
50.31264, False, 2, 3.432076
50.32363, False, 2, 3.390996
50.33476, False, 2, 3.780822
50.34556, False, 2, 4.23009
50.35692, False, 2, 3.887916
50.36808, False, 2, 3.852355
50.38003, False, 2, 4.018637
50.39314, False, 2, 4.021556
50.40506, False, 2, 4.397242
50.41615, False, 2, 3.927013
50.42656, False, 2, 1.873813
50.43835, False, 2, 1.899919
50.44867, False, 2, 1.871407
50.45931, False, 2, 1.842768
50.47155, False, 2, 1.782326
50.48088, False, 2, 1.810298
50.49063, False, 2, 1.7817
50.50115, False, 2, 1.747975
50.5136, False, 2, 1.767128
50.52387, False, 2, 1.972636
50.53632, False, 2, 2.045382
50.54673, False, 2, 2.121841
50.56239, False, 2, 2.223962
50.57383, False, 2, 2.656618
50.58352, False, 2, 2.550993
50.5938, False, 2, 2.098636
50.60501, False, 2, 2.23684
50.6158, False, 2, 2.08911
50.62624, False, 2, 2.173702
50.63775, False, 2, 2.145226
50.64873, False, 2, 1.610924
50.65916, False, 2, 1.782545
50.67014, False, 2, 1.793301
50.68058, False, 2, 1.598331
50.68934, False, 2, 1.740805
50.69977, False, 2, 1.617454
50.71199, False, 2, 1.676093
50.72267, False, 2, 1.746226
50.73513, False, 2, 1.813815
50.74706, False, 2, 1.953306
50.7563, False, 2, 1.954691
50.76726, False, 2, 1.922511
50.77771, False, 2, 1.834288
50.78805, False, 2, 2.246558
50.79758, False, 2, 2.448219
50.8089, False, 2, 2.35883
50.81861, False, 2, 2.684854
50.83012, False, 2, 2.380853
50.84042, False, 2, 2.197913
50.8516, False, 2, 2.343626
50.86277, False, 2, 2.36767
50.87409, False, 2, 2.399262
50.88469, False, 2, 2.417923
50.89674, False, 2, 2.424873
50.9071, False, 2, 2.399658
50.91838, False, 2, 2.334346
50.92968, False, 2, 2.285107
50.94048, False, 2, 2.221
50.95158, False, 2, 2.244213
50.96255, False, 2, 2.202019
50.97372, False, 2, 2.287632
50.98536, False, 2, 2.281423
50.99584, False, 2, 2.283892
51.04059, False, 3, 3.389432
51.05182, False, 3, 3.814035
51.06337, False, 3, 3.945684
51.07407, False, 3, 6.390575
51.08599, False, 3, 3.986684
51.09721, False, 3, 2.942427
51.10849, False, 3, 2.995601
51.11905, False, 3, 2.841247
51.13085, False, 3, 2.714484
51.14213, False, 3, 2.728003
51.15307, False, 3, 2.728118
51.16433, False, 3, 3.106398
51.17556, False, 3, 3.609157
51.18705, False, 3, 4.236228
51.19835, False, 3, 3.74705
51.21007, False, 3, 3.101642
51.2213, False, 3, 2.537832
51.23265, False, 3, 2.153381
51.24408, False, 3, 2.031104
51.2552, False, 3, 1.978488
51.26667, False, 3, 2.24143
51.27771, False, 3, 2.577341
51.28904, False, 3, 2.524619
51.30049, False, 3, 2.560441
51.31216, False, 3, 2.635892
51.32266, False, 3, 2.41798
51.33467, False, 3, 2.475542
51.34469, False, 3, 1.928762
51.37811, False, 3, 9.480278
51.38947, False, 3, 3.863706
51.4007, False, 3, 3.479844
51.41176, False, 3, 3.464041
51.42297, False, 3, 3.477272
51.43473, False, 3, 3.496557
51.44511, False, 3, 3.558633
51.45648, False, 3, 3.494418
51.46792, False, 3, 3.477215
51.47867, False, 3, 3.427304
51.48975, False, 3, 3.505739
51.50285, False, 3, 3.726147
51.51335, False, 3, 3.572412
51.52432, False, 3, 3.567684
51.53563, False, 3, 3.570757
51.54659, False, 3, 3.289406
51.55722, False, 3, 6.392088
51.56779, False, 3, 5.086699
52.04524, False, 3, 6.267347
52.05619, False, 3, 5.760621
52.0674, False, 3, 6.893134
52.07842, False, 3, 7.178494
52.08925, False, 3, 2.751946
52.10147, False, 3, 3.646011
52.11353, False, 3, 1.863886
52.1284, False, 3, 2.115218
52.13866, False, 3, 2.47507
52.1488, False, 3, 2.231127
52.16106, False, 3, 2.333003
52.17232, False, 3, 2.983156
52.1834, False, 3, 3.149595
52.19396, False, 3, 3.512593
52.20528, False, 3, 4.085097
52.21694, False, 3, 3.986881
52.22753, False, 3, 4.159594
52.23845, False, 3, 4.369659
52.249, False, 3, 4.172812
52.25968, False, 3, 4.132665
52.26949, False, 3, 3.748754
52.28002, False, 3, 3.656388
52.2917, False, 3, 4.403535
52.30291, False, 3, 4.942906
52.31348, False, 3, 4.158822
52.32328, False, 3, 3.617867
52.33413, False, 3, 3.772175
52.34591, False, 3, 4.140743
52.35645, False, 3, 4.326377
52.3673, False, 3, 4.326534
52.37636, False, 3, 3.949751
52.38776, False, 3, 4.092306
52.39765, False, 3, 3.619627
52.40887, False, 3, 3.770164
52.41848, False, 3, 3.637898
52.42884, False, 3, 3.284011
52.4398, False, 3, 2.988598
52.451, False, 3, 3.168878
52.46245, False, 3, 3.05232
52.47318, False, 3, 2.965339
52.48424, False, 3, 3.348472
52.49535, False, 3, 3.381652
52.50647, False, 3, 1.684605
52.51757, False, 3, 1.732483
52.53982, False, 3, 2.614523
52.55099, False, 3, 0
52.75268, False, 3, 3.067988
52.7642, False, 3, 1.852823
52.77526, False, 3, 1.432877
52.78682, False, 3, 1.442851
52.79833, False, 3, 1.102319
52.80946, False, 3, 1.701426
52.82063, False, 3, 1.191473
52.83217, False, 3, 1.445979
52.8438, False, 3, 1.257664
52.85471, False, 3, 1.109689
52.86615, False, 3, 1.091431
52.87762, False, 3, 1.086468
52.89346, False, 3, 1.077204
52.904, False, 3, 1.065293
52.91439, False, 3, 1.09183
52.92591, False, 3, 1.059296
52.93868, False, 3, 1.07372
52.95048, False, 3, 1.057721
52.96187, False, 3, 0.9924045
52.97291, False, 3, 1.162216
52.98425, False, 3, 1.179426
52.99487, False, 3, 1.166483
53.00623, False, 3, 1.14312
53.0181, False, 3, 1.154625
53.02859, False, 3, 1.135111
53.04068, False, 3, 1.024418
53.05271, False, 3, 0.9948486
53.06246, False, 3, 0.9648487
53.0731, False, 3, 0.7394339
53.08377, False, 3, 0.7443944
53.09527, False, 3, 0.737366
53.10643, False, 3, 0.7157359
53.11779, False, 3, 0.7184511
53.13037, False, 3, 0.7185568
53.14253, False, 3, 0.8260978
53.1545, False, 3, 1.235077
53.16657, False, 3, 1.244032
53.17747, False, 3, 1.23142
53.1875, False, 3, 1.243155
53.19777, False, 3, 1.238023
53.20994, False, 3, 1.154226
53.22032, False, 3, 1.136568
53.22985, False, 3, 1.025374
53.24021, False, 3, 0.9490427
53.25158, False, 3, 0.9116143
53.26255, False, 3, 0.8901649
53.27279, False, 3, 0.8686919
53.28378, False, 3, 0.8675423
53.29497, False, 3, 0.8404806
53.30592, False, 3, 0.8206249
53.31823, False, 3, 0.826586
53.32928, False, 3, 0.8177968
53.33976, False, 3, 0.9124451
53.35217, False, 3, 0.906935
53.36408, False, 3, 0.8995855
53.37596, False, 3, 0.9057823
53.38747, False, 3, 0.9084727
53.39975, False, 3, 0.9081669
53.41054, False, 3, 0.9267486
53.4197, False, 3, 0.8607564
53.43226, False, 3, 0.7913458
53.44391, False, 3, 0.8270496
53.4544, False, 3, 0.8409122
53.46413, False, 3, 0.8109382
53.47479, False, 3, 0.8368073
53.48605, False, 3, 0.8710589
53.49692, False, 3, 0.901932
53.50815, False, 3, 1.024632
53.52024, False, 3, 1.210235
53.53197, False, 3, 0.9426582
53.54271, False, 3, 1.123262
53.55319, False, 3, 1.486586
53.56412, False, 3, 1.361745
53.57553, False, 3, 1.349078
53.5871, False, 3, 1.487205
53.5999, False, 3, 1.444019
53.61217, False, 3, 1.498243
53.62294, False, 3, 2.405645
53.63384, False, 3, 2.459448
53.64516, False, 3, 2.194242
53.65418, False, 3, 2.682347
53.6645, False, 3, 1.854214
53.67675, False, 3, 1.889213
53.68741, False, 3, 1.163022
53.69779, False, 3, 2.116777
53.7101, False, 3, 2.246398
53.71997, False, 3, 1.716547
53.73112, False, 3, 2.341447
53.74265, False, 3, 0.865953
53.75355, False, 3, 1.017991
53.76537, False, 3, 1.029429
53.77569, False, 3, 1.057503
53.7872, False, 3, 1.076989
53.79828, False, 3, 1.145246
53.80936, False, 3, 1.194861
53.82084, False, 3, 1.184555
53.83228, False, 3, 1.166917
53.84302, False, 3, 1.173894
53.85394, False, 3, 1.168056
53.86515, False, 3, 1.231548
53.87624, False, 3, 1.179807
53.8877, False, 3, 1.178329
53.8986, False, 3, 1.288174
53.91024, False, 3, 1.473058
53.92148, False, 3, 2.175498
53.93286, False, 3, 2.176176
53.9449, False, 3, 2.216058
53.95406, False, 3, 2.136653
53.96523, False, 3, 2.132083
53.97656, False, 3, 2.321798
53.98787, False, 3, 2.17711
53.99979, False, 3, 2.217884
54.01254, False, 3, 2.206042
54.0224, False, 3, 2.3007
54.03331, False, 3, 2.880801
54.04521, False, 3, 2.946619
54.05539, False, 3, 1.529039
54.07029, False, 3, 2.795796
54.08268, False, 3, 2.270307
54.10429, False, 3, 5.654399
54.12471, False, 3, 3.317932
54.13478, False, 3, 3.41821
54.14488, False, 3, 5.896264
54.15652, False, 3, 4.507958
54.16813, False, 3, 5.110512
54.17884, False, 3, 4.856572
54.18839, False, 3, 4.389329
54.19898, False, 3, 4.339886
54.20876, False, 3, 4.753954
54.21908, False, 3, 5.122748
54.22949, False, 3, 5.939032
54.24582, False, 3, 7.597793
54.25651, False, 3, 7.630114
54.26713, False, 3, 7.007489
54.27837, False, 3, 6.665973
54.37214, False, 3, 7.944566
54.42758, False, 3, 6.289822
54.4498, False, 3, 7.113755
54.68519, False, 3, 7.930007
54.69689, False, 3, 3.747729
54.70806, False, 3, 3.936411
54.71916, False, 3, 5.289608
54.74196, False, 3, 5.524057
54.78712, False, 3, 5.251245
54.79845, False, 3, 3.607109
54.80967, False, 3, 3.387289
54.82106, False, 3, 2.707772
54.83285, False, 3, 2.033356
54.84467, False, 3, 2.130895
54.85866, False, 3, 1.894485
54.87009, False, 3, 1.723575
54.88115, False, 3, 1.709267
54.89251, False, 3, 1.65536
54.90341, False, 3, 1.573254
54.91568, False, 3, 1.264726
54.9283, False, 3, 1.02531
54.93965, False, 3, 1.182837
54.94945, False, 3, 1.247745
54.96082, False, 3, 1.27768
54.972, False, 3, 1.52436
54.98378, False, 3, 1.728385
54.99574, False, 3, 1.838762
55.00624, False, 3, 7.486804
55.01881, False, 3, 6.108348
55.06156, False, 3, 4.240864
55.07166, False, 3, 3.596378
55.08298, False, 3, 3.785894
55.09408, False, 3, 5.348744
55.10515, False, 3, 4.0157
55.1164, False, 3, 4.233143
55.12718, False, 3, 3.849551
55.13852, False, 3, 3.389779
55.14966, False, 3, 3.739823
55.16066, False, 3, 3.926583
55.17211, False, 3, 3.977044
55.18693, False, 3, 3.812365
55.19615, False, 3, 3.390401
55.20561, False, 3, 3.529397
55.21695, False, 3, 6.190183
55.22929, False, 3, 8.491478
55.24257, False, 3, 7.187508
55.25378, False, 3, 9.959312
55.32711, False, 3, 9.468876
55.33861, False, 3, 9.371894
55.34954, False, 3, 9.389983
55.37187, False, 3, 6.574811
55.41748, False, 3, 3.35405
55.42908, False, 3, 2.951132
55.43987, False, 3, 3.594604
55.4525, False, 3, 5.008311
55.46257, False, 3, 3.216829
55.47469, False, 3, 5.050773
55.48647, False, 3, 5.573146
55.49654, False, 3, 6.515639
55.5179, False, 3, 8.472568
55.54021, False, 3, 3.177712
55.55124, False, 3, 3.58619
55.56245, False, 3, 3.82325
55.57317, False, 3, 6.195505
55.64029, False, 3, 5.429946
55.65149, False, 3, 4.590991
55.66305, False, 3, 4.932632
55.67395, False, 3, 4.757944
55.68596, False, 3, 3.936245
55.6965, False, 3, 3.888009
55.70818, False, 3, 3.981583
55.72163, False, 3, 3.980401
55.73275, False, 3, 3.998799
55.74232, False, 3, 3.359121
55.75321, False, 3, 3.17294
55.76474, False, 3, 4.189062
56.19865, False, 4, 4.056594
56.54288, False, 4, 5.111635
56.55421, False, 4, 6.976341
56.5667, False, 4, 2.825616
56.57682, False, 4, 1.825804
56.58714, False, 4, 1.778513
56.59859, False, 4, 1.663419
56.60923, False, 4, 1.635254
56.62059, False, 4, 1.664576
56.63153, False, 4, 1.720857
56.643, False, 4, 1.721685
56.65404, False, 4, 1.699251
56.66525, False, 4, 1.770602
56.67616, False, 4, 1.828176
56.68763, False, 4, 1.877602
56.89835, False, 4, 1.740222
56.90934, False, 4, 1.729658
56.92055, False, 4, 1.731399
56.93159, False, 4, 1.74629
56.94363, False, 4, 1.723601
56.9542, False, 4, 1.654751
56.96482, False, 4, 1.681192
56.97955, False, 4, 1.485158
56.99584, False, 4, 7.27509
57.06118, False, 4, 4.360549
57.07247, False, 4, 2.840399
57.08437, False, 4, 2.987087
57.09574, False, 4, 2.629694
57.10735, False, 4, 2.148416
57.119, False, 4, 1.975879
57.12889, False, 4, 2.018022
57.13882, False, 4, 2.579871
57.15098, False, 4, 1.029038
57.16265, False, 4, 1.02061
57.17307, False, 4, 0.9772188
57.18543, False, 4, 0.8818519
57.19567, False, 4, 1.113812
57.20625, False, 4, 1.167445
57.2168, False, 4, 1.187369
57.22788, False, 4, 1.207952
57.23904, False, 4, 0
57.2505, False, 4, 1.129191
57.26206, False, 4, 1.092707
57.27331, False, 4, 0.9999915
57.2835, False, 4, 0.9981166
57.29464, False, 4, 0.9957297
57.3055, False, 4, 1.137305
57.3175, False, 4, 1.049259
57.32833, False, 4, 0.9988206
57.33889, False, 4, 0.8322358
57.35008, False, 4, 0.8956058
57.36148, False, 4, 0.8729088
57.3728, False, 4, 0.8414878
57.38377, False, 4, 0.7990652
57.39567, False, 4, 0.7879284
57.40652, False, 4, 0.76226
57.4181, False, 4, 0.7529104
57.42916, False, 4, 0.7723301
57.44093, False, 4, 0.8030641
57.45184, False, 4, 0.7844551
57.46313, False, 4, 0.7833899
57.47791, False, 4, 0.8051104
57.4877, False, 4, 0.8436068
57.49937, False, 4, 0.8330342
57.51044, False, 4, 0.85244
57.52211, False, 4, 0.7985644
57.53322, False, 4, 0.7866098
57.54491, False, 4, 0.8069883
57.5551, False, 4, 0.8564326
57.56783, False, 4, 0.902393
57.57887, False, 4, 0.8993068
57.59089, False, 4, 0.8518504
57.60136, False, 4, 0.8448817
57.6138, False, 4, 0.8734545
57.62461, False, 4, 0.8520811
57.63592, False, 4, 0.8504429
57.64671, False, 4, 0.8946742
57.65755, False, 4, 0.8930269
57.66807, False, 4, 0.891881
57.67832, False, 4, 0.8780863
57.68843, False, 4, 0.8663764
57.69975, False, 4, 0.8711148
57.71002, False, 4, 0.881339
57.7201, False, 4, 0.8817992
57.73045, False, 4, 0.8962346
57.7424, False, 4, 2.453227
57.75388, False, 4, 1.311199
57.76536, False, 4, 0.8455737
57.77631, False, 4, 0.8963687
57.78755, False, 4, 0.8134778
57.79821, False, 4, 0.8133273
57.80917, False, 4, 0.8480545
57.81924, False, 4, 0.935129
57.83021, False, 4, 1.313123
57.84168, False, 4, 0
58.04852, False, 4, 0
58.05923, False, 4, 2.223858
58.07056, False, 4, 3.558787
58.08315, False, 4, 5.28281
58.09441, False, 4, 5.22467
58.10459, False, 4, 3.806518
58.11576, False, 4, 3.365229
58.1277, False, 4, 3.308973
58.13859, False, 4, 1.841203
58.15072, False, 4, 2.159336
58.16211, False, 4, 2.233318
58.17344, False, 4, 2.168022
58.18418, False, 4, 2.021044
58.19516, False, 4, 2.052536
58.20638, False, 4, 2.200805
58.21779, False, 4, 3.509532
58.22918, False, 4, 8.665119
58.28533, False, 4, 8.91426
58.29646, False, 4, 6.545035
58.30766, False, 4, 7.893332
58.31874, False, 4, 6.072598
58.32989, False, 4, 8.326907
58.34145, False, 4, 5.568049
58.3523, False, 4, 6.499016
58.37486, False, 4, 4.694553
58.38599, False, 4, 5.764581
58.39758, False, 4, 7.119902
58.40814, False, 4, 5.344183
58.41948, False, 4, 5.047811
58.43115, False, 4, 4.440536
58.44339, False, 4, 3.969871
58.45311, False, 4, 4.628064
58.46413, False, 4, 6.301993
58.47568, False, 4, 7.171018
58.48865, False, 4, 5.09018
58.50062, False, 4, 5.371487
58.51218, False, 4, 8.029
58.52215, False, 4, 8.578861
58.81773, False, 4, 8.733365
58.8295, False, 4, 2.100348
58.84245, False, 4, 2.581119
58.85409, False, 4, 3.239497
58.86559, False, 4, 3.258496
58.87706, False, 4, 2.860997
59.12015, False, 4, 4.102037
59.13132, False, 4, 5.487237
59.14268, False, 4, 2.459754
59.15253, False, 4, 2.009604
59.16294, False, 4, 2.383308
59.17443, False, 4, 3.813801
59.18431, False, 4, 3.145526
59.2068, False, 4, 3.074512
59.21779, False, 4, 5.749285
59.22879, False, 4, 4.104645
59.24004, False, 4, 4.889684
59.25363, False, 4, 4.491706
59.26638, False, 4, 4.777175
59.2784, False, 4, 5.086269
59.28982, False, 4, 4.436746
59.30021, False, 4, 4.246547
59.31265, False, 4, 4.556814
59.3248, False, 4, 4.597805
59.33536, False, 4, 4.586318
59.34428, False, 4, 5.205339
59.35501, False, 4, 5.551863
59.36557, False, 4, 5.127826
59.37674, False, 4, 5.01985
59.38674, False, 4, 4.305661
59.39639, False, 4, 6.388846
59.44757, False, 4, 5.214177
59.45863, False, 4, 5.031355
59.47005, False, 4, 4.913661
59.4827, False, 4, 3.749087
59.495, False, 4, 3.459821
59.50546, False, 4, 1.786637
59.51573, False, 4, 1.620013
59.52643, False, 4, 1.645595
59.53624, False, 4, 1.671094
59.54775, False, 4, 1.613358
59.55925, False, 4, 1.634701
59.57063, False, 4, 1.926656
59.58242, False, 4, 2.325716
59.59723, False, 4, 2.609294
59.60838, False, 4, 2.477797
59.62045, False, 4, 2.742737
59.6321, False, 4, 2.396774
59.64225, False, 4, 2.279743
59.65334, False, 4, 2.156722
59.66396, False, 4, 2.206919
59.67561, False, 4, 2.733527
59.68619, False, 4, 3.002874
59.6964, False, 4, 3.188952
59.7136, False, 4, 3.193283
59.72575, False, 4, 3.336782
59.73875, False, 4, 3.214383
59.75114, False, 4, 3.287363
59.76142, False, 4, 3.241183
59.79242, False, 4, 4.74655
59.8038, False, 4, 4.29663
59.82547, False, 4, 3.738212
59.83643, False, 4, 2.229482
59.84774, False, 4, 4.615031
59.85856, False, 4, 3.666519
59.86981, False, 4, 2.99648
59.88081, False, 4, 2.58028
59.89244, False, 4, 2.563595
59.90461, False, 4, 2.522025
59.9157, False, 4, 2.521291
59.92641, False, 4, 2.765785
59.93751, False, 4, 3.409
59.94968, False, 4, 2.023727
59.96021, False, 4, 1.880708
59.97138, False, 4, 2.329802
59.98246, False, 4, 3.469197
59.99491, False, 4, 2.884069
60.00447, False, 4, 2.108816
60.01601, False, 4, 2.122794
60.02687, False, 4, 2.255207
60.03684, False, 4, 1.554866
60.04743, False, 4, 2.426541
60.0594, False, 4, 2.458578
60.07041, False, 4, 2.409163
60.08364, False, 4, 1.822461
60.09452, False, 4, 3.312583
60.10525, False, 4, 3.417213
60.11644, False, 4, 3.52041
60.12825, False, 4, 4.798459
60.1375, False, 4, 6.002863
60.14804, False, 4, 7.006784
60.1605, False, 4, 6.760885
60.17223, False, 4, 8.906102
60.20374, False, 4, 9.895071
60.21517, False, 4, 9.758374
60.25013, False, 4, 7.720056
60.26141, False, 4, 9.408046
60.39576, False, 4, 2.393156
60.40664, False, 4, 5.61393
60.41776, False, 4, 4.494381
60.4293, False, 4, 4.286774
60.44038, False, 4, 4.257042
60.45102, False, 4, 6.881312
60.46233, False, 4, 3.499896
60.47334, False, 4, 4.395177
60.48441, False, 4, 4.758882
60.49594, False, 4, 4.388219
60.50732, False, 4, 4.571837
60.51812, False, 4, 4.843829
60.52935, False, 4, 4.455674
60.54043, False, 4, 4.489339
60.55232, False, 4, 4.553532
60.564, False, 4, 4.931767
60.57443, False, 4, 6.847326
60.63152, False, 4, 8.868333
60.64308, False, 4, 6.771136
60.65398, False, 4, 5.185759
60.66447, False, 4, 5.499025
60.67559, False, 4, 7.37656
60.68639, False, 4, 8.156555
60.69733, False, 4, 6.920408
60.70929, False, 4, 6.977559
60.72053, False, 4, 8.968937
60.73219, False, 4, 8.197034
60.7423, False, 4, 6.107761
60.75425, False, 4, 5.791596
60.76458, False, 4, 5.47194
60.77792, False, 4, 5.515157
60.7901, False, 4, 5.407699
60.80235, False, 4, 5.185934
60.81316, False, 4, 6.166382
60.8237, False, 4, 6.204117
60.83457, False, 4, 6.086685
60.84482, False, 4, 6.355247
60.85708, False, 4, 6.492365
60.86791, False, 4, 6.585009
60.87903, False, 4, 6.484715
60.89114, False, 4, 6.435038
60.90326, False, 4, 6.767563
60.91485, False, 4, 7.006376
60.93565, False, 4, 9.213001
60.98033, False, 4, 8.523278
60.99141, False, 4, 7.51311
61.00257, False, 4, 6.98625
61.01364, False, 4, 6.674402
61.02589, False, 4, 9.638323
61.03821, False, 5, 8.718062
61.13578, False, 5, 9.382824
61.16917, False, 5, 8.125422
61.18046, False, 5, 8.350295
61.19141, False, 5, 9.590953
61.57393, False, 5, 9.922302
61.66317, False, 5, 8.224195
61.67386, False, 5, 5.004671
61.68488, False, 5, 3.578351
61.69596, False, 5, 3.52483
61.707, False, 5, 3.970893
61.71853, False, 5, 4.542984
61.73029, False, 5, 3.97038
61.74104, False, 5, 3.231936
61.75543, False, 5, 3.027165
61.76808, False, 5, 2.960944
61.77834, False, 5, 3.005286
61.78988, False, 5, 2.755587
61.80376, False, 5, 3.033347
61.81536, False, 5, 2.985018
61.8252, False, 5, 2.907593
61.8363, False, 5, 3.364317
61.8465, False, 5, 3.167564
61.85815, False, 5, 3.531301
61.8701, False, 5, 3.203862
61.87989, False, 5, 3.15783
61.89094, False, 5, 2.723251
61.90232, False, 5, 1.596306
61.91466, False, 5, 1.90536
61.92467, False, 5, 1.75492
61.93551, False, 5, 1.717353
61.94654, False, 5, 1.703043
61.95748, False, 5, 1.384395
61.96864, False, 5, 1.382068
61.98021, False, 5, 1.621679
61.99215, False, 5, 1.5671
62.00247, False, 5, 1.515374
62.01361, False, 5, 1.515368
62.02462, False, 5, 1.592186
62.03591, False, 5, 1.592172
62.04662, False, 5, 1.031533
62.05794, False, 5, 1.049473
62.06877, False, 5, 1.021604
62.07999, False, 5, 1.030618
62.09098, False, 5, 0.9672566
62.1025, False, 5, 1.006748
62.11316, False, 5, 0.9483441
62.12429, False, 5, 0.9747788
62.13546, False, 5, 1.00704
62.14655, False, 5, 0.9823283
62.15774, False, 5, 0.892693
62.16919, False, 5, 0.8676479
62.17973, False, 5, 0.8867115
62.19125, False, 5, 0.8394041
62.20292, False, 5, 0.8602747
62.21451, False, 5, 0.8941481
62.22805, False, 5, 0.9254812
62.23638, False, 5, 0.9581179
62.24766, False, 5, 0.9360881
62.2593, False, 5, 0.878659
62.2704, False, 5, 0.8443257
62.28202, False, 5, 0.8529045
62.29319, False, 5, 0.850121
62.30478, False, 5, 0.8684776
62.31598, False, 5, 0.8725026
62.32823, False, 5, 0.8566538
62.34021, False, 5, 0.8581842
62.3535, False, 5, 0.8638814
62.36481, False, 5, 0.8840446
62.37646, False, 5, 0.8755901
62.38743, False, 5, 0.8460996
62.39789, False, 5, 0.8386279
62.40768, False, 5, 0.8203899
62.42327, False, 5, 0.7930599
62.43529, False, 5, 0.7831331
62.44643, False, 5, 0.7936057
62.45726, False, 5, 0.8112108
62.46902, False, 5, 0.8023332
62.48044, False, 5, 0.7751185
62.49138, False, 5, 0.7609851
62.50238, False, 5, 0.7658828
62.51278, False, 5, 0.7695437
62.52444, False, 5, 0.7697257
62.53506, False, 5, 0.630096
62.54633, False, 5, 0.6641695
62.55816, False, 5, 0.7191048
62.56879, False, 5, 0.7786031
62.58004, False, 5, 0.7631885
62.59066, False, 5, 0.7440456
62.60329, False, 5, 0.7305736
62.61415, False, 5, 0.7351553
62.62543, False, 5, 0.7340366
62.63599, False, 5, 0.7323584
62.64739, False, 5, 0.7104303
62.65911, False, 5, 0.7027091
62.66842, False, 5, 0.69996
62.67953, False, 5, 0.6902243
62.69051, False, 5, 0.688872
62.7045, False, 5, 0.6917338
62.71622, False, 5, 0.7006242
62.7267, False, 5, 0.7018735
62.73711, False, 5, 0.6984223
62.74865, False, 5, 0.6985411
62.76137, False, 5, 0.8167355
62.77232, False, 5, 0.8321279
62.78394, False, 5, 0.8335658
62.7947, False, 5, 0.6803697
62.80369, False, 5, 0.7993382
62.8143, False, 5, 0.811005
62.82581, False, 5, 0.7932316
62.83597, False, 5, 0.6248218
62.84754, False, 5, 0.6328828
62.85901, False, 5, 0.6178675
62.87026, False, 5, 0.6346865
62.88153, False, 5, 0.6294923
62.89346, False, 5, 0.6306815
62.90433, False, 5, 0.640533
62.9152, False, 5, 0.6572617
62.92651, False, 5, 0.6702313
62.93767, False, 5, 0.6778817
62.94878, False, 5, 0.7350838
62.96057, False, 5, 1.005106
62.97111, False, 5, 1.185376
62.9824, False, 5, 1.22213
62.99443, False, 5, 1.261232
63.00465, False, 5, 0.9950074
63.01674, False, 5, 1.040413
63.02689, False, 5, 1.007957
63.03752, False, 5, 1.021292
63.05013, False, 5, 1.047965
63.06118, False, 5, 1.135062
63.07074, False, 5, 1.157784
63.08194, False, 5, 1.225219
63.09294, False, 5, 1.297712
63.10398, False, 5, 1.401703
63.11598, False, 5, 1.546525
63.12766, False, 5, 1.716324
63.13873, False, 5, 1.673767
63.14882, False, 5, 1.607343
63.16007, False, 5, 1.653252
63.17282, False, 5, 3.0325
63.18411, False, 5, 2.198643
63.19492, False, 5, 2.053719
63.20588, False, 5, 2.153247
63.21682, False, 5, 2.4804
63.22741, False, 5, 2.755909
63.24002, False, 5, 2.882666
63.25262, False, 5, 3.281459
63.2625, False, 5, 3.318801
63.27452, False, 5, 3.589502
63.28479, False, 5, 3.874993
63.29678, False, 5, 2.833532
63.3078, False, 5, 2.255982
63.31852, False, 5, 2.236547
63.32811, False, 5, 2.377633
63.3405, False, 5, 2.604895
63.35225, False, 5, 2.677768
63.36319, False, 5, 3.232998
63.37373, False, 5, 3.59356
63.38477, False, 5, 3.347383
63.39643, False, 5, 2.938864
63.40765, False, 5, 2.814771
63.41855, False, 5, 3.009322
63.42938, False, 5, 5.002773
63.43906, False, 5, 4.185502
63.45039, False, 5, 3.994331
63.46198, False, 5, 3.637819
63.4726, False, 5, 3.208264
63.48386, False, 5, 3.201484
63.49483, False, 5, 4.52679
63.50595, False, 5, 8.169516
63.77292, False, 5, 0
63.78444, False, 5, 7.560288
63.99524, False, 5, 5.529613
64.01741, False, 5, 9.139416
64.04012, False, 5, 5.740889
64.05198, False, 5, 5.550931
64.06254, False, 5, 4.49819
64.07323, False, 5, 3.756657
64.08415, False, 5, 3.952124
64.0951, False, 5, 4.128195
64.10661, False, 5, 3.940926
64.1178, False, 5, 3.885509
64.12847, False, 5, 3.653957
64.13953, False, 5, 3.287704
64.15076, False, 5, 3.138567
64.16299, False, 5, 3.416904
64.17315, False, 5, 3.4796
64.18388, False, 5, 3.790694
64.19504, False, 5, 3.808309
64.20641, False, 5, 3.797249
64.21838, False, 5, 4.101007
64.22948, False, 5, 4.076395
64.24095, False, 5, 3.95983
64.25266, False, 5, 3.772884
64.26224, False, 5, 3.821304
64.27436, False, 5, 3.896297
64.28815, False, 5, 3.807257
64.29982, False, 5, 3.803899
64.30985, False, 5, 3.940454
64.31844, False, 5, 3.480301
64.32932, False, 5, 3.004997
64.34039, False, 5, 3.254287
64.35249, False, 5, 3.639064
64.3633, False, 5, 3.511666
64.37495, False, 5, 3.450885
64.38601, False, 5, 3.303047
64.39778, False, 5, 3.261455
64.41006, False, 5, 3.215948
64.42093, False, 5, 3.14033
64.43159, False, 5, 3.086535
64.44255, False, 5, 3.098119
64.45258, False, 5, 3.061857
64.46346, False, 5, 3.07782
64.47314, False, 5, 3.095834
64.48489, False, 5, 3.09377
64.49663, False, 5, 1.698411
64.57864, False, 5, 5.372984
64.58965, False, 5, 5.00344
64.60093, False, 5, 4.824352
64.61255, False, 5, 2.298637
64.6246, False, 5, 1.497315
64.63634, False, 5, 1.630338
64.64661, False, 5, 1.693776
64.65761, False, 5, 1.640265
64.6682, False, 5, 1.74009
64.67924, False, 5, 1.704635
64.68961, False, 5, 1.678841
64.70058, False, 5, 1.861959
64.71189, False, 5, 1.817039
64.72411, False, 5, 1.995858
64.73573, False, 5, 2.191791
64.74554, False, 5, 1.783962
64.75783, False, 5, 1.693622
64.76934, False, 5, 1.725727
64.78535, False, 5, 1.767474
64.79746, False, 5, 2.213819
64.80824, False, 5, 2.233871
64.81995, False, 5, 2.54685
64.83249, False, 5, 2.886748
64.84476, False, 5, 2.399839
64.85444, False, 5, 2.597923
64.86612, False, 5, 2.67997
64.87643, False, 5, 2.576575
64.90859, False, 5, 5.006407
64.92071, False, 5, 5.314732
64.93205, False, 5, 4.138192
64.94383, False, 5, 3.399032
64.95429, False, 5, 2.347378
64.96593, False, 5, 1.824995
64.97799, False, 5, 1.770687
64.98765, False, 5, 1.915987
64.99878, False, 5, 1.978497
65.01126, False, 5, 1.910581
65.02247, False, 5, 1.925872
65.03344, False, 5, 1.918651
65.04583, False, 5, 1.759553
65.05791, False, 5, 1.670931
65.06853, False, 5, 1.631596
65.07934, False, 5, 1.538787
65.09133, False, 5, 1.437881
65.10256, False, 5, 1.40495
65.11327, False, 5, 1.3883
65.12438, False, 5, 1.392198
65.13582, False, 5, 1.38465
65.15443, False, 5, 1.442472
65.1654, False, 5, 1.435373
65.17769, False, 5, 1.383729
65.18778, False, 5, 1.559618
65.19842, False, 5, 1.646621
65.20988, False, 5, 1.682533
65.22012, False, 5, 1.691003
65.22984, False, 5, 1.650312
65.24104, False, 5, 1.444623
65.25332, False, 5, 1.653534
65.26442, False, 5, 1.675234
65.27783, False, 5, 1.56267
65.28929, False, 5, 1.566872
65.30093, False, 5, 1.571672
65.31254, False, 5, 1.618888
65.32313, False, 5, 1.627295
65.33382, False, 5, 1.638364
65.34531, False, 5, 2.121915
65.35684, False, 5, 2.184777
65.36751, False, 5, 2.295174
65.37818, False, 5, 2.152527
65.38971, False, 5, 5.154014
65.42319, False, 5, 2.369408
65.43504, False, 5, 2.255791
65.44582, False, 5, 2.006091
65.45754, False, 5, 1.841061
65.46978, False, 5, 2.049346
65.48158, False, 5, 1.830654
65.49309, False, 5, 1.677497
65.50323, False, 5, 1.700455
65.51447, False, 5, 1.759032
65.52546, False, 5, 1.841947
65.53651, False, 5, 1.795161
65.54796, False, 5, 1.836978
65.55991, False, 5, 1.925448
65.57123, False, 5, 1.856931
65.58208, False, 5, 1.832089
65.59226, False, 5, 1.825095
65.60332, False, 5, 1.757572
65.61458, False, 5, 1.547294
65.62463, False, 5, 1.525913
65.63517, False, 5, 1.484314
65.64561, False, 5, 1.58296
65.65811, False, 5, 2.377589
65.66875, False, 5, 2.108847
65.67861, False, 5, 2.079763
65.68993, False, 5, 2.058311
65.70071, False, 5, 2.058822
65.71223, False, 5, 2.022938
65.72322, False, 5, 2.020061
65.73456, False, 5, 2.057885
65.74494, False, 5, 2.093171
65.76029, False, 5, 2.055136
65.77063, False, 5, 2.012536
65.78278, False, 5, 1.986873
65.79257, False, 5, 1.89251
65.80293, False, 5, 2.071156
65.81544, False, 5, 2.064992
65.82626, False, 5, 1.899525
65.83649, False, 5, 1.884386
65.84885, False, 5, 2.015839
65.86035, False, 5, 1.978829
65.87143, False, 5, 1.980284
65.88269, False, 5, 1.994587
65.8934, False, 5, 2.032614
65.90336, False, 5, 1.852487
65.9143, False, 5, 1.891885
65.92607, False, 5, 1.803842
65.93668, False, 5, 1.78239
65.94896, False, 5, 1.77188
65.96004, False, 5, 1.774661
65.97089, False, 5, 1.709569
65.98139, False, 5, 1.685528
65.99227, False, 5, 1.699275
66.00372, False, 5, 1.612143
66.01434, False, 5, 1.604982
66.02574, False, 5, 4.485319
66.03735, False, 5, 1.983531
