10.92363, True, 0, 9.391945
11.26952, True, 0, 9.598146
11.31349, True, 0, 7.990243
11.47223, True, 0, 5.280904
11.51717, True, 0, 4.734857
11.52868, True, 0, 4.625021
11.54012, True, 0, 4.310356
11.5514, True, 0, 4.159889
11.56279, True, 0, 4.292327
11.57334, True, 0, 4.197251
11.58485, True, 0, 4.134921
11.59719, True, 0, 3.600908
11.60826, True, 0, 3.808382
11.62009, True, 0, 3.967592
11.63231, True, 0, 4.219708
11.64473, True, 0, 4.051787
11.6569, True, 0, 3.970727
11.66821, True, 0, 4.071271
11.67969, True, 0, 4.215108
11.69187, True, 0, 3.506168
11.70717, True, 0, 3.345561
11.72429, True, 0, 3.400367
11.73627, True, 0, 3.488965
11.74794, True, 0, 3.494644
11.86737, True, 0, 9.660004
11.8788, True, 0, 9.718492
11.89054, True, 0, 7.738008
11.9026, True, 0, 6.617618
11.91373, True, 0, 6.454661
11.9259, True, 0, 6.470428
11.93644, True, 0, 6.092359
11.94732, True, 0, 5.580503
11.95908, True, 0, 6.108396
11.96997, True, 0, 6.761637
11.98084, True, 0, 6.525171
12.01495, True, 0, 8.497293
12.02543, True, 0, 8.366687
12.03742, True, 0, 8.283051
12.0481, True, 0, 7.361232
12.06016, True, 0, 5.462949
12.07213, True, 0, 5.670798
12.08217, True, 0, 5.646181
12.09434, True, 0, 5.846344
12.11529, True, 0, 8.653892
12.12494, True, 0, 6.273592
12.13608, True, 0, 7.544485
12.14823, True, 0, 7.867409
12.1599, True, 0, 7.583384
12.17612, True, 0, 7.50421
12.18705, True, 0, 8.020072
12.19828, True, 0, 8.796457
12.20826, True, 0, 9.109356
12.22023, True, 0, 9.528453
12.2325, True, 0, 7.835429
12.24442, True, 0, 8.397517
12.26788, True, 0, 9.124404
12.28, True, 0, 8.951078
12.35723, True, 0, 5.316698
12.39034, True, 0, 5.820405
12.40172, True, 0, 3.672979
12.41311, True, 0, 3.874736
12.42482, True, 1, 3.566213
12.43769, True, 1, 3.533209
12.44831, True, 1, 3.726961
12.46035, True, 1, 3.677639
12.47237, True, 1, 3.808928
12.48465, True, 1, 3.63592
12.49474, True, 1, 3.730481
12.50522, True, 1, 3.707541
12.51481, True, 1, 3.724379
12.52537, True, 1, 3.630587
12.53578, True, 1, 3.502409
12.54606, True, 1, 3.621191
12.55708, True, 1, 3.535241
12.56733, True, 1, 3.435916
12.57914, True, 1, 3.470265
12.5902, True, 1, 3.598791
12.6014, True, 1, 3.744515
12.61303, True, 1, 4.097754
12.62456, True, 1, 4.122087
12.63623, True, 1, 4.129866
12.64724, True, 1, 4.154147
12.65867, True, 1, 4.638449
12.66895, True, 1, 4.507679
12.67986, True, 1, 4.876171
12.69156, True, 1, 4.820509
12.70191, True, 1, 4.598116
12.71269, True, 1, 4.326719
12.7231, True, 1, 3.999448
12.73493, True, 1, 3.909634
12.74606, True, 1, 3.785765
12.75747, True, 1, 5.888752
12.83727, True, 1, 9.765227
12.84858, True, 1, 8.933976
12.86038, True, 1, 9.30122
12.87202, True, 1, 7.844009
12.88266, True, 1, 7.439319
12.89289, True, 1, 6.729802
12.90556, True, 1, 6.133206
12.9157, True, 1, 5.345853
12.92583, True, 1, 5.182407
12.93774, True, 1, 5.245776
12.94903, True, 1, 5.808897
12.96231, True, 1, 5.586927
12.97327, True, 1, 6.415092
12.98629, True, 1, 6.357786
13.00955, True, 1, 4.040318
13.02107, True, 1, 5.033784
13.07141, True, 1, 3.003864
13.08183, True, 1, 4.106586
13.09441, True, 1, 8.105762
13.10576, True, 1, 4.38928
13.11578, True, 1, 4.445289
13.12714, True, 1, 3.354112
13.13924, True, 1, 4.161768
13.15016, True, 1, 1.946641
13.1622, True, 1, 2.427697
13.17333, True, 1, 2.508308
13.18312, True, 1, 1.724617
13.19334, True, 1, 2.053617
13.20608, True, 1, 2.031273
13.21736, True, 1, 1.963133
13.22822, True, 1, 1.74692
13.24025, True, 1, 2.256112
13.25243, True, 1, 2.474645
13.26455, True, 1, 2.43764
13.27734, True, 1, 3.145455
13.28914, True, 1, 2.565089
13.30047, True, 1, 1.804753
13.31207, True, 1, 1.58537
13.32317, True, 1, 1.62641
13.3388, True, 1, 1.881493
13.35003, True, 1, 1.918573
13.36108, True, 1, 1.783878
13.37274, True, 1, 1.511189
13.38537, True, 1, 1.38744
13.39709, True, 1, 1.426817
13.40812, True, 1, 1.450328
13.42001, True, 1, 1.436437
13.43115, True, 1, 1.285827
13.44347, True, 1, 1.286734
13.45295, True, 1, 1.217723
13.46297, True, 1, 1.194013
13.47294, True, 1, 1.19292
13.48517, True, 1, 1.121952
13.49743, True, 1, 1.153054
13.50696, True, 1, 1.151801
13.51943, True, 1, 1.154709
13.53085, True, 1, 1.123695
13.5433, True, 1, 1.082259
13.55522, True, 1, 1.078576
13.56588, True, 1, 1.102007
13.57649, True, 1, 1.136367
13.58916, True, 1, 1.079723
13.6005, True, 1, 1.063559
13.61227, True, 1, 1.088361
13.62365, True, 1, 1.003163
13.63659, True, 1, 0.9822815
13.6484, True, 1, 0.9151492
13.65857, True, 1, 0.9136286
13.67011, True, 1, 0.9035522
13.68128, True, 1, 0.9122002
13.6911, True, 1, 0.9046906
13.70273, True, 1, 0.9085528
13.71427, True, 1, 0.9447459
13.72502, True, 1, 0.9723665
13.73724, True, 1, 1.07892
13.74815, True, 1, 1.084724
13.75987, True, 1, 1.092478
13.76987, True, 1, 1.10523
13.78116, True, 1, 1.141035
13.79327, True, 1, 1.164515
13.80467, True, 1, 1.157828
13.81505, True, 1, 1.268628
13.82669, True, 1, 1.297009
13.83826, True, 1, 1.306344
13.85225, True, 1, 1.27019
13.86467, True, 1, 1.275996
13.87556, True, 1, 1.27209
13.88626, True, 1, 1.246918
13.89726, True, 1, 1.188432
13.90803, True, 1, 1.158685
13.92032, True, 1, 1.131732
13.93099, True, 1, 1.134598
13.94284, True, 1, 0.8397958
13.95481, True, 1, 0.7769614
13.96632, True, 1, 0.7152029
13.97783, True, 1, 0.8759435
13.99039, True, 1, 0.7598955
14.00215, True, 1, 0.7974235
14.01344, True, 1, 0.8138825
14.02443, True, 1, 0.7879974
14.03704, True, 1, 0.76013
14.04839, True, 1, 0.7704912
14.06109, True, 1, 0.7694834
14.07207, True, 1, 0.7803926
14.08315, True, 1, 0.7690309
14.09605, True, 1, 0.760655
14.10679, True, 1, 0.7715797
14.11852, True, 1, 0.7779556
14.12988, True, 1, 0.7774746
14.14035, True, 1, 0.7924398
14.15038, True, 1, 0.8085092
14.16134, True, 1, 0.8078735
14.17289, True, 1, 0.7949829
14.1849, True, 1, 0.7928802
14.19769, True, 1, 0.7872102
14.20829, True, 1, 1.097075
14.21949, True, 1, 1.393994
14.23112, True, 1, 1.76363
14.24211, True, 1, 2.994403
14.2531, True, 1, 5.54969
14.26345, True, 1, 8.910817
14.27642, True, 1, 9.522059
14.28731, True, 1, 9.766244
14.29867, True, 1, 3.960158
14.3103, True, 1, 3.007985
14.32234, True, 1, 3.634078
14.33335, True, 1, 3.35974
14.3449, True, 1, 3.740871
14.35972, True, 1, 3.765994
14.36994, True, 1, 3.979448
14.38108, True, 1, 4.262066
14.392, True, 1, 4.265825
14.40453, True, 1, 4.55216
14.41605, True, 1, 5.07234
14.42807, True, 1, 5.407598
14.43965, True, 1, 5.257623
14.45195, True, 1, 5.992624
14.46318, True, 1, 5.742416
14.47352, True, 1, 6.865331
14.48644, True, 1, 8.823317
14.50965, True, 1, 6.534862
14.5195, True, 1, 5.995244
14.53072, True, 1, 6.77187
14.53979, True, 1, 6.598421
14.55192, True, 1, 7.444871
14.56231, True, 1, 8.117124
14.57441, True, 1, 2.865884
14.58628, True, 1, 3.271503
14.59791, True, 1, 2.194607
14.60851, True, 1, 2.44376
14.62021, True, 1, 2.319219
14.63113, True, 1, 2.786536
14.64319, True, 1, 2.914355
14.65483, True, 1, 2.921125
14.66717, True, 1, 2.085987
14.67942, True, 1, 2.450241
14.68988, True, 1, 2.801039
14.70139, True, 1, 2.645397
14.71562, True, 1, 3.185934
14.72822, True, 1, 2.588591
14.73903, True, 1, 1.87177
14.74997, True, 1, 1.967675
14.76024, True, 1, 2.067719
14.77095, True, 1, 7.941826
14.86616, True, 1, 9.434164
15.60524, True, 1, 9.237498
15.61663, True, 1, 4.228341
15.62814, True, 1, 4.681922
15.64001, True, 1, 5.782892
15.65726, True, 1, 5.946535
15.67231, True, 1, 6.451725
15.68687, True, 1, 7.257806
15.6966, True, 1, 7.564745
15.70773, True, 1, 8.187107
15.71949, True, 1, 8.18815
15.73128, True, 1, 8.846762
15.7421, True, 1, 8.602023
15.75478, True, 1, 3.449268
15.76672, True, 1, 3.294114
15.77766, True, 1, 3.500761
15.7883, True, 1, 3.922592
15.79999, True, 1, 4.019634
15.8108, True, 1, 3.954421
15.82136, True, 1, 3.826814
15.83241, True, 1, 3.70126
15.84447, True, 1, 3.567986
15.85662, True, 1, 3.464017
15.86608, True, 1, 3.561484
15.87676, True, 1, 3.501422
15.88934, True, 1, 3.428437
15.90121, True, 1, 3.606063
15.91305, True, 1, 3.678572
15.92491, True, 1, 3.621078
15.93705, True, 1, 3.672392
15.94782, True, 1, 4.144279
15.95896, True, 1, 2.507975
15.97772, True, 1, 2.800504
15.98912, True, 1, 2.702071
15.9998, True, 1, 2.78415
16.01161, True, 1, 2.727163
16.02245, True, 1, 2.319476
16.03346, True, 1, 2.616693
16.04395, True, 1, 2.563015
16.0565, True, 1, 2.309067
16.06831, True, 1, 2.1622
16.08001, True, 1, 4.549498
16.20215, True, 1, 7.460911
16.21378, True, 1, 7.952305
16.23602, True, 1, 9.979071
16.24578, True, 1, 9.525837
16.28016, True, 1, 7.405792
16.29142, True, 1, 6.626177
16.30203, True, 1, 6.814003
16.31256, True, 1, 6.807326
16.32416, True, 1, 6.946026
16.33486, True, 1, 7.429207
16.34618, True, 1, 7.008371
16.35736, True, 1, 7.058526
16.36825, True, 1, 7.125809
16.38017, True, 1, 6.742537
16.39153, True, 1, 6.667015
16.41258, True, 1, 6.629855
16.42404, True, 1, 7.648849
16.43628, True, 1, 6.764785
16.44729, True, 1, 7.177206
16.4579, True, 1, 7.394331
16.4702, True, 1, 8.976653
16.49109, True, 1, 9.639152
16.51461, True, 1, 8.408813
16.52436, True, 1, 7.695825
16.53488, True, 1, 7.79628
16.54614, True, 1, 7.573273
16.55711, True, 1, 8.706573
16.56901, True, 1, 7.028928
16.58075, True, 1, 7.181147
16.59099, True, 1, 7.173892
16.60195, True, 1, 7.435959
16.61398, True, 1, 6.718602
16.66989, True, 1, 5.13767
16.68079, True, 1, 7.706545
16.69198, True, 1, 9.908794
16.70751, True, 1, 9.19448
16.7185, True, 1, 9.682379
16.73014, True, 1, 7.764884
16.74041, True, 1, 6.51038
16.75062, True, 1, 3.772242
16.76224, True, 1, 2.75727
16.77184, True, 1, 2.768463
16.7829, True, 1, 2.707166
16.79403, True, 1, 2.687752
16.80565, True, 1, 3.079954
16.81641, True, 1, 3.024128
16.82825, True, 1, 2.997945
16.83912, True, 1, 2.976938
16.84911, True, 1, 3.141543
16.85902, True, 1, 3.211981
16.87178, True, 1, 3.311512
16.8837, True, 1, 3.217027
16.89589, True, 1, 3.343547
16.90614, True, 1, 3.395608
16.91565, True, 1, 8.180503
16.92839, True, 1, 7.814479
16.93896, True, 1, 8.616793
16.95103, True, 1, 7.643736
16.96221, True, 1, 7.349726
16.97384, True, 1, 8.928813
16.98665, True, 1, 8.688449
16.99675, True, 1, 8.261042
17.01728, True, 1, 7.897216
17.02947, True, 1, 4.332903
17.74924, True, 2, 9.195509
17.76031, True, 2, 8.064631
17.77124, True, 2, 8.610859
17.85731, True, 2, 9.418626
17.8701, True, 2, 9.314515
17.88166, True, 2, 9.657582
18.02656, True, 2, 9.492068
18.18738, True, 2, 9.767168
18.1981, True, 2, 8.163324
18.26466, True, 2, 6.787429
18.27613, True, 2, 7.382973
18.28714, True, 2, 7.793545
18.29988, True, 2, 6.719949
18.31011, True, 2, 5.463005
18.33194, True, 2, 9.733574
18.36544, True, 2, 8.473591
18.37692, True, 2, 3.305628
18.38874, True, 2, 2.534235
18.40019, True, 2, 2.069736
18.41214, True, 2, 1.747475
18.42323, True, 2, 1.691319
18.43528, True, 2, 1.600754
18.44798, True, 2, 1.487884
18.45801, True, 2, 1.459657
18.46961, True, 2, 1.415798
18.48014, True, 2, 1.327494
18.49528, True, 2, 1.295203
18.50613, True, 2, 1.161387
18.51696, True, 2, 1.198083
18.52908, True, 2, 1.244992
18.54086, True, 2, 1.279944
18.55205, True, 2, 1.263157
18.56337, True, 2, 1.174179
18.57555, True, 2, 1.095284
18.58677, True, 2, 1.085451
18.59739, True, 2, 1.278347
18.60924, True, 2, 1.092707
18.6209, True, 2, 1.066075
18.63225, True, 2, 1.010962
18.6442, True, 2, 1.001559
18.65398, True, 2, 1.070274
18.66446, True, 2, 1.038592
18.67565, True, 2, 1.018426
18.68724, True, 2, 1.038989
18.69834, True, 2, 1.041188
18.71464, True, 2, 1.095802
18.7279, True, 2, 1.106696
18.73899, True, 2, 1.089377
18.74993, True, 2, 1.117223
18.76108, True, 2, 1.112571
18.77152, True, 2, 1.105805
18.78172, True, 2, 1.113662
18.79405, True, 2, 1.109693
18.80509, True, 2, 1.131687
18.81506, True, 2, 1.1189
18.82592, True, 2, 1.122389
18.83815, True, 2, 1.112721
18.84842, True, 2, 1.107591
18.86031, True, 2, 1.092351
18.87141, True, 2, 1.092658
18.88194, True, 2, 1.057189
18.8925, True, 2, 1.059646
18.90458, True, 2, 1.042604
18.91641, True, 2, 1.042128
18.92715, True, 2, 1.07333
18.93817, True, 2, 1.048682
18.9487, True, 2, 1.043194
18.95977, True, 2, 1.046702
18.97416, True, 2, 1.025319
18.98493, True, 2, 1.244905
18.99626, True, 2, 1.22206
19.00651, True, 2, 0.8391911
19.018, True, 2, 1.448127
19.03031, True, 2, 0.9885854
19.04309, True, 2, 1.005396
19.05453, True, 2, 0.961872
19.06437, True, 2, 0.9227436
19.0764, True, 2, 0.9393153
19.08909, True, 2, 0.9381317
19.10114, True, 2, 0.9245737
19.11317, True, 2, 0.9530104
19.12571, True, 2, 0.9968812
19.13763, True, 2, 1.008399
19.14868, True, 2, 0.9917201
19.1598, True, 2, 1.014944
19.17059, True, 2, 1.063807
19.18055, True, 2, 1.046326
19.19278, True, 2, 1.073123
19.20423, True, 2, 1.165314
19.21581, True, 2, 1.232015
19.227, True, 2, 1.424863
19.23878, True, 2, 2.207239
19.25192, True, 2, 1.777278
19.26262, True, 2, 1.526166
19.27321, True, 2, 1.537897
19.28558, True, 2, 1.336718
19.29721, True, 2, 1.58561
19.31058, True, 2, 1.828348
19.32244, True, 2, 1.934539
19.33424, True, 2, 1.916404
19.34476, True, 2, 1.893437
19.35639, True, 2, 2.094142
19.36683, True, 2, 2.280801
19.3785, True, 2, 2.480784
19.38898, True, 2, 2.969969
19.4003, True, 2, 2.788603
19.40963, True, 2, 3.226228
19.42061, True, 2, 3.977612
19.43122, True, 2, 4.180313
19.44308, True, 2, 4.130492
19.45917, True, 2, 4.390935
19.47087, True, 2, 4.327471
19.48276, True, 2, 5.485836
19.49421, True, 2, 5.258334
19.50537, True, 2, 6.274383
19.51709, True, 2, 6.330346
19.52896, True, 2, 5.599165
19.54022, True, 2, 4.257668
19.55046, True, 2, 3.695779
19.56254, True, 2, 4.416347
19.57424, True, 2, 4.163661
19.58502, True, 2, 3.938511
19.5964, True, 2, 4.675112
19.60588, True, 2, 4.841212
19.61761, True, 2, 5.784787
19.62873, True, 2, 5.040093
19.64021, True, 2, 5.017186
19.65264, True, 2, 4.567885
19.66336, True, 2, 3.952662
19.67611, True, 2, 3.820127
19.68918, True, 2, 3.592358
19.70099, True, 2, 6.006559
19.71286, True, 2, 5.393082
19.75631, True, 2, 4.221918
19.76695, True, 2, 4.316658
19.77981, True, 2, 4.523248
19.79185, True, 2, 4.313802
19.82938, True, 2, 0
20.01388, True, 2, 4.907004
20.03927, True, 2, 2.632509
20.05001, True, 2, 3.730812
20.06276, True, 2, 3.279689
20.0731, True, 2, 2.369303
20.08536, True, 2, 2.328842
20.09755, True, 2, 2.997184
20.10916, True, 2, 2.776038
20.12086, True, 2, 2.606469
20.13155, True, 2, 2.486666
20.14252, True, 2, 2.713379
20.15308, True, 2, 3.046653
20.16487, True, 2, 3.819083
20.17472, True, 2, 4.208346
20.18611, True, 2, 4.067485
20.19701, True, 2, 5.97397
20.20827, True, 2, 5.864907
20.21927, True, 2, 7.624247
20.26374, True, 2, 3.29899
20.27581, True, 2, 6.031816
20.6365, True, 2, 3.451335
20.64752, True, 2, 3.7809
20.65898, True, 2, 4.787165
20.67038, True, 2, 6.059565
20.90005, True, 2, 9.518961
20.92232, True, 2, 7.78904
20.93317, True, 2, 6.983197
20.94501, True, 2, 5.542261
20.95587, True, 2, 4.29775
20.96694, True, 2, 4.742235
20.97919, True, 2, 4.280423
20.99004, True, 2, 3.606332
21.00002, True, 2, 3.375164
21.01104, True, 2, 3.804921
21.02261, True, 2, 4.372824
21.03431, True, 2, 4.066095
21.04492, True, 2, 3.816462
21.05567, True, 2, 3.626821
21.0684, True, 2, 4.262592
21.07978, True, 2, 4.324729
21.09256, True, 2, 4.870237
21.10307, True, 2, 5.171731
21.11391, True, 2, 6.108418
21.12608, True, 2, 6.020897
21.1381, True, 2, 5.701387
21.14971, True, 2, 5.52799
21.16049, True, 2, 5.15317
21.17116, True, 2, 5.146904
21.18318, True, 2, 4.940125
21.24774, True, 2, 3.644059
21.26005, True, 2, 3.758113
21.27097, True, 2, 4.02529
21.28226, True, 2, 3.810572
21.29312, True, 2, 3.396318
21.30383, True, 2, 3.34274
21.31558, True, 2, 3.471239
21.32728, True, 2, 3.791605
21.33825, True, 2, 3.93162
21.35004, True, 2, 3.740298
21.36221, True, 2, 3.843612
21.37372, True, 2, 3.588388
21.38607, True, 2, 3.567458
21.39654, True, 2, 3.520636
21.40756, True, 2, 3.841558
21.42037, True, 2, 3.795614
21.43161, True, 2, 3.42821
21.44377, True, 2, 3.492687
21.45444, True, 2, 3.423872
21.46374, True, 2, 3.606537
21.47523, True, 2, 3.593711
21.48545, True, 2, 3.578496
21.52086, True, 2, 9.804601
21.86355, True, 2, 4.863029
21.87601, True, 2, 7.071268
21.88885, True, 2, 5.596477
21.9001, True, 2, 6.092673
21.91182, True, 2, 6.987566
21.92302, True, 2, 5.656624
21.93547, True, 2, 5.401387
21.94551, True, 2, 5.161271
21.95651, True, 2, 4.777801
21.9691, True, 2, 4.660815
21.98009, True, 2, 5.285832
21.99212, True, 2, 5.956837
22.00397, True, 2, 5.974101
22.01427, True, 2, 5.743
22.02644, True, 2, 5.444429
22.03811, True, 2, 5.367817
22.0482, True, 2, 4.990665
22.05843, True, 2, 4.863749
22.06899, True, 2, 4.426071
22.08034, True, 2, 4.258948
22.09092, True, 2, 4.571609
22.10204, True, 2, 4.596949
22.11347, True, 2, 4.57177
22.12656, True, 2, 4.637909
22.13787, True, 2, 5.041269
22.14889, True, 2, 5.134043
22.16025, True, 2, 4.508671
22.17145, True, 2, 4.286191
22.18326, True, 2, 4.353463
22.19363, True, 2, 4.416421
22.20435, True, 2, 3.675231
22.2162, True, 2, 4.063727
22.22841, True, 2, 2.717586
22.23854, True, 2, 3.478504
22.24796, True, 2, 3.077046
22.26, True, 2, 2.944075
22.27136, True, 2, 2.83332
22.28659, True, 2, 2.990707
22.29678, True, 2, 2.885229
22.30759, True, 2, 2.917836
22.31842, True, 2, 2.913749
22.32944, True, 2, 3.25622
22.34061, True, 2, 3.269006
22.35636, True, 2, 3.332
22.36796, True, 2, 3.323954
22.38028, True, 2, 3.334964
22.3899, True, 2, 3.403265
22.40135, True, 2, 3.417411
22.41351, True, 2, 3.566398
22.42629, True, 2, 3.539416
22.43756, True, 3, 3.372766
22.44878, True, 3, 3.584864
22.45913, True, 3, 3.591064
22.47229, True, 3, 3.271759
22.48301, True, 3, 3.339913
22.4952, True, 3, 3.372538
22.50671, True, 3, 3.347916
22.51833, True, 3, 3.35082
22.53004, True, 3, 3.358943
22.54177, True, 3, 3.445112
22.55247, True, 3, 3.544938
22.57361, True, 3, 3.27174
22.59594, True, 3, 5.370733
22.60807, True, 3, 3.330715
22.62013, True, 3, 2.473482
22.6312, True, 3, 2.455364
22.64384, True, 3, 2.43225
22.6547, True, 3, 2.498589
22.66697, True, 3, 2.550398
22.67971, True, 3, 2.733986
22.69193, True, 3, 2.843964
22.70308, True, 3, 2.932753
22.7144, True, 3, 3.288148
22.72512, True, 3, 3.329458
22.73749, True, 3, 3.618432
22.74894, True, 3, 4.032463
22.76149, True, 3, 4.17818
22.77262, True, 3, 7.809726
22.90666, True, 3, 5.089565
22.95121, True, 3, 4.504845
22.96347, True, 3, 4.980347
22.97417, True, 3, 4.584578
22.98665, True, 3, 4.66525
22.99915, True, 3, 5.797754
23.01068, True, 3, 6.176613
23.01996, True, 3, 6.586886
23.02982, True, 3, 7.391824
23.04125, True, 3, 6.126546
23.05329, True, 3, 5.197823
23.06405, True, 3, 4.981548
23.0759, True, 3, 4.666236
23.08665, True, 3, 4.130578
23.09825, True, 3, 4.430535
23.11006, True, 3, 4.587337
23.12136, True, 3, 4.014354
23.13363, True, 3, 3.900975
23.1452, True, 3, 4.096329
23.15584, True, 3, 4.399041
23.16709, True, 3, 4.557692
23.17913, True, 3, 4.178449
23.19034, True, 3, 4.187787
23.20258, True, 3, 4.138159
23.21182, True, 3, 3.873135
23.2238, True, 3, 3.792442
23.23684, True, 3, 3.761354
23.24696, True, 3, 3.522368
23.25848, True, 3, 3.440786
23.2702, True, 3, 3.415284
23.28293, True, 3, 3.370452
23.29438, True, 3, 1.742983
23.30557, True, 3, 2.533026
23.31642, True, 3, 2.257142
23.32983, True, 3, 1.544635
23.3423, True, 3, 1.577374
23.35457, True, 3, 1.141132
23.36571, True, 3, 1.207426
23.37691, True, 3, 1.296781
23.38833, True, 3, 1.302867
23.39955, True, 3, 1.272495
23.40955, True, 3, 1.243097
23.42089, True, 3, 1.289708
23.43043, True, 3, 1.290062
23.44152, True, 3, 1.284647
23.45291, True, 3, 1.258457
23.4645, True, 3, 1.199274
23.47613, True, 3, 1.218244
23.48555, True, 3, 1.208589
23.49627, True, 3, 1.165168
23.50655, True, 3, 1.149067
23.51771, True, 3, 1.125699
23.52912, True, 3, 1.051469
23.54138, True, 3, 1.030446
23.55325, True, 3, 1.032063
23.56457, True, 3, 1.011429
23.57518, True, 3, 1.012758
23.58573, True, 3, 1.017225
23.59682, True, 3, 1.010767
23.60942, True, 3, 1.001789
23.62151, True, 3, 0.9859889
23.63349, True, 3, 0.9854738
23.6444, True, 3, 0.9854085
23.65557, True, 3, 0.9866489
23.66777, True, 3, 1.015298
23.67816, True, 3, 0.995057
23.68927, True, 3, 1.030663
23.7008, True, 3, 1.032007
23.71157, True, 3, 1.02901
23.72199, True, 3, 1.018695
23.73347, True, 3, 1.005819
23.7465, True, 3, 1.000306
23.756, True, 3, 0.9940237
23.76691, True, 3, 1.001383
23.77888, True, 3, 0.982265
23.78998, True, 3, 0.9788239
23.7998, True, 3, 0.9815722
23.8141, True, 3, 0.9755831
23.82573, True, 3, 0.9673064
23.83747, True, 3, 0.8460322
23.84894, True, 3, 0.9718507
23.86052, True, 3, 1.086319
23.87113, True, 3, 0.9051976
23.88391, True, 3, 0.8709973
23.89454, True, 3, 0.8766161
23.90523, True, 3, 0.8766236
23.91691, True, 3, 0.9528598
23.92903, True, 3, 0.9869146
23.94031, True, 3, 1.031559
23.95225, True, 3, 1.065762
23.96348, True, 3, 1.181476
23.9751, True, 3, 1.27857
23.98713, True, 3, 1.328244
23.99833, True, 3, 1.321012
24.00915, True, 3, 1.404012
24.02064, True, 3, 1.408078
24.03081, True, 3, 1.454815
24.04332, True, 3, 1.24065
24.0559, True, 3, 1.253439
24.06894, True, 3, 1.297607
24.07969, True, 3, 1.485606
24.09205, True, 3, 1.466734
24.10387, True, 3, 1.469443
24.1141, True, 3, 1.516815
24.12584, True, 3, 1.525964
24.13742, True, 3, 1.548333
24.14753, True, 3, 1.566194
24.15822, True, 3, 1.603716
24.17113, True, 3, 1.753106
24.18259, True, 3, 1.84072
24.19424, True, 3, 1.73919
24.20591, True, 3, 1.904422
24.21822, True, 3, 2.118237
24.22929, True, 3, 2.276562
24.23979, True, 3, 2.507794
24.25084, True, 3, 2.830205
24.26219, True, 3, 3.08741
24.2736, True, 3, 3.448971
24.28521, True, 3, 3.498135
24.29605, True, 3, 3.648544
24.31082, True, 3, 3.648402
24.32119, True, 3, 3.707403
24.33287, True, 3, 3.946666
24.34475, True, 3, 3.855808
24.35549, True, 3, 4.243902
24.367, True, 3, 4.40104
24.3796, True, 3, 4.410298
24.39214, True, 3, 4.24884
24.4051, True, 3, 4.249389
24.41657, True, 3, 4.148084
24.42726, True, 3, 4.091477
24.43802, True, 3, 4.067376
24.4481, True, 3, 4.05191
24.46033, True, 3, 4.024402
24.47124, True, 3, 3.004306
24.48239, True, 3, 2.930213
24.49414, True, 3, 2.86736
24.50625, True, 3, 3.201207
24.5176, True, 3, 3.439484
24.52958, True, 3, 3.698739
24.53971, True, 3, 3.768922
24.55214, True, 3, 3.479092
24.56356, True, 3, 3.84522
24.5742, True, 3, 4.210574
24.58595, True, 3, 4.015453
24.597, True, 3, 4.120034
24.60891, True, 3, 5.199509
24.61995, True, 3, 4.552777
25.20751, True, 3, 4.769708
25.21856, True, 3, 6.165858
25.23012, True, 3, 4.203106
25.24336, True, 3, 4.118104
25.25418, True, 3, 5.046134
25.2651, True, 3, 6.048656
25.2771, True, 3, 3.510849
25.28914, True, 3, 3.564315
25.30005, True, 3, 3.351568
25.31129, True, 3, 3.308879
25.32199, True, 3, 3.518574
25.3324, True, 3, 3.770898
25.34411, True, 3, 4.045041
25.35662, True, 3, 4.037258
25.36755, True, 3, 3.879476
25.37889, True, 3, 3.861308
25.39135, True, 3, 4.250391
25.40421, True, 3, 5.039176
25.41606, True, 3, 5.253895
25.42804, True, 3, 5.241243
25.44013, True, 3, 5.057005
25.45051, True, 3, 5.087653
25.46107, True, 3, 3.976196
25.88539, True, 3, 6.039663
25.89741, True, 3, 5.808228
25.90879, True, 3, 6.124938
25.92006, True, 3, 4.548855
25.93103, True, 3, 7.522127
25.94284, True, 3, 7.248214
25.95362, True, 3, 5.309987
25.9651, True, 3, 4.845071
25.97645, True, 3, 4.201808
25.98841, True, 3, 5.550506
25.99962, True, 3, 6.53807
26.0102, True, 3, 6.470139
26.02244, True, 3, 6.38488
26.03293, True, 3, 6.156753
26.04481, True, 3, 5.466403
26.05718, True, 3, 4.770288
26.06835, True, 3, 5.557709
26.079, True, 3, 6.283504
26.09137, True, 3, 6.464105
26.10365, True, 3, 6.555708
26.11854, True, 3, 7.66403
26.13026, True, 3, 6.664512
26.14262, True, 3, 6.764965
26.15306, True, 3, 6.691018
26.19669, True, 3, 6.116
26.20833, True, 3, 5.84702
26.22015, True, 3, 5.819552
26.23175, True, 3, 7.565906
26.24309, True, 3, 6.047488
26.25293, True, 3, 6.127407
26.26397, True, 3, 6.331237
26.27495, True, 3, 6.560051
26.28542, True, 3, 6.839111
26.29637, True, 3, 4.966839
26.30838, True, 3, 4.704336
26.32, True, 3, 4.551044
26.33031, True, 3, 4.54115
26.34207, True, 3, 4.846609
26.35325, True, 3, 5.248779
26.36457, True, 3, 5.077442
26.37558, True, 3, 4.831314
26.38583, True, 3, 4.474754
26.39648, True, 3, 4.295226
26.40796, True, 3, 4.436899
26.41902, True, 3, 4.499212
26.42979, True, 3, 4.633885
26.43997, True, 3, 5.765482
26.45196, True, 3, 5.789489
26.46387, True, 3, 6.093021
26.47444, True, 3, 4.761238
26.48639, True, 3, 4.442456
26.49627, True, 3, 4.381881
26.50821, True, 3, 4.318501
26.51985, True, 3, 4.261027
26.5304, True, 3, 4.213559
26.54121, True, 3, 4.01479
26.55308, True, 3, 3.999343
26.56298, True, 3, 3.972414
26.57416, True, 3, 3.902097
26.58535, True, 3, 3.812747
26.59526, True, 3, 3.635865
26.61388, True, 3, 3.61422
26.62808, True, 3, 2.89985
26.63813, True, 3, 3.882375
26.66063, True, 3, 5.524147
27.25159, True, 3, 7.830512
27.26274, True, 3, 5.928492
27.28519, True, 3, 8.081158
27.29639, True, 3, 4.514029
27.31256, True, 3, 5.360554
27.32414, True, 3, 5.9148
27.33598, True, 3, 5.598635
27.34685, True, 3, 5.248148
27.35875, True, 3, 5.261708
27.36842, True, 3, 4.898087
27.38196, True, 3, 5.384435
27.39313, True, 3, 3.350957
27.40508, True, 3, 3.400764
27.41624, True, 3, 3.282907
27.42792, True, 3, 3.177687
27.43792, True, 4, 3.315452
27.44922, True, 4, 4.016103
27.46352, True, 4, 3.609485
27.47374, True, 4, 3.323426
27.48407, True, 4, 3.383021
27.49388, True, 4, 3.391523
27.50598, True, 4, 3.462587
27.51729, True, 4, 3.445391
27.52811, True, 4, 3.533475
27.54028, True, 4, 3.471521
27.55292, True, 4, 3.392362
27.56345, True, 4, 3.55768
27.57608, True, 4, 3.480488
27.58771, True, 4, 3.486529
27.5991, True, 4, 3.47221
27.61078, True, 4, 3.423896
27.62172, True, 4, 3.819746
27.6324, True, 4, 4.264801
27.64439, True, 4, 4.204813
27.65548, True, 4, 4.335755
27.66815, True, 4, 4.376611
27.68037, True, 4, 4.475039
27.69228, True, 4, 4.404247
27.70208, True, 4, 4.217049
27.71312, True, 4, 4.166516
27.72446, True, 4, 4.117052
27.73583, True, 4, 4.072924
27.76899, True, 4, 5.014526
28.00472, True, 4, 6.836
28.01647, True, 4, 4.042537
28.02789, True, 4, 6.570534
28.04024, True, 4, 5.227517
28.07258, True, 4, 9.077658
28.13786, True, 4, 7.198666
28.15038, True, 4, 5.646073
28.16163, True, 4, 2.369987
28.17314, True, 4, 2.546221
28.18392, True, 4, 2.742036
28.19548, True, 4, 1.963614
28.20593, True, 4, 2.141696
28.21724, True, 4, 2.405169
28.22808, True, 4, 3.466963
28.23995, True, 4, 3.479901
28.25162, True, 4, 3.776454
28.26249, True, 4, 1.559778
28.27353, True, 4, 1.58181
28.28567, True, 4, 1.50446
28.2976, True, 4, 1.631834
28.30805, True, 4, 1.498288
28.32049, True, 4, 1.324201
28.33153, True, 4, 1.249412
28.34306, True, 4, 1.222827
28.35351, True, 4, 1.146399
28.36963, True, 4, 1.074657
28.38209, True, 4, 1.037934
28.39406, True, 4, 1.022475
28.40476, True, 4, 0.869792
28.41577, True, 4, 0.8545536
28.42818, True, 4, 0.8187513
28.43997, True, 4, 0.8069978
28.45102, True, 4, 0.8065363
28.46273, True, 4, 0.8046991
28.4744, True, 4, 0.7988743
28.48434, True, 4, 0.8015395
28.495, True, 4, 0.7975499
28.50479, True, 4, 0.783527
28.51604, True, 4, 0.7826668
28.52809, True, 4, 0.795454
28.54029, True, 4, 0.8107262
28.55146, True, 4, 0.8093978
28.56247, True, 4, 0.8289693
28.574, True, 4, 0.8348461
28.58538, True, 4, 0.8166159
28.59587, True, 4, 0.8140806
28.60794, True, 4, 0.812177
28.61963, True, 4, 0.8111525
28.63049, True, 4, 0.8116544
28.64186, True, 4, 0.7916126
28.65291, True, 4, 0.7902662
28.66354, True, 4, 0.7827165
28.67625, True, 4, 0.7757778
28.68781, True, 4, 0.7656595
28.69895, True, 4, 0.7584254
28.71095, True, 4, 0.7659465
28.7239, True, 4, 0.7588665
28.73596, True, 4, 0.7587236
28.74684, True, 4, 0.756722
28.75742, True, 4, 0.7609232
28.77032, True, 4, 0.8698834
28.78206, True, 4, 0.8671682
28.79254, True, 4, 0.8785467
28.80332, True, 4, 0.8579124
28.8152, True, 4, 0.9061304
28.82572, True, 4, 0.8995246
28.83956, True, 4, 0.8824493
28.85094, True, 4, 0.8730776
28.86235, True, 4, 0.8774673
28.87317, True, 4, 0.892031
28.88475, True, 4, 0.900465
28.89646, True, 4, 0.8880646
28.90796, True, 4, 0.886463
28.91942, True, 4, 0.875665
28.93037, True, 4, 0.8646887
28.94077, True, 4, 0.8697183
28.95295, True, 4, 0.7956971
28.9632, True, 4, 0.783133
28.97416, True, 4, 0.7830464
28.98654, True, 4, 0.7945948
28.99829, True, 4, 1.145141
29.01008, True, 4, 1.225294
29.02149, True, 4, 1.445176
29.03305, True, 4, 1.550629
29.04435, True, 4, 1.352663
29.05522, True, 4, 1.526074
29.06511, True, 4, 1.801841
29.07497, True, 4, 1.633989
29.08655, True, 4, 1.62937
29.09796, True, 4, 1.842009
29.11049, True, 4, 1.994364
29.1233, True, 4, 2.275669
29.13588, True, 4, 1.984288
29.14634, True, 4, 2.980479
29.15864, True, 4, 2.372748
29.16965, True, 4, 2.611605
29.18141, True, 4, 3.366881
29.19251, True, 4, 3.107336
29.2034, True, 4, 4.273996
29.21479, True, 4, 4.687204
29.22492, True, 4, 4.161407
29.23642, True, 4, 3.993984
29.25068, True, 4, 3.847708
29.26201, True, 4, 3.603496
29.27506, True, 4, 3.41334
29.28471, True, 4, 3.252058
29.29536, True, 4, 3.107433
29.30575, True, 4, 2.903593
29.32255, True, 4, 3.049802
29.33382, True, 4, 2.520983
29.34505, True, 4, 1.691908
29.35448, True, 4, 1.570997
29.36662, True, 4, 1.62861
29.37797, True, 4, 1.832387
29.38868, True, 4, 1.861989
29.40005, True, 4, 2.102899
29.41105, True, 4, 2.054362
29.42287, True, 4, 1.964785
29.43552, True, 4, 1.948434
29.44631, True, 4, 1.978674
29.45707, True, 4, 2.012168
29.46811, True, 4, 1.955628
29.47884, True, 4, 1.839976
29.49024, True, 4, 1.635478
29.50253, True, 4, 7.493904
29.53499, True, 4, 3.831544
29.54584, True, 4, 7.335964
29.55716, True, 4, 3.976173
29.5703, True, 4, 3.492548
29.58292, True, 4, 3.176483
29.5942, True, 4, 6.393207
29.6078, True, 4, 3.079628
29.62024, True, 4, 3.089101
29.63036, True, 4, 3.319524
29.6403, True, 4, 3.349767
29.65189, True, 4, 3.159011
29.66401, True, 4, 3.563316
29.6761, True, 4, 1.864596
29.68738, True, 4, 2.045208
29.69897, True, 4, 2.847708
29.70978, True, 4, 2.732077
29.71975, True, 4, 3.748541
29.76209, True, 4, 8.877906
30.00653, True, 4, 4.878591
30.13891, True, 4, 7.750535
30.15005, True, 4, 5.895771
30.16123, True, 4, 9.61859
30.69253, True, 4, 5.375587
30.78133, True, 4, 9.756594
30.79254, True, 4, 9.918232
30.80428, True, 4, 8.460277
30.81529, True, 4, 7.67196
30.82636, True, 4, 7.18638
30.83757, True, 4, 4.168545
30.8495, True, 4, 3.932835
30.86082, True, 4, 4.373697
30.87275, True, 4, 4.429426
30.88301, True, 4, 4.236889
30.89435, True, 4, 4.212084
30.90622, True, 4, 4.63746
30.91765, True, 4, 4.83577
30.92772, True, 4, 4.813121
30.94028, True, 4, 4.430712
30.952, True, 4, 6.403039
30.96362, True, 4, 6.573755
30.97462, True, 4, 6.710451
30.98663, True, 4, 6.647202
30.99896, True, 4, 7.666852
31.01013, True, 4, 7.837838
31.02132, True, 4, 6.104507
31.03278, True, 4, 5.991005
31.04421, True, 4, 5.342331
31.05355, True, 4, 5.114535
31.06475, True, 4, 5.426268
31.07718, True, 4, 5.102233
31.09261, True, 4, 4.526504
31.10399, True, 4, 2.404242
31.11421, True, 4, 2.531578
31.12526, True, 4, 2.180012
31.13695, True, 4, 2.452352
31.14944, True, 4, 2.626636
31.16112, True, 4, 2.817046
31.17343, True, 4, 2.900524
31.18574, True, 4, 2.8254
31.19677, True, 4, 2.839103
31.20824, True, 4, 2.757653
31.22019, True, 4, 2.759728
31.23183, True, 4, 2.905947
31.24347, True, 4, 2.67342
31.2542, True, 4, 2.300996
31.26483, True, 4, 3.26066
31.59161, True, 4, 7.088454
31.60314, True, 4, 3.3072
31.61585, True, 4, 3.214432
31.62842, True, 4, 3.482199
31.63985, True, 4, 4.388629
31.65163, True, 4, 3.870496
31.66228, True, 4, 3.838652
31.67599, True, 4, 3.525576
31.68714, True, 4, 4.095279
31.69779, True, 4, 3.896267
31.71018, True, 4, 3.705595
31.72088, True, 4, 3.679548
31.73309, True, 4, 4.329379
31.7444, True, 4, 4.059127
31.75546, True, 4, 3.982643
31.76649, True, 4, 3.780626
31.77736, True, 4, 3.570322
31.78844, True, 4, 2.678488
31.80059, True, 4, 2.778996
31.81114, True, 4, 2.652915
31.82293, True, 4, 2.585177
31.83301, True, 4, 2.73967
31.84439, True, 4, 2.679775
31.85579, True, 4, 2.690161
31.86736, True, 4, 2.679698
31.87896, True, 4, 2.683308
31.88975, True, 4, 2.634031
31.90193, True, 4, 2.256366
31.91433, True, 4, 2.194103
31.92621, True, 4, 2.182573
31.93628, True, 4, 2.402623
31.94732, True, 4, 1.8796
31.95861, True, 4, 1.687584
31.97001, True, 4, 1.761557
31.98211, True, 4, 1.759374
31.99426, True, 4, 2.260335
32.00593, True, 4, 2.149303
32.01829, True, 4, 2.142493
32.02882, True, 4, 2.264582
32.04118, True, 4, 2.440854
32.05249, True, 4, 2.450162
32.064, True, 4, 2.652833
32.07589, True, 4, 2.74595
32.08709, True, 4, 2.982234
32.0986, True, 4, 3.01473
32.10965, True, 4, 2.890819
32.11975, True, 4, 2.790196
32.13277, True, 4, 2.66306
32.14475, True, 4, 3.223968
32.1711, True, 4, 6.393427
32.18301, True, 4, 3.565977
32.20636, True, 4, 3.630841
32.21763, True, 4, 8.312098
32.33561, True, 4, 8.504243
32.35122, True, 4, 8.155581
32.36226, True, 4, 8.204953
32.3732, True, 4, 9.838824
32.38304, True, 4, 9.180109
32.39371, True, 4, 9.099299
32.40568, True, 4, 8.678421
32.4181, True, 4, 9.046432
32.52459, True, 5, 5.879726
32.53593, True, 5, 8.997162
32.54976, True, 5, 2.406998
32.55979, True, 5, 3.23242
32.57129, True, 5, 3.190238
32.58202, True, 5, 3.72938
32.59319, True, 5, 3.391592
32.6037, True, 5, 4.339785
32.61561, True, 5, 4.52724
32.62722, True, 5, 4.021986
32.63822, True, 5, 3.679895
32.65044, True, 5, 3.392351
32.66029, True, 5, 3.825053
32.67301, True, 5, 4.119256
32.68512, True, 5, 4.004853
32.69656, True, 5, 3.973725
32.70705, True, 5, 3.742209
32.72161, True, 5, 3.569466
32.73213, True, 5, 3.524885
32.7417, True, 5, 3.30954
32.75194, True, 5, 3.058426
32.76197, True, 5, 3.170538
32.77306, True, 5, 3.144374
32.78428, True, 5, 3.125628
32.79556, True, 5, 3.227295
32.80737, True, 5, 3.229932
32.81932, True, 5, 2.322912
32.83082, True, 5, 5.357605
32.87068, True, 5, 5.640949
32.89268, True, 5, 2.667669
32.90488, True, 5, 3.725556
32.91667, True, 5, 3.972726
32.92627, True, 5, 4.286394
32.93748, True, 5, 3.579203
32.94859, True, 5, 4.612211
32.96003, True, 5, 8.763599
33.03822, True, 5, 7.31289
33.04897, True, 5, 4.027606
33.06013, True, 5, 2.150527
33.07198, True, 5, 3.391431
33.08205, True, 5, 2.199294
33.09304, True, 5, 1.708216
33.1039, True, 5, 2.243964
33.11544, True, 5, 2.16558
33.12669, True, 5, 2.314952
33.13899, True, 5, 5.154367
33.15098, True, 5, 3.115245
33.16218, True, 5, 2.285783
33.17439, True, 5, 2.004409
33.18508, True, 5, 5.79865
33.19773, True, 5, 3.720675
33.21415, True, 5, 2.953029
33.22552, True, 5, 3.134446
33.24037, True, 5, 3.455436
33.25102, True, 5, 3.094945
33.26203, True, 5, 2.100822
33.27328, True, 5, 1.971438
33.28493, True, 5, 1.856149
33.29773, True, 5, 1.421391
33.30987, True, 5, 1.309955
33.32251, True, 5, 1.106616
33.33462, True, 5, 1.142675
33.34707, True, 5, 1.106963
33.35953, True, 5, 1.020551
33.37005, True, 5, 0.8992499
33.3821, True, 5, 1.039336
33.39416, True, 5, 1.106339
33.40575, True, 5, 1.13556
33.41714, True, 5, 1.129091
33.43004, True, 5, 1.105221
33.44234, True, 5, 1.127291
33.45306, True, 5, 1.133697
33.46518, True, 5, 1.126624
33.4772, True, 5, 1.272155
33.4892, True, 5, 1.25548
33.49989, True, 5, 1.194276
33.51012, True, 5, 1.198286
33.52055, True, 5, 1.165467
33.53284, True, 5, 1.155785
33.54294, True, 5, 1.182388
33.55529, True, 5, 1.127887
33.56576, True, 5, 1.211991
33.58301, True, 5, 1.224886
33.59511, True, 5, 1.235916
33.60576, True, 5, 1.278483
33.61624, True, 5, 1.299131
33.62706, True, 5, 1.348724
33.63669, True, 5, 1.267531
33.64839, True, 5, 1.355605
33.65936, True, 5, 1.295329
33.67052, True, 5, 0.9661864
33.6813, True, 5, 0.9088597
33.69362, True, 5, 0.9059153
33.70569, True, 5, 0.9036442
33.71724, True, 5, 0.9220502
33.72823, True, 5, 0.9151183
33.74298, True, 5, 0.9313123
33.75302, True, 5, 0.938719
33.76602, True, 5, 0.9297829
33.77694, True, 5, 0.9397275
33.78745, True, 5, 0.9289017
33.79948, True, 5, 0.9793346
33.80843, True, 5, 0.7852364
33.81952, True, 5, 0.7674718
33.83239, True, 5, 0.8293704
33.84399, True, 5, 0.8115204
33.85562, True, 5, 0.8219165
33.86844, True, 5, 0.8287408
33.88037, True, 5, 0.8139402
33.89347, True, 5, 0.7980067
33.90603, True, 5, 0.7996407
33.91876, True, 5, 0.8064448
33.93002, True, 5, 0.8035827
33.94162, True, 5, 0.8173432
33.9525, True, 5, 0.8224686
33.9622, True, 5, 0.8304747
33.97315, True, 5, 0.8361282
33.98491, True, 5, 0.8622629
33.99464, True, 5, 0.8655079
34.00635, True, 5, 0.8674725
34.01774, True, 5, 0.8643022
34.02748, True, 5, 0.9074078
34.03902, True, 5, 0.7637694
34.05106, True, 5, 0.9190547
34.06085, True, 5, 1.135536
34.07279, True, 5, 1.446813
34.08379, True, 5, 1.657685
34.09561, True, 5, 1.042286
34.10806, True, 5, 1.386548
34.11756, True, 5, 1.182523
34.12864, True, 5, 1.333804
34.13963, True, 5, 1.476246
34.15058, True, 5, 1.53277
34.15997, True, 5, 1.480697
34.16967, True, 5, 1.402008
34.18072, True, 5, 1.377418
34.19143, True, 5, 1.480044
34.2019, True, 5, 1.60833
34.21473, True, 5, 1.477829
34.23, True, 5, 1.591298
34.24229, True, 5, 1.587538
34.25154, True, 5, 1.572829
34.26393, True, 5, 1.655966
34.27545, True, 5, 1.672594
34.28649, True, 5, 1.77675
34.29816, True, 5, 2.660366
34.30971, True, 5, 2.297189
34.32072, True, 5, 3.30568
34.33293, True, 5, 3.427482
34.34337, True, 5, 2.944353
34.35666, True, 5, 2.970955
34.36797, True, 5, 2.830215
34.37848, True, 5, 2.683892
34.38893, True, 5, 2.723227
34.40034, True, 5, 2.700119
34.41154, True, 5, 2.522347
34.42294, True, 5, 2.516508
34.4351, True, 5, 2.493419
34.44878, True, 5, 2.395461
34.45978, True, 5, 2.379198
34.47329, True, 5, 2.429404
34.48474, True, 5, 2.372608
34.49565, True, 5, 2.292296
34.50702, True, 5, 1.858966
34.51828, True, 5, 1.774868
34.52974, True, 5, 1.752934
34.53979, True, 5, 1.702104
34.55268, True, 5, 1.634226
34.56464, True, 5, 1.566119
34.57565, True, 5, 1.596925
34.58622, True, 5, 1.603658
34.59857, True, 5, 1.646849
34.61016, True, 5, 1.685549
34.62144, True, 5, 1.686067
34.63255, True, 5, 1.68259
34.64272, True, 5, 1.646677
34.65509, True, 5, 1.612497
34.66445, True, 5, 1.706143
34.67608, True, 5, 1.747878
34.68675, True, 5, 2.512466
34.77748, True, 5, 8.455141
34.78814, True, 5, 6.314547
34.79898, True, 5, 6.531947
34.80987, True, 5, 5.292269
34.81993, True, 5, 4.345956
34.83228, True, 5, 4.309017
34.84297, True, 5, 4.247175
34.85518, True, 5, 4.117949
34.86556, True, 5, 4.525671
34.8762, True, 5, 3.798535
34.88728, True, 5, 4.479209
34.89998, True, 5, 8.579703
34.90936, True, 5, 4.29886
34.95061, True, 5, 9.61533
34.96294, True, 5, 3.566146
34.97451, True, 5, 4.608242
34.98559, True, 5, 6.381197
35.00405, True, 5, 9.69902
35.01493, True, 5, 3.171521
35.02589, True, 5, 2.687208
35.03625, True, 5, 2.586942
35.04779, True, 5, 2.269862
35.05878, True, 5, 2.446051
35.07087, True, 5, 2.382864
35.08219, True, 5, 2.350013
35.10769, True, 5, 9.807738
35.12736, True, 5, 5.943976
35.13994, True, 5, 4.083417
35.15224, True, 5, 3.388997
35.16369, True, 5, 3.029894
35.17551, True, 5, 2.686086
35.18714, True, 5, 2.429682
35.19848, True, 5, 2.857314
35.21024, True, 5, 3.567553
35.22188, True, 5, 3.645697
35.23336, True, 5, 3.659087
35.24396, True, 5, 3.835199
35.25984, True, 5, 3.336036
35.27232, True, 5, 3.202308
35.28383, True, 5, 2.975195
35.29451, True, 5, 2.898181
35.30786, True, 5, 3.050134
35.31804, True, 5, 2.970402
35.3285, True, 5, 3.040125
35.33975, True, 5, 4.254748
35.35238, True, 5, 3.417358
35.57907, True, 5, 7.880051
35.59042, True, 5, 3.672443
35.60209, True, 5, 2.161197
35.61245, True, 5, 3.372789
35.6236, True, 5, 2.611177
35.63506, True, 5, 2.981042
35.64764, True, 5, 2.254395
35.66002, True, 5, 3.8335
35.67257, True, 5, 3.67447
35.68412, True, 5, 3.882399
35.69506, True, 5, 2.031725
35.70352, True, 5, 1.910707
35.90263, True, 5, 3.235144
35.91388, True, 5, 4.547501
35.92501, True, 5, 3.178318
35.93621, True, 5, 4.286782
35.94788, True, 5, 2.991826
35.95963, True, 5, 5.000532
35.97207, True, 5, 3.98009
35.98428, True, 5, 3.442713
35.99497, True, 5, 3.471131
36.00758, True, 5, 3.361388
36.01995, True, 5, 3.255901
36.03093, True, 5, 3.208118
36.04325, True, 5, 3.27633
36.05571, True, 5, 3.50638
36.0682, True, 5, 3.564313
36.07966, True, 5, 3.818672
36.08977, True, 5, 3.836182
36.10064, True, 5, 4.462226
36.11176, True, 5, 4.074841
36.12317, True, 5, 4.34551
36.13503, True, 5, 4.350052
36.14715, True, 5, 4.538349
36.15994, True, 5, 4.623527
36.17011, True, 5, 4.390904
36.18204, True, 5, 4.685562
36.1937, True, 5, 4.498382
36.20525, True, 5, 4.221352
36.21744, True, 5, 4.548155
36.22844, True, 5, 3.204468
36.23994, True, 5, 3.409398
36.25169, True, 5, 2.939002
36.26369, True, 5, 2.85814
36.27602, True, 5, 2.945688
36.28856, True, 5, 2.918757
36.29993, True, 5, 2.906556
36.31019, True, 5, 2.854618
36.32248, True, 5, 2.831257
36.33323, True, 5, 2.774517
36.34408, True, 5, 2.704169
36.35621, True, 5, 2.674911
36.36795, True, 5, 2.813414
36.38116, True, 5, 2.885928
36.39184, True, 5, 3.074051
36.40262, True, 5, 3.076475
36.41293, True, 5, 3.056437
36.42314, True, 5, 3.081501
36.4355, True, 5, 3.286657
36.44729, True, 5, 3.73147
36.45986, True, 5, 3.814792
36.47231, True, 5, 3.777673
36.48413, True, 5, 3.82327
36.49757, True, 5, 3.942598
36.50928, True, 5, 4.251912
36.51882, True, 5, 4.408872
36.53147, True, 5, 4.499765
36.54276, True, 5, 4.65051
36.55368, True, 5, 4.816741
36.56469, True, 5, 4.783818
36.57472, True, 5, 4.729767
36.58612, True, 5, 5.188441
36.59686, True, 5, 5.567353
36.60829, True, 5, 5.272492
36.62, True, 5, 5.333484
36.63147, True, 5, 5.293448
36.64288, True, 5, 4.094951
36.65495, True, 5, 4.452989
36.66576, True, 5, 4.127108
36.67539, True, 5, 4.119393
36.68616, True, 5, 3.929118
36.69781, True, 5, 3.696
36.70984, True, 5, 3.748596
36.72113, True, 5, 3.758598
36.73374, True, 5, 3.621868
36.74356, True, 5, 3.708699
36.75608, True, 5, 3.785798
36.76838, True, 5, 3.966087
36.78004, True, 5, 3.962452
36.79203, True, 5, 4.031704
36.82339, True, 5, 3.979971
36.83372, True, 5, 3.653904
36.8448, True, 5, 5.479606
36.85587, True, 5, 5.032116
36.86702, True, 5, 4.471689
36.88161, True, 5, 4.965374
36.89221, True, 5, 5.338843
36.90287, True, 5, 5.054964
36.91477, True, 5, 5.018637
36.92612, True, 5, 4.866723
36.93692, True, 5, 4.70795
36.9489, True, 5, 4.676511
36.9601, True, 5, 4.40547
36.9723, True, 5, 4.314185
36.98293, True, 5, 4.291921
36.99388, True, 5, 4.054482
37.00537, True, 5, 3.599582
37.01832, True, 5, 3.786445
37.03009, True, 5, 3.889619
37.04189, True, 5, 3.259475
37.05359, True, 5, 3.098973
37.06498, True, 5, 2.784722
37.07563, True, 5, 3.30632
37.08578, True, 5, 3.239875
37.09716, True, 5, 3.576877
37.10782, True, 5, 3.429132
37.11768, True, 5, 3.71809
37.12963, True, 5, 3.659501
37.14039, True, 5, 3.605673
37.15014, True, 5, 3.502468
37.16081, True, 5, 3.284224
37.17203, True, 5, 3.093636
37.18402, True, 5, 3.008667
37.19483, True, 5, 3.037495
37.20489, True, 5, 3.145466
37.21581, True, 5, 3.339775
37.22707, True, 5, 3.627641
37.23861, True, 5, 3.637121
37.24986, True, 5, 4.204758
37.26163, True, 5, 4.474662
37.27189, True, 5, 4.27823
37.28226, True, 5, 3.810121
37.29346, True, 5, 3.782434
37.30549, True, 5, 0
37.3162, True, 5, 4.300519
37.32718, True, 5, 4.34044
37.33759, True, 5, 4.344763
37.34957, True, 5, 4.229756
37.35984, True, 5, 4.149731
37.37815, True, 5, 3.869017
37.39292, True, 5, 3.822992
37.40604, True, 5, 3.767542
37.41799, True, 5, 3.912306
37.43036, True, 5, 3.990827
37.44155, True, 5, 4.056359
38.74414, False, 0, 7.10006
38.75617, False, 0, 7.218174
38.84547, False, 0, 0
39.0778, False, 0, 2.373487
39.08957, False, 0, 2.760421
39.10148, False, 0, 2.093587
39.11365, False, 0, 2.229946
39.12554, False, 0, 2.012494
39.13532, False, 0, 2.256831
39.14614, False, 0, 2.377515
39.16014, False, 0, 2.395226
39.17214, False, 0, 2.336992
39.18395, False, 0, 2.276303
39.19506, False, 0, 2.17661
39.20708, False, 0, 2.143699
39.21846, False, 0, 2.165017
39.22989, False, 0, 2.187957
39.24046, False, 0, 2.301123
39.25195, False, 0, 2.294397
39.26344, False, 0, 2.350015
39.274, False, 0, 2.328629
39.28995, False, 0, 2.336341
39.30177, False, 0, 2.533478
39.31378, False, 0, 2.495437
39.32529, False, 0, 2.834373
39.33576, False, 0, 2.769803
39.34762, False, 0, 2.729354
39.35843, False, 0, 2.727068
39.36959, False, 0, 2.569138
39.38101, False, 0, 2.594773
39.39178, False, 0, 2.642532
39.40333, False, 0, 2.552865
39.4145, False, 0, 2.868682
39.42538, False, 0, 5.405396
39.4483, False, 0, 5.379796
39.46807, False, 0, 9.612762
39.54348, False, 0, 9.601066
39.55611, False, 0, 9.43659
39.56691, False, 0, 9.161746
39.57747, False, 0, 8.529755
39.58798, False, 0, 9.391187
39.59964, False, 0, 8.191918
39.87499, False, 0, 2.499173
39.88725, False, 0, 3.565811
39.89854, False, 0, 3.468326
39.90929, False, 0, 2.900486
39.92101, False, 0, 2.899275
39.93202, False, 0, 2.883687
39.94218, False, 0, 2.735592
39.95176, False, 0, 2.833473
39.96272, False, 0, 2.963665
39.97219, False, 0, 2.857387
39.98394, False, 0, 2.94076
39.9938, False, 0, 2.895522
40.00394, False, 0, 2.863534
40.01572, False, 0, 2.854078
40.02628, False, 0, 3.042634
40.03846, False, 0, 3.027294
40.0496, False, 0, 2.918984
40.06129, False, 0, 2.884467
40.07217, False, 0, 2.829467
40.08362, False, 0, 2.96729
40.09452, False, 0, 3.016712
40.10747, False, 0, 3.005702
40.11849, False, 0, 3.109991
40.13005, False, 0, 3.135831
40.14147, False, 0, 3.117171
40.15157, False, 0, 3.008439
40.16267, False, 0, 3.100417
40.1739, False, 0, 3.526955
40.18887, False, 0, 3.634412
40.19995, False, 0, 3.751904
40.21006, False, 0, 3.529058
40.2212, False, 0, 3.593132
40.23228, False, 0, 4.004558
40.24348, False, 0, 4.08276
40.25543, False, 0, 3.999916
40.26711, False, 0, 3.84797
40.27658, False, 0, 3.865812
40.28762, False, 0, 3.642226
40.29891, False, 0, 3.359764
40.30974, False, 0, 3.308554
40.32116, False, 0, 3.047623
40.33342, False, 0, 2.838548
40.34932, False, 0, 2.858024
40.36001, False, 0, 2.918334
40.37215, False, 0, 2.921985
40.38459, False, 0, 3.882141
40.39515, False, 0, 4.203522
40.40606, False, 0, 4.417312
40.41757, False, 0, 5.231702
40.42794, False, 0, 5.42175
40.43978, False, 0, 5.284725
40.45121, False, 0, 4.922818
40.4624, False, 0, 4.905517
40.47363, False, 0, 5.09085
40.49643, False, 0, 2.680141
40.51364, False, 0, 2.669382
40.52542, False, 0, 2.360757
40.53711, False, 0, 2.481827
40.54986, False, 0, 2.523046
40.55989, False, 0, 2.486573
40.57009, False, 0, 2.37063
40.58207, False, 0, 2.455475
40.59332, False, 1, 2.40249
40.60527, False, 1, 2.403913
40.6168, False, 1, 2.33698
40.62876, False, 1, 2.442573
40.63966, False, 1, 2.312054
40.65173, False, 1, 2.432872
40.66377, False, 1, 2.40029
40.67472, False, 1, 2.275396
40.68702, False, 1, 2.613348
40.69737, False, 1, 2.60523
40.71098, False, 1, 2.659193
40.72348, False, 1, 2.70636
40.73483, False, 1, 2.601043
40.74617, False, 1, 2.579783
40.75586, False, 1, 2.510743
40.76682, False, 1, 2.69608
40.77896, False, 1, 2.717241
40.7889, False, 1, 2.882295
40.8, False, 1, 3.279302
40.80972, False, 1, 3.402911
40.82167, False, 1, 5.816378
40.83358, False, 1, 6.776522
40.86762, False, 1, 8.597133
40.87904, False, 1, 9.478647
40.89183, False, 1, 6.728397
40.90401, False, 1, 5.040982
40.91677, False, 1, 5.109162
40.92702, False, 1, 5.016907
40.93732, False, 1, 4.767154
40.94812, False, 1, 4.730056
40.95956, False, 1, 4.609667
40.97129, False, 1, 4.514906
40.9818, False, 1, 4.243226
40.99242, False, 1, 4.183105
41.00401, False, 1, 3.985587
41.02522, False, 1, 5.991256
41.36612, False, 1, 2.249877
41.3775, False, 1, 3.58772
41.38911, False, 1, 3.77278
41.40033, False, 1, 6.335957
41.43408, False, 1, 5.237402
41.44729, False, 1, 5.910764
41.45815, False, 1, 6.132927
41.50388, False, 1, 4.62789
41.6591, False, 1, 7.831851
41.67133, False, 1, 7.354337
41.72532, False, 1, 8.782207
41.73758, False, 1, 5.683326
41.74878, False, 1, 3.323038
41.75991, False, 1, 2.87639
41.7717, False, 1, 2.933088
41.7824, False, 1, 3.75183
41.79216, False, 1, 2.441668
41.8033, False, 1, 2.079745
41.81531, False, 1, 1.770582
41.82573, False, 1, 1.570281
41.8373, False, 1, 1.258321
41.8478, False, 1, 1.684266
41.85986, False, 1, 1.485273
41.8717, False, 1, 1.35002
41.88514, False, 1, 1.245841
41.89804, False, 1, 1.190583
41.90921, False, 1, 1.234494
41.92096, False, 1, 1.250829
41.9334, False, 1, 1.260121
41.94591, False, 1, 1.261311
41.95718, False, 1, 1.252641
41.96787, False, 1, 1.187051
41.97969, False, 1, 1.236412
41.98952, False, 1, 1.336699
41.99967, False, 1, 1.294737
42.01431, False, 1, 1.333297
42.02524, False, 1, 0.9699425
42.03803, False, 1, 1.033987
42.04962, False, 1, 1.046795
42.06309, False, 1, 1.024157
42.07514, False, 1, 1.002301
42.08814, False, 1, 0.9916533
42.09969, False, 1, 0.9887294
42.11019, False, 1, 0.9660041
42.1222, False, 1, 0.9492936
42.13313, False, 1, 0.9479741
42.14291, False, 1, 0.9554362
42.15427, False, 1, 0.9371142
42.16545, False, 1, 0.8619031
42.17701, False, 1, 0.8700794
42.18897, False, 1, 0.8872803
42.20042, False, 1, 0.8600811
42.21084, False, 1, 0.863739
42.22233, False, 1, 0.8500856
42.23326, False, 1, 0.8773226
42.24355, False, 1, 0.8561528
42.25472, False, 1, 0.8271395
42.26632, False, 1, 0.7974288
42.27584, False, 1, 0.7909633
42.28734, False, 1, 0.7928964
42.29829, False, 1, 0.7922182
42.31009, False, 1, 0.7981982
42.32088, False, 1, 0.7964087
42.33168, False, 1, 0.8039129
42.34411, False, 1, 0.8380876
42.35601, False, 1, 0.851208
42.36673, False, 1, 0.8749796
42.37748, False, 1, 0.874617
42.38906, False, 1, 0.8765903
42.39981, False, 1, 0.876581
42.41014, False, 1, 0.8797387
42.42068, False, 1, 0.864135
42.43246, False, 1, 0.8685953
42.44409, False, 1, 0.8666958
42.45467, False, 1, 0.8623856
42.46534, False, 1, 0.8563882
42.47574, False, 1, 0.9840571
42.49179, False, 1, 1.033288
42.50428, False, 1, 0.9179773
42.51474, False, 1, 1.090634
42.52693, False, 1, 1.225834
42.53852, False, 1, 1.138771
42.55016, False, 1, 1.282116
42.56353, False, 1, 1.519647
42.57485, False, 1, 1.555811
42.58513, False, 1, 1.531473
42.59629, False, 1, 1.5051
42.60783, False, 1, 1.657948
42.61725, False, 1, 1.929263
42.62857, False, 1, 2.049429
42.63955, False, 1, 2.219174
42.65064, False, 1, 2.433753
42.66233, False, 1, 2.432622
42.6744, False, 1, 2.987431
42.68517, False, 1, 2.642775
42.69572, False, 1, 3.024129
42.7056, False, 1, 2.974581
42.71575, False, 1, 3.396518
42.72775, False, 1, 3.1336
42.74094, False, 1, 2.531971
42.7537, False, 1, 2.360673
42.76641, False, 1, 2.731695
42.77806, False, 1, 2.765987
42.78979, False, 1, 2.77314
42.80157, False, 1, 3.149624
42.81367, False, 1, 3.15787
42.8246, False, 1, 3.024278
42.8353, False, 1, 2.987201
42.84683, False, 1, 3.068804
42.85854, False, 1, 3.015266
42.871, False, 1, 3.196143
42.88327, False, 1, 3.1787
42.89515, False, 1, 3.11677
42.90617, False, 1, 3.305046
42.91765, False, 1, 3.309752
42.92994, False, 1, 7.216044
43.25331, False, 1, 5.384284
43.2758, False, 1, 7.25137
43.31952, False, 1, 4.013697
43.331, False, 1, 4.421307
43.34212, False, 1, 7.721332
43.35344, False, 1, 8.690022
43.3862, False, 1, 9.267568
43.39855, False, 1, 6.170758
43.40999, False, 1, 3.780314
43.42247, False, 1, 4.519631
43.43433, False, 1, 5.168543
43.44623, False, 1, 6.657859
43.9453, False, 1, 8.765774
43.9566, False, 1, 7.305148
43.96833, False, 1, 9.176434
43.97987, False, 1, 6.491189
43.99026, False, 1, 6.086795
44.00171, False, 1, 6.133653
44.01353, False, 1, 6.235575
44.02439, False, 1, 5.655962
44.03751, False, 1, 6.429432
44.04868, False, 1, 6.906881
44.05967, False, 1, 6.699103
44.06989, False, 1, 5.999655
44.08305, False, 1, 5.519016
44.09636, False, 1, 5.769785
44.10826, False, 1, 5.350153
44.11943, False, 1, 5.440528
44.13186, False, 1, 5.646413
44.1418, False, 1, 5.793314
44.15382, False, 1, 7.679227
44.16413, False, 1, 7.836874
44.17489, False, 1, 7.970477
44.18735, False, 1, 8.606181
44.19842, False, 1, 8.732946
44.23204, False, 1, 9.483988
44.24323, False, 1, 5.012974
44.25478, False, 1, 6.716628
44.26797, False, 1, 5.135943
44.27977, False, 1, 5.828871
44.291, False, 1, 7.574664
44.30195, False, 1, 7.25983
44.31219, False, 1, 6.396857
44.3229, False, 1, 6.117532
44.33443, False, 1, 6.18983
44.3452, False, 1, 6.117723
44.3548, False, 1, 6.199046
44.36641, False, 1, 6.359539
44.37656, False, 1, 5.640446
44.38641, False, 1, 5.633006
44.39748, False, 1, 5.573053
44.40876, False, 1, 4.827628
44.41934, False, 1, 4.61975
45.1774, False, 1, 5.795323
45.19036, False, 1, 8.581498
45.20087, False, 1, 3.842943
45.21329, False, 1, 3.14481
45.22366, False, 1, 3.952945
45.23421, False, 1, 3.934252
45.24503, False, 1, 4.141711
45.25729, False, 1, 3.862108
45.26833, False, 1, 3.826789
45.27992, False, 1, 3.747916
45.29148, False, 1, 3.802845
45.30747, False, 1, 3.792934
45.31958, False, 1, 3.79297
45.33077, False, 1, 3.877725
45.34097, False, 1, 4.874489
45.35223, False, 1, 5.294168
45.36344, False, 1, 5.468195
45.37439, False, 1, 6.080748
45.38593, False, 1, 5.83506
45.39651, False, 1, 4.999079
45.4077, False, 1, 4.680628
45.41969, False, 1, 4.552328
45.43193, False, 1, 4.037929
45.44327, False, 1, 4.655916
45.45388, False, 1, 4.85638
45.46397, False, 1, 4.610837
45.4741, False, 1, 4.725598
45.4887, False, 1, 4.920672
45.50003, False, 1, 5.741966
45.511, False, 1, 7.868944
45.52238, False, 1, 3.793084
45.53256, False, 1, 4.095865
45.54336, False, 1, 6.003572
45.55566, False, 1, 9.475798
45.5666, False, 1, 5.130394
45.5758, False, 1, 4.59568
45.58874, False, 1, 4.801913
45.60001, False, 2, 4.289798
45.61165, False, 2, 4.254858
45.62229, False, 2, 4.001994
45.63299, False, 2, 3.901023
45.64313, False, 2, 3.829694
45.65552, False, 2, 4.018006
45.66622, False, 2, 3.822586
45.67654, False, 2, 3.747069
45.68906, False, 2, 3.825882
45.69983, False, 2, 3.720043
45.71119, False, 2, 3.613673
45.72359, False, 2, 3.423595
45.73378, False, 2, 3.635736
45.74493, False, 2, 3.516275
45.75571, False, 2, 3.472222
45.76709, False, 2, 3.661246
45.77992, False, 2, 3.760031
45.79089, False, 2, 3.911319
45.80215, False, 2, 4.343008
45.81182, False, 2, 4.444422
45.82472, False, 2, 4.605766
46.25623, False, 2, 3.82157
46.30072, False, 2, 6.008322
46.31292, False, 2, 7.048346
46.32339, False, 2, 5.002135
46.33379, False, 2, 2.361666
46.34675, False, 2, 2.444525
46.35774, False, 2, 1.917057
46.36735, False, 2, 2.350608
46.37894, False, 2, 1.690297
46.38965, False, 2, 2.147221
46.40095, False, 2, 1.547525
46.41324, False, 2, 1.340409
46.42481, False, 2, 1.154037
46.43575, False, 2, 1.233085
46.4475, False, 2, 1.120314
46.459, False, 2, 1.029672
46.4715, False, 2, 1.026438
46.48223, False, 2, 0.8960345
46.49398, False, 2, 0.9217284
46.50698, False, 2, 0.955265
46.51853, False, 2, 0.990373
46.53077, False, 2, 0.966901
46.54082, False, 2, 0.9141568
46.55288, False, 2, 0.8880135
46.56587, False, 2, 0.9293519
46.57819, False, 2, 0.9311613
46.58873, False, 2, 0.9710702
46.59986, False, 2, 0.8665663
46.61328, False, 2, 0.8808812
46.62476, False, 2, 0.8735608
46.63543, False, 2, 0.854311
46.64698, False, 2, 0.8717859
46.65947, False, 2, 0.8934913
46.6702, False, 2, 0.8944736
46.68274, False, 2, 0.9223657
46.69442, False, 2, 0.9213265
46.70668, False, 2, 0.9210874
46.71715, False, 2, 0.8908672
46.72885, False, 2, 0.8881966
46.7398, False, 2, 0.9014738
46.75229, False, 2, 0.9199805
46.76549, False, 2, 0.8739596
46.77715, False, 2, 0.8577195
46.7883, False, 2, 0.8654701
46.79868, False, 2, 0.8603371
46.80871, False, 2, 0.8893501
46.81979, False, 2, 0.8960544
46.8302, False, 2, 0.8841514
46.8402, False, 2, 0.890258
46.85135, False, 2, 0.9368914
46.86259, False, 2, 0.9433149
46.87376, False, 2, 0.951965
46.88518, False, 2, 0.9522139
46.89599, False, 2, 0.9531698
46.90722, False, 2, 0.9579246
46.91779, False, 2, 0.9690694
46.9297, False, 2, 0.9873958
46.94156, False, 2, 0.9865758
46.95327, False, 2, 0.9878025
46.9647, False, 2, 0.9989482
46.97713, False, 2, 1.014324
46.98837, False, 2, 1.013564
46.99937, False, 2, 1.028356
47.0098, False, 2, 1.597733
47.02171, False, 2, 1.287985
47.03178, False, 2, 1.380142
47.04185, False, 2, 2.016241
47.05212, False, 2, 4.858743
47.06256, False, 2, 8.296596
47.07428, False, 2, 3.501894
47.08564, False, 2, 2.37991
47.09589, False, 2, 2.325164
47.11103, False, 2, 2.16661
47.12344, False, 2, 1.949938
47.13583, False, 2, 1.924984
47.14764, False, 2, 1.868458
47.16011, False, 2, 1.831495
47.17204, False, 2, 1.861508
47.1823, False, 2, 2.71697
47.19321, False, 2, 2.494664
47.20576, False, 2, 2.769047
47.21593, False, 2, 3.441499
47.22847, False, 2, 3.448148
47.2401, False, 2, 3.126193
47.25183, False, 2, 3.147892
47.26391, False, 2, 3.356684
47.27519, False, 2, 3.396882
47.28653, False, 2, 5.383403
47.30777, False, 2, 5.666696
47.31902, False, 2, 5.223662
47.33088, False, 2, 5.256757
47.34561, False, 2, 6.25019
47.35737, False, 2, 5.651746
47.36728, False, 2, 5.815948
47.37777, False, 2, 5.982122
47.39081, False, 2, 6.007889
47.40306, False, 2, 6.059908
47.41515, False, 2, 6.277888
47.43589, False, 2, 4.41678
47.70027, False, 2, 2.032325
47.72165, False, 2, 8.801463
47.7555, False, 2, 4.709868
47.76643, False, 2, 6.298988
47.88628, False, 2, 5.54505
47.90924, False, 2, 7.709686
47.93113, False, 2, 6.389189
47.9428, False, 2, 6.289025
47.9534, False, 2, 6.257213
47.96481, False, 2, 5.09279
48.3689, False, 2, 7.895831
48.41853, False, 2, 3.554315
48.42952, False, 2, 3.620158
48.44059, False, 2, 3.499043
48.45276, False, 2, 3.393511
48.46515, False, 2, 3.14214
48.47555, False, 2, 3.00362
48.48668, False, 2, 2.755807
48.49765, False, 2, 2.673922
48.50868, False, 2, 2.799554
48.5198, False, 2, 2.690638
48.53189, False, 2, 2.508471
48.54396, False, 2, 2.677714
48.55628, False, 2, 2.686656
48.56998, False, 2, 2.659513
48.57959, False, 2, 0
48.58976, False, 2, 2.868076
48.59951, False, 2, 3.158534
48.61178, False, 2, 3.047651
48.62263, False, 2, 3.516732
48.63457, False, 2, 2.559138
48.64644, False, 2, 2.632304
48.65733, False, 2, 2.548267
48.66973, False, 2, 2.861673
48.67976, False, 2, 2.970556
48.68964, False, 2, 2.854678
48.6997, False, 2, 2.633122
48.7099, False, 2, 2.679431
48.72246, False, 2, 2.76729
48.73311, False, 2, 3.079086
48.74568, False, 2, 3.195156
48.75694, False, 2, 3.382093
48.76598, False, 2, 3.28868
48.77589, False, 2, 3.561489
48.78754, False, 2, 3.504815
48.79763, False, 2, 3.561846
48.80848, False, 2, 3.402214
48.82017, False, 2, 3.331554
48.83147, False, 2, 3.321049
48.84257, False, 2, 4.117167
48.85537, False, 2, 4.325886
48.86648, False, 2, 3.658674
48.87868, False, 2, 3.805196
48.89322, False, 2, 3.678504
48.90347, False, 2, 3.450221
48.91509, False, 2, 2.893763
48.92442, False, 2, 3.011341
48.93545, False, 2, 2.955823
48.94707, False, 2, 3.117394
48.95661, False, 2, 3.189254
48.96651, False, 2, 3.078491
48.97651, False, 2, 3.027012
48.98709, False, 2, 2.962536
48.99748, False, 2, 3.301223
49.00877, False, 2, 3.6768
49.01961, False, 2, 5.863522
49.03093, False, 2, 4.784216
49.0627, False, 2, 3.772782
49.07277, False, 2, 7.974742
49.08556, False, 2, 4.497267
49.09612, False, 2, 3.989178
49.10711, False, 2, 4.046296
49.11689, False, 2, 4.002772
49.12825, False, 2, 3.999697
49.13985, False, 2, 3.990731
49.15036, False, 2, 3.945372
49.16156, False, 2, 4.753196
49.1729, False, 2, 5.884064
49.18641, False, 2, 4.913781
49.19659, False, 2, 4.757958
49.20635, False, 2, 5.664426
49.21747, False, 2, 5.487126
49.22814, False, 2, 5.132014
49.23915, False, 2, 5.513716
49.25037, False, 2, 5.793148
49.26132, False, 2, 5.456005
49.28384, False, 2, 6.318263
49.29476, False, 2, 6.701486
49.30657, False, 2, 9.483506
49.49267, False, 2, 3.520056
49.50397, False, 2, 4.081235
49.51479, False, 2, 2.581189
49.52559, False, 2, 2.698798
49.53731, False, 2, 3.83982
49.54883, False, 2, 4.034829
49.55943, False, 2, 3.796699
49.57127, False, 2, 3.483028
49.58505, False, 2, 3.158407
49.59466, False, 2, 3.020759
49.6065, False, 2, 2.842052
49.61666, False, 2, 2.735429
49.62784, False, 2, 2.629762
49.63997, False, 2, 2.465599
49.65039, False, 2, 2.26211
49.6615, False, 2, 2.260958
49.67328, False, 2, 2.150342
49.68477, False, 2, 2.128311
49.69556, False, 2, 2.102437
49.70644, False, 2, 2.104764
49.71787, False, 2, 2.156532
49.72986, False, 2, 2.195727
49.74118, False, 2, 2.173836
49.75299, False, 2, 2.266686
49.76522, False, 2, 2.251887
49.77766, False, 2, 2.254405
49.78888, False, 2, 2.338867
49.79991, False, 2, 1.414815
49.81258, False, 2, 2.443258
49.82301, False, 2, 2.195586
49.83487, False, 2, 2.44761
49.84721, False, 2, 2.367126
49.85672, False, 2, 2.223022
49.86749, False, 2, 2.239934
49.88025, False, 2, 2.273422
49.89067, False, 2, 2.276058
49.89943, False, 2, 2.356851
49.90955, False, 2, 2.47566
49.91975, False, 2, 2.499674
49.93471, False, 2, 2.358675
49.94623, False, 2, 2.333502
49.95726, False, 2, 2.312927
49.96925, False, 2, 2.34854
49.98046, False, 2, 2.488301
49.99223, False, 2, 2.42439
50.00323, False, 2, 2.475037
50.01469, False, 2, 2.490253
50.02654, False, 2, 2.265017
50.03682, False, 2, 2.460659
50.04877, False, 2, 2.459277
50.06015, False, 2, 2.675485
50.07172, False, 2, 2.665114
50.0829, False, 2, 8.907671
50.09435, False, 2, 5.170022
50.10507, False, 2, 2.56362
50.11517, False, 2, 2.081636
50.12609, False, 2, 2.264385
50.13551, False, 2, 2.151343
50.14609, False, 2, 2.143446
50.15737, False, 2, 2.218888
50.1699, False, 2, 2.632137
50.18177, False, 2, 2.60882
50.19331, False, 2, 2.620564
50.20629, False, 2, 2.669246
50.2187, False, 2, 2.685072
50.23032, False, 2, 2.846123
50.62756, False, 3, 4.822752
50.64952, False, 3, 3.090014
50.66254, False, 3, 3.471411
50.67332, False, 3, 2.853842
50.68567, False, 3, 2.744881
50.69721, False, 3, 2.969762
50.70904, False, 3, 2.861996
50.72092, False, 3, 2.890006
50.73108, False, 3, 2.922915
50.74097, False, 3, 2.800551
50.75248, False, 3, 2.725289
50.76379, False, 3, 2.711246
50.77536, False, 3, 2.681904
50.78743, False, 3, 2.949254
50.79903, False, 3, 2.864153
50.81149, False, 3, 2.781697
50.82299, False, 3, 2.559932
50.8359, False, 3, 2.369134
50.84782, False, 3, 2.716315
50.85828, False, 3, 2.677764
50.87119, False, 3, 2.732717
50.88351, False, 3, 3.014548
50.8947, False, 3, 3.156758
50.90556, False, 3, 2.942147
50.91642, False, 3, 2.970045
50.9274, False, 3, 2.946897
50.93977, False, 3, 3.313265
50.94961, False, 3, 3.271544
50.96063, False, 3, 3.305393
50.97281, False, 3, 3.259027
50.98364, False, 3, 3.386249
50.9963, False, 3, 3.669658
51.00675, False, 3, 3.673035
51.02188, False, 3, 3.650723
51.0331, False, 3, 3.226278
51.04439, False, 3, 3.587887
51.05563, False, 3, 3.497499
51.06598, False, 3, 3.746029
51.07726, False, 3, 3.849724
51.09017, False, 3, 3.732697
51.10293, False, 3, 3.578996
51.11552, False, 3, 3.882525
51.12599, False, 3, 3.868307
51.13758, False, 3, 4.153183
51.14973, False, 3, 1.928917
51.16063, False, 3, 2.137053
51.17358, False, 3, 1.451296
51.18477, False, 3, 2.063237
51.19463, False, 3, 1.437618
51.20523, False, 3, 1.357192
51.21606, False, 3, 1.234544
51.22825, False, 3, 1.10947
51.23978, False, 3, 1.012401
51.25092, False, 3, 0.9929209
51.26114, False, 3, 0.9904676
51.27343, False, 3, 0.9474477
51.28489, False, 3, 0.9566599
51.29712, False, 3, 0.9185518
51.30805, False, 3, 0.9056685
51.3196, False, 3, 0.8945675
51.33159, False, 3, 0.869301
51.34243, False, 3, 0.88433
51.35308, False, 3, 0.8584003
51.36384, False, 3, 0.8250018
51.37393, False, 3, 0.8585168
51.38345, False, 3, 0.7923003
51.39553, False, 3, 0.8292388
51.4058, False, 3, 0.8017533
51.41854, False, 3, 0.8433308
51.43289, False, 3, 0.800676
51.44524, False, 3, 0.8201126
51.45623, False, 3, 0.8342623
51.46859, False, 3, 0.8300123
51.48018, False, 3, 0.8272265
51.49094, False, 3, 0.8286261
51.50524, False, 3, 0.8189824
51.516, False, 3, 0.8097365
51.52906, False, 3, 0.8121067
51.53989, False, 3, 0.7839794
51.5516, False, 3, 0.7997512
51.56284, False, 3, 0.7952162
51.57413, False, 3, 0.7871035
51.58656, False, 3, 0.7898072
51.59785, False, 3, 0.7679495
51.60841, False, 3, 0.7666411
51.62156, False, 3, 0.7776096
51.63272, False, 3, 0.7742534
51.64363, False, 3, 0.7692221
51.65386, False, 3, 0.7684972
51.66482, False, 3, 0.7666049
51.67544, False, 3, 0.7683712
51.68654, False, 3, 0.7803579
51.69769, False, 3, 0.7845299
51.70983, False, 3, 0.7873658
51.72142, False, 3, 0.785634
51.73241, False, 3, 0.7819028
51.74557, False, 3, 0.7792531
51.75717, False, 3, 0.9120404
51.76789, False, 3, 0.8856339
51.77893, False, 3, 0.7217613
51.78971, False, 3, 0.8606137
51.80084, False, 3, 0.8341622
51.81158, False, 3, 0.8423877
51.82374, False, 3, 0.8242241
51.83596, False, 3, 0.8234865
51.84678, False, 3, 0.8250691
51.85607, False, 3, 0.8952628
51.86621, False, 3, 0.9495873
51.87611, False, 3, 0.9426652
51.88876, False, 3, 0.9362737
51.90039, False, 3, 1.012043
51.91098, False, 3, 1.283985
51.92365, False, 3, 0.9815839
51.93613, False, 3, 1.013139
51.94709, False, 3, 1.013963
51.95823, False, 3, 1.012437
51.97019, False, 3, 1.101409
51.98476, False, 3, 1.178776
51.99664, False, 3, 1.231046
52.00756, False, 3, 1.254065
52.01964, False, 3, 1.319475
52.03104, False, 3, 1.340092
52.04139, False, 3, 1.364496
52.05258, False, 3, 1.388415
52.06316, False, 3, 1.470809
52.07861, False, 3, 1.783033
52.08857, False, 3, 1.810626
52.09821, False, 3, 1.837659
52.10765, False, 3, 1.846851
52.11993, False, 3, 1.816809
52.12988, False, 3, 1.832275
52.14084, False, 3, 1.902985
52.15272, False, 3, 1.930976
52.16398, False, 3, 1.949332
52.17567, False, 3, 0
52.18729, False, 3, 2.159986
52.19801, False, 3, 2.358425
52.20718, False, 3, 2.349153
52.21987, False, 3, 2.324081
52.23016, False, 3, 2.355853
52.24086, False, 3, 2.449218
52.25234, False, 3, 2.439151
52.26468, False, 3, 2.280386
52.27596, False, 3, 2.27913
52.28873, False, 3, 2.277859
52.29982, False, 3, 2.162255
52.31165, False, 3, 2.106015
52.32327, False, 3, 2.08475
52.33352, False, 3, 2.084706
52.34576, False, 3, 2.082612
52.35622, False, 3, 2.112426
52.36864, False, 3, 2.128865
52.3796, False, 3, 2.173693
52.38955, False, 3, 2.402363
52.40074, False, 3, 3.704696
52.41187, False, 3, 3.18065
52.42312, False, 3, 2.124696
52.4332, False, 3, 2.256831
52.44399, False, 3, 2.657586
52.45499, False, 3, 2.574219
52.47017, False, 3, 2.638146
52.47977, False, 3, 2.746995
52.49107, False, 3, 2.604891
52.50308, False, 3, 2.753784
52.51359, False, 3, 2.551678
52.52384, False, 3, 2.617183
52.5368, False, 3, 2.707843
52.5473, False, 3, 2.611078
52.56028, False, 3, 2.770127
52.57279, False, 3, 2.751962
52.58246, False, 3, 2.763039
52.59481, False, 3, 2.842901
52.60617, False, 3, 2.835019
52.61563, False, 3, 2.870617
52.62803, False, 3, 2.732467
52.63892, False, 3, 2.878775
52.6506, False, 3, 2.919137
52.66217, False, 3, 3.006054
53.21883, False, 3, 7.38915
53.24108, False, 3, 4.065485
53.25226, False, 3, 3.046164
53.26364, False, 3, 3.525646
53.27424, False, 3, 3.547853
53.28532, False, 3, 3.176972
53.29692, False, 3, 2.781069
53.30976, False, 3, 2.640475
53.31909, False, 3, 2.899643
53.3311, False, 3, 2.844445
53.34356, False, 3, 2.682415
53.35598, False, 3, 2.628452
53.36628, False, 3, 2.52654
53.37727, False, 3, 2.353143
53.38744, False, 3, 2.261928
53.39789, False, 3, 2.112589
53.40705, False, 3, 2.23027
53.42152, False, 3, 2.273241
53.4321, False, 3, 2.344553
53.4434, False, 3, 2.318172
53.45333, False, 3, 2.292503
53.46422, False, 3, 2.285092
53.47581, False, 3, 2.394913
53.48565, False, 3, 2.350332
53.49685, False, 3, 2.358655
53.50898, False, 3, 2.412602
53.52072, False, 3, 2.489875
53.53314, False, 3, 2.451776
53.54409, False, 3, 2.438829
53.55617, False, 3, 2.664766
53.56712, False, 3, 2.656395
53.57712, False, 3, 2.64628
53.5882, False, 3, 2.849735
53.59875, False, 3, 2.851651
53.61342, False, 3, 2.869317
53.62502, False, 3, 2.905506
53.63546, False, 3, 2.928035
53.64762, False, 3, 2.9741
53.65992, False, 3, 2.536449
53.67119, False, 3, 4.461956
53.70375, False, 3, 5.767741
53.72614, False, 3, 4.583245
53.73716, False, 3, 8.027579
53.74826, False, 3, 8.179846
53.75928, False, 3, 7.355512
53.77027, False, 3, 6.177565
53.78278, False, 3, 5.980995
53.79436, False, 3, 5.19484
53.80573, False, 3, 4.651725
53.81649, False, 3, 4.710836
53.82887, False, 3, 4.511281
53.83852, False, 3, 4.597202
53.8483, False, 3, 4.441729
53.86034, False, 3, 4.114649
53.87263, False, 3, 4.01006
53.88472, False, 3, 4.051543
53.89666, False, 3, 4.290651
53.90963, False, 3, 4.61037
53.91978, False, 3, 4.590347
53.93114, False, 3, 5.51486
53.94191, False, 3, 5.126192
53.95394, False, 3, 4.794056
53.96355, False, 3, 4.625766
53.97555, False, 3, 4.663909
53.98651, False, 3, 4.574369
53.99694, False, 3, 3.952151
54.01003, False, 3, 4.062159
54.01964, False, 3, 4.11061
54.0298, False, 3, 3.996782
54.03989, False, 3, 3.011994
54.05089, False, 3, 8.732962
54.54105, False, 3, 5.089303
54.55212, False, 3, 4.266776
54.56494, False, 3, 2.708261
54.57636, False, 3, 3.703624
54.58688, False, 3, 2.427415
54.59748, False, 3, 2.919661
54.60893, False, 3, 2.151982
54.62096, False, 3, 2.286966
54.63223, False, 3, 2.284178
54.64354, False, 3, 2.239682
54.65491, False, 3, 2.149233
54.66468, False, 3, 2.12481
54.67611, False, 3, 2.133581
54.68616, False, 3, 2.040568
54.69734, False, 3, 2.063242
54.70845, False, 3, 2.173428
54.71976, False, 3, 2.3574
54.73058, False, 3, 2.260996
54.74529, False, 3, 3.361879
54.75651, False, 3, 7.681862
54.98099, False, 3, 7.069812
55.00401, False, 3, 3.009775
55.01422, False, 3, 3.017844
55.02543, False, 3, 2.509457
55.03671, False, 3, 2.829634
55.04922, False, 3, 3.187263
55.06084, False, 3, 2.847442
55.07196, False, 3, 2.865379
55.08432, False, 3, 3.118482
55.09686, False, 3, 3.197565
55.10674, False, 3, 3.440156
55.11662, False, 3, 3.512894
55.1283, False, 3, 3.543116
55.13984, False, 3, 3.300887
55.1499, False, 3, 3.375342
55.16009, False, 3, 3.266778
55.17234, False, 3, 3.354022
55.18285, False, 3, 3.26191
55.19595, False, 3, 2.936634
55.20597, False, 3, 3.845607
55.56195, False, 3, 6.355237
55.58404, False, 3, 4.865502
55.60657, False, 4, 2.63542
55.61721, False, 4, 2.423726
55.62967, False, 4, 2.338124
55.64029, False, 4, 2.201293
55.65208, False, 4, 2.141701
55.66345, False, 4, 1.794278
55.67649, False, 4, 1.748489
55.68797, False, 4, 1.732427
55.69958, False, 4, 1.903957
55.71109, False, 4, 1.96044
55.72216, False, 4, 1.890031
55.73201, False, 4, 1.911056
55.74389, False, 4, 1.944654
55.75381, False, 4, 1.857529
55.76374, False, 4, 1.681141
55.77266, False, 4, 1.685318
55.78424, False, 4, 1.756397
55.79662, False, 4, 1.876702
55.80923, False, 4, 1.865641
55.8208, False, 4, 1.838278
55.83216, False, 4, 1.831
55.84414, False, 4, 1.948441
55.85588, False, 4, 1.942053
55.86596, False, 4, 1.928447
55.87672, False, 4, 1.920433
55.8882, False, 4, 1.927842
55.90339, False, 4, 1.957321
55.91395, False, 4, 3.630675
55.97125, False, 4, 6.057977
56.11398, False, 4, 6.329181
56.1264, False, 4, 9.677403
56.15893, False, 4, 3.756116
56.17052, False, 4, 4.946847
56.18169, False, 4, 6.372297
56.19301, False, 4, 3.129085
56.20253, False, 4, 2.300735
56.21416, False, 4, 4.061291
56.22466, False, 4, 3.046042
56.23616, False, 4, 2.838241
56.24685, False, 4, 3.188651
56.25829, False, 4, 2.138921
56.27049, False, 4, 2.114079
56.28186, False, 4, 2.116857
56.29272, False, 4, 1.39741
56.30565, False, 4, 2.080278
56.31578, False, 4, 1.658907
56.32635, False, 4, 1.341748
56.33801, False, 4, 1.439424
56.35046, False, 4, 1.191457
56.36469, False, 4, 1.806575
56.37481, False, 4, 1.37313
56.38544, False, 4, 1.573917
56.39663, False, 4, 1.357044
56.40761, False, 4, 1.478919
56.41861, False, 4, 1.167148
56.43003, False, 4, 1.08563
56.4417, False, 4, 1.110329
56.45634, False, 4, 1.087417
56.4684, False, 4, 1.021669
56.47982, False, 4, 0.9689235
56.48994, False, 4, 0.9754874
56.50114, False, 4, 0.9762935
56.51233, False, 4, 0.9398614
56.52339, False, 4, 0.7885465
56.53348, False, 4, 0.7430515
56.54659, False, 4, 0.7715214
56.5588, False, 4, 0.7740562
56.56971, False, 4, 0.7800919
56.58245, False, 4, 0.831705
56.59443, False, 4, 0.8468185
56.60501, False, 4, 0.7927396
56.61654, False, 4, 0.7985685
56.62943, False, 4, 0.7987646
56.64043, False, 4, 0.7791244
56.65306, False, 4, 0.7789968
56.66463, False, 4, 0.7740248
56.67614, False, 4, 0.7763027
56.68786, False, 4, 0.7721371
56.69957, False, 4, 0.7928711
56.71056, False, 4, 0.7691705
56.72262, False, 4, 0.7515453
56.73567, False, 4, 0.7519623
56.7472, False, 4, 0.7643288
56.75816, False, 4, 0.7585741
56.76958, False, 4, 0.7749248
56.78025, False, 4, 0.8044435
56.7922, False, 4, 0.7800549
56.8029, False, 4, 0.8064126
56.8133, False, 4, 0.7866743
56.82478, False, 4, 0.7898523
56.83689, False, 4, 0.7900202
56.84803, False, 4, 0.7766675
56.85938, False, 4, 0.8859452
56.86995, False, 4, 0.7972722
56.88012, False, 4, 0.7369959
56.89156, False, 4, 0.7672338
56.90329, False, 4, 0.8033037
56.91485, False, 4, 0.8466893
56.92636, False, 4, 0.8709143
56.93741, False, 4, 0.876262
56.95233, False, 4, 0.8770485
56.96304, False, 4, 0.8760218
56.97463, False, 4, 0.8848826
56.98567, False, 4, 0.8807738
56.99624, False, 4, 0.8839979
57.00704, False, 4, 0.901397
57.01561, False, 4, 0.9427054
57.02674, False, 4, 0.9356228
57.03649, False, 4, 0.8970302
57.04787, False, 4, 0.8334603
57.058, False, 4, 0.765878
57.06961, False, 4, 0.6649994
57.08002, False, 4, 0.6896781
57.09089, False, 4, 0.7075847
57.10233, False, 4, 0.7392203
57.11341, False, 4, 0.7104908
57.12561, False, 4, 0.7310342
57.13564, False, 4, 0.6874542
57.14762, False, 4, 0.7253978
57.15866, False, 4, 0.7340905
57.16969, False, 4, 0.7414208
57.18005, False, 4, 0.7647627
57.19125, False, 4, 0.7769988
57.2028, False, 4, 0.7846968
57.21405, False, 4, 0.7682852
57.22543, False, 4, 0.8311635
57.23746, False, 4, 0.8258564
57.24908, False, 4, 0.8214724
57.26014, False, 4, 0.8158667
57.27104, False, 4, 0.8851723
57.28276, False, 4, 0.8658355
57.29602, False, 4, 0.9320577
57.30641, False, 4, 0.8221303
57.31793, False, 4, 0.7862285
57.32891, False, 4, 0.8037505
57.33953, False, 4, 0.9253791
57.35151, False, 4, 0.9276165
57.3621, False, 4, 0.9207965
57.37157, False, 4, 0.8791125
57.38323, False, 4, 0.8503453
57.39542, False, 4, 0.7654426
57.40633, False, 4, 0.8523199
57.41673, False, 4, 0.9223372
57.43148, False, 4, 1.391623
57.44244, False, 4, 1.331966
57.45411, False, 4, 1.36527
57.4635, False, 4, 1.378179
57.47268, False, 4, 1.399429
57.48413, False, 4, 1.480631
57.49593, False, 4, 1.62931
57.5057, False, 4, 1.629108
57.51669, False, 4, 1.61081
57.52765, False, 4, 1.606295
57.54005, False, 4, 1.331625
57.54988, False, 4, 1.082455
57.56112, False, 4, 1.00613
57.57195, False, 4, 1.250637
57.58283, False, 4, 1.379216
57.59348, False, 4, 1.352624
57.60505, False, 4, 1.442366
57.61615, False, 4, 1.326336
57.6283, False, 4, 1.47327
57.63874, False, 4, 1.69374
57.64898, False, 4, 1.815596
57.66291, False, 4, 1.748256
57.67464, False, 4, 1.743051
57.68732, False, 4, 1.711749
57.69781, False, 4, 1.920145
57.70749, False, 4, 2.046488
57.71848, False, 4, 2.020508
57.72807, False, 4, 1.974828
57.73959, False, 4, 2.276051
57.7487, False, 4, 2.159349
57.75947, False, 4, 2.479768
57.77073, False, 4, 2.462476
57.78181, False, 4, 1.919312
57.7931, False, 4, 2.347042
57.80431, False, 4, 2.315456
57.81615, False, 4, 1.955328
57.82816, False, 4, 1.9515
57.83873, False, 4, 2.280429
57.84962, False, 4, 2.407009
57.86086, False, 4, 3.66861
57.87239, False, 4, 3.715275
57.88408, False, 4, 3.758777
57.89666, False, 4, 4.122835
57.90871, False, 4, 3.970269
57.92181, False, 4, 3.497717
57.93478, False, 4, 3.477384
57.94587, False, 4, 3.202304
57.95574, False, 4, 3.195296
57.96708, False, 4, 4.954423
57.97923, False, 4, 3.04609
57.9898, False, 4, 2.398867
57.99947, False, 4, 2.477737
58.01045, False, 4, 2.447277
58.02631, False, 4, 3.223844
58.049, False, 4, 4.777932
58.06125, False, 4, 9.396034
58.07136, False, 4, 6.849013
58.08175, False, 4, 6.771853
58.09378, False, 4, 6.555632
58.10501, False, 4, 6.514402
58.40288, False, 4, 1.529663
58.41273, False, 4, 1.211645
58.42479, False, 4, 1.275912
58.43612, False, 4, 2.425272
58.4459, False, 4, 1.728047
58.45744, False, 4, 3.638454
58.4688, False, 4, 3.843481
58.48045, False, 4, 2.605922
58.49228, False, 4, 1.921259
58.50324, False, 4, 1.557454
58.5165, False, 4, 2.933036
58.52797, False, 4, 2.83169
58.53972, False, 4, 1.719583
58.88405, False, 4, 7.539402
58.8961, False, 4, 2.35924
58.9067, False, 4, 3.083271
58.91997, False, 4, 3.247823
58.93127, False, 4, 2.436201
58.94307, False, 4, 1.979268
58.95454, False, 4, 2.339752
58.96562, False, 4, 2.901716
58.97654, False, 4, 2.538058
58.98781, False, 4, 2.147761
58.99781, False, 4, 2.364308
59.0087, False, 4, 2.592205
59.0218, False, 4, 2.469846
59.03401, False, 4, 2.471524
59.04627, False, 4, 2.686739
59.05662, False, 4, 3.703532
59.06776, False, 4, 3.544153
59.11225, False, 4, 9.797898
59.12355, False, 4, 3.223566
59.13821, False, 4, 3.03796
59.14974, False, 4, 2.931111
59.16108, False, 4, 2.81616
59.17219, False, 4, 2.952644
59.18373, False, 4, 3.02589
59.19609, False, 4, 2.973897
59.20602, False, 4, 2.952626
59.21526, False, 4, 2.857553
59.22605, False, 4, 2.921996
59.23571, False, 4, 2.794588
59.24609, False, 4, 2.884465
59.25653, False, 4, 3.049392
59.26791, False, 4, 2.182967
59.27878, False, 4, 3.312028
59.31301, False, 4, 7.259645
59.51264, False, 4, 5.337722
59.5243, False, 4, 4.286676
59.53556, False, 4, 4.322489
59.54712, False, 4, 4.392069
59.55835, False, 4, 5.045026
59.71685, False, 4, 5.966576
59.72956, False, 4, 3.961215
59.74434, False, 4, 2.777107
59.75493, False, 4, 3.391594
59.76452, False, 4, 2.795742
59.77563, False, 4, 4.952639
59.78806, False, 4, 5.491446
59.80089, False, 4, 4.43202
59.81292, False, 4, 4.12717
59.82455, False, 4, 3.881508
59.83507, False, 4, 3.774745
59.84556, False, 4, 3.542027
59.85683, False, 4, 3.017568
59.86752, False, 4, 3.248161
59.87898, False, 4, 2.88693
59.88971, False, 4, 2.933958
59.90146, False, 4, 3.010416
59.91211, False, 4, 2.938195
59.92307, False, 4, 3.179575
59.93449, False, 4, 3.39175
59.94572, False, 4, 3.441997
59.95662, False, 4, 3.485706
59.96779, False, 4, 3.87769
60.00057, False, 4, 3.058542
60.01195, False, 4, 1.559595
60.02306, False, 4, 1.797275
60.0342, False, 4, 1.796562
60.04564, False, 4, 1.789979
60.05829, False, 4, 1.936849
60.06998, False, 4, 2.053756
60.07894, False, 4, 2.00496
60.09179, False, 4, 1.922529
60.10294, False, 4, 1.854013
60.11512, False, 4, 1.999281
60.12722, False, 4, 2.028017
60.13777, False, 4, 1.962105
60.14885, False, 4, 1.936754
60.16122, False, 4, 2.329768
60.29765, False, 4, 0
60.55643, False, 4, 3.988037
60.58181, False, 4, 2.59504
60.59261, False, 4, 1.861558
60.60365, False, 4, 0.8770155
60.61367, False, 5, 0.79401
60.62513, False, 5, 1.624392
60.63578, False, 5, 1.837873
60.64734, False, 5, 2.004882
60.65891, False, 5, 1.740273
60.67099, False, 5, 1.850896
60.68357, False, 5, 1.900262
60.69396, False, 5, 1.93376
60.70354, False, 5, 1.301685
60.71457, False, 5, 1.437149
60.72725, False, 5, 1.407439
60.73795, False, 5, 2.016775
60.74696, False, 5, 1.636568
60.75936, False, 5, 1.613945
60.77107, False, 5, 1.651544
60.7827, False, 5, 1.724863
60.7938, False, 5, 1.743765
60.80522, False, 5, 1.60186
60.81799, False, 5, 1.672304
60.82869, False, 5, 1.743845
60.84009, False, 5, 1.733636
60.85089, False, 5, 1.726364
60.86228, False, 5, 2.04088
60.87735, False, 5, 2.060501
60.8883, False, 5, 2.445679
60.8999, False, 5, 2.17353
60.91268, False, 5, 2.372344
60.92367, False, 5, 2.359071
60.93495, False, 5, 2.389066
60.94523, False, 5, 2.428284
60.95681, False, 5, 2.548834
60.96997, False, 5, 2.549014
60.97983, False, 5, 2.599225
60.99132, False, 5, 2.565436
61.00309, False, 5, 2.562276
61.01354, False, 5, 2.361509
61.03595, False, 5, 3.487763
61.47009, False, 5, 2.680472
61.48157, False, 5, 2.642736
61.49573, False, 5, 1.936464
61.50677, False, 5, 3.538642
61.51782, False, 5, 1.994726
61.52908, False, 5, 3.112636
61.54055, False, 5, 1.6718
61.55273, False, 5, 1.949702
61.56318, False, 5, 4.371971
61.57243, False, 5, 1.755841
61.58284, False, 5, 1.628993
61.59497, False, 5, 1.439054
61.60712, False, 5, 1.070342
61.61952, False, 5, 1.141907
61.62986, False, 5, 0.8652586
61.64283, False, 5, 0.9310635
61.65401, False, 5, 1.128633
61.66632, False, 5, 0.7945567
61.67649, False, 5, 0.7984657
61.69115, False, 5, 0.7458288
61.70285, False, 5, 0.7688809
61.71426, False, 5, 0.7513534
61.72522, False, 5, 0.7031523
61.73566, False, 5, 0.6696393
61.74705, False, 5, 0.7225292
61.75771, False, 5, 0.7363073
61.76959, False, 5, 0.7086639
61.78275, False, 5, 0.6610932
61.79472, False, 5, 0.6715959
61.80462, False, 5, 0.6487001
61.81773, False, 5, 0.6577089
61.82882, False, 5, 0.6550617
61.84067, False, 5, 0.6844186
61.85254, False, 5, 0.7182162
61.86341, False, 5, 0.7416272
61.87518, False, 5, 0.7309305
61.88747, False, 5, 0.7213427
61.89869, False, 5, 0.7258123
61.91145, False, 5, 0.726621
61.9222, False, 5, 0.7189932
61.93319, False, 5, 0.7170177
61.94429, False, 5, 0.7285679
61.9567, False, 5, 0.69727
61.9691, False, 5, 0.6970967
61.984, False, 5, 0.6826416
61.99502, False, 5, 0.6483356
62.00739, False, 5, 0.6724222
62.02058, False, 5, 0.6822556
62.0316, False, 5, 0.6634086
62.04172, False, 5, 0.6541117
62.05476, False, 5, 0.6805164
62.06643, False, 5, 0.6855745
62.07716, False, 5, 0.7048741
62.08718, False, 5, 0.7165639
62.09675, False, 5, 0.6959321
62.10783, False, 5, 0.6791816
62.12046, False, 5, 0.6749098
62.12971, False, 5, 0.8957633
62.14041, False, 5, 0.7086021
62.15084, False, 5, 0.7945041
62.1625, False, 5, 0.7392383
62.17124, False, 5, 0.6818922
62.1832, False, 5, 0.7175798
62.19391, False, 5, 0.7463562
62.20343, False, 5, 0.7155894
62.21391, False, 5, 0.7152744
62.2252, False, 5, 0.7137505
62.23676, False, 5, 0.7126961
62.2471, False, 5, 0.7107619
62.25784, False, 5, 0.7085751
62.26975, False, 5, 0.6931768
62.27993, False, 5, 0.7033728
62.29176, False, 5, 0.6996006
62.30281, False, 5, 0.7046916
62.3128, False, 5, 0.677273
62.32381, False, 5, 0.677273
62.33398, False, 5, 0.7233207
62.34484, False, 5, 0.7569169
62.357, False, 5, 0.7167607
62.36763, False, 5, 0.73194
62.37863, False, 5, 0.9613621
62.38901, False, 5, 0.9512147
62.40081, False, 5, 0.9779562
62.41241, False, 5, 0.9691846
62.42338, False, 5, 1.102712
62.43373, False, 5, 0.796849
62.44442, False, 5, 0.7446508
62.46004, False, 5, 0.8485498
62.47158, False, 5, 0.8811885
62.48307, False, 5, 0.8548032
62.49395, False, 5, 0.8563361
62.50329, False, 5, 0.8506034
62.51349, False, 5, 0.8357686
62.5251, False, 5, 0.84045
62.5357, False, 5, 0.8398923
62.54677, False, 5, 0.8306727
62.5586, False, 5, 0.8226915
62.56953, False, 5, 0.8227097
62.5821, False, 5, 0.8104934
62.59195, False, 5, 0.8112764
62.60276, False, 5, 0.8111444
62.61303, False, 5, 0.8063312
62.62447, False, 5, 0.7910809
62.63686, False, 5, 0.7849132
62.64763, False, 5, 0.7833381
62.66001, False, 5, 0.7851816
62.67026, False, 5, 0.7802721
62.68187, False, 5, 0.8603435
62.69152, False, 5, 0.7641577
62.70312, False, 5, 0.9584186
62.71379, False, 5, 1.475465
62.72521, False, 5, 1.263586
62.73669, False, 5, 1.019261
62.74741, False, 5, 1.177729
62.75836, False, 5, 1.127822
62.77064, False, 5, 1.267576
62.78329, False, 5, 1.201631
62.79463, False, 5, 1.23809
62.80571, False, 5, 1.234377
62.8165, False, 5, 1.221413
62.82748, False, 5, 1.207386
62.83741, False, 5, 1.226909
62.84763, False, 5, 1.250072
62.86, False, 5, 1.275442
62.87165, False, 5, 1.257234
62.8805, False, 5, 1.033358
62.89145, False, 5, 1.040146
62.90328, False, 5, 1.029151
62.91378, False, 5, 1.082302
62.92867, False, 5, 1.114686
62.93999, False, 5, 1.115013
62.95119, False, 5, 1.110541
62.96201, False, 5, 1.133062
62.97342, False, 5, 1.168318
62.9855, False, 5, 1.172758
62.99682, False, 5, 1.216795
63.00877, False, 5, 1.182875
63.0197, False, 5, 1.183344
63.03175, False, 5, 1.205718
63.0421, False, 5, 1.227292
63.05228, False, 5, 1.458665
63.06359, False, 5, 1.093628
63.07558, False, 5, 1.197629
63.08756, False, 5, 1.469365
63.09867, False, 5, 0.7399579
63.11079, False, 5, 0.8116283
63.12159, False, 5, 0.7182944
63.13516, False, 5, 0.7548577
63.14644, False, 5, 0.8548846
63.15757, False, 5, 0.8329278
63.1696, False, 5, 0.8413942
63.17963, False, 5, 0.8468552
63.18938, False, 5, 0.8280116
63.19961, False, 5, 0.8175269
63.21132, False, 5, 0.8465199
63.22308, False, 5, 0.8537393
63.23959, False, 5, 0.8700534
63.24979, False, 5, 0.8673711
63.2621, False, 5, 0.859917
63.27436, False, 5, 0.8531687
63.28554, False, 5, 0.8492854
63.29767, False, 5, 0.8639679
63.30925, False, 5, 0.8638669
63.31984, False, 5, 0.8866003
63.32975, False, 5, 0.8774754
63.3407, False, 5, 0.8889452
63.35251, False, 5, 0.8970438
63.36289, False, 5, 0.9885994
63.37497, False, 5, 0.9784343
63.38581, False, 5, 1.021778
63.39634, False, 5, 0.9867558
63.40819, False, 5, 1.000773
63.42411, False, 5, 0.8954878
63.4359, False, 5, 0.8716344
63.44627, False, 5, 0.8651912
63.45778, False, 5, 0.8181105
63.46997, False, 5, 0.8180301
63.47943, False, 5, 0.8340551
63.49078, False, 5, 0.8252152
63.50123, False, 5, 0.8239517
63.51201, False, 5, 0.8257741
63.52261, False, 5, 1.474847
63.53452, False, 5, 4.433173
63.54669, False, 5, 1.835834
63.55825, False, 5, 2.146211
63.57008, False, 5, 2.379885
63.58158, False, 5, 2.110295
63.59182, False, 5, 1.844076
63.60353, False, 5, 1.692216
63.61714, False, 5, 1.693966
63.62884, False, 5, 1.863853
63.63937, False, 5, 2.057765
63.65008, False, 5, 1.973127
63.66129, False, 5, 1.861474
63.67119, False, 5, 1.770066
63.68184, False, 5, 1.832867
63.69497, False, 5, 1.865897
63.70651, False, 5, 1.907853
63.71744, False, 5, 1.903795
63.72982, False, 5, 2.257999
63.74152, False, 5, 2.330647
63.75261, False, 5, 2.286875
63.76308, False, 5, 2.618165
63.7739, False, 5, 2.61319
63.78375, False, 5, 2.798153
63.79499, False, 5, 4.662549
63.80784, False, 5, 4.996497
63.81826, False, 5, 5.188389
63.83001, False, 5, 5.422771
63.84064, False, 5, 5.306031
63.85261, False, 5, 6.881923
63.86455, False, 5, 6.228394
63.87476, False, 5, 2.603797
63.88663, False, 5, 2.506116
63.89967, False, 5, 2.498583
63.91631, False, 5, 3.262142
63.92782, False, 5, 3.085968
63.94003, False, 5, 2.92557
63.95179, False, 5, 2.986897
63.96387, False, 5, 2.844088
63.97406, False, 5, 2.712115
63.98583, False, 5, 2.717431
63.99731, False, 5, 2.683952
64.00855, False, 5, 2.697907
64.0196, False, 5, 5.232343
64.03193, False, 5, 4.185781
64.04309, False, 5, 8.470492
64.31005, False, 5, 6.700851
64.3216, False, 5, 4.159877
64.3548, False, 5, 8.853577
64.38828, False, 5, 6.175498
64.39892, False, 5, 7.173162
64.40996, False, 5, 3.842784
64.42085, False, 5, 3.530818
64.432, False, 5, 5.174525
64.44332, False, 5, 3.349653
64.45436, False, 5, 4.190595
64.46529, False, 5, 3.92696
64.47642, False, 5, 3.4835
64.48766, False, 5, 5.007111
64.50292, False, 5, 6.916956
64.88967, False, 5, 5.791403
64.89997, False, 5, 6.795869
64.95663, False, 5, 8.768567
64.96795, False, 5, 6.282672
65.0807, False, 5, 9.923087
65.21584, False, 5, 8.10755
65.22584, False, 5, 7.611885
65.23615, False, 5, 3.756736
65.25919, False, 5, 3.053367
65.27004, False, 5, 3.428682
65.28249, False, 5, 3.552922
65.29386, False, 5, 3.392138
65.30463, False, 5, 3.449049
65.31576, False, 5, 3.511268
65.32705, False, 5, 3.552552
65.33822, False, 5, 3.649847
65.35033, False, 5, 3.523266
65.36123, False, 5, 3.1302
65.3717, False, 5, 3.018395
65.38307, False, 5, 3.065629
65.39449, False, 5, 3.095673
65.40433, False, 5, 3.119647
65.41714, False, 5, 2.767358
65.429, False, 5, 2.931872
65.43936, False, 5, 2.925471
65.44953, False, 5, 2.917323
65.46061, False, 5, 3.023648
65.47063, False, 5, 2.89069
65.48192, False, 5, 2.911198
65.49341, False, 5, 2.831681
65.50432, False, 5, 2.976699
65.51569, False, 5, 2.83619
65.52744, False, 5, 2.918371
65.53794, False, 5, 2.943728
65.54927, False, 5, 3.014416
65.56065, False, 5, 3.193533
65.57236, False, 5, 3.24911
65.58398, False, 5, 3.48077
65.59399, False, 5, 3.440547
65.60393, False, 5, 3.395407
