21.57363, 0, 0
21.58787, 0, 0
21.60272, 0, 0
21.61749, 0, 0
21.63227, 0, 0
21.64773, 0, 0
21.66255, 0, 0
21.67691, 0, 0
21.69252, 0, 0
21.7081, 0, 0
21.7226, 0, 0
21.7385, 0, 0
21.75241, 0, 0
21.7671, 0, 0
21.78222, 0, 0
21.79716, 0, 0
21.81153, 0, 0
21.82573, 0, 0
21.84002, 0, 0
21.85342, 0, 0
21.86827, 0, 0
21.88348, 0, 0
21.89785, 0, 0
21.91176, 0, 0
21.927, 0, 0
21.9451, 0, 0
21.95919, 0, 0
21.97223, 0, 0
21.98728, 0, 0
22.0021, 0, 0
22.01755, 0, 0
22.03263, 0, 0
22.04779, 0, 0
22.06346, 0, 0
22.07957, 0, 0
22.09558, 0, 0
22.10843, 0, 0
22.12463, 0, 0
22.1405, 0, 0
22.15615, 0, 0
22.17152, 0, 0
22.18628, 0, 0
22.20093, 0, 0
22.21721, 0, 0
22.2319, 0, 0
22.2471, 0, 0
22.26128, 0, 0
22.27392, 0, 0
22.28783, 0, 0
22.30294, 0, 0
22.31753, 0, 0
22.33203, 0, 0
22.34661, 0, 0
22.36161, 0, 0
22.37525, 0, 0
22.38971, 0, 0
22.40377, 0, 0
22.42274, 0, 0
22.4399, 0, 0
22.45501, 0, 0
22.46906, 0, 0
22.48191, 0, 0
22.49788, 0, 0
22.51368, 0, 0
22.52882, 0, 0
22.54302, 0, 0
22.55919, 0, 0
22.57417, 0, 0
22.58904, 0, 0
22.60406, 0, 0
22.61745, 0, 0
22.63132, 0, 0
22.64664, 0, 0
22.65912, 0, 0
22.67224, 0, 0
22.68551, 0, 0
22.69826, 0, 0
22.71431, 0, 0
22.72963, 0, 0
22.74398, 0, 0
22.75813, 0, 0
22.77255, 1.858646, 0.06195486
22.78592, 2.175089, 0.1344578
22.80279, 2.294473, 0.2109403
22.81813, 2.765678, 0.3031296
22.833, 3.301041, 0.4131643
22.84754, 2.79435, 0.5063093
22.86023, 2.800331, 0.5996536
22.88435, 2.909458, 0.6966355
22.90183, 3.260463, 0.8053177
22.91644, 3.126527, 0.9095352
22.93379, 4.374569, 1.055354
22.94796, 3.529932, 1.173019
22.96161, 4.494718, 1.322842
22.9741, 8.593348, 1.609288
22.98956, 3.166727, 1.714845
23.00576, 2.899402, 1.811492
23.01992, 3.100227, 1.914833
23.03546, 2.768312, 2.00711
23.04884, 2.891036, 2.103478
23.0607, 2.971873, 2.20254
23.07505, 3.14715, 2.307445
23.09084, 3.300781, 2.417471
23.10669, 3.337899, 2.528734
23.12141, 3.450949, 2.643766
23.13631, 3.790558, 2.770118
23.14887, 3.91827, 2.900727
23.16373, 4.66255, 3.056145
23.17741, 4.144577, 3.194298
23.19299, 5.899663, 3.390953
23.2065, 3.406658, 3.504508
23.2217, 4.072478, 3.578303
23.23615, 3.973746, 3.638258
23.24957, 4.439313, 3.709753
23.26344, 4.790662, 3.777253
23.27695, 5.348566, 3.845504
23.29081, 6.355948, 3.964223
23.30481, 8.292946, 4.147311
23.31965, 5.323306, 4.227773
23.333, 3.689984, 4.24209
23.34612, 3.86479, 4.266699
23.35875, 3.421069, 4.234915
23.37198, 5.114944, 4.287749
23.41531, 9.256267, 4.446467
23.45813, 6.394166, 4.373161
23.47227, 6.712533, 4.491354
23.48533, 7.653127, 4.649812
23.68368, 6.744006, 4.771271
24.10317, 7.350354, 4.924006
24.12949, 5.873348, 5.023416
24.1415, 8.15636, 5.196232
24.19545, 8.713478, 5.381776
24.22541, 5.906216, 5.468624
24.24015, 4.699563, 5.514013
24.25766, 4.960604, 5.564334
24.27212, 4.914058, 5.601785
24.28703, 5.310029, 5.648177
24.37262, 6.129637, 5.69708
24.38702, 6.246037, 5.767128
24.41556, 8.01368, 5.837595
24.42888, 8.97123, 6.023081
24.44167, 5.199648, 6.060653
24.45459, 7.470114, 6.177199
24.46882, 5.791691, 6.222278
24.48173, 6.085465, 6.265438
24.49679, 6.30352, 6.297269
24.5258, 5.575839, 6.271266
24.75682, 9.549943, 6.313165
24.77051, 9.115861, 6.439584
24.78529, 9.036508, 6.617801
24.79976, 7.856608, 6.750862
24.81561, 7.741443, 6.894875
24.82862, 5.745835, 6.915904
24.8424, 5.583776, 6.793488
24.85671, 8.610678, 6.867371
24.8709, 5.23474, 6.818111
24.88586, 6.046749, 6.764565
24.89833, 5.962214, 6.738506
24.91377, 6.924947, 6.724326
24.94241, 7.087856, 6.764809
24.95781, 8.082455, 6.762346
24.97303, 7.672912, 6.72766
24.98696, 7.043406, 6.765566
25.00196, 6.728652, 6.833203
25.01779, 7.482111, 6.917253
25.03364, 7.190825, 6.993145
25.04779, 6.571488, 7.035194
25.0619, 7.513508, 7.081323
25.07544, 4.371913, 7.018852
25.08899, 4.693807, 6.908189
25.10385, 4.839844, 6.770476
25.11784, 4.688434, 6.753436
25.13208, 5.031074, 6.672134
25.1462, 5.024903, 6.646575
25.16495, 5.318108, 6.620996
25.21527, 5.723283, 6.601655
25.23012, 5.587769, 6.602053
25.24426, 5.811617, 6.477442
25.25889, 6.248687, 6.38187
25.27172, 5.706792, 6.270879
25.2876, 5.206141, 6.18253
25.30264, 5.900698, 6.121172
25.31752, 5.02166, 6.097033
25.33212, 4.939383, 6.075553
25.34795, 4.056585, 5.92375
25.36295, 3.905206, 5.879433
25.37598, 3.973879, 5.810337
25.39083, 4.057327, 5.74684
25.40435, 3.429281, 5.630318
25.4171, 3.100352, 5.497401
25.43106, 2.721396, 5.318699
25.44541, 2.751301, 5.154645
25.4594, 2.504056, 5.003334
25.47299, 1.732109, 4.836782
25.48775, 1.442668, 4.635468
25.50206, 1.197154, 4.435678
25.51793, 1.081471, 4.252678
25.53315, 1.053675, 4.03735
25.54717, 0.9549927, 3.923453
25.56202, 0.9024612, 3.797075
25.57629, 0.9072204, 3.665987
25.59479, 1.025596, 3.543893
25.60722, 1.088898, 3.412487
25.62213, 1.067878, 3.280586
25.63756, 0.9864795, 3.136199
25.65228, 0.9273672, 2.976335
25.66733, 0.8984392, 2.820024
25.68274, 0.8446534, 2.654458
25.69852, 0.8361281, 2.47404
25.71315, 0.8084875, 2.310763
25.72701, 0.804812, 2.164052
25.74149, 0.8014515, 1.994077
25.7567, 0.7716134, 1.852409
25.77177, 0.7631415, 1.713201
25.78396, 0.7534103, 1.603095
25.79919, 0.7487563, 1.49788
25.81417, 0.7475681, 1.390336
25.83, 0.6894789, 1.278075
25.84589, 0.689232, 1.186739
25.86026, 0.6741233, 1.105865
25.87219, 0.6622251, 1.037226
25.88617, 0.6673314, 0.9677604
25.90226, 0.666476, 0.9065077
25.91686, 0.6663479, 0.8709823
25.93423, 0.6762698, 0.8454358
25.94885, 0.6603739, 0.8275431
25.96346, 0.6579387, 0.8134254
25.97668, 0.6576013, 0.8002229
25.99103, 0.6602449, 0.7903979
26.00438, 0.6586762, 0.7822717
26.01891, 0.6558049, 0.7738913
26.03619, 0.6614959, 0.7617546
26.05227, 0.6659199, 0.7476553
26.06763, 0.6663631, 0.7342714
26.08121, 0.6660866, 0.7235917
26.09484, 0.6678346, 0.7149407
26.10839, 0.6644143, 0.7071398
26.12302, 0.646869, 0.700547
26.13824, 0.6469444, 0.6942408
26.15273, 0.6422099, 0.6886982
26.16518, 0.6316399, 0.6829259
26.17934, 0.6309128, 0.6772413
26.1932, 0.6332552, 0.6726293
26.2081, 0.6322215, 0.6682653
26.22227, 0.6258202, 0.6640123
26.23633, 0.6239721, 0.6598528
26.2505, 0.628142, 0.6558719
26.26739, 0.6298011, 0.6538826
26.28241, 0.6288668, 0.6518704
26.29728, 0.6286922, 0.6503561
26.31213, 0.6273998, 0.6491951
26.32664, 0.6297907, 0.6479438
26.34068, 0.6288658, 0.6466902
26.35593, 0.6324998, 0.6455619
26.36972, 0.6516204, 0.6447403
26.38325, 0.6118662, 0.6431234
26.3979, 0.644976, 0.6426913
26.41392, 0.5905739, 0.6404571
26.4295, 0.5790981, 0.6377522
26.44353, 0.5842195, 0.6352702
26.45627, 0.5922605, 0.6331521
26.47339, 0.5962236, 0.6309764
26.48811, 0.5983917, 0.6287254
26.50102, 0.5931244, 0.6262842
26.5166, 0.5908856, 0.6237774
26.53101, 0.5883781, 0.6211289
26.54704, 0.5861977, 0.6185217
26.56224, 0.585928, 0.6164903
26.57663, 0.5967255, 0.6148164
26.58932, 0.6033644, 0.6135215
26.60385, 0.6009293, 0.6124979
26.61555, 0.6035422, 0.6115855
26.62975, 0.6146291, 0.6109647
26.64548, 0.6045911, 0.6100436
26.65962, 0.6051626, 0.609355
26.67397, 0.6122183, 0.6089633
26.687, 0.6103899, 0.6083716
26.70057, 0.6100304, 0.6077126
26.71445, 0.6085266, 0.6070346
26.72669, 0.6064214, 0.6062921
26.74217, 0.6596819, 0.6073682
26.75757, 0.7457855, 0.6112347
26.77014, 0.6400995, 0.6116091
26.78288, 0.6971187, 0.613763
26.79725, 0.6899281, 0.6150399
26.8122, 0.6743739, 0.6171235
26.82482, 0.671256, 0.6179995
26.83744, 0.6786759, 0.6209363
26.85098, 0.6728043, 0.6240598
26.86637, 0.6598733, 0.6265816
26.8806, 0.6585848, 0.6287925
26.8957, 0.6570513, 0.63082
26.91039, 0.6487603, 0.6324989
26.92535, 0.6558305, 0.6345891
26.9402, 0.651854, 0.6366214
26.95578, 0.657149, 0.6389138
26.97005, 0.6554906, 0.6412235
26.98393, 0.6672927, 0.6439357
26.99963, 0.6444417, 0.6455262
27.0136, 0.6352001, 0.6465874
27.03047, 0.6343625, 0.6477019
27.04468, 0.6452272, 0.6490914
27.05849, 0.663147, 0.6507086
27.07338, 0.5938925, 0.6503521
27.08707, 0.7433208, 0.6549574
27.1015, 0.6123475, 0.6549616
27.11492, 0.5838416, 0.6540766
27.13014, 0.58311, 0.6531793
27.14445, 0.5977515, 0.6528202
27.15844, 0.581336, 0.651984
27.17301, 0.5762671, 0.6492035
27.18844, 0.5727186, 0.6434346
27.20108, 0.569628, 0.6410856
27.21704, 0.5672387, 0.6367562
27.23123, 0.5848144, 0.6332524
27.24349, 0.5881703, 0.630379
27.25757, 0.6006825, 0.6280266
27.27167, 0.5977972, 0.6253306
27.28554, 0.5906201, 0.6225911
27.2991, 0.5790026, 0.6198954
27.3146, 0.5819168, 0.6173398
27.32918, 0.5714701, 0.6144871
27.34578, 0.5648108, 0.6116888
27.36037, 0.570759, 0.6088531
27.37471, 0.6367716, 0.6083504
27.3894, 0.6355036, 0.6076289
27.4034, 0.6274191, 0.6066931
27.41828, 0.6177961, 0.6050432
27.43234, 0.6118568, 0.6039571
27.44403, 0.6119604, 0.6031824
27.4571, 0.6129649, 0.6024691
27.47049, 0.6128572, 0.6013901
27.48492, 0.61352, 0.5997359
27.49988, 0.6207088, 0.6006297
27.5162, 0.6286337, 0.5968068
27.53139, 0.6407354, 0.5977531
27.54575, 0.6486327, 0.5999128
27.55799, 0.6537874, 0.6022686
27.57241, 0.6546093, 0.6041639
27.58737, 0.6533844, 0.6065656
27.60083, 0.6394936, 0.6086732
27.61749, 0.6406547, 0.6109378
27.63077, 0.6282829, 0.6128929
27.64378, 0.6218611, 0.6147137
27.65727, 0.6274927, 0.6161363
27.67122, 0.6658767, 0.6187265
27.68583, 0.6662259, 0.6209112
27.7014, 0.6924508, 0.6240664
27.71587, 0.6872638, 0.6272878
27.72988, 0.6782275, 0.6305953
27.74323, 0.6636609, 0.6333201
27.75837, 0.6575413, 0.6361892
27.77561, 0.6416709, 0.6387511
27.78852, 0.6305065, 0.6407427
27.80466, 0.6266621, 0.6404057
27.81914, 0.6236535, 0.6400107
27.8326, 0.6498684, 0.6407589
27.84554, 0.65773, 0.6420901
27.85906, 0.5899276, 0.6413592
27.87275, 0.5379547, 0.6388922
27.88805, 0.5238485, 0.6359217
27.90344, 0.5278479, 0.6330881
27.91714, 0.5249955, 0.6301373
27.93263, 0.5202369, 0.6267882
27.94694, 0.5116051, 0.6228873
27.9609, 0.5059069, 0.6183929
27.97429, 0.5047063, 0.6135954
27.98827, 0.5077992, 0.6087291
28.00519, 0.5026611, 0.6036642
28.01975, 0.503699, 0.5986746
28.03393, 0.5030078, 0.594125
28.0488, 0.5062532, 0.589645
28.063, 0.5159807, 0.5859016
28.07724, 0.5164799, 0.5823889
28.09101, 0.6095577, 0.581791
28.10502, 0.835856, 0.587457
28.11785, 0.6788738, 0.5878786
28.13195, 0.6364167, 0.5860108
28.14606, 0.6795282, 0.5857529
28.16257, 0.6372419, 0.5843867
28.17519, 0.6367971, 0.5834913
28.1898, 0.6267613, 0.5824652
28.20587, 0.6223733, 0.581822
28.2207, 0.6132889, 0.5812481
28.23545, 0.603019, 0.58046
28.2496, 0.5911726, 0.5793774
28.26529, 0.5712573, 0.576757
28.28047, 0.563469, 0.573615
28.29162, 0.5796435, 0.5732721
28.3048, 0.6542883, 0.5771499
28.32084, 0.7559538, 0.5848868
28.3361, 0.6083177, 0.5875692
28.35092, 0.5519005, 0.588466
28.36555, 0.5550697, 0.5896271
28.37881, 0.5400944, 0.5905768
28.39223, 0.5283218, 0.5913239
28.40631, 0.5032268, 0.5912746
28.42135, 0.5034022, 0.5911281
28.43442, 0.5130973, 0.591476
28.44896, 0.5236315, 0.5921404
28.46424, 0.524599, 0.5928602
28.47836, 0.5200046, 0.5933186
28.49239, 0.5280677, 0.5937215
28.50533, 0.5227795, 0.5939315
28.51903, 0.5269483, 0.5911779
28.53232, 0.536638, 0.581204
28.5465, 0.5430678, 0.5766771
28.56252, 0.5465806, 0.5736826
28.57592, 0.5767742, 0.5702575
28.59083, 0.5842677, 0.5684918
28.60565, 0.6067092, 0.5674888
28.62006, 0.6080139, 0.5668639
28.63333, 0.5091135, 0.5630885
28.64972, 0.5196633, 0.5599677
28.6634, 0.5139958, 0.5570002
28.6787, 0.519944, 0.5546259
28.6924, 0.5335849, 0.5533702
28.70581, 0.5518057, 0.5529814
28.72038, 0.5414806, 0.5517093
28.73388, 0.5362792, 0.5477756
28.74902, 0.5331169, 0.5403478
28.76306, 0.5290404, 0.5377052
28.77865, 0.5284663, 0.5369241
28.79301, 0.5859308, 0.5379528
28.80904, 0.8203624, 0.547295
28.82414, 0.6831858, 0.5524572
28.83836, 0.650265, 0.5573584
28.85312, 0.6431876, 0.562018
28.86666, 0.6398295, 0.5662423
28.88271, 0.6104736, 0.569137
28.8982, 0.5864007, 0.5711972
28.91319, 0.594818, 0.573691
28.92877, 0.5952113, 0.575929
28.94416, 0.5907029, 0.5781931
28.95908, 0.5889432, 0.5802596
28.97303, 0.5894542, 0.5820201
28.98705, 0.5901988, 0.5835912
29.00137, 0.5871111, 0.5849421
29.01601, 0.5903023, 0.585393
29.03003, 0.5891239, 0.5855549
29.04553, 0.5856286, 0.5848522
29.05953, 0.5756878, 0.5837747
29.07412, 0.5711047, 0.5858411
29.09124, 0.6007383, 0.5885436
29.10619, 0.5193642, 0.5887225
29.12108, 0.4545527, 0.5865428
29.13516, 0.454025, 0.5838909
29.14949, 0.4862173, 0.5817046
29.16383, 0.4751776, 0.5794945
29.17824, 0.4691913, 0.5772582
29.19222, 0.4603851, 0.5748338
29.20754, 0.4620016, 0.5725991
29.22195, 0.468745, 0.5706083
29.23565, 0.4718536, 0.5668058
29.24965, 0.4714189, 0.5551743
29.26442, 0.4973325, 0.5489792
29.27913, 0.5374365, 0.5452183
29.2937, 0.5429446, 0.5418768
29.30743, 0.5496333, 0.5388702
29.32278, 0.5479372, 0.5367857
29.33625, 0.5425434, 0.5353238
29.35081, 0.534363, 0.5333086
29.36675, 0.4456677, 0.5283238
29.38123, 0.7908104, 0.5349941
29.39606, 0.576187, 0.5345688
29.41154, 0.5333018, 0.5326971
29.42554, 0.5615873, 0.5317433
29.44019, 0.5496894, 0.530496
29.45476, 0.5407258, 0.5288435
29.46902, 0.5491589, 0.5275113
29.48261, 0.5403886, 0.5260033
29.4982, 0.5319051, 0.5245439
29.51282, 0.5242309, 0.5229814
29.5255, 0.5287247, 0.5205809
29.54318, 0.5221757, 0.5206746
29.55721, 0.5397558, 0.5235147
29.57187, 0.5797924, 0.527707
29.58724, 0.581795, 0.5308929
29.60255, 0.5687192, 0.5340109
29.61637, 0.5691605, 0.5373433
29.63062, 0.580784, 0.5413566
29.64483, 0.5917022, 0.5456799
29.65862, 0.6196181, 0.550709
29.67265, 0.6640054, 0.5571141
29.68608, 0.6400834, 0.5627363
29.70091, 0.7470946, 0.5710617
29.71561, 0.9561792, 0.5850198
29.72953, 1.193721, 0.6067123
29.74415, 1.128312, 0.6260016
29.75699, 1.208902, 0.6480338
29.77297, 1.253691, 0.6717387
29.78759, 1.372076, 0.6996624
29.80199, 1.570441, 0.7371549
29.81619, 1.792907, 0.7705582
29.83184, 2.240617, 0.8260391
29.84746, 2.196924, 0.8814932
29.86127, 2.11281, 0.9332006
29.87438, 1.919521, 0.9788616
29.8882, 1.711433, 1.017885
29.90143, 1.825572, 1.060432
29.91602, 1.963906, 1.107883
29.93077, 2.096976, 1.160052
29.94659, 2.339836, 1.220572
29.9624, 2.227934, 1.277213
29.97666, 2.160324, 1.331818
29.99317, 2.405869, 1.394021
30.00767, 2.524371, 1.458841
30.02239, 2.701987, 1.529514
30.03683, 2.89401, 1.607023
30.04894, 3.185638, 1.694239
30.06637, 3.185529, 1.781064
30.08289, 3.113191, 1.865114
30.09886, 3.351304, 1.95617
30.11449, 3.648961, 2.055668
30.12655, 3.678837, 2.15696
30.14106, 3.553269, 2.250499
30.15456, 4.325269, 2.362802
30.16953, 4.14102, 2.461046
30.18275, 4.195208, 2.563276
30.19947, 4.604908, 2.676476
30.21367, 5.127211, 2.805593
30.22833, 4.452369, 2.908269
30.24239, 4.443875, 3.004051
30.25657, 5.232032, 3.118688
30.27049, 5.264554, 3.219486
30.28425, 5.819473, 3.340238
30.30002, 6.099183, 3.473117
30.31427, 5.601743, 3.595858
30.33029, 4.937567, 3.703396
30.3437, 6.702426, 3.865958
30.35729, 4.146013, 3.938694
30.37282, 4.079383, 4.004775
30.3861, 3.59635, 4.046659
30.39996, 3.636926, 4.093625
30.41292, 4.533242, 4.172722
30.43129, 4.898767, 4.255819
30.44575, 5.057793, 4.340266
30.45916, 5.063452, 4.418982
30.47521, 5.181295, 4.495224
30.48904, 6.112079, 4.592772
30.50482, 5.800231, 4.679929
30.5204, 6.314583, 4.786643
30.53396, 6.137805, 4.879526
30.55353, 6.551686, 4.976283
30.56712, 7.267691, 5.095912
30.58018, 6.287974, 5.187068
30.63672, 3.875258, 5.172068
30.65303, 6.821566, 5.26142
30.66603, 8.936789, 5.419472
30.83195, 4.634472, 5.420458
30.84767, 4.550916, 5.401248
30.86104, 2.508686, 5.336459
30.87363, 2.280351, 5.264341
30.88864, 3.29703, 5.199841
30.90373, 2.382708, 5.10378
30.92187, 5.395032, 5.089632
30.95106, 7.389971, 5.132658
30.9655, 6.004504, 5.146083
30.98038, 9.987962, 5.31443
31.09111, 7.489767, 5.340674
31.10701, 3.738621, 5.327095
31.12244, 4.553924, 5.342913
31.13807, 3.863857, 5.35183
31.1526, 2.811219, 5.324306
31.16647, 4.815008, 5.333698
31.1836, 6.128824, 5.3747
31.19864, 7.657455, 5.461356
31.2122, 8.512587, 5.576327
31.22805, 6.801263, 5.630326
31.46948, 3.095643, 5.529778
31.48228, 1.430215, 5.384111
31.49649, 0.9598095, 5.205619
31.51163, 1.000968, 5.034391
31.52537, 0.9087514, 4.846293
31.53852, 0.8640667, 4.63284
31.55342, 0.8620232, 4.451974
31.56775, 0.767421, 4.34838
31.58235, 0.7349961, 4.145494
31.59671, 0.7406299, 3.872289
31.61233, 0.7024552, 3.741222
31.62823, 0.6185473, 3.610143
31.64221, 0.6104646, 3.546869
31.65622, 0.6049613, 3.491022
31.67158, 0.6048326, 3.401283
31.68413, 0.6078965, 3.342122
31.70096, 0.5897247, 3.181945
31.71436, 0.5757273, 2.954804
31.72891, 0.574532, 2.773805
31.74144, 0.5743363, 2.460017
31.75558, 0.567598, 2.229278
31.77008, 0.5718281, 2.123719
31.78482, 0.5626829, 1.990677
31.79986, 0.575946, 1.88108
31.81516, 0.5757045, 1.806563
31.83163, 0.5936243, 1.66585
31.84725, 0.5993975, 1.481536
31.86726, 0.6088855, 1.246583
31.88481, 0.6137547, 0.983289
31.90026, 0.6290199, 0.7775476
31.91594, 0.658679, 0.6963155
31.92999, 0.6766597, 0.6711971
31.94488, 0.6752643, 0.6617122
31.95928, 0.6519269, 0.6500775
31.97507, 0.640182, 0.6411251
31.99061, 0.6503308, 0.6340007
32.00633, 0.6353259, 0.6264441
32.02037, 0.6379831, 0.6221295
32.03407, 0.6323501, 0.618708
32.04936, 0.6166139, 0.6145741
32.06508, 0.616601, 0.6117123
32.07915, 0.6114097, 0.6114744
32.09489, 0.5977151, 0.6110495
32.10968, 0.595395, 0.6107305
32.12325, 0.6065387, 0.6107875
32.13766, 0.606807, 0.6107512
32.15236, 0.6115478, 0.6114786
32.16421, 0.6175693, 0.6128733
32.17847, 0.6185961, 0.6143421
32.19255, 0.6131063, 0.6156344
32.20562, 0.620524, 0.6173986
32.2178, 0.6236549, 0.6191261
32.23396, 0.6219008, 0.6211001
32.25014, 0.6159531, 0.6224336
32.26544, 0.6105015, 0.6235935
32.27959, 0.597203, 0.6237128
32.29431, 0.5981098, 0.6236699
32.3083, 0.6002963, 0.6233836
32.32354, 0.6046128, 0.6230789
32.33679, 0.6087584, 0.6224034
32.35211, 0.6127921, 0.6208739
32.36686, 0.6281805, 0.6192579
32.38211, 0.6383728, 0.6180282
32.39782, 0.6409058, 0.6176608
32.41084, 0.6473135, 0.6178986
32.42321, 0.644989, 0.6177205
32.43829, 0.6410472, 0.6179112
32.45201, 0.6419677, 0.618044
32.46546, 0.6318056, 0.6180258
32.47954, 0.6328431, 0.6185668
32.49252, 0.6321479, 0.619085
32.50847, 0.624385, 0.6195175
32.52288, 0.620609, 0.6202806
32.53795, 0.6257169, 0.6212914
32.55378, 0.6182917, 0.6216832
32.56957, 0.6301587, 0.6224616
32.58368, 0.6309649, 0.6231088
32.59856, 0.61176, 0.6229151
32.61582, 0.6315769, 0.6233479
32.6336, 0.615315, 0.6234215
32.64938, 0.6118125, 0.6231311
32.66386, 0.6082218, 0.6226166
32.67835, 0.6126575, 0.6223086
32.69245, 0.5991095, 0.6217471
32.70726, 0.6030202, 0.6214977
32.72156, 0.6065469, 0.6218091
32.73525, 0.6154334, 0.6223866
32.75132, 0.6186959, 0.6229999
32.76489, 0.6261811, 0.6237189
32.77988, 0.6285799, 0.6243795
32.79575, 0.6527297, 0.6257107
32.81246, 0.6504763, 0.6264539
32.82407, 0.6385558, 0.62646
32.83854, 0.6213824, 0.6258093
32.85473, 0.6064689, 0.6244477
32.86813, 0.5941973, 0.6227547
32.88251, 0.5990899, 0.6213561
32.89837, 0.5954061, 0.6198041
32.91234, 0.594242, 0.618552
32.92742, 0.5911824, 0.6171633
32.94064, 0.5905504, 0.6157767
32.95447, 0.6001561, 0.614969
32.96801, 0.6043903, 0.6144284
32.98156, 0.6123176, 0.6139818
32.99517, 0.6128178, 0.6137993
33.01092, 0.6096416, 0.6131154
33.02596, 0.6102105, 0.6124236
33.04067, 0.6005066, 0.6120484
33.05322, 0.5988997, 0.6109592
33.066, 0.5966721, 0.6103379
33.08277, 0.6027472, 0.6100357
33.09821, 0.6049038, 0.6099251
33.11306, 0.604828, 0.6096641
33.12825, 0.6034011, 0.6098071
33.14285, 0.6009634, 0.6097386
33.15659, 0.5981012, 0.6094571
33.17252, 0.5966012, 0.6088294
33.18888, 0.593379, 0.6079855
33.20448, 0.5898355, 0.606774
33.21855, 0.5902796, 0.6054973
33.23291, 0.5921713, 0.6034787
33.24765, 0.5987821, 0.6017555
33.26193, 0.6046622, 0.6006258
33.27777, 0.6079097, 0.6001767
33.28969, 0.6068102, 0.6001881
33.30372, 0.6408746, 0.6017439
33.31704, 0.6248348, 0.6026021
33.33083, 0.5838227, 0.6022159
33.34555, 0.6227771, 0.6031672
33.36087, 0.6024044, 0.6035412
33.37682, 0.6177998, 0.6044495
33.39073, 0.6318612, 0.6055063
33.406, 0.6284399, 0.6063079
33.42177, 0.6144369, 0.6063786
33.43556, 0.6094329, 0.6062657
33.45012, 0.6172577, 0.6065196
33.46457, 0.6094089, 0.6064929
33.4785, 0.6102688, 0.6068183
33.49251, 0.6101993, 0.607195
33.50884, 0.6070089, 0.6075395
33.52347, 0.6095999, 0.6077679
33.5384, 0.6122744, 0.6080136
33.55394, 0.6126705, 0.6082751
33.56819, 0.6128638, 0.6085904
33.58335, 0.6172692, 0.609134
33.5984, 0.6220989, 0.6099339
33.61263, 0.7421873, 0.6147868
33.63173, 0.5812173, 0.6143814
33.64765, 0.7531123, 0.619824
33.66238, 2.725892, 0.6910111
33.67812, 0.8785329, 0.7005565
33.6903, 1.026783, 0.7148231
33.70448, 0.9911794, 0.727707
33.71938, 0.9842359, 0.7402512
33.73277, 0.9365631, 0.751243
33.74854, 0.9394808, 0.7611966
33.7611, 0.9536359, 0.7721567
33.77507, 0.9612433, 0.7847373
33.78986, 0.9793234, 0.7966222
33.80531, 0.9695529, 0.8088605
33.81856, 0.9839619, 0.8210659
33.83248, 1.322426, 0.8440847
33.84897, 1.384964, 0.8693022
33.86205, 0.5491444, 0.8671258
33.87509, 0.5845495, 0.8662964
33.88908, 1.539171, 0.8970268
33.90436, 1.791438, 0.9364278
33.92003, 0.7861094, 0.9422892
33.93464, 0.5393377, 0.9399271
33.94776, 0.6203711, 0.9403725
33.96224, 0.6222359, 0.9407937
33.97686, 0.624848, 0.9412128
33.991, 0.6046882, 0.9409467
34.00489, 0.6064162, 0.9407318
34.01703, 0.6111567, 0.940528
34.03115, 0.6104406, 0.9401395
34.04654, 0.6067792, 0.9356259
34.06367, 0.6073187, 0.9364959
34.07748, 0.6060532, 0.9315939
34.08985, 0.601597, 0.8607841
34.10452, 0.6053742, 0.8516788
34.11935, 0.6118636, 0.8378481
34.13229, 0.6069176, 0.8250395
34.14741, 0.4969854, 0.8087978
34.16169, 2.596452, 0.8641273
34.17484, 1.406344, 0.8796894
34.1895, 0.7965873, 0.8744544
34.20487, 0.6872372, 0.8653209
34.22057, 0.6893601, 0.8556554
34.23575, 0.6384043, 0.8446171
34.24983, 0.6275297, 0.8327361
34.26484, 0.6397241, 0.8099794
34.27766, 0.6523224, 0.785558
34.29355, 0.678327, 0.7898641
34.30745, 0.685004, 0.7932126
34.32233, 0.6926274, 0.7649944
34.3388, 0.694165, 0.7284186
34.35317, 0.7013788, 0.7255942
34.36942, 0.7097936, 0.7312761
34.38211, 0.8054581, 0.7374457
34.39721, 0.8947647, 0.7465299
34.41366, 0.8239272, 0.7531659
34.42675, 0.5732321, 0.7521173
34.44168, 0.5088893, 0.7488664
34.45739, 0.5490813, 0.7467973
34.47193, 0.545322, 0.7446267
34.48634, 0.5434146, 0.7425146
34.50251, 0.5354335, 0.7401183
34.51662, 0.5373138, 0.7378271
34.53172, 0.5415229, 0.7358246
34.54635, 0.5358924, 0.7335085
34.56009, 0.5379865, 0.731046
34.57653, 0.5367928, 0.7287084
34.59188, 0.535726, 0.7299998
34.6059, 0.5370143, 0.661352
34.62165, 0.5703617, 0.6334859
34.6364, 0.5268291, 0.624494
34.65227, 0.6081973, 0.6218594
34.66505, 0.4915157, 0.6152646
34.67859, 0.5614873, 0.6127006
34.69331, 0.6232433, 0.6125578
34.70594, 0.6123442, 0.6116451
34.72053, 0.5993607, 0.6098797
34.73522, 0.603218, 0.6073761
34.74804, 0.6092029, 0.6048495
34.76262, 0.6039432, 0.6018933
34.77542, 0.599925, 0.598752
34.78953, 0.5938179, 0.5951666
34.80378, 0.5884236, 0.591121
34.81652, 0.5041275, 0.5810766
34.83024, 0.5111815, 0.5682905
34.84504, 0.914203, 0.5712997
34.86069, 0.8129804, 0.5792913
34.87325, 0.8515797, 0.5907143
34.889, 0.8292769, 0.6000541
34.90521, 0.8323461, 0.6096216
34.92034, 0.8839819, 0.6209738
34.93621, 0.8514641, 0.6315082
34.95043, 0.8680261, 0.642532
34.96589, 0.8873464, 0.6540594
34.98283, 0.8675144, 0.6651134
34.99692, 0.8244113, 0.6746609
35.01203, 0.7973961, 0.6833477
35.02909, 1.433675, 0.7132794
35.04119, 1.337306, 0.7399558
35.05528, 1.792824, 0.7807045
35.06946, 1.649105, 0.8181137
35.08649, 1.924327, 0.8619847
35.10082, 2.287794, 0.9218606
35.11659, 1.940985, 0.9678439
35.12969, 2.268326, 1.02268
35.14475, 2.772722, 1.094693
35.16134, 2.8166, 1.168601
35.1754, 2.891591, 1.24488
35.18861, 3.022192, 1.325313
35.20377, 3.518955, 1.42248
35.21731, 3.808751, 1.529441
35.23148, 4.749669, 1.667969
35.24657, 6.348728, 1.859979
35.26152, 5.352725, 2.021599
35.27807, 5.409556, 2.184878
35.29279, 6.06901, 2.356705
35.30731, 7.576976, 2.582171
35.32028, 8.443756, 2.835244
35.33656, 8.262398, 3.083015
35.35181, 9.026007, 3.356137
35.85448, 5.655676, 3.515193
35.86932, 4.924326, 3.650955
36.14325, 6.441166, 3.836727
36.15764, 8.431821, 4.08821
36.17121, 7.898669, 4.322581
36.19952, 9.99956, 4.628419
36.40863, 9.620932, 4.922537
36.57928, 9.611139, 5.19512
36.59471, 7.60591, 5.404073
36.61018, 3.747358, 5.469224
36.62364, 6.007598, 5.614507
36.63813, 6.26153, 5.75908
36.6517, 5.867449, 5.878402
36.67971, 7.717699, 6.07096
36.72221, 3.848446, 6.12363
36.73795, 3.313873, 6.141669
36.7536, 4.820385, 6.208461
36.76801, 4.237652, 6.253331
36.78367, 4.240569, 6.293943
36.79934, 2.654706, 6.265135
36.81353, 2.055936, 6.206708
36.8303, 2.643758, 6.136511
36.84357, 2.861198, 6.02026
36.86001, 2.798162, 5.935108
36.87415, 2.277105, 5.830693
36.88838, 2.736141, 5.719597
36.90175, 3.224168, 5.574503
36.9476, 9.468464, 5.60866
36.99286, 5.047039, 5.501481
37.00627, 2.656264, 5.289156
37.02145, 9.211017, 5.407668
37.0363, 9.458021, 5.558791
37.1357, 5.255766, 5.519278
37.15107, 4.940392, 5.402897
37.26531, 4.769688, 5.298598
37.28178, 0, 4.965279
37.41898, 0, 4.644582
37.43316, 0, 4.32421
37.44734, 0, 4.07068
37.46222, 0, 3.945768
37.47783, 0, 3.745514
37.49416, 0, 3.536797
37.50782, 4.39179, 3.487608
37.52323, 4.513721, 3.380809
37.53898, 2.899556, 3.34918
37.55445, 2.686542, 3.328269
37.56791, 2.601307, 3.254299
37.583, 2.714798, 3.203537
37.59705, 3.298151, 3.172123
37.6113, 5.046191, 3.251839
37.62667, 4.985506, 3.349491
37.64202, 7.462064, 3.510101
37.67234, 7.647295, 3.669638
37.68472, 7.716444, 3.83358
37.71587, 7.399044, 4.004312
37.73123, 9.023318, 4.213884
37.75942, 7.458148, 4.355017
37.88871, 9.290258, 4.349076
38.06774, 7.377003, 4.426742
38.0813, 3.144195, 4.443006
38.09587, 1.483936, 4.185437
38.11213, 1.604581, 3.923655
38.12849, 1.586741, 3.801354
38.14131, 1.412585, 3.683761
38.15541, 1.244861, 3.566266
38.17048, 1.100888, 3.602962
38.18498, 1.066117, 3.6385
38.19947, 1.005432, 3.672014
38.21329, 1.036475, 3.706563
38.22863, 1.060617, 3.741917
38.24156, 0.9899521, 3.774915
38.25498, 0.8567082, 3.803472
38.26912, 0.772998, 3.682846
38.28223, 0.7687623, 3.558014
38.30003, 0.7512212, 3.486403
38.31432, 0.7034528, 3.4203
38.32962, 0.699902, 3.35692
38.34447, 0.6876531, 3.289348
38.35927, 0.6924732, 3.202492
38.37519, 0.6851966, 3.057126
38.39004, 0.6706601, 2.913298
38.40511, 0.6710311, 2.68693
38.42041, 0.6645247, 2.454171
38.43632, 0.6709664, 2.219322
38.45073, 0.6738294, 1.995148
38.46444, 0.6738419, 1.716832
38.47873, 0.6670892, 1.490463
38.49372, 0.6684436, 1.20307
38.50632, 0.6600826, 0.9791723
38.52017, 0.6553172, 0.8962097
38.53486, 0.6529145, 0.8685089
38.54823, 0.648603, 0.836643
38.56216, 0.6426976, 0.8051749
38.57627, 0.6384729, 0.7793713
38.5902, 0.641867, 0.7592715
38.60545, 0.6440458, 0.7440434
38.62027, 0.6414179, 0.7298868
38.6406, 0.637584, 0.7176252
38.65387, 0.641622, 0.7044634
38.66903, 0.6434936, 0.6905593
38.68265, 0.6439675, 0.6790264
38.69767, 0.6420485, 0.6718711
38.71273, 0.6361563, 0.6673096
38.72802, 0.6427805, 0.6631102
38.74075, 0.6381021, 0.6593396
38.75676, 0.6367071, 0.6571147
38.77177, 0.6405927, 0.6551378
38.78605, 0.6505693, 0.6539017
38.79916, 0.6525705, 0.6525716
38.81248, 0.6527857, 0.6514913
38.82761, 0.6502302, 0.6508103
38.84118, 0.6575339, 0.6503603
38.85541, 0.6635618, 0.6503283
38.86985, 0.6644302, 0.6501104
38.8852, 0.6626506, 0.6497377
38.89901, 0.6711413, 0.6496477
38.91471, 0.6652003, 0.6495848
38.92932, 0.6625, 0.6493866
38.94452, 0.6623228, 0.6494614
38.96027, 0.659012, 0.6495845
38.97351, 0.6483133, 0.6494312
38.98852, 0.7541178, 0.6529483
39.00251, 0.683664, 0.6543139
39.01794, 0.6601892, 0.6550377
39.03132, 0.6382048, 0.6549156
39.04437, 0.6420481, 0.6548491
39.05906, 0.6363043, 0.6546786
39.07185, 0.6331485, 0.6545307
39.0869, 0.6281803, 0.6540826
39.10129, 0.6252661, 0.653475
39.11638, 0.6238622, 0.6528049
39.12959, 0.6196505, 0.6520583
39.14415, 0.608139, 0.6511244
39.15934, 0.6162483, 0.65024
39.17386, 0.613009, 0.6494036
39.1903, 0.5883544, 0.6477918
39.20361, 0.5848284, 0.645933
39.21885, 0.5850515, 0.643749
39.23382, 0.5919131, 0.6417271
39.24783, 0.5838108, 0.6394279
39.26229, 0.584335, 0.6372314
39.27838, 0.5858386, 0.6348416
39.29395, 0.5797272, 0.6320471
39.30841, 0.5869263, 0.6294636
39.32204, 0.5860078, 0.6269088
39.33625, 0.5929544, 0.6243026
39.35105, 0.5894845, 0.6217787
39.36335, 0.5905392, 0.6193801
39.37788, 0.5863842, 0.6168488
39.39117, 0.5908027, 0.6145751
39.40458, 0.71391, 0.6167616
39.41918, 0.7039378, 0.615089
39.43257, 0.6550809, 0.6141362
39.44719, 0.7267553, 0.6163551
39.46186, 0.7374968, 0.6196648
39.47469, 0.735907, 0.6227934
39.48926, 0.7406936, 0.6262731
39.50392, 0.736636, 0.6297227
39.51917, 0.7417583, 0.6335086
39.53234, 0.7399123, 0.6373301
39.54724, 0.7395295, 0.6411857
39.56245, 0.7353304, 0.6450417
39.57676, 0.7340967, 0.6492403
39.59024, 0.7299315, 0.6530297
39.60467, 0.735365, 0.6571082
39.61867, 0.7203091, 0.6615067
39.63487, 0.7187042, 0.6659692
39.65144, 0.7174391, 0.6703822
39.66518, 0.7378145, 0.6752455
39.68258, 0.8966333, 0.6856729
39.6972, 0.6217752, 0.6869209
39.71206, 0.493796, 0.6838529
39.72654, 0.4977311, 0.6811196
39.7425, 0.4953083, 0.6780657
39.75628, 0.4992255, 0.6751729
39.77127, 0.5026203, 0.6721618
39.7865, 0.497289, 0.6690886
39.80136, 0.501009, 0.6661043
39.81647, 0.5170934, 0.6637946
39.83055, 0.5233192, 0.6615451
39.84635, 0.5712274, 0.6567891
39.86164, 0.5732904, 0.6524342
39.87696, 0.5762582, 0.6498067
39.89252, 0.5759867, 0.6447811
39.90577, 0.5785273, 0.6394821
39.92083, 0.5825791, 0.6343712
39.93602, 0.6068649, 0.6299102
39.94955, 0.4939061, 0.6218193
39.963, 1.378505, 0.6430442
39.97549, 0.8503169, 0.6467243
39.98785, 0.7557358, 0.6472645
40.00137, 0.837573, 0.6506726
40.01611, 0.6100081, 0.6465363
40.0305, 0.6530737, 0.6439744
40.04401, 0.6417673, 0.6408545
40.06106, 0.6317314, 0.637902
40.07574, 0.6518108, 0.6356722
40.09096, 0.6703782, 0.6341035
40.10474, 0.6788587, 0.6321383
40.11851, 0.6196084, 0.6229041
40.13095, 2.022713, 0.669602
40.14663, 0.5434982, 0.6712588
40.16172, 0.8125111, 0.6817515
40.1751, 0.6568024, 0.6871347
40.18759, 0.5325236, 0.6882446
40.201, 0.5848162, 0.6909845
40.21437, 0.6235689, 0.6951938
40.22895, 0.6090607, 0.6987955
40.24397, 0.6056744, 0.7017482
40.26293, 0.6009469, 0.7043358
40.27648, 0.6063616, 0.7055069
40.28953, 0.5842254, 0.7058714
40.30407, 0.5702162, 0.70567
40.3183, 0.571956, 0.7055357
40.33179, 0.4874605, 0.7025001
40.3457, 0.5248509, 0.7005758
40.35999, 0.5486281, 0.6986346
40.37616, 0.5999486, 0.7021694
40.39011, 0.5705882, 0.6752388
40.40499, 0.5664791, 0.6657775
40.42002, 0.5620747, 0.6593221
40.43459, 0.5598893, 0.6500661
40.44968, 0.5691517, 0.6487042
40.46319, 0.5550403, 0.6454363
40.47877, 0.5468879, 0.6422737
40.49287, 0.545779, 0.6394086
40.50807, 0.5411632, 0.6357203
40.52256, 0.5630029, 0.6321412
40.53809, 0.6550493, 0.6313475
40.55471, 1.667398, 0.6662739
40.57029, 0.7973828, 0.6254295
40.58446, 0.7336019, 0.6317663
40.59654, 0.7496676, 0.6296715
40.61219, 0.7448173, 0.6326054
40.62749, 0.8249545, 0.6423531
40.64229, 0.8123287, 0.6499368
40.6564, 0.7995884, 0.6558041
40.67036, 0.7713113, 0.6612125
40.68542, 0.7674098, 0.6666037
40.69792, 0.7617809, 0.6719648
40.71114, 0.5631034, 0.6705229
40.72732, 0.8105606, 0.6780674
40.74569, 0.6064522, 0.6792753
40.75995, 0.5107943, 0.6772365
40.7748, 0.5024754, 0.677737
40.7878, 0.4714949, 0.6759585
40.80297, 0.4709162, 0.6733681
40.81811, 0.4707642, 0.6690619
40.83108, 0.4724475, 0.6657906
40.84568, 0.4738728, 0.6627037
40.8621, 0.472655, 0.659723
40.87759, 0.4769503, 0.6569584
40.89387, 0.4729467, 0.6537516
40.90894, 0.4624407, 0.6506649
40.92209, 0.514655, 0.6495904
40.93553, 0.4984272, 0.648012
40.95118, 0.614736, 0.6504645
40.96563, 0.4476776, 0.6466203
40.97986, 0.4403926, 0.6394652
40.99247, 0.4577514, 0.5991436
41.01386, 0.5802757, 0.5919067
41.03121, 0.5318379, 0.5851812
41.04505, 0.5031655, 0.5769645
41.05992, 0.5106312, 0.5691583
41.07498, 0.6013007, 0.5617031
41.08873, 1.365882, 0.580155
41.11476, 1.884338, 0.6163133
41.12763, 3.289732, 0.7002607
41.1431, 2.164418, 0.7468275
41.15577, 2.465316, 0.8036121
41.17053, 2.811798, 0.8785686
41.18394, 2.681323, 0.9409274
41.19788, 3.082489, 1.023462
41.2123, 3.065549, 1.10862
41.22693, 4.474668, 1.241027
41.24236, 5.648655, 1.413599
41.25644, 7.369125, 1.643539
41.27133, 6.079303, 1.83049
41.2871, 3.274313, 1.923886
41.30209, 3.004037, 2.008224
41.31535, 3.059202, 2.094443
41.32877, 3.366293, 2.190754
41.34323, 3.159743, 2.280314
41.35859, 3.131055, 2.369268
41.37191, 3.162214, 2.45752
41.38461, 3.019532, 2.541557
41.39654, 3.545293, 2.639242
41.41148, 3.186645, 2.730541
41.42595, 3.238548, 2.823813
41.43928, 3.173893, 2.914351
41.45601, 3.243283, 3.003118
41.47124, 7.345191, 3.23023
41.48482, 8.252778, 3.48855
41.49803, 9.673827, 3.79399
41.53873, 9.741654, 4.098669
41.55434, 9.367375, 4.365385
41.98561, 9.353295, 4.61435
41.99743, 9.984531, 4.83751
42.18174, 2.67815, 4.854635
42.19621, 3.292583, 4.88221
42.21299, 3.957181, 4.92039
42.25513, 8.313392, 5.108125
42.38446, 3.554032, 5.123843
42.39813, 5.154708, 5.193482
42.41308, 5.053351, 5.212771
42.43114, 5.446424, 5.20603
42.44614, 4.783808, 5.119853
42.51772, 7.833007, 5.17831
42.53157, 7.577024, 5.321734
42.56084, 8.201181, 5.494972
42.57666, 6.490143, 5.609337
43.13791, 9.136658, 5.801682
43.15319, 8.961711, 5.995081
43.16779, 7.727068, 6.148282
43.18094, 8.115393, 6.313387
43.19429, 5.429235, 6.393711
43.20941, 4.907878, 6.439131
43.22307, 4.116541, 6.470128
43.23796, 3.680954, 6.484874
43.25182, 3.613996, 6.499545
43.26546, 1.844522, 6.452919
43.28001, 2.628679, 6.295702
43.29374, 2.01098, 6.087643
43.30848, 1.481431, 5.814563
43.32272, 1.106061, 5.52671
43.3375, 1.040328, 5.249142
43.35172, 0.99663, 4.970586
43.36596, 0.9800704, 4.670438
43.38198, 0.9183587, 4.611778
43.39581, 0.840691, 4.530049
43.41193, 0.7558685, 4.423338
43.426, 0.6971734, 4.169465
43.43868, 0.690942, 4.074028
43.45391, 0.6695282, 3.924522
43.4667, 0.6760698, 3.778613
43.4805, 0.6758752, 3.619594
43.49373, 0.656147, 3.482006
43.50859, 0.6320779, 3.241975
43.52396, 0.6415904, 3.010793
43.53758, 0.6345579, 2.758573
43.55128, 0.6322855, 2.563311
43.56529, 0.6332763, 2.279865
43.57958, 0.640558, 2.002493
43.59386, 0.6436843, 1.76638
43.60571, 0.6526959, 1.517624
43.62107, 0.6582239, 1.35859
43.63625, 0.6711616, 1.217366
43.65087, 0.6862465, 1.103023
43.66613, 0.681899, 1.003054
43.68056, 0.6897504, 0.9055795
43.69506, 0.6843846, 0.8669083
43.70929, 0.6755204, 0.8018029
43.72195, 0.6751252, 0.7572744
43.73681, 0.6688974, 0.73019
43.75071, 0.6679537, 0.7155864
43.76707, 0.6752557, 0.7034172
43.78066, 0.6696386, 0.6925175
43.79459, 0.6665431, 0.6820667
43.81136, 0.6647794, 0.6736141
43.82663, 0.6643564, 0.6677362
43.84206, 0.6639526, 0.6646723
43.85482, 0.672049, 0.6638348
43.86782, 0.6627647, 0.6628956
43.88098, 0.6617338, 0.6626357
43.89505, 0.6596164, 0.6620873
43.90849, 0.6541463, 0.661363
43.9215, 0.6500751, 0.6611606
43.93597, 0.6488826, 0.6617208
43.95148, 0.603982, 0.6604671
43.96604, 0.6156034, 0.6598353
43.9789, 0.6101578, 0.6590977
43.99253, 0.604408, 0.6581354
44.00756, 0.6060584, 0.6569854
44.02181, 0.6039182, 0.6556599
44.03702, 0.5936064, 0.6536902
44.05109, 0.5946648, 0.6515716
44.06599, 0.5954109, 0.6490466
44.08148, 0.5245743, 0.6436575
44.09608, 0.4818862, 0.6369904
44.32209, 0.6006225, 0.6340195
44.33784, 0.4895169, 0.6275238
44.35363, 0.5369906, 0.6229063
44.36676, 0.5172431, 0.6176435
44.38151, 0.5462399, 0.6135549
44.39537, 0.5515034, 0.6096733
44.41001, 0.5708233, 0.6061922
44.42367, 0.5621139, 0.6026081
44.43698, 0.5657262, 0.5992475
44.45089, 0.5581313, 0.5956926
44.46628, 0.5515192, 0.5919313
44.48061, 0.5531324, 0.5882374
44.49583, 0.5480788, 0.5841051
44.51016, 0.5632913, 0.5807893
44.52551, 0.5662915, 0.5776079
44.53904, 0.558351, 0.5742323
44.55388, 0.5572595, 0.5710028
44.56749, 0.5506432, 0.5676883
44.58102, 0.546203, 0.5642658
44.5961, 0.5390672, 0.5621019
44.6116, 0.5385023, 0.5595319
44.62614, 0.5403861, 0.5572062
44.6425, 0.5354062, 0.5549061
44.65624, 0.5964743, 0.5545866
44.67042, 0.9076762, 0.5647119
44.68615, 0.7814431, 0.5709731
44.70005, 0.8765825, 0.5803703
44.7168, 0.853165, 0.5889621
44.73101, 0.7738483, 0.5972712
44.74458, 1.119723, 0.6185324
44.75901, 0.8706064, 0.6275319
44.77469, 0.7610942, 0.6365845
44.78798, 0.6838489, 0.6414797
44.80294, 0.6915627, 0.6472904
44.81682, 0.6756887, 0.6516054
44.8311, 0.6965393, 0.6564398
44.84488, 0.7036299, 0.6608667
44.85904, 0.7031522, 0.665568
44.87489, 0.7072042, 0.670284
44.88807, 0.7872018, 0.6779196
44.90246, 0.7174588, 0.6834509
44.91758, 0.8145983, 0.6921664
44.93048, 0.8657645, 0.7027559
44.94457, 0.5986344, 0.703934
44.95935, 0.5576251, 0.7036451
44.97463, 0.5565963, 0.7035866
44.98824, 0.5553525, 0.7035231
45.0002, 0.5648901, 0.703998
45.0139, 0.5708367, 0.7048191
45.02903, 0.5653839, 0.7056963
45.0443, 0.5637118, 0.7065367
45.06019, 0.5608829, 0.7072199
45.07209, 0.560451, 0.7080547
45.08692, 0.5740789, 0.7073082
45.10251, 0.5753879, 0.696232
45.11834, 0.5752444, 0.6893587
45.13351, 0.5848632, 0.6796347
45.14906, 0.5883889, 0.6708089
45.16281, 0.5928292, 0.6647749
45.17664, 0.5934598, 0.6472328
45.19069, 0.5908798, 0.6379086
45.20341, 0.5943645, 0.6323509
45.21737, 0.5880191, 0.6291565
45.23168, 0.5798756, 0.6254337
45.24626, 0.5700487, 0.6219124
45.26083, 0.5653425, 0.6175392
45.27413, 0.5642747, 0.6128939
45.28767, 0.5515678, 0.6078411
45.30229, 0.6877782, 0.6071936
45.3161, 0.6444811, 0.6024362
45.33018, 0.6937321, 0.6016454
45.34351, 0.6697652, 0.5968176
45.3609, 0.6532962, 0.5897353
45.3758, 0.6413141, 0.5911579
45.38822, 0.6424356, 0.5939849
45.40216, 0.6157983, 0.5959584
45.41619, 0.6000145, 0.597447
45.42942, 0.5904661, 0.5982996
45.44199, 0.5929838, 0.5990378
45.45781, 0.5881681, 0.5997972
45.47195, 0.5846973, 0.6004967
45.48744, 0.6358061, 0.6029941
45.50128, 0.6627318, 0.6064035
45.5163, 0.5632475, 0.6060424
45.5289, 0.5438336, 0.6049906
45.54312, 0.597372, 0.6057281
45.55864, 0.5388188, 0.6041933
45.5743, 0.5487601, 0.6028723
45.592, 0.5719736, 0.6021772
45.60592, 0.5669189, 0.6012925
45.61828, 0.5613547, 0.6003084
45.633, 0.5585439, 0.5991144
45.64793, 0.5630209, 0.5982811
45.66284, 0.565993, 0.5978183
45.67573, 0.5599976, 0.5974833
45.6884, 0.561709, 0.5973622
45.70195, 0.5836016, 0.5980064
45.71699, 0.5856742, 0.5991433
45.7299, 0.5840839, 0.5956868
45.7437, 0.577224, 0.5934449
45.75807, 0.5844201, 0.5898011
45.77094, 0.5841205, 0.5869463
45.78403, 0.5759575, 0.5843684
45.79883, 0.5778262, 0.5822521
45.81183, 0.5705762, 0.5798568
45.82493, 0.7812645, 0.5853723
45.84202, 1.035699, 0.5998952
45.85687, 0.9846625, 0.6130351
45.87177, 1.230372, 0.6342813
45.88629, 1.356682, 0.6598985
45.90087, 1.438301, 0.6883519
45.91591, 1.33123, 0.7115327
45.92902, 1.585194, 0.7422815
45.94377, 1.604246, 0.7769814
45.96159, 1.627032, 0.8130881
45.97683, 1.715177, 0.8503482
45.99318, 1.898129, 0.8956586
46.00862, 2.045415, 0.945547
46.02627, 2.093599, 0.9962679
46.04141, 2.304104, 1.054174
46.05391, 2.183238, 1.108237
46.06929, 2.36788, 1.168548
46.08599, 2.504595, 1.233267
46.10255, 2.613054, 1.301502
46.11679, 2.72296, 1.373601
46.13035, 3.342239, 1.466285
46.14464, 3.643759, 1.568291
46.15889, 3.877641, 1.678023
46.174, 4.385813, 1.804747
46.18695, 4.679677, 1.941496
46.20239, 4.664824, 2.077509
46.21717, 5.243609, 2.232825
46.22914, 5.000293, 2.380303
46.24265, 4.895684, 2.524231
46.25659, 5.499763, 2.688538
46.27131, 5.152624, 2.83425
46.2842, 6.785566, 3.025912
46.29658, 6.81832, 3.220367
46.3124, 9.715886, 3.503218
46.32883, 7.909342, 3.72164
46.34326, 7.568622, 3.925984
46.35686, 6.298337, 4.091554
46.37002, 6.251976, 4.247113
46.38309, 6.01925, 4.39428
46.39726, 6.346051, 4.551581
46.41139, 4.655962, 4.649607
46.42783, 5.891599, 4.782722
46.44279, 6.442374, 4.929288
46.45713, 9.215509, 5.166685
46.51672, 9.077209, 5.392455
46.52943, 6.260606, 5.528367
46.54516, 6.584672, 5.668927
46.56045, 6.562712, 5.804198
46.57557, 5.865752, 5.912621
46.63176, 9.033916, 6.122986
46.6935, 9.328704, 6.322535
46.70767, 9.048219, 6.502684
46.72133, 8.767029, 6.665664
46.7348, 7.681554, 6.775521
46.75, 6.935466, 6.850715
46.76455, 7.246908, 6.936784
46.78088, 7.340313, 7.006674
46.83487, 8.369164, 7.11897
46.84871, 9.695691, 7.27897
46.88699, 7.430896, 7.343341
46.90121, 9.28573, 7.481112
46.91557, 7.184579, 7.494413
46.92911, 5.321873, 7.444531
46.94774, 4.379225, 7.266643
46.9627, 3.559369, 7.121644
46.98023, 4.140127, 7.00736
47.0085, 9.584926, 7.116913
47.0387, 4.272714, 7.050938
47.05289, 8.053464, 7.118745
47.06762, 5.39815, 7.087148
47.08432, 5.050159, 7.100288
47.09996, 5.405584, 7.084087
47.1158, 6.503864, 7.086137
47.12909, 7.735912, 7.036817
47.14243, 5.944963, 6.932409
47.15863, 5.356101, 6.902258
47.17191, 4.861853, 6.844831
47.18578, 8.252251, 6.901148
47.21392, 8.014739, 6.972781
47.22906, 7.795614, 6.931504
47.24438, 5.741467, 6.81193
47.25841, 4.904799, 6.673816
47.27278, 4.554066, 6.533384
47.28648, 4.971599, 6.443052
47.30193, 4.652244, 6.366944
47.3176, 4.357018, 6.270615
47.33228, 5.39809, 6.205874
47.36193, 7.051777, 6.161961
47.37968, 5.201239, 6.012146
47.39567, 4.149082, 5.902751
47.41496, 4.02288, 5.727323
47.4287, 3.671335, 5.610215
47.44205, 3.967852, 5.565081
47.45611, 7.884483, 5.681922
47.46979, 4.680963, 5.719309
47.48499, 4.936883, 5.745868
47.50031, 5.798088, 5.61964
47.51328, 5.565529, 5.662734
47.52718, 5.310321, 5.571296
47.53897, 5.589373, 5.57767
47.55244, 5.780572, 5.602017
47.56828, 6.230981, 5.629531
47.58272, 6.548083, 5.631005
47.59632, 6.412218, 5.586882
47.61137, 6.356604, 5.600603
47.62571, 6.718777, 5.646026
47.63931, 7.126947, 5.721529
47.65313, 6.460323, 5.661798
47.66861, 7.551134, 5.646345
47.6839, 8.408572, 5.666777
47.69822, 8.233946, 5.749859
47.71278, 8.080652, 5.855721
47.72769, 7.959916, 5.969249
47.74404, 7.109538, 6.040514
47.76001, 7.507926, 6.135704
47.77386, 7.308913, 6.2341
47.78795, 6.011132, 6.254535
47.80075, 5.119181, 6.190116
47.81771, 4.242049, 6.158143
47.83004, 4.120368, 6.157186
47.84715, 4.121448, 6.160471
47.86385, 4.998079, 6.204696
47.87894, 5.979229, 6.271742
47.89637, 3.489978, 6.125259
47.91153, 3.399169, 6.082532
47.92619, 3.88043, 6.047317
47.93991, 4.626392, 6.00826
48.42182, 7.461784, 6.071468
48.43808, 5.826897, 6.088687
48.45094, 1.42753, 5.94996
48.46624, 1.333934, 5.801738
48.48056, 0.9779316, 5.626637
48.49545, 0.8294283, 5.436015
48.51208, 0.7738347, 5.248069
48.52602, 0.719788, 5.060175
48.53815, 0.7075019, 4.859799
48.55201, 0.6579534, 4.644166
48.56796, 0.6496903, 4.450478
48.58462, 0.6445661, 4.220259
48.59959, 0.6270994, 3.960877
48.61208, 0.5967875, 3.706305
48.62594, 0.5985287, 3.456901
48.63886, 0.6001996, 3.211577
48.65215, 0.6075174, 2.994843
48.66734, 0.6042134, 2.764719
48.68182, 0.6040635, 2.541224
48.6963, 0.6001511, 2.360858
48.71071, 0.5958025, 2.210079
48.72612, 0.5895239, 2.088328
48.7397, 0.5935961, 1.970769
48.75486, 0.5930091, 1.853154
48.77098, 0.5876273, 1.706139
48.78617, 0.5899007, 1.526495
48.80203, 0.5937917, 1.429955
48.8173, 0.5941837, 1.336456
48.83524, 0.6107962, 1.227468
48.8496, 0.6035825, 1.093374
48.86414, 0.6063387, 0.8648596
48.87869, 0.6076111, 0.6908835
48.89255, 0.622928, 0.6640634
48.90585, 0.6219797, 0.6403315
48.91824, 0.6291027, 0.6287039
48.93352, 0.6201992, 0.6217296
48.94833, 0.6203797, 0.6166145
48.96286, 0.6247914, 0.613448
48.97673, 0.6222004, 0.6106045
48.99306, 0.613673, 0.6091285
49.00824, 0.6116576, 0.6078607
49.02269, 0.6254056, 0.6072221
49.03733, 0.6206962, 0.6070087
49.05128, 0.5980446, 0.6070506
49.06663, 0.6005605, 0.6071184
49.08305, 0.6005863, 0.6071312
49.10194, 0.5990521, 0.6068491
49.11588, 0.5892616, 0.6063507
49.1305, 0.5781499, 0.6054869
49.14677, 0.5752706, 0.6046575
49.16087, 0.5751367, 0.6039687
49.17564, 0.5840669, 0.6037868
49.19014, 0.5878385, 0.6035949
49.20361, 0.5808378, 0.6031892
49.216, 0.5774853, 0.6028511
49.23236, 0.578556, 0.602473
49.24612, 0.5794539, 0.6019951
49.25886, 0.576399, 0.6014022
49.2735, 0.5796204, 0.600363
49.28925, 0.5789589, 0.5995423
49.30342, 0.5741399, 0.598469
49.31777, 0.5777581, 0.5974739
49.33471, 0.5977901, 0.5966359
49.34977, 0.6035764, 0.5960225
49.36532, 0.6579033, 0.5969826
49.37906, 0.6156278, 0.5968302
49.39419, 0.6217948, 0.5968773
49.40885, 0.6190056, 0.5966845
49.42211, 0.6067539, 0.5961696
49.43707, 0.5966327, 0.5956016
49.45131, 0.5969843, 0.5951125
49.46692, 0.5961906, 0.5941387
49.48251, 0.6009617, 0.5934808
49.4963, 0.5957369, 0.5934039
49.51099, 0.585068, 0.5928875
49.5258, 0.5809563, 0.5922331
49.54222, 0.5838633, 0.5917268
49.55717, 0.5691835, 0.5910575
49.57204, 0.7176501, 0.5957075
49.5861, 0.686303, 0.5994086
49.601, 0.6874025, 0.6031508
49.61576, 0.6883502, 0.6066269
49.63059, 0.6815481, 0.6097506
49.64584, 0.6776102, 0.6129763
49.66124, 0.6787618, 0.6163522
49.67706, 0.6489988, 0.6187003
49.6911, 0.6237064, 0.6201754
49.70564, 0.6205027, 0.6216455
49.71983, 0.6106449, 0.6226797
49.73536, 0.5885528, 0.6229994
49.74931, 0.5893552, 0.6235066
49.76593, 0.5889195, 0.6238786
49.78194, 0.621465, 0.6246678
49.79722, 0.618404, 0.6251621
49.81195, 0.6181983, 0.6238385
49.82741, 0.6219586, 0.6240495
49.84196, 0.6213863, 0.6240359
49.85636, 0.6184462, 0.6240173
49.87048, 0.6168457, 0.6243536
49.8862, 0.6276039, 0.6253861
49.90092, 0.6209552, 0.6261851
49.9164, 0.6103562, 0.6266572
49.9324, 0.6103849, 0.6269712
49.94616, 0.6231178, 0.6278839
49.96225, 0.6356434, 0.6295698
49.97792, 0.6323413, 0.6312826
49.99119, 0.628968, 0.632786
50.00598, 0.6322211, 0.6348873
50.02198, 0.6371199, 0.632203
50.03641, 0.6129557, 0.6297581
50.05005, 0.6178538, 0.6274397
50.06549, 0.6150985, 0.624998
50.07954, 0.6085217, 0.6225638
50.0933, 0.6165327, 0.6205279
50.10864, 0.6153529, 0.6184142
50.12405, 0.6168128, 0.6173414
50.13539, 0.6120369, 0.6169525
50.15028, 0.6164013, 0.6168157
50.16246, 0.617569, 0.6170465
50.17827, 0.6215267, 0.6181457
50.19409, 0.6080344, 0.6187683
50.20787, 0.5968282, 0.619032
50.22942, 0.5972269, 0.618224
50.24778, 0.6089002, 0.6179072
50.26323, 0.6069844, 0.6175334
50.27732, 0.6020253, 0.616869
50.2909, 0.5882738, 0.6157653
50.30476, 0.5646457, 0.6139719
50.31918, 0.5093648, 0.6103893
50.33421, 0.5018049, 0.606196
50.34901, 0.5077083, 0.602421
50.36304, 0.501146, 0.5987808
50.37719, 0.4941731, 0.594907
50.38999, 0.4946262, 0.590624
50.40368, 0.4981836, 0.5860421
50.4189, 0.5199298, 0.5822951
50.43414, 0.5203736, 0.5786753
50.44919, 0.5207983, 0.5749611
50.46441, 0.5355476, 0.5715754
50.47894, 0.5466002, 0.5693636
50.49384, 0.5777659, 0.5680274
50.50855, 0.5866181, 0.567078
50.52319, 0.5952898, 0.5666369
50.53831, 0.5992899, 0.5660621
50.55319, 0.6035714, 0.5656694
50.56792, 0.6215588, 0.5658275
50.58329, 0.6543161, 0.5672368
50.59649, 0.6573574, 0.568602
50.60921, 0.6598023, 0.5700098
50.62457, 0.6639262, 0.5714232
50.63937, 0.9302855, 0.5821648
50.65247, 0.9897511, 0.5952623
50.66721, 1.240241, 0.6166961
50.6844, 1.092451, 0.6328144
50.69905, 1.245584, 0.6541011
50.71367, 1.615203, 0.6878736
50.72858, 2.049708, 0.7365881
50.74466, 2.08966, 0.7874219
50.75892, 1.955994, 0.8356428
50.77102, 1.948647, 0.8838709
50.78505, 2.039053, 0.9349157
50.80062, 2.491753, 1.001269
50.81601, 2.094636, 1.054618
50.832, 1.656167, 1.093336
50.84587, 1.886157, 1.139602
50.86193, 1.974207, 1.188078
50.87909, 2.102907, 1.240829
50.89506, 2.301666, 1.300191
50.91008, 2.629815, 1.37
50.9235, 3.071938, 1.454178
50.9404, 3.201826, 1.541647
50.95556, 3.661299, 1.644136
50.96796, 3.949522, 1.755944
50.9828, 4.216541, 1.876519
50.99622, 4.554688, 2.008223
51.01248, 5.091594, 2.157224
51.02835, 5.394549, 2.315231
51.04039, 5.465236, 2.475494
51.05348, 9.201755, 2.760226
51.2812, 8.332806, 3.015855
51.45145, 9.151882, 3.289908
52.12291, 7.01105, 3.490618
52.13544, 7.066311, 3.684821
52.15154, 6.583797, 3.867865
52.16662, 6.51504, 4.043514
52.1815, 7.013208, 4.223447
52.1967, 6.662145, 4.377195
52.2112, 7.780369, 4.566885
53.52292, 7.640666, 4.756374
53.55299, 0, 4.691419
54.96177, 0, 4.623451
54.97673, 0, 4.540392
54.99089, 0, 4.470571
55.00612, 0, 4.415365
55.02006, 0, 4.352493
55.03503, 0, 4.286686
55.04998, 0, 4.216589
55.06381, 0, 4.139867
55.07675, 0, 4.052207
55.09259, 0, 3.949809
55.10734, 0, 3.843081
55.12263, 0, 3.721038
55.13681, 0, 3.589387
55.1502, 0, 3.448836
55.16481, 0, 3.297013
55.18129, 0, 3.127293
55.19561, 0, 2.947475
55.21111, 0, 2.765301
55.22754, 0, 2.458575
55.2405, 0, 2.180815
55.25507, 0, 1.875752
55.2695, 0, 1.642051
55.28405, 0, 1.406507
55.29911, 0, 1.187047
55.3121, 0, 0.969879
55.3272, 0, 0.7361054
55.34114, 0, 0.5140339
55.35625, 0, 0.2546883
55.36932, 0, -5.880992E-07
55.38406, 0, -5.880992E-07
55.39763, 0, -5.880992E-07
55.41261, 0, -5.880992E-07
55.42697, 0, -5.880992E-07
55.4414, 0, -5.880992E-07
55.45578, 0, -5.880992E-07
55.4693, 0, -5.880992E-07
55.48438, 0, -5.880992E-07
55.50025, 0, -5.880992E-07
55.51384, 0, -5.880992E-07
55.5265, 0, -5.880992E-07
55.54305, 0, -5.880992E-07
55.55842, 0, -5.880992E-07
55.57198, 0, -5.880992E-07
55.58627, 0, -5.880992E-07
55.59901, 0, -5.880992E-07
55.61445, 0, -5.880992E-07
55.63055, 0, -5.880992E-07
55.64367, 0, -5.880992E-07
55.65804, 0, -5.880992E-07
55.67294, 0, -5.880992E-07
55.68716, 0, -5.880992E-07
55.69878, 0, -5.880992E-07
55.71342, 0, -5.880992E-07
55.72697, 0, -5.880992E-07
55.73932, 0, -5.880992E-07
55.75344, 0, -5.880992E-07
55.76846, 0, -5.880992E-07
55.78517, 0, -5.880992E-07
55.8003, 0, -5.880992E-07
55.81455, 0, -5.880992E-07
55.82788, 0, -5.880992E-07
55.84199, 0, -5.880992E-07
55.85659, 0, -5.880992E-07
55.86925, 0, -5.880992E-07
55.88286, 0, -5.880992E-07
55.89574, 0, -5.880992E-07
55.91053, 0, -5.880992E-07
55.9273, 0, -5.880992E-07
55.94363, 0, -5.880992E-07
55.96117, 0, -5.880992E-07
55.97704, 0, -5.880992E-07
55.98973, 0, -5.880992E-07
56.00379, 0, -5.880992E-07
56.01732, 0, -5.880992E-07
56.03173, 0, -5.880992E-07
56.04703, 0, -5.880992E-07
56.06049, 0, -5.880992E-07
56.07656, 0, -5.880992E-07
56.09145, 0, -5.880992E-07
56.106, 0, -5.880992E-07
56.12046, 0, -5.880992E-07
56.13482, 0, -5.880992E-07
56.14828, 0, -5.880992E-07
56.16458, 0, -5.880992E-07
56.17758, 0, -5.880992E-07
56.19234, 0, -5.880992E-07
56.20805, 0, -5.880992E-07
56.22163, 0, -5.880992E-07
56.23516, 0, -5.880992E-07
56.2495, 0, -5.880992E-07
56.26494, 0, -5.880992E-07
56.27983, 0, -5.880992E-07
56.29412, 0, -5.880992E-07
56.3089, 0, -5.880992E-07
56.32309, 0, -5.880992E-07
56.3377, 0, -5.880992E-07
56.35014, 0, -5.880992E-07
56.3663, 0, -5.880992E-07
56.37904, 0, -5.880992E-07
56.39232, 0, -5.880992E-07
56.40619, 0, -5.880992E-07
56.4194, 0, -5.880992E-07
56.43336, 0, -5.880992E-07
56.44675, 0, -5.880992E-07
56.46002, 0, -5.880992E-07
56.47475, 0, -5.880992E-07
56.48873, 0, -5.880992E-07
56.50251, 0, -5.880992E-07
56.51812, 0, -5.880992E-07
56.53503, 0, -5.880992E-07
56.54868, 0, -5.880992E-07
56.56301, 0, -5.880992E-07
56.57669, 0, -5.880992E-07
56.59045, 0, -5.880992E-07
56.6055, 0, -5.880992E-07
56.6194, 0, -5.880992E-07
56.63408, 0, -5.880992E-07
56.64658, 0, -5.880992E-07
56.66048, 0, -5.880992E-07
56.67553, 0, -5.880992E-07
56.68941, 0, -5.880992E-07
56.70304, 0, -5.880992E-07
56.71743, 0, -5.880992E-07
56.73269, 0, -5.880992E-07
56.74599, 0, -5.880992E-07
56.75724, 0, -5.880992E-07
56.77183, 0, -5.880992E-07
56.78577, 0, -5.880992E-07
56.79907, 0, -5.880992E-07
56.8119, 0, -5.880992E-07
56.82502, 0, -5.880992E-07
56.83876, 0, -5.880992E-07
56.85272, 0, -5.880992E-07
56.86658, 0, -5.880992E-07
56.88092, 0, -5.880992E-07
56.8951, 0, -5.880992E-07
56.91189, 0, -5.880992E-07
56.92109, 0, -5.880992E-07
56.93165, 0, -5.880992E-07
56.94262, 0, -5.880992E-07
56.95416, 0, -5.880992E-07
56.96511, 0, -5.880992E-07
56.97607, 0, -5.880992E-07
56.98701, 0, -5.880992E-07
56.9991, 0, -5.880992E-07
57.00943, 0, -5.880992E-07
57.02063, 0, -5.880992E-07
57.03149, 0, -5.880992E-07
57.0427, 0, -5.880992E-07
57.05403, 0, -5.880992E-07
57.06493, 0, -5.880992E-07
57.07639, 0, -5.880992E-07
57.08673, 0, -5.880992E-07
57.0984, 0, -5.880992E-07
57.1097, 0, -5.880992E-07
57.12091, 0, -5.880992E-07
57.13128, 0, -5.880992E-07
57.14243, 0, -5.880992E-07
57.1542, 0, -5.880992E-07
57.16473, 0, -5.880992E-07
57.17585, 0, -5.880992E-07
57.1871, 0, -5.880992E-07
57.19852, 0, -5.880992E-07
57.20921, 0, -5.880992E-07
57.22084, 0, -5.880992E-07
57.23115, 0, -5.880992E-07
57.24258, 0, -5.880992E-07
57.2537, 0, -5.880992E-07
57.26474, 0, -5.880992E-07
57.27605, 0, -5.880992E-07
57.28691, 0, -5.880992E-07
57.2981, 0, -5.880992E-07
57.30993, 0, -5.880992E-07
57.32275, 0, -5.880992E-07
57.332, 0, -5.880992E-07
57.34323, 0, -5.880992E-07
57.35469, 0, -5.880992E-07
57.3658, 0, -5.880992E-07
57.37811, 0, -5.880992E-07
57.38951, 0, -5.880992E-07
57.40065, 0, -5.880992E-07
57.41196, 0, -5.880992E-07
57.42336, 0, -5.880992E-07
57.43573, 0, -5.880992E-07
57.44612, 0, -5.880992E-07
57.45803, 0, -5.880992E-07
57.46918, 0, -5.880992E-07
57.48064, 0, -5.880992E-07
57.49174, 0, -5.880992E-07
57.50304, 0, -5.880992E-07
57.51415, 0, -5.880992E-07
57.52612, 0, -5.880992E-07
57.53635, 0, -5.880992E-07
57.54779, 0, -5.880992E-07
57.55857, 0, -5.880992E-07
57.56997, 0, -5.880992E-07
57.58091, 0, -5.880992E-07
57.59209, 0, -5.880992E-07
57.60328, 0, -5.880992E-07
57.61409, 0, -5.880992E-07
57.62562, 0, -5.880992E-07
57.63649, 0, -5.880992E-07
57.64765, 0, -5.880992E-07
57.65865, 0, -5.880992E-07
57.66919, 0, -5.880992E-07
57.68124, 0, -5.880992E-07
57.69209, 0, -5.880992E-07
57.70292, 0, -5.880992E-07
57.71379, 0, -5.880992E-07
57.72527, 0, -5.880992E-07
57.73631, 0, -5.880992E-07
57.74749, 0, -5.880992E-07
57.75897, 0, -5.880992E-07
57.76961, 0, -5.880992E-07
57.78054, 0, -5.880992E-07
57.79216, 0, -5.880992E-07
57.80252, 0, -5.880992E-07
57.81467, 0, -5.880992E-07
57.82511, 0, -5.880992E-07
57.83644, 0, -5.880992E-07
57.84731, 0, -5.880992E-07
57.85876, 0, -5.880992E-07
57.86964, 0, -5.880992E-07
57.88036, 0, -5.880992E-07
57.89178, 0, -5.880992E-07
57.9028, 0, -5.880992E-07
57.91436, 0, -5.880992E-07
57.92506, 0, -5.880992E-07
57.9365, 0, -5.880992E-07
57.94721, 0, -5.880992E-07
57.95852, 0, -5.880992E-07
57.96946, 0, -5.880992E-07
57.98122, 0, -5.880992E-07
57.99207, 0, -5.880992E-07
58.00257, 0, -5.880992E-07
58.01409, 0, -5.880992E-07
58.02488, 0, -5.880992E-07
58.03584, 0, -5.880992E-07
58.04683, 0, -5.880992E-07
58.05821, 0, -5.880992E-07
58.06961, 0, -5.880992E-07
58.08035, 0, -5.880992E-07
58.09177, 0, -5.880992E-07
58.10255, 0, -5.880992E-07
58.11422, 0, -5.880992E-07
58.12566, 0, -5.880992E-07
58.13636, 0, -5.880992E-07
58.14726, 0, -5.880992E-07
58.15835, 0, -5.880992E-07
58.16927, 0, -5.880992E-07
58.18042, 0, -5.880992E-07
58.1916, 0, -5.880992E-07
58.20253, 0, -5.880992E-07
58.21352, 0, -5.880992E-07
58.22523, 0, -5.880992E-07
58.23584, 0, -5.880992E-07
58.2469, 0, -5.880992E-07
58.25816, 0, -5.880992E-07
58.26941, 0, -5.880992E-07
58.28068, 0, -5.880992E-07
58.29171, 0, -5.880992E-07
58.30296, 0, -5.880992E-07
58.31385, 0, -5.880992E-07
58.32492, 0, -5.880992E-07
58.33624, 0, -5.880992E-07
58.34718, 0, -5.880992E-07
58.35868, 0, -5.880992E-07
58.36923, 0, -5.880992E-07
58.38033, 0, -5.880992E-07
58.3917, 0, -5.880992E-07
58.40276, 0, -5.880992E-07
58.41562, 0, -5.880992E-07
58.42465, 0, -5.880992E-07
58.43625, 0, -5.880992E-07
58.44669, 0, -5.880992E-07
58.45871, 0, -5.880992E-07
58.4693, 0, -5.880992E-07
58.48014, 0, -5.880992E-07
58.49181, 0, -5.880992E-07
58.50278, 0, -5.880992E-07
58.51369, 0, -5.880992E-07
58.52462, 0, -5.880992E-07
58.53607, 0, -5.880992E-07
58.54726, 0, -5.880992E-07
58.55864, 0, -5.880992E-07
58.56909, 0, -5.880992E-07
58.58091, 0, -5.880992E-07
58.59229, 0, -5.880992E-07
58.60272, 0, -5.880992E-07
58.61469, 0, -5.880992E-07
58.62479, 0, -5.880992E-07
58.63541, 0, -5.880992E-07
58.64726, 0, -5.880992E-07
58.65802, 0, -5.880992E-07
58.66967, 0, -5.880992E-07
58.6865, 0, -5.880992E-07
58.69788, 0, -5.880992E-07
58.70834, 0, -5.880992E-07
58.71996, 0, -5.880992E-07
58.73093, 0, -5.880992E-07
58.74204, 0, -5.880992E-07
58.7532, 0, -5.880992E-07
58.76451, 0, -5.880992E-07
58.7751, 0, -5.880992E-07
58.78908, 0, -5.880992E-07
58.79756, 0, -5.880992E-07
58.80885, 0, -5.880992E-07
58.81947, 0, -5.880992E-07
58.83108, 0, -5.880992E-07
58.84195, 0, -5.880992E-07
58.85285, 0, -5.880992E-07
58.86405, 0, -5.880992E-07
58.87522, 0, -5.880992E-07
58.8872, 0, -5.880992E-07
58.89712, 0, -5.880992E-07
58.90871, 0, -5.880992E-07
58.92019, 0, -5.880992E-07
58.93122, 0, -5.880992E-07
58.9426, 0, -5.880992E-07
58.9528, 0, -5.880992E-07
58.96472, 0, -5.880992E-07
58.97538, 0, -5.880992E-07
58.98634, 0, -5.880992E-07
58.99778, 0, -5.880992E-07
59.00849, 0, -5.880992E-07
59.02015, 0, -5.880992E-07
59.03097, 0, -5.880992E-07
59.04231, 0, -5.880992E-07
59.05359, 0, -5.880992E-07
59.06509, 0, -5.880992E-07
59.07642, 0, -5.880992E-07
59.08735, 0, -5.880992E-07
59.09903, 0, -5.880992E-07
59.11046, 0, -5.880992E-07
59.12159, 0, -5.880992E-07
59.13299, 0, -5.880992E-07
59.1444, 0, -5.880992E-07
59.15905, 0, -5.880992E-07
59.16985, 0, -5.880992E-07
59.17844, 0, -5.880992E-07
59.18899, 0, -5.880992E-07
59.20063, 0, -5.880992E-07
59.21238, 0, -5.880992E-07
59.22352, 0, -5.880992E-07
59.23511, 0, -5.880992E-07
59.24658, 0, -5.880992E-07
59.25797, 0, -5.880992E-07
59.26835, 0, -5.880992E-07
59.27984, 0, -5.880992E-07
59.29138, 0, -5.880992E-07
59.30226, 0, -5.880992E-07
59.31306, 0, -5.880992E-07
59.32495, 0, -5.880992E-07
59.3355, 0, -5.880992E-07
59.34665, 0, -5.880992E-07
59.3577, 0, -5.880992E-07
59.36895, 0, -5.880992E-07
59.37966, 0, -5.880992E-07
59.39109, 0, -5.880992E-07
59.40226, 0, -5.880992E-07
59.41374, 0, -5.880992E-07
59.42414, 0, -5.880992E-07
59.43537, 0, -5.880992E-07
59.44675, 0, -5.880992E-07
59.45743, 0, -5.880992E-07
59.46883, 0, -5.880992E-07
59.48, 0, -5.880992E-07
59.49101, 0, -5.880992E-07
59.50179, 0, -5.880992E-07
59.51356, 0, -5.880992E-07
59.52424, 0, -5.880992E-07
59.53538, 0, -5.880992E-07
59.54648, 0, -5.880992E-07
59.55768, 0, -5.880992E-07
59.56866, 0, -5.880992E-07
59.58001, 0, -5.880992E-07
59.59082, 0, -5.880992E-07
59.60217, 0, -5.880992E-07
59.61354, 0, -5.880992E-07
59.62461, 0, -5.880992E-07
59.63568, 0, -5.880992E-07
59.64668, 0, -5.880992E-07
59.65777, 0, -5.880992E-07
59.66874, 0, -5.880992E-07
59.67956, 0, -5.880992E-07
59.69108, 0, -5.880992E-07
59.70203, 0, -5.880992E-07
59.71352, 0, -5.880992E-07
59.72433, 0, -5.880992E-07
59.73552, 0, -5.880992E-07
59.7466, 0, -5.880992E-07
59.75767, 0, -5.880992E-07
59.7686, 0, -5.880992E-07
59.77997, 0, -5.880992E-07
59.7906, 0, -5.880992E-07
59.80218, 0, -5.880992E-07
59.81294, 0, -5.880992E-07
59.8241, 0, -5.880992E-07
59.83535, 0, -5.880992E-07
59.84613, 0, -5.880992E-07
59.85759, 0, -5.880992E-07
59.86841, 0, -5.880992E-07
59.87964, 0, -5.880992E-07
59.89098, 0, -5.880992E-07
59.90274, 0, -5.880992E-07
59.91299, 0, -5.880992E-07
59.92458, 0, -5.880992E-07
59.93579, 0, -5.880992E-07
59.94599, 0, -5.880992E-07
59.95744, 0, -5.880992E-07
59.96867, 0, -5.880992E-07
59.97985, 0, -5.880992E-07
59.99092, 0, -5.880992E-07
60.0021, 0, -5.880992E-07
60.01275, 0, -5.880992E-07
60.02534, 0, -5.880992E-07
60.03541, 0, -5.880992E-07
60.04634, 0, -5.880992E-07
60.05759, 0, -5.880992E-07
60.06851, 0, -5.880992E-07
60.07927, 0, -5.880992E-07
60.09113, 0, -5.880992E-07
60.10194, 0, -5.880992E-07
60.1125, 0, -5.880992E-07
60.124, 0, -5.880992E-07
60.1356, 0, -5.880992E-07
60.14656, 0, -5.880992E-07
60.15763, 0, -5.880992E-07
60.16865, 0, -5.880992E-07
60.1795, 0, -5.880992E-07
60.19119, 0, -5.880992E-07
60.20203, 0, -5.880992E-07
60.21237, 0, -5.880992E-07
60.22355, 0, -5.880992E-07
60.2357, 0, -5.880992E-07
60.24665, 0, -5.880992E-07
60.2575, 0, -5.880992E-07
60.26843, 0, -5.880992E-07
60.27974, 0, -5.880992E-07
60.29122, 0, -5.880992E-07
60.30177, 0, -5.880992E-07
60.31298, 0, -5.880992E-07
60.32399, 0, -5.880992E-07
60.33486, 0, -5.880992E-07
60.34639, 0, -5.880992E-07
60.35791, 0, -5.880992E-07
60.36861, 0, -5.880992E-07
60.3792, 0, -5.880992E-07
60.39102, 0, -5.880992E-07
60.40183, 0, -5.880992E-07
60.41347, 0, -5.880992E-07
60.42419, 0, -5.880992E-07
60.43629, 0, -5.880992E-07
60.44667, 0, -5.880992E-07
60.45888, 0, -5.880992E-07
60.46868, 0, -5.880992E-07
60.4801, 0, -5.880992E-07
60.49081, 0, -5.880992E-07
60.50193, 0, -5.880992E-07
60.51355, 0, -5.880992E-07
60.52446, 0, -5.880992E-07
60.53623, 0, -5.880992E-07
60.54683, 0, -5.880992E-07
60.55847, 0, -5.880992E-07
60.57205, 0, -5.880992E-07
60.58018, 0, -5.880992E-07
60.59067, 0, -5.880992E-07
60.60218, 0, -5.880992E-07
60.61339, 0, -5.880992E-07
60.62426, 0, -5.880992E-07
60.63575, 0, -5.880992E-07
60.64726, 0, -5.880992E-07
60.65736, 0, -5.880992E-07
60.6688, 0, -5.880992E-07
60.68053, 0, -5.880992E-07
60.69055, 0, -5.880992E-07
60.70159, 0, -5.880992E-07
60.71337, 0, -5.880992E-07
60.72443, 0, -5.880992E-07
60.73615, 0, -5.880992E-07
60.74735, 0, -5.880992E-07
60.7576, 0, -5.880992E-07
60.76889, 0, -5.880992E-07
60.77985, 0, -5.880992E-07
60.7909, 0, -5.880992E-07
60.8019, 0, -5.880992E-07
60.81373, 0, -5.880992E-07
60.82443, 0, -5.880992E-07
60.83596, 0, -5.880992E-07
60.84709, 0, -5.880992E-07
60.85776, 0, -5.880992E-07
60.86853, 0, -5.880992E-07
60.87956, 0, -5.880992E-07
60.89091, 0, -5.880992E-07
60.90224, 0, -5.880992E-07
60.91322, 0, -5.880992E-07
60.92414, 0, -5.880992E-07
60.93525, 0, -5.880992E-07
60.94643, 0, -5.880992E-07
60.95768, 0, -5.880992E-07
60.96888, 0, -5.880992E-07
60.97912, 0, -5.880992E-07
60.99067, 0, -5.880992E-07
61.00201, 0, -5.880992E-07
61.01284, 0, -5.880992E-07
61.02479, 0, -5.880992E-07
61.03924, 0, -5.880992E-07
61.05066, 0, -5.880992E-07
61.0618, 0, -5.880992E-07
61.06831, 0, -5.880992E-07
61.07585, 0, -5.880992E-07
61.0867, 0, -5.880992E-07
61.09809, 0, -5.880992E-07
61.10918, 0, -5.880992E-07
61.11951, 0, -5.880992E-07
61.13096, 0, -5.880992E-07
61.14246, 0, -5.880992E-07
61.15273, 0, -5.880992E-07
61.16417, 0, -5.880992E-07
61.17503, 0, -5.880992E-07
61.18663, 0, -5.880992E-07
61.19937, 0, -5.880992E-07
61.2166, 0, -5.880992E-07
61.22309, 0, -5.880992E-07
61.22977, 0, -5.880992E-07
61.25134, 0, -5.880992E-07
