0.0112029, 2.082271, 2.082271, 2.526854
0.0217795, 2.094931, 2.088601, 2.526788
0.0327003, 2.329876, 2.169026, 2.526612
0.0437636, 2.278621, 2.196424, 2.526354
0.054849, 2.22502, 2.202143, 2.525952
0.0660312, 2.342602, 2.225553, 2.525589
0.0771534, 2.284627, 2.233992, 2.525279
0.0882946, 2.292179, 2.241266, 2.524897
0.0998228, 2.274113, 2.244915, 2.524405
0.1113694, 2.350802, 2.255504, 2.523767
0.121586, 2.251317, 2.255123, 2.523213
0.1327345, 2.232625, 2.253249, 2.522583
0.1436856, 2.179366, 2.247566, 2.52189
0.1547655, 2.044819, 2.233083, 2.52114
0.1659675, 2.021154, 2.218955, 2.520432
0.177103, 2.000301, 2.205289, 2.519589
0.1880062, 2.001492, 2.193301, 2.51871
0.1993349, 2.038791, 2.184717, 2.517694
0.2104115, 2.02949, 2.176547, 2.516849
0.2215497, 2.059462, 2.170693, 2.51597
0.232672, 1.967967, 2.164978, 2.514882
0.243622, 2.057693, 2.163116, 2.513851
0.2548011, 2.157671, 2.154506, 2.512636
0.2659407, 2.145168, 2.147833, 2.51147
0.2770161, 2.266836, 2.149924, 2.510214
0.2882533, 2.289755, 2.147282, 2.508857
0.2993314, 2.288817, 2.147491, 2.507519
0.3104261, 2.062695, 2.136017, 2.506128
0.3215714, 2.117112, 2.128167, 2.504498
0.3326079, 1.998369, 2.110545, 2.502956
0.3435837, 2.01706, 2.098832, 2.501383
0.3547256, 1.957248, 2.085063, 2.49976
0.3659272, 1.900377, 2.071114, 2.498055
0.3770434, 1.983674, 2.068057, 2.496248
0.3881217, 2.103884, 2.072193, 2.494434
0.3992608, 2.203028, 2.08233, 2.492522
0.4102187, 2.172034, 2.090857, 2.490667
0.4215834, 2.071069, 2.092471, 2.488694
0.4325552, 2.100545, 2.096023, 2.486701
0.4436276, 0, 1.99305, 2.484638
0.4547837, 2.104014, 1.999853, 2.482498
0.4659511, 2.09463, 2.001699, 2.480296
0.4770591, 2.201969, 2.003914, 2.478106
0.4880277, 2.225169, 2.007914, 2.47589
0.4991658, 2.225172, 2.005831, 2.473557
0.5102468, 1.953487, 1.989018, 2.471208
0.5215363, 1.924957, 1.970825, 2.468699
0.5325875, 2.088367, 1.972108, 2.466231
0.5434902, 2.033919, 1.967949, 2.463782
0.5547113, 2.080914, 1.972076, 2.461159
0.5659571, 2.123216, 1.977384, 2.458531
0.5768945, 2.072324, 1.983138, 2.455849
0.5878958, 2.084918, 1.992365, 2.453128
0.5993621, 2.060359, 1.996199, 2.450244
0.6101782, 2.05932, 1.993971, 2.447504
0.6214232, 2.002985, 1.983968, 2.444628
0.6323476, 2.079451, 1.979339, 2.441726
0.6434556, 2.193853, 1.985479, 2.438759
0.6545894, 2.069112, 1.983907, 2.435683
0.6658043, 2.037577, 2.085786, 2.432532
0.6768553, 2.113621, 2.086266, 2.429389
0.6879268, 2.133559, 2.088212, 2.426183
0.6990466, 2.230262, 2.089627, 2.422916
0.7101382, 2.214408, 2.089089, 2.419611
0.7213541, 2.220746, 2.088868, 2.416227
0.7326772, 2.22568, 2.102477, 2.412736
0.743606, 2.26289, 2.119374, 2.409326
0.7546586, 2.236581, 2.126785, 2.405829
0.7657231, 2.230478, 2.136612, 2.402246
0.7768433, 2.201301, 2.142632, 2.398599
0.7879814, 2.270519, 2.149997, 2.394924
0.7990659, 2.412844, 2.167023, 2.391242
0.8100595, 2.351045, 2.180329, 2.387522
0.8213859, 2.362993, 2.195461, 2.383638
0.8323681, 2.494589, 2.217224, 2.379833
0.8434467, 2.555864, 2.244868, 2.375866
0.8545635, 2.538314, 2.267811, 2.371918
0.8657328, 2.703311, 2.293284, 2.368032
0.8767487, 2.692725, 2.324465, 2.36408
0.8878474, 2.706877, 2.35793, 2.360009
0.8989969, 2.76185, 2.390341, 2.355931
0.9101744, 2.832944, 2.425311, 2.351762
0.9211954, 2.935562, 2.460576, 2.34752
0.9324222, 2.799863, 2.489848, 2.343229
0.943409, 2.129972, 2.485309, 2.338999
0.9544926, 2.329856, 2.490518, 2.334665
0.9658283, 2.065691, 2.480658, 2.330211
0.976622, 2.011624, 2.46941, 2.3259
0.9878755, 2.107529, 2.463263, 2.321459
0.9989284, 2.168604, 2.461628, 2.316987
1.010001, 2.235269, 2.459866, 2.312462
1.021118, 2.278677, 2.453157, 2.307886
1.032301, 2.283893, 2.4498, 2.303234
1.043294, 2.303417, 2.446821, 2.298603
1.054476, 2.309995, 2.437591, 2.293909
1.065704, 2.32053, 2.425825, 2.289173
1.076718, 2.269589, 2.412388, 2.284471
1.087787, 2.330711, 2.393758, 2.279677
1.098875, 2.360852, 2.377165, 2.274878
1.110064, 2.363575, 2.359999, 2.269954
1.121065, 2.411226, 2.342468, 2.265076
1.132668, 2.43993, 2.322818, 2.259905
1.143252, 2.444308, 2.298255, 2.25509
1.15438, 2.454666, 2.280995, 2.250026
1.165704, 2.51086, 2.30004, 2.244857
1.176685, 2.531898, 2.310142, 2.239799
1.187768, 2.530212, 2.333368, 2.234638
1.198769, 2.547835, 2.360178, 2.229504
1.209968, 2.604873, 2.385046, 2.224227
1.221181, 2.486769, 2.400954, 2.218912
1.232341, 2.874121, 2.432897, 2.213546
1.243408, 2.735085, 2.455717, 2.208157
1.254418, 2.734893, 2.478267, 2.202801
1.265836, 2.825946, 2.504393, 2.1972
1.276672, 2.843718, 2.53108, 2.191818
1.287721, 2.431205, 2.536613, 2.186355
1.299025, 2.41072, 2.54367, 2.180703
1.309899, 2.360982, 2.545184, 2.175241
1.321166, 2.294314, 2.541857, 2.169542
1.332235, 2.258287, 2.536592, 2.16391
1.343225, 2.208138, 2.526438, 2.158276
1.354449, 2.120383, 2.510461, 2.152493
1.365734, 2.039046, 2.490198, 2.146685
1.376597, 2.096478, 2.472288, 2.141025
1.387791, 2.012826, 2.447386, 2.135164
1.398863, 2.011627, 2.421373, 2.129287
1.409871, 2.012564, 2.39549, 2.123454
1.421041, 1.999543, 2.368076, 2.117481
1.43259, 1.983649, 2.337014, 2.111283
1.443181, 1.935811, 2.309466, 2.105429
1.454352, 1.88509, 2.260015, 2.099356
1.465327, 1.940618, 2.220291, 2.093336
1.476495, 2.01387, 2.18424, 2.087234
1.487625, 2.164265, 2.151156, 2.081086
1.498716, 2.161643, 2.117052, 2.074851
1.509756, 2.15019, 2.103001, 2.068681
1.521015, 2.134145, 2.089173, 2.062381
1.53205, 2.133843, 2.077816, 2.056153
1.543088, 2.200321, 2.073116, 2.049877
1.554226, 2.192052, 2.069804, 2.043551
1.565657, 2.24788, 2.071791, 2.036983
1.576417, 2.400002, 2.085772, 2.030805
1.587653, 2.443239, 2.105982, 2.024292
1.598801, 2.293728, 2.115844, 2.017823
1.609754, 2.182096, 2.124308, 2.011428
1.620896, 2.114775, 2.129465, 2.004898
1.63211, 2.121331, 2.134904, 1.998285
1.64312, 1.986346, 2.134244, 1.991753
1.654265, 1.997179, 2.134921, 1.985105
1.665534, 1.99104, 2.137682, 1.978485
1.676504, 2.077241, 2.14729, 1.971908
1.687602, 2.034343, 2.151976, 1.96522
1.698612, 2.0353, 2.153047, 1.958583
1.709724, 1.998362, 2.144752, 1.951841
1.720785, 1.984759, 2.135908, 1.945036
1.732099, 2.030113, 2.129904, 1.938089
1.74303, 2.294162, 2.137905, 1.931309
1.754422, 2.351552, 2.148791, 1.924208
1.765404, 2.473571, 2.162453, 1.917363
1.776368, 2.708871, 2.188294, 1.910624
1.787374, 2.814083, 2.216604, 1.903736
1.798777, 3.128382, 2.253023, 1.89668
1.809732, 2.700585, 2.265891, 1.889778
1.820693, 2.785145, 2.290461, 1.882918
1.831951, 2.902264, 2.32647, 1.875803
1.843128, 2.82008, 2.361735, 1.868694
1.85421, 2.659541, 2.388646, 1.861642
1.865387, 2.755264, 2.427091, 1.854529
1.876324, 2.258738, 2.440169, 1.847586
1.887766, 2.055781, 2.443407, 1.840235
1.898487, 1.76538, 2.427814, 1.833249
1.909501, 1.735616, 2.412877, 1.826137
1.92081, 1.806516, 2.401438, 1.818903
1.932788, 1.728987, 2.387969, 1.811144
1.943007, 1.831668, 2.380314, 1.804579
1.954123, 1.880606, 2.372839, 1.797351
1.965232, 1.825955, 2.349429, 1.790175
1.976364, 1.828316, 2.323267, 1.782866
1.98757, 1.829253, 2.291051, 1.775521
1.998688, 1.828552, 2.247035, 1.768108
2.009562, 1.804495, 2.196556, 1.760936
2.020866, 1.838495, 2.132061, 1.753448
2.031933, 1.833492, 2.088706, 1.746117
2.043098, 1.910652, 2.044982, 1.738773
2.054239, 1.919768, 1.995857, 1.731329
2.065198, 1.881087, 1.948908, 1.724057
2.076246, 1.968835, 1.914372, 1.716701
2.087342, 1.93103, 1.873161, 1.709277
2.098737, 1.922799, 1.856364, 1.701711
2.109449, 2.007964, 1.853973, 1.69453
2.120782, 1.980983, 1.864753, 1.686968
2.131775, 2.029891, 1.879467, 1.679588
2.142813, 1.9916, 1.888721, 1.672171
2.154278, 1.955939, 1.900069, 1.664473
2.165419, 2.001422, 1.908556, 1.656971
2.176203, 1.993489, 1.9142, 1.649634
2.187336, 2.053342, 1.92557, 1.642119
2.198369, 2.029526, 1.93563, 1.634669
2.209546, 0, 1.844167, 1.627101
2.220853, 1.987709, 1.852125, 1.619335
2.23187, 1.907754, 1.857288, 1.611847
2.242836, 1.904451, 1.860586, 1.604375
2.253842, 1.920733, 1.864948, 1.596889
2.265054, 2.076978, 1.873264, 1.589255
2.275955, 1.793224, 1.866937, 1.581828
2.287341, 1.664531, 1.856109, 1.574056
2.298412, 1.661889, 1.840762, 1.566635
2.309592, 1.65628, 1.827024, 1.559011
2.320542, 1.643299, 1.81305, 1.55144
2.331795, 1.642311, 1.794767, 1.543663
2.342766, 1.706068, 1.781021, 1.536144
2.353985, 1.714066, 1.76523, 1.528511
2.365068, 1.718399, 1.75157, 1.5209
2.37612, 1.578338, 1.732689, 1.513366
2.387149, 1.579636, 1.7116, 1.505792
2.398285, 1.571658, 1.690509, 1.498143
2.409281, 1.637244, 1.669704, 1.490573
2.420488, 1.406364, 1.638546, 1.482729
2.431677, 1.404715, 1.708782, 1.475001
2.442678, 1.376721, 1.678232, 1.467236
2.453786, 1.371964, 1.651443, 1.459646
2.464967, 1.368704, 1.624655, 1.45191
2.475932, 1.624666, 1.609852, 1.444417
2.487046, 3.703119, 1.691159, 1.436732
2.498289, 2.457065, 1.724351, 1.428958
2.509391, 2.216126, 1.751931, 1.421267
2.520397, 2.18825, 1.778249, 1.413665
2.531592, 2.17085, 1.803978, 1.405905
2.542801, 2.18639, 1.831132, 1.398262
2.553955, 2.1536, 1.856696, 1.390479
2.565053, 2.181468, 1.880467, 1.382786
2.576042, 2.216083, 1.905568, 1.375201
2.587179, 2.141075, 1.926701, 1.367492
2.598121, 2.076226, 1.951596, 1.359922
2.609169, 2.074174, 1.976323, 1.352281
2.620561, 2.08263, 2.001871, 1.344438
2.631414, 2.086811, 2.024349, 1.336945
2.642658, 1.931864, 2.050624, 1.329221
2.653899, 1.761289, 2.068453, 1.321474
2.664839, 1.729725, 2.086103, 1.313981
2.675831, 1.726717, 2.103841, 1.306446
2.687, 1.780923, 2.124452, 1.298705
2.698006, 1.770005, 2.131719, 1.291169
2.709298, 1.705445, 2.031835, 1.283439
2.720654, 1.662921, 1.992128, 1.275616
2.731512, 1.68184, 1.965413, 1.268188
2.74264, 1.677711, 1.939886, 1.260521
2.7537, 1.678932, 1.915291, 1.25297
2.768056, 1.721302, 1.892036, 1.243211
2.775922, 1.720954, 1.870404, 1.237794
2.786982, 1.682549, 1.845458, 1.23026
2.798148, 1.598465, 1.814577, 1.222647
2.80913, 1.561576, 1.785602, 1.215192
2.820391, 1.487522, 1.756167, 1.207567
2.831373, 1.496318, 1.727274, 1.200143
2.842614, 1.454429, 1.695864, 1.192554
2.853644, 1.437128, 1.66338, 1.185157
2.864673, 1.419152, 1.637745, 1.177739
2.875662, 1.404654, 1.619913, 1.170404
2.887022, 1.423111, 1.604582, 1.162782
2.898265, 1.324508, 1.584472, 1.155257
2.908984, 1.356143, 1.563233, 1.148079
2.920545, 1.358474, 1.542656, 1.140332
2.931481, 1.35757, 1.525262, 1.133049
2.942552, 1.349668, 1.5096, 1.125728
2.953598, 1.33295, 1.492155, 1.11846
2.96468, 1.305729, 1.473556, 1.111106
2.975857, 1.308876, 1.455053, 1.103718
2.986869, 1.318915, 1.434934, 1.096441
2.998168, 1.308893, 1.414331, 1.089047
3.009136, 1.291941, 1.3948, 1.081852
3.020171, 1.235192, 1.376637, 1.074733
3.031381, 1.209501, 1.359033, 1.067446
3.042537, 1.218729, 1.345593, 1.060217
3.053444, 1.182312, 1.329893, 1.053212
3.064585, 1.202555, 1.317299, 1.046005
3.075574, 1.203656, 1.305626, 1.038841
3.0869, 1.233776, 1.296357, 1.031561
3.097803, 1.235698, 1.287909, 1.024592
3.10901, 1.216334, 1.27757, 1.017419
3.120283, 1.18774, 1.270732, 1.010209
3.131447, 1.17647, 1.261748, 1.003112
3.142378, 1.18848, 1.253249, 0.996155
3.153606, 1.171182, 1.243929, 0.9890212
3.164647, 1.121812, 1.232536, 0.9820439
3.175856, 1.126014, 1.22219, 0.9749647
3.186738, 1.125957, 1.213201, 0.9681174
3.197866, 1.130766, 1.204295, 0.9611591
3.208869, 1.140596, 1.195379, 0.9542918
3.220328, 1.133888, 1.186629, 0.9471269
3.231369, 1.134827, 1.178774, 0.9403239
3.242392, 1.119367, 1.172982, 0.9335122
3.25352, 1.107368, 1.167876, 0.9266394
3.264542, 1.095012, 1.16169, 0.9198704
3.275544, 1.055972, 1.155373, 0.9131845
3.28687, 1.065142, 1.148502, 0.9063006
3.297683, 1.067766, 1.141708, 0.8996941
3.309051, 1.027209, 1.131379, 0.8928069
3.319906, 1.012424, 1.120216, 0.8863175
3.331125, 1.017394, 1.110269, 0.8794791
3.342107, 0.9550783, 1.098635, 0.8729047
3.353508, 0.9365228, 1.086638, 0.8661204
3.364392, 0.8975695, 1.072093, 0.859663
3.375593, 0.8774157, 1.057404, 0.8530535
3.386674, 0.8701382, 1.044821, 0.8465327
3.397929, 0.8788124, 1.03246, 0.8399797
3.408855, 0.8741894, 1.019872, 0.8335996
3.419994, 0.8618877, 1.006428, 0.8270758
3.430984, 0.8768951, 0.9932431, 0.8206602
3.442114, 0.8782574, 0.9804616, 0.814274
3.453381, 0.8772234, 0.9675815, 0.8078647
3.464431, 0.8588235, 0.9545544, 0.801553
3.475545, 0.8961115, 0.9439915, 0.7952852
3.486706, 0.8929638, 0.9338891, 0.7890013
3.497913, 0.9014197, 0.9261615, 0.7826797
3.508934, 0.8943847, 0.9176236, 0.7765089
3.51995, 0.8892654, 0.9086986, 0.770376
3.530955, 0.8909862, 0.9018873, 0.7642655
3.542262, 0.8661488, 0.8945735, 0.7578713
3.553524, 0.8713915, 0.8872733, 0.751621
3.564477, 0.8690015, 0.8829695, 0.7456868
3.575309, 0.8350784, 0.8778973, 0.739969
3.586627, 0.8319528, 0.8746164, 0.7338803
3.597604, 0.8184918, 0.8716701, 0.7280416
3.608811, 0.8328946, 0.869808, 0.7220877
3.61992, 0.8323697, 0.8674858, 0.7162962
3.631168, 0.8328454, 0.8654186, 0.7103953
3.642048, 0.8588129, 0.8652649, 0.7048016
3.653236, 0.8581443, 0.8643273, 0.6989776
3.664358, 0.8479214, 0.8628105, 0.6932774
3.675486, 0.8345135, 0.860675, 0.6875719
3.686583, 0.8459343, 0.8600305, 0.6819468
3.697739, 0.8324239, 0.856846, 0.6762915
3.708601, 0.8375559, 0.8540757, 0.6708596
3.719909, 0.8435059, 0.85118, 0.6652445
3.730884, 0.8289096, 0.8479062, 0.6598063
3.742093, 0.7968041, 0.8432832, 0.6542631
3.753167, 0.7739483, 0.8374313, 0.6488281
3.7644, 0.7576135, 0.8320047, 0.6433899
3.775445, 0.7266517, 0.8247677, 0.6380028
3.786566, 0.6775823, 0.8151967, 0.6326841
3.797435, 0.6575488, 0.8063202, 0.627448
3.808775, 0.6816215, 0.7988036, 0.6220826
3.819895, 0.6444461, 0.7901013, 0.6166939
3.830934, 0.6165546, 0.7792844, 0.6115798
3.841968, 0.6233669, 0.7688342, 0.6065407
3.853249, 0.6806152, 0.7612227, 0.6013927
3.864388, 0.6300974, 0.7497869, 0.5963125
3.875477, 0.6149814, 0.7376288, 0.591347
3.886353, 0.6348165, 0.7269735, 0.5864814
3.897738, 0.6157143, 0.7160335, 0.5814821
3.9087, 0.6030716, 0.7038904, 0.5766548
3.919871, 0.6291044, 0.6937244, 0.5718494
3.93082, 0.6540573, 0.6845495, 0.5672175
3.941925, 0.6195024, 0.6733493, 0.5624837
3.953235, 0.6255882, 0.6631832, 0.5577835
3.964051, 0.6200562, 0.6543458, 0.5532533
3.975297, 0.6202009, 0.6466584, 0.5484821
3.986532, 0.638819, 0.6407187, 0.5438646
3.997587, 0.6108129, 0.6349268, 0.5394123
4.008531, 0.5887602, 0.6304857, 0.5349544
4.01986, 0.5868333, 0.6269499, 0.5304028
4.030746, 0.5858198, 0.6221598, 0.526094
4.04207, 0.5853602, 0.6192055, 0.5216079
4.053292, 0.5844712, 0.6176013, 0.517179
4.06424, 0.5590755, 0.6143867, 0.5129497
4.075375, 0.5454818, 0.6076301, 0.5087759
4.086359, 0.5218891, 0.6022196, 0.5046347
4.097539, 0.5205851, 0.5974998, 0.5005229
4.10855, 0.5438967, 0.5929538, 0.4964106
4.119625, 0.5611186, 0.590224, 0.4923704
4.130924, 0.5707547, 0.5886082, 0.4883566
4.142276, 0.5147297, 0.5828894, 0.4842807
4.15308, 0.627378, 0.5815555, 0.4805319
4.164162, 0.5100322, 0.576082, 0.4766689
4.175301, 0.5095097, 0.570278, 0.472759
4.186592, 0.5145194, 0.5650012, 0.4689103
4.197331, 0.5314877, 0.5605656, 0.4652797
4.208585, 0.5262713, 0.5549382, 0.4614795
4.219814, 0.5369099, 0.551243, 0.4578158
4.230711, 0.5255136, 0.5480807, 0.4542795
4.241972, 0.5353895, 0.5455085, 0.4506691
4.253016, 0.5338265, 0.5429088, 0.4473191
4.264109, 0.52504, 0.5398928, 0.4438877
4.275214, 0.5031214, 0.5358254, 0.4405553
4.286463, 0.4875472, 0.5322489, 0.4371461
4.297234, 0.466939, 0.5283218, 0.4337879
4.308575, 0.4893863, 0.5266967, 0.4304582
4.319542, 0.4703746, 0.5241862, 0.4271854
4.330718, 0.4337895, 0.5186808, 0.4240075
4.341939, 0.450126, 0.5131311, 0.4208431
4.353112, 0.4749437, 0.5083406, 0.4178872
4.364096, 0.4675826, 0.5059832, 0.4149055
4.375068, 0.4310372, 0.4961662, 0.4120029
4.386172, 0.4630755, 0.4938184, 0.4090953
4.397328, 0.4184307, 0.4892644, 0.4062741
4.408385, 0.4025282, 0.4836648, 0.4034387
4.419643, 0.4281304, 0.4784969, 0.4006556
4.430663, 0.445334, 0.4744501, 0.3979358
4.441695, 0.448155, 0.4700124, 0.3953161
4.452913, 0.4179165, 0.4646325, 0.392599
4.463718, 0.4192035, 0.4588232, 0.3901103
4.475395, 0.4183942, 0.4530516, 0.3874829
4.486444, 0.4023891, 0.4469191, 0.3850435
4.497387, 0.4020576, 0.4418659, 0.3827496
4.50841, 0.4141522, 0.4381961, 0.3804211
4.519524, 0.4184236, 0.4357704, 0.3781443
4.530592, 0.4393634, 0.4332692, 0.3758634
4.54188, 0.4110058, 0.4303008, 0.3736209
4.55284, 0.4268763, 0.4299551, 0.3714445
4.563947, 0.4112259, 0.4280101, 0.3693421
4.575172, 0.4115235, 0.4248391, 0.3672695
4.586211, 0.4133236, 0.4221261, 0.3652958
4.597335, 0.4129394, 0.4212213, 0.3634267
4.608277, 0.4127934, 0.4187071, 0.3615757
4.619848, 0.4049071, 0.418031, 0.3596616
4.63061, 0.4041306, 0.4181111, 0.3579576
4.641655, 0.4041926, 0.4169143, 0.3562638
4.652951, 0.4074958, 0.4150223, 0.3545344
4.663998, 0.4093647, 0.4130828, 0.3529198
4.675065, 0.4115998, 0.412767, 0.3514802
4.686032, 0.4192712, 0.4127704, 0.3499821
4.697268, 0.4088161, 0.4122915, 0.3484416
4.708497, 0.3519692, 0.4097704, 0.3470546
4.719244, 0.3845538, 0.4088953, 0.3456608
4.73069, 0.3354646, 0.4049609, 0.3443069
4.741843, 0.3462884, 0.4013541, 0.3431206
4.752762, 0.3505152, 0.3969117, 0.3417599
4.763932, 0.3549804, 0.3941104, 0.3405936
4.774949, 0.354503, 0.3904918, 0.3396221
4.786147, 0.3416623, 0.3870136, 0.3385804
4.797193, 0.3266182, 0.3827684, 0.337666
4.808391, 0.3372409, 0.3789642, 0.3367296
4.819443, 0.3360085, 0.3751177, 0.3358816
4.830616, 0.3364349, 0.3712998, 0.3350613
4.841679, 0.3368833, 0.3678986, 0.334258
4.852781, 0.3369723, 0.3645406, 0.3335275
4.863762, 0.3366501, 0.3611635, 0.33287
4.875062, 0.3359, 0.3575837, 0.3323001
4.885952, 0.3308537, 0.3536581, 0.3317589
4.897134, 0.3303981, 0.3495981, 0.3312734
4.908218, 0.3303981, 0.3451544, 0.3308271
4.919466, 0.3265096, 0.3410391, 0.3303683
4.930501, 0.3258869, 0.339735, 0.3300158
4.941526, 0.3315428, 0.3370844, 0.3297148
4.952784, 0.3295397, 0.3367882, 0.3294818
4.963729, 0.3320205, 0.3360748, 0.3292943
4.974821, 0.333765, 0.3352373, 0.3291512
4.986118, 0.3317745, 0.334077, 0.3291073
4.997087, 0.3322116, 0.3329624, 0.3291162
5.008206, 0.3323929, 0.3324989, 0.3291197
5.019286, 0.329874, 0.3326617, 0.3291873
5.030464, 0.3302041, 0.3323099, 0.3293241
5.041523, 0.3331031, 0.3321646, 0.3294769
5.052887, 0.3293816, 0.331812, 0.3297089
5.063759, 0.3291576, 0.3314257, 0.329968
5.075154, 0.3281679, 0.3309855, 0.3303485
5.086152, 0.3243994, 0.3303729, 0.3307202
5.096987, 0.3223883, 0.3296973, 0.3310739
5.108217, 0.3363331, 0.3299713, 0.3315544
5.119429, 0.3278067, 0.3298418, 0.3321597
5.130407, 0.3314826, 0.329896, 0.3327105
5.141444, 0.3472947, 0.3309352, 0.3333092
5.152471, 0.3382583, 0.3315538, 0.3339862
5.163609, 0.3294874, 0.331451, 0.3347174
5.174988, 0.3312373, 0.3315359, 0.3355278
5.185888, 0.3302985, 0.3314498, 0.3363175
5.197011, 0.3290063, 0.3312119, 0.337267
5.207988, 0.3271066, 0.3309785, 0.3382193
5.219179, 0.3250521, 0.3306205, 0.3392338
5.230304, 0.3249055, 0.3302461, 0.3402414
5.241471, 0.324447, 0.3299748, 0.3413225
5.252481, 0.3188344, 0.3294063, 0.3423992
5.26381, 0.3273993, 0.3291211, 0.3436108
5.27459, 0.3244078, 0.3288724, 0.3448446
5.28605, 0.3257444, 0.3287018, 0.3462588
5.296759, 0.3202901, 0.3283079, 0.3476366
5.307994, 0.3362233, 0.3288991, 0.3490925
5.319068, 0.3426235, 0.3299108, 0.3505892
5.330176, 0.3693953, 0.3315639, 0.3522534
5.341323, 0.3409637, 0.3322218, 0.3538607
5.352473, 0, 0.3156477, 0.3555207
5.407898, 0.3960051, 0.3180832, 0.3644334
5.41932, 0.4174245, 0.3220415, 0.3664695
5.430357, 0.4391146, 0.3275229, 0.3683479
5.441346, 0.352206, 0.3285713, 0.3703977
5.452555, 0.3387519, 0.328994, 0.3726396
5.463562, 0.3524506, 0.3301662, 0.3749014
5.474884, 0.3911442, 0.3333681, 0.3771939
5.485837, 0.3924471, 0.3367378, 0.3793807
5.496708, 0.3751038, 0.3392478, 0.3816652
5.507927, 0.382461, 0.3421485, 0.3840787
5.518941, 0.3639941, 0.3444064, 0.3865051
5.530149, 0.3972087, 0.3478969, 0.3890526
5.541353, 0.3520081, 0.3492769, 0.3916156
5.552413, 0.3583769, 0.3509085, 0.3941779
5.563434, 0.3540267, 0.3525954, 0.396799
5.574575, 0.3635226, 0.3539603, 0.3995029
5.585789, 0.3585413, 0.3547562, 0.4022952
5.596681, 0.3518128, 0.3538771, 0.4049723
5.607988, 0.3632022, 0.354989, 0.407923
5.619325, 0.3723576, 0.3736069, 0.4108932
5.62994, 0.3620913, 0.3719112, 0.4136537
5.641306, 0.355243, 0.3688021, 0.416738
5.652296, 0.3637956, 0.3650362, 0.4198035
5.663476, 0.3662193, 0.3657368, 0.4229409
5.674713, 0.372417, 0.3674201, 0.4260951
5.685728, 0.3784635, 0.3687208, 0.4292457
5.696788, 0.371119, 0.3677195, 0.4323304
5.707877, 0.3780111, 0.3669977, 0.4355575
5.718951, 0.3763367, 0.3670594, 0.4390022
5.730182, 0.3799347, 0.366933, 0.4424222
5.741195, 0.3839923, 0.3679329, 0.4458222
5.752184, 0.3862889, 0.367387, 0.4492861
5.763459, 0.3856241, 0.3690678, 0.4529067
5.775177, 0.3871125, 0.3705046, 0.4566197
5.785544, 0.3941514, 0.3725108, 0.4599119
5.796667, 0.3931055, 0.3739899, 0.4636423
5.807763, 0.3950426, 0.375815, 0.467326
5.818945, 0.4021506, 0.3783318, 0.4710962
5.830029, 0.4028338, 0.3803135, 0.4749556
5.841136, 0.4008963, 0.3817404, 0.4788032
5.852234, 0.4780661, 0.3875391, 0.4828579
5.863416, 0.4215563, 0.3908548, 0.48685
5.874557, 0.4303179, 0.3941809, 0.4907436
5.885876, 0.4295121, 0.3973455, 0.4948928
5.896697, 0.4340397, 0.4004267, 0.4988571
5.907713, 0.425394, 0.4027732, 0.5029465
5.918921, 0.4324685, 0.4058407, 0.5071745
5.929885, 0.4384789, 0.4088641, 0.5113267
5.941163, 0.4373991, 0.4119172, 0.5156479
5.952401, 0.4480706, 0.415324, 0.5199382
5.963423, 0.4489167, 0.4185702, 0.5242291
5.974321, 0.4487451, 0.421693, 0.5284561
5.985923, 0.5161685, 0.4282202, 0.5330785
5.996566, 0.5095168, 0.4343404, 0.5373489
6.00774, 0.5018386, 0.4397248, 0.541878
6.018971, 0.4923296, 0.444686, 0.5464589
6.029971, 0.4970179, 0.4497848, 0.5509598
6.041157, 0.497134, 0.454534, 0.5555992
6.052173, 0.5021033, 0.4594974, 0.5602475
6.063295, 0.498087, 0.464357, 0.5649911
6.07434, 0.5215816, 0.4665327, 0.5697969
6.08556, 0.4963901, 0.4702744, 0.5746158
6.096568, 0.4900998, 0.4732635, 0.5794573
6.10765, 0.4856566, 0.4760707, 0.5843423
6.118971, 0.4782515, 0.4782813, 0.5893885
6.129817, 0.4730554, 0.4806643, 0.5942691
6.140961, 0.4804418, 0.483063, 0.5993103
6.152281, 0.4789841, 0.4850883, 0.6043649
6.163173, 0.4816113, 0.4872989, 0.6093515
6.174372, 0.4816849, 0.4889796, 0.6145864
6.185618, 0.4912626, 0.4910969, 0.6197861
6.196558, 0.4839632, 0.4928578, 0.6249568
6.207637, 0.4800537, 0.4910521, 0.6301933
6.218912, 0.4787356, 0.489513, 0.6353973
6.229765, 0.4872595, 0.4887841, 0.6406384
6.240972, 0.4853369, 0.4884345, 0.6460524
6.25224, 0.497591, 0.4884631, 0.6515557
6.263255, 0.5083008, 0.4890215, 0.6569438
6.274427, 0.5139634, 0.4896145, 0.6624916
6.285587, 0.5085825, 0.4901392, 0.6680891
6.29655, 0.5119912, 0.4896597, 0.6736246
6.307731, 0.5145829, 0.4905694, 0.6792573
6.318758, 0.5100763, 0.4915682, 0.6848688
6.329799, 0.5105044, 0.4928106, 0.690521
6.341055, 0.6073992, 0.499268, 0.6963215
6.355366, 0.543282, 0.5027793, 0.7037166
6.3663, 0.6225005, 0.5098822, 0.7094028
6.374134, 0.7445422, 0.5231601, 0.7134782
6.385314, 0.6801749, 0.5330883, 0.7193393
6.396417, 0.6755906, 0.5427836, 0.7252219
6.407536, 0.6994757, 0.5531942, 0.7312058
6.418637, 0.6744037, 0.5627163, 0.7371722
6.429667, 0.6581092, 0.5716191, 0.7431947
6.440805, 0.6647765, 0.5809211, 0.7491917
6.451971, 0.6904766, 0.591082, 0.7552983
6.46295, 0.7007972, 0.6018549, 0.7613091
6.474143, 0.6975824, 0.6118545, 0.7674829
6.485467, 0.7092299, 0.6219009, 0.7737366
6.496337, 0.7441643, 0.633411, 0.7797809
6.50776, 0.7349194, 0.6447278, 0.7861766
6.51871, 0.6855685, 0.6534067, 0.7925131
6.529612, 0.6597304, 0.6606641, 0.7985911
6.540918, 0.6734872, 0.6688346, 0.8050337
6.551978, 0.6385977, 0.6752392, 0.8111175
6.563042, 0.6529949, 0.677519, 0.8174196
6.574163, 0.655035, 0.6831067, 0.8239844
6.585373, 0.6575475, 0.684859, 0.8305542
6.596391, 0.6630533, 0.6807846, 0.8370302
6.60741, 0.6799394, 0.6807728, 0.8434645
6.618602, 0.6808591, 0.6810363, 0.8500466
6.629678, 0.6759288, 0.679859, 0.8565883
6.640728, 0.6918594, 0.6807318, 0.8630568
6.651916, 0.6884462, 0.6822486, 0.8697718
6.663035, 0.700434, 0.6840314, 0.8764324
6.674023, 0.7134808, 0.6851817, 0.8830872
6.685313, 0.7193639, 0.68611, 0.88989
6.696496, 0.7264338, 0.6875526, 0.8966592
6.707466, 0.7297185, 0.688577, 0.9033193
6.718562, 0.7229617, 0.6875168, 0.9100059
6.729623, 0.730272, 0.6872845, 0.9167546
6.740741, 0.732227, 0.6896174, 0.9235774
6.751863, 0.7333325, 0.6932975, 0.930389
6.762926, 0.7365025, 0.6964483, 0.9372131
6.774031, 0.7399405, 0.7015155, 0.9440867
6.785284, 0.7734884, 0.7075402, 0.9509993
6.796281, 0.8002532, 0.714801, 0.957857
6.807404, 0.8038059, 0.722114, 0.9647909
6.818441, 0.8089042, 0.7294065, 0.9717013
6.829437, 0.8136864, 0.7360939, 0.9786531
6.840723, 0.8277709, 0.7434395, 0.9857685
6.851916, 0.8385031, 0.7515682, 0.9928005
6.862906, 0.8616312, 0.7600568, 0.9997503
6.874018, 0.8833687, 0.7698029, 1.006833
6.885142, 0.916864, 0.7806245, 1.013939
6.896255, 1.023522, 0.7961265, 1.021028
6.907455, 0.9358853, 0.8069526, 1.028247
6.918589, 0.9989669, 0.8205792, 1.035471
6.929598, 0.9928119, 0.8337337, 1.042575
6.940682, 0.9907879, 0.8471251, 1.049849
6.952015, 1.043811, 0.862802, 1.057207
6.962833, 1.060242, 0.8792027, 1.064213
6.974098, 1.075419, 0.8963071, 1.071579
6.985142, 1.092604, 0.9141122, 1.078786
6.996145, 1.092553, 0.9317428, 1.085996
7.007318, 1.089465, 0.9475415, 1.09343
7.018401, 1.090861, 0.9620719, 1.100553
7.029493, 1.09758, 0.9767606, 1.10785
7.040591, 1.105152, 0.991573, 1.115188
7.051753, 1.134701, 1.007624, 1.122624
7.06286, 1.161594, 1.024315, 1.129997
7.073915, 1.169595, 1.040869, 1.137334
7.085084, 1.15392, 1.055484, 1.144775
7.09622, 1.140203, 1.068326, 1.152183
7.107239, 1.133657, 1.079165, 1.159501
7.118598, 1.176758, 1.086827, 1.167055
7.129436, 1.172906, 1.098678, 1.174427
7.140573, 1.165284, 1.106994, 1.181955
7.151829, 1.117889, 1.113248, 1.189598
7.16293, 1.116956, 1.119556, 1.197088
7.174105, 1.116642, 1.123198, 1.204627
7.18561, 1.11427, 1.125899, 1.212511
7.196326, 1.158322, 1.130044, 1.21976
7.207261, 1.170336, 1.133931, 1.227206
7.218522, 1.202082, 1.139407, 1.234904
7.229132, 1.188692, 1.144369, 1.241995
7.240473, 1.199981, 1.149825, 1.249738
7.251698, 1.22081, 1.155986, 1.257439
7.262749, 1.21219, 1.161338, 1.264939
7.273836, 1.165508, 1.162879, 1.272615
7.285135, 1.159318, 1.162765, 1.280262
7.296103, 1.153161, 1.161943, 1.287771
7.307364, 1.159544, 1.162224, 1.29554
7.318391, 1.147631, 1.162596, 1.30308
7.329388, 1.147281, 1.163277, 1.310609
7.340666, 1.141077, 1.161493, 1.318336
7.351635, 1.187212, 1.162208, 1.325895
7.362664, 1.221711, 1.16503, 1.333492
7.373921, 1.230317, 1.170651, 1.341221
7.384947, 1.234337, 1.17652, 1.348899
7.396131, 1.156287, 1.178502, 1.356634
7.407082, 1.426085, 1.194093, 1.364212
7.418291, 1.32067, 1.20221, 1.371932
7.432929, 1.375643, 1.212476, 1.382057
7.440584, 1.22405, 1.213574, 1.387394
7.45168, 1.314874, 1.219883, 1.39503
7.462625, 1.309974, 1.225383, 1.402617
7.474002, 1.327809, 1.230733, 1.410499
7.484968, 1.339838, 1.237115, 1.418022
7.495971, 1.369064, 1.247293, 1.425573
7.507153, 1.358335, 1.257244, 1.433295
7.518201, 1.383717, 1.268772, 1.440974
7.529247, 1.394002, 1.280495, 1.448615
7.540383, 1.383797, 1.292303, 1.456312
7.551609, 1.375208, 1.303699, 1.464066
7.562712, 1.346234, 1.313957, 1.471727
7.573964, 1.336713, 1.321432, 1.479527
7.584693, 1.331363, 1.326915, 1.48698
7.59608, 1.33055, 1.331926, 1.494747
7.607219, 1.339227, 1.337171, 1.502424
7.618215, 1.357999, 1.347256, 1.509938
7.629241, 1.371651, 1.344535, 1.517617
7.640372, 1.356267, 1.346315, 1.525211
7.651712, 1.385654, 1.346815, 1.533001
7.662494, 1.38858, 1.355042, 1.54042
7.673823, 1.405844, 1.35959, 1.548222
7.684841, 1.384392, 1.363311, 1.555774
7.695948, 1.389909, 1.366416, 1.563302
7.707175, 1.38835, 1.368842, 1.570982
7.718124, 1.371082, 1.368942, 1.578546
7.729194, 1.40326, 1.371189, 1.586229
7.740293, 1.398286, 1.371917, 1.593855
7.751554, 1.381863, 1.37131, 1.601517
7.762578, 1.411343, 1.372687, 1.609109
7.773659, 1.3877, 1.373312, 1.616609
7.784712, 1.353588, 1.37368, 1.624155
7.79592, 1.353097, 1.374499, 1.631782
7.807181, 1.352354, 1.375549, 1.639357
7.818027, 1.35287, 1.376665, 1.646794
7.829051, 1.393776, 1.379392, 1.654214
7.84026, 1.390755, 1.38103, 1.661769
7.851453, 1.333626, 1.379129, 1.669335
7.862543, 1.337244, 1.378178, 1.676843
7.87384, 1.346736, 1.376232, 1.684388
7.884711, 1.34394, 1.374, 1.691644
7.895936, 1.380749, 1.372745, 1.699304
7.907089, 1.418395, 1.374445, 1.706777
7.918001, 1.323256, 1.371112, 1.713928
7.929138, 1.330871, 1.368238, 1.721402
7.940295, 1.410847, 1.370227, 1.728843
7.951374, 1.443164, 1.372222, 1.736207
7.962519, 1.439117, 1.374263, 1.74361
7.973688, 1.472158, 1.378778, 1.750996
7.984642, 1.49663, 1.383043, 1.758175
7.995785, 1.515575, 1.389436, 1.765542
8.006999, 1.498551, 1.396684, 1.772831
8.018047, 1.517159, 1.404887, 1.780083
8.029042, 1.511936, 1.412867, 1.787301
8.04014, 1.509645, 1.420705, 1.794568
8.051298, 1.599774, 1.431005, 1.801839
8.0625, 1.509502, 1.436943, 1.809157
8.073497, 1.45223, 1.442873, 1.816265
8.084627, 1.500829, 1.451052, 1.823434
8.095685, 1.507103, 1.45907, 1.83059
8.106985, 1.51572, 1.467659, 1.837868
8.118016, 1.435833, 1.470414, 1.844991
8.129049, 1.446286, 1.471808, 1.852085
8.140206, 1.411792, 1.476235, 1.859234
8.151159, 1.418089, 1.480596, 1.866215
8.162385, 1.51251, 1.485679, 1.87334
8.173615, 1.446944, 1.485868, 1.880492
8.18453, 1.410512, 1.484438, 1.887285
8.195679, 1.392745, 1.480467, 1.894322
8.206812, 1.387907, 1.475031, 1.901279
8.217943, 1.374176, 1.467961, 1.908284
8.228979, 1.403392, 1.463203, 1.914967
8.240122, 1.399971, 1.457344, 1.921846
8.251146, 1.50215, 1.456855, 1.928763
8.262333, 1.477613, 1.455253, 1.93563
8.273437, 1.494343, 1.449981, 1.942517
8.284534, 1.46631, 1.447822, 1.949377
8.295533, 1.505258, 1.450473, 1.956085
8.306735, 1.526703, 1.451767, 1.962906
8.317858, 1.484097, 1.450617, 1.969645
8.329021, 1.489148, 1.449288, 1.976386
8.340114, 1.4931, 1.452151, 1.982997
8.350933, 1.507844, 1.455229, 1.989451
8.362195, 1.478252, 1.458552, 1.996248
8.373499, 1.485393, 1.461918, 2.002932
8.3845, 1.468656, 1.459725, 2.009428
8.39568, 1.4714, 1.460948, 2.015924
8.406693, 1.499671, 1.465406, 2.022432
8.417683, 1.485104, 1.470023, 2.028719
8.42887, 1.528353, 1.477046, 2.035126
8.440105, 1.533073, 1.484991, 2.041653
8.451058, 2.207813, 1.525212, 2.04793
8.462145, 2.09906, 1.560166, 2.054302
8.473398, 2.390013, 1.604559, 2.060742
8.484406, 2.202289, 1.640793, 2.066906
8.49537, 2.035435, 1.667848, 2.073134
8.506634, 2.238296, 1.706447, 2.079364
8.517745, 2.535326, 1.757951, 2.085582
8.528945, 2.381747, 1.800703, 2.091784
8.540195, 2.243017, 1.838649, 2.097854
8.551223, 2.257219, 1.877053, 2.103936
8.562243, 2.218712, 1.913333, 2.109895
8.573244, 2.185084, 1.947195, 2.115802
8.584282, 2.055654, 1.976065, 2.121629
8.595596, 2.046961, 2.004144, 2.127683
8.606485, 1.991341, 2.030278, 2.133474
8.617692, 1.942915, 2.053854, 2.13932
8.628738, 1.905161, 2.074128, 2.145121
8.639972, 1.907012, 2.095223, 2.150946
8.651016, 3.489156, 2.193264, 2.156644
8.66212, 3.046593, 2.268939, 2.162364
8.673171, 2.32278, 2.274688, 2.16802
8.784159, 0, 2.169735, 2.222818
8.795334, 0, 2.050234, 2.228033
8.806599, 0, 1.94012, 2.233348
8.817491, 0, 1.838348, 2.238458
8.828628, 1.816044, 1.817235, 2.243607
8.839853, 2.021861, 1.791562, 2.248847
8.850838, 2.990834, 1.822016, 2.253817
8.873036, 3.624639, 1.891097, 2.263826
8.884234, 2.67662, 1.912067, 2.268826
8.89526, 2.224142, 1.912339, 2.273665
8.90656, 3.773319, 1.99175, 2.278681
8.917598, 4.064287, 2.092182, 2.283441
8.928699, 3.305203, 2.155094, 2.288262
8.939832, 3.810915, 2.246073, 2.293032
8.950904, 4.719166, 2.384886, 2.297736
8.961843, 3.678462, 2.473551, 2.302346
8.973255, 2.419472, 2.499174, 2.307065
8.98433, 2.143371, 2.431885, 2.311624
8.995345, 2.278936, 2.393502, 2.316117
9.006415, 2.550753, 2.4049, 2.320606
9.017356, 2.331758, 2.521488, 2.325061
9.02867, 2.416453, 2.642311, 2.329614
9.039762, 2.495235, 2.767073, 2.334019
9.050742, 2.561386, 2.895142, 2.338356
9.061842, 2.593929, 2.934036, 2.342648
9.073111, 2.695384, 2.967712, 2.346885
9.084155, 2.834981, 2.95992, 2.351105
9.095241, 2.683754, 2.912876, 2.35529
9.106297, 2.750885, 2.916589, 2.359407
9.117382, 2.786557, 2.94471, 2.363516
9.128455, 2.59728, 2.885908, 2.367545
9.139712, 2.464644, 2.805926, 2.371621
9.150747, 2.492501, 2.76529, 2.375584
9.161828, 2.689124, 2.709201, 2.379472
9.173009, 2.817744, 2.61413, 2.38331
9.184151, 2.595183, 2.559966, 2.38714
9.195347, 2.555802, 2.566782, 2.390898
9.206331, 2.89191, 2.604209, 2.394583
9.21751, 2.432005, 2.611863, 2.398269
9.228594, 2.513344, 2.609992, 2.401823
9.239697, 2.447964, 2.615803, 2.405386
9.25071, 2.353411, 2.61265, 2.408866
9.261695, 2.267362, 2.601257, 2.412275
9.272963, 2.189538, 2.582664, 2.415779
9.284084, 2.174094, 2.561673, 2.419142
9.295234, 2.120187, 2.532913, 2.422518
9.306609, 2.075354, 2.494931, 2.425848
9.317335, 2.074838, 2.464486, 2.428916
9.328373, 2.026585, 2.428271, 2.432035
9.339558, 1.941103, 2.385998, 2.435195
9.350738, 2.093501, 2.360809, 2.438269
9.361834, 2.091521, 2.342153, 2.441325
9.372819, 1.971061, 2.316081, 2.444248
9.383946, 2.093899, 2.286319, 2.447183
9.395076, 2.159228, 2.253394, 2.449997
9.406193, 2.011803, 2.224225, 2.45282
9.417206, 2.020544, 2.197462, 2.455661
9.428297, 2.111335, 2.158433, 2.458418
9.439633, 2.165627, 2.145114, 2.461046
9.450639, 2.092743, 2.124084, 2.46363
9.461752, 2.084136, 2.105893, 2.466211
9.472835, 2.072234, 2.091834, 2.468632
9.483913, 1.978527, 2.077392, 2.47107
9.495054, 1.931985, 2.064515, 2.473516
9.506234, 1.928166, 2.052218, 2.475875
9.517169, 1.983095, 2.045363, 2.478101
9.528353, 1.938994, 2.038545, 2.480373
9.539465, 2.075475, 2.038577, 2.482566
9.55055, 2.069058, 2.040701, 2.484697
9.561744, 2.083996, 2.047846, 2.486822
9.572926, 2.071113, 2.046726, 2.488873
9.583874, 2.14336, 2.049318, 2.490831
9.595043, 2.069081, 2.054219, 2.492747
9.606277, 2.2143, 2.060239, 2.4947
9.617352, 2.242315, 2.064394, 2.496481
9.628234, 2.204851, 2.074046, 2.498276
9.639459, 2.099159, 2.077977, 2.500072
9.650431, 2.156907, 2.080255, 2.501694
9.661659, 2.117118, 2.07783, 2.50326
9.672793, 2.151672, 2.080776, 2.50489
9.683845, 2.057623, 2.07945, 2.50641
9.694928, 2.12145, 2.081911, 2.507967
9.706122, 2.216378, 2.093804, 2.509421
9.717172, 1.999981, 2.097203, 2.510849
9.728336, 1.998945, 2.100743, 2.512188
9.739575, 1.957209, 2.099448, 2.513476
9.750561, 1.902396, 2.097619, 2.514602
9.761565, 1.924878, 2.090089, 2.515774
9.772889, 1.939753, 2.083623, 2.516939
9.783811, 1.934066, 2.076127, 2.518002
9.794961, 2.009747, 2.073059, 2.519062
9.806071, 2.043247, 2.068053, 2.520015
9.817135, 1.996721, 2.064435, 2.520952
9.828191, 1.94132, 2.050786, 2.521775
9.839369, 2.02152, 2.039746, 2.522651
9.850446, 2.077359, 2.033371, 2.523267
9.861513, 2.082644, 2.032546, 2.523904
9.872663, 2.076496, 2.028525, 2.524618
9.88372, 1.95139, 2.020239, 2.525197
9.894935, 2.00036, 2.012673, 2.525702
9.906013, 2.279319, 2.023758, 2.526191
9.91701, 2.09561, 2.022466, 2.526604
9.928428, 2.018061, 2.01255, 2.527043
9.939383, 2.066839, 2.015893, 2.527365
9.950467, 2.080747, 2.019983, 2.527636
9.961438, 2.052202, 2.024733, 2.527879
9.972914, 2.054494, 2.032338, 2.528044
9.983812, 2.057812, 2.038984, 2.528178
9.99498, 2.122407, 2.048117, 2.528238
10.00595, 2.106902, 2.056759, 2.528273
10.01705, 2.033574, 2.05795, 2.528292
10.02812, 1.938648, 2.05272, 2.528184
10.0392, 1.970863, 2.051427, 2.528039
10.0503, 2.037011, 2.056212, 2.527808
10.06152, 2.034461, 2.056859, 2.527562
10.07265, 2.127815, 2.059382, 2.527322
10.08376, 2.143944, 2.062447, 2.526959
10.09492, 2.100216, 2.063633, 2.526575
10.10593, 2.082757, 2.070201, 2.525961
10.11698, 2.181444, 2.079256, 2.525241
10.12808, 2.219531, 2.076266, 2.524642
10.13933, 2.197657, 2.081368, 2.523968
10.15048, 2.188635, 2.089897, 2.523334
10.16146, 2.102865, 2.091698, 2.522575
10.17255, 2.04742, 2.090032, 2.521836
10.18368, 2.03511, 2.089177, 2.520965
10.19471, 2.005844, 2.086745, 2.520028
10.20602, 1.99693, 2.083701, 2.519072
10.21691, 2.004109, 2.077786, 2.518132
10.22803, 2.041682, 2.074525, 2.517067
10.23935, 2.030249, 2.074359, 2.51594
10.2503, 2.046358, 2.079744, 2.514764
10.26145, 2.11081, 2.086741, 2.513498
10.2726, 2.060258, 2.087904, 2.512146
10.2837, 1.960977, 2.084229, 2.510798
10.29486, 2.095291, 2.082603, 2.509371
10.30593, 2.03231, 2.077022, 2.507967
10.31686, 2.078015, 2.075912, 2.506445
10.32804, 2.059908, 2.074769, 2.504881
10.33923, 2.080268, 2.06971, 2.503243
10.35017, 2.147846, 2.066126, 2.501683
10.36141, 2.190926, 2.065789, 2.499942
10.37328, 2.187397, 2.065727, 2.498055
10.38366, 2.139694, 2.067569, 2.496352
10.39467, 2.161404, 2.073268, 2.494535
10.40577, 2.116909, 2.077358, 2.492606
10.41722, 2.233618, 2.088747, 2.490612
10.42844, 1.946332, 2.086217, 2.488569
10.43918, 1.984264, 2.085225, 2.486517
10.45014, 2.012311, 2.083756, 2.48433
10.4613, 1.908509, 2.077669, 2.48213
10.47256, 1.912997, 2.071001, 2.479701
10.48355, 2.024424, 2.066682, 2.477458
10.49466, 1.99057, 2.063197, 2.475209
10.50585, 2.126987, 2.071498, 2.472719
10.51687, 2.221708, 2.077819, 2.470262
10.52788, 2.206012, 2.086504, 2.467834
10.53913, 2.196455, 2.092426, 2.465275
10.55015, 2.813899, 2.130125, 2.462713
10.56123, 2.010829, 2.126653, 2.460091
10.57234, 2.978267, 2.168174, 2.457433
10.58341, 1.887954, 2.153026, 2.454795
10.59453, 2.104261, 2.148869, 2.451977
10.60576, 1.947429, 2.139256, 2.449284
10.61684, 2.093189, 2.135845, 2.446404
10.62786, 2.333792, 2.146689, 2.443513
10.63909, 2.574901, 2.163753, 2.440513
10.65, 2.539602, 2.193417, 2.437606
10.66118, 2.55365, 2.221886, 2.434539
10.67246, 2.601138, 2.251328, 2.431372
10.68333, 2.553416, 2.283573, 2.428281
10.6946, 2.579498, 2.316898, 2.424947
10.7057, 2.586399, 2.344997, 2.42164
10.71681, 2.700424, 2.380489, 2.418388
10.72784, 2.708096, 2.409545, 2.414957
10.73903, 2.682073, 2.432563, 2.411514
10.75009, 2.34209, 2.439367, 2.408064
10.7611, 2.332032, 2.446146, 2.404588
10.77234, 2.333236, 2.422113, 2.401101
10.7834, 2.318918, 2.437517, 2.397509
10.79461, 2.362555, 2.406731, 2.393797
10.80567, 2.332398, 2.428954, 2.390145
10.81664, 2.328418, 2.440161, 2.386491
10.82771, 2.308704, 2.458225, 2.382705
10.83896, 2.364675, 2.471799, 2.378838
10.85005, 2.420559, 2.476138, 2.374929
10.86112, 2.420609, 2.468423, 2.371016
10.87226, 2.409349, 2.46191, 2.36691
10.88328, 2.532019, 2.460829, 2.362943
10.89441, 2.607297, 2.461137, 2.358854
10.90551, 2.799009, 2.473416, 2.354758
10.91663, 2.797348, 2.484309, 2.350643
10.92779, 2.675085, 2.488743, 2.346398
10.93895, 2.584237, 2.482934, 2.342129
10.95035, 2.566404, 2.475849, 2.337834
10.96112, 2.567862, 2.470139, 2.333657
10.97222, 2.519914, 2.47903, 2.329315
10.9833, 2.568683, 2.490862, 2.324911
10.9944, 2.508052, 2.499603, 2.320433
11.00542, 2.560282, 2.511672, 2.315919
11.0167, 2.520932, 2.51959, 2.311314
11.02767, 2.584823, 2.532212, 2.306738
11.03891, 2.680069, 2.549794, 2.302047
11.04981, 2.907017, 2.57971, 2.297474
11.06082, 2.969778, 2.609965, 2.292805
11.07264, 1.875641, 2.582719, 2.287635
11.08311, 2.545646, 2.588971, 2.283101
11.09428, 2.589843, 2.597995, 2.278179
11.10582, 2.740633, 2.608426, 2.273084
11.11642, 3.266676, 2.641395, 2.26838
11.12761, 2.870602, 2.644975, 2.26339
11.13881, 3.038056, 2.65701, 2.258326
11.14979, 2.775537, 2.662033, 2.253367
11.16094, 2.728997, 2.669271, 2.248254
11.1722, 2.676911, 2.674796, 2.242945
11.1832, 2.593153, 2.67606, 2.237859
11.1943, 2.630054, 2.681568, 2.232666
11.20551, 2.50532, 2.6784, 2.227329
11.21658, 2.671034, 2.686549, 2.222069
11.22748, 2.563308, 2.6867, 2.216861
11.23866, 2.552308, 2.688269, 2.21147
11.2498, 2.277216, 2.672888, 2.205924
11.26099, 2.273314, 2.652551, 2.200427
11.27221, 2.283649, 2.621382, 2.194874
11.28322, 2.468163, 2.596302, 2.189394
11.29418, 2.542336, 2.629636, 2.183892
11.30546, 2.524713, 2.62859, 2.178185
11.31641, 2.294581, 2.613827, 2.172629
11.32766, 2.302331, 2.591911, 2.166898
11.33878, 2.131474, 2.535151, 2.161188
11.34978, 2.302394, 2.506741, 2.155443
11.36092, 2.522989, 2.480988, 2.149641
11.37228, 2.554709, 2.469946, 2.143687
11.38336, 2.068194, 2.436906, 2.13786
11.39456, 2.095022, 2.407812, 2.131943
11.40511, 1.938118, 2.37506, 2.12632
11.41632, 1.969509, 2.342033, 2.12034
11.4274, 1.928956, 2.313215, 2.114305
11.4386, 1.808767, 2.270101, 2.108246
11.44979, 2.089076, 2.24639, 2.102229
11.46081, 2.108657, 2.224207, 2.096219
11.4718, 2.045486, 2.212621, 2.090167
11.48308, 2.033248, 2.200617, 2.083809
11.49414, 1.983209, 2.185595, 2.077636
11.50526, 1.961965, 2.160285, 2.071392
11.51632, 1.912676, 2.128803, 2.065197
11.52737, 1.924374, 2.098786, 2.058953
11.5386, 1.937276, 2.08092, 2.052588
11.54963, 1.514093, 2.041508, 2.046408
11.56078, 2.299397, 2.049904, 2.040029
11.57202, 2.49843, 2.059706, 2.033585
11.58312, 1.264274, 1.996771, 2.027182
11.59405, 1.303895, 1.93423, 2.02091
11.60517, 1.190857, 1.890363, 2.014399
11.61638, 1.393393, 1.855281, 2.007841
11.6275, 1.361434, 1.826447, 2.00126
11.63863, 1.712891, 1.813616, 1.994683
11.64952, 1.821325, 1.808235, 1.988138
11.66077, 1.74985, 1.805289, 1.98143
11.67196, 1.645016, 1.783086, 1.974766
11.68291, 1.603865, 1.757846, 1.968108
11.69407, 1.57911, 1.734527, 1.961399
11.70525, 1.578643, 1.711797, 1.954613
11.71622, 1.593076, 1.692291, 1.947937
11.72738, 1.616273, 1.675006, 1.941247
11.73849, 1.590649, 1.658904, 1.93445
11.74954, 1.626948, 1.644033, 1.927733
11.76086, 1.621725, 1.628256, 1.920775
11.77165, 1.616519, 1.633377, 1.914101
11.78282, 1.490383, 1.592927, 1.907246
11.79406, 1.484418, 1.542226, 1.900284
11.80506, 1.453574, 1.551691, 1.89342
11.81612, 1.451491, 1.559071, 1.886504
11.82717, 1.452029, 1.572129, 1.879564
11.83836, 1.451475, 1.575033, 1.872464
11.84959, 1.450448, 1.579484, 1.865395
11.86064, 1.446791, 1.566179, 1.858407
11.87174, 1.282929, 1.539259, 1.851324
11.88271, 1.302836, 1.516909, 1.844334
11.89393, 1.566463, 1.512981, 1.837134
11.90531, 1.528587, 1.509217, 1.829879
11.91618, 1.56556, 1.50854, 1.822908
11.92718, 1.626018, 1.510908, 1.81584
11.93828, 1.588548, 1.510682, 1.808662
11.94947, 1.637585, 1.511748, 1.801425
11.96057, 1.592786, 1.511855, 1.794206
11.97215, 1.555016, 1.508258, 1.786591
11.98278, 1.597346, 1.507039, 1.779677
11.99383, 1.607512, 1.506589, 1.772459
12.00506, 1.624505, 1.513295, 1.76509
12.01603, 1.651945, 1.521671, 1.757873
12.02716, 1.627173, 1.530351, 1.750589
12.03841, 1.651268, 1.54034, 1.743164
12.04941, 1.616057, 1.548541, 1.735853
12.06046, 1.618049, 1.55687, 1.728527
12.07153, 1.607045, 1.5647, 1.721058
12.08267, 1.593661, 1.572044, 1.713697
12.09384, 1.561454, 1.58597, 1.706254
12.10503, 1.53941, 1.597798, 1.698714
12.11614, 1.508094, 1.59488, 1.691271
12.12711, 1.467211, 1.591811, 1.683826
12.13832, 1.462471, 1.586657, 1.676266
12.14943, 1.439348, 1.577323, 1.668901
12.16053, 1.480316, 1.571911, 1.661414
12.17174, 1.491855, 1.564625, 1.653821
12.18273, 1.485657, 1.559268, 1.646389
12.19376, 1.414317, 1.552233, 1.6389
12.20485, 1.414318, 1.543082, 1.631361
12.21605, 1.396502, 1.532531, 1.623745
12.22711, 1.410849, 1.521849, 1.616109
12.23815, 1.415819, 1.510042, 1.608587
12.24933, 1.376482, 1.497508, 1.600956
12.26072, 1.370759, 1.483482, 1.59316
12.2726, 1.331764, 1.469268, 1.584986
12.28326, 1.318149, 1.454273, 1.577737
12.29414, 1.321229, 1.439982, 1.570283
12.3051, 1.345228, 1.42756, 1.562809
12.31593, 1.350718, 1.417024, 1.555388
12.32722, 1.319376, 1.406022, 1.547639
12.33852, 1.344693, 1.397852, 1.539872
12.34955, 1.336088, 1.391296, 1.532344
12.36078, 1.321448, 1.384245, 1.524614
12.37207, 1.33157, 1.378856, 1.516766
12.38285, 1.321816, 1.370931, 1.509354
12.39391, 1.399489, 1.366313, 1.501753
12.4051, 1.382012, 1.36113, 1.49402
12.41651, 1.407346, 1.360782, 1.486132
12.42731, 1.430615, 1.361596, 1.478558
12.43811, 1.464608, 1.365002, 1.471082
12.44937, 1.4398, 1.366449, 1.463264
12.46044, 1.403865, 1.365852, 1.455589
12.47162, 1.381927, 1.366124, 1.447886
12.48258, 1.340443, 1.364608, 1.440382
12.49384, 1.367594, 1.3664, 1.432564
12.50489, 1.347614, 1.367873, 1.424945
12.51602, 1.374522, 1.370537, 1.417241
12.52704, 1.375523, 1.372052, 1.409593
12.53811, 1.322506, 1.370641, 1.401911
12.54914, 1.291623, 1.369254, 1.394226
12.56034, 1.295929, 1.366816, 1.386477
12.57134, 1.292198, 1.364621, 1.378737
12.58262, 1.291263, 1.363112, 1.370938
12.59366, 1.287939, 1.36093, 1.363257
12.60451, 1.283437, 1.359011, 1.355825
12.61577, 1.284387, 1.353256, 1.348043
12.62704, 1.239537, 1.346133, 1.340355
12.63815, 1.219413, 1.336736, 1.332689
12.64911, 1.287572, 1.329584, 1.325221
12.66032, 1.223174, 1.317512, 1.317522
12.67141, 1.174506, 1.304248, 1.309892
12.68246, 1.24378, 1.296243, 1.302222
12.69358, 1.225644, 1.288429, 1.294605
12.70471, 1.185385, 1.280676, 1.286884
12.71596, 1.113989, 1.267996, 1.279155
12.72697, 1.18845, 1.260038, 1.271713
12.738, 1.115578, 1.247091, 1.264177
12.74909, 1.097847, 1.233207, 1.256574
12.76025, 1.105983, 1.222381, 1.248951
12.77127, 1.141806, 1.21489, 1.241496
12.78241, 1.120605, 1.206124, 1.234032
12.79359, 1.087198, 1.195874, 1.22645
12.80471, 1.114249, 1.187023, 1.218843
12.81585, 1.138099, 1.179531, 1.211295
12.82686, 1.177312, 1.174225, 1.203791
12.83796, 1.196133, 1.169812, 1.196276
12.84902, 1.211005, 1.168386, 1.188872
12.8602, 1.217298, 1.16828, 1.181367
12.87129, 1.221027, 1.164953, 1.173957
12.88262, 1.253029, 1.166445, 1.166316
12.89345, 1.240053, 1.169723, 1.159055
12.90767, 1.255301, 1.170299, 1.149577
12.91569, 1.235801, 1.170807, 1.144234
12.92693, 1.229673, 1.173021, 1.136693
12.93836, 1.233562, 1.179, 1.129097
12.94964, 1.204745, 1.179814, 1.121497
12.96088, 1.235815, 1.185826, 1.114068
12.97151, 1.195304, 1.190699, 1.106999
12.98296, 1.195391, 1.195169, 1.099357
12.99409, 1.176926, 1.196925, 1.092003
13.0049, 1.167645, 1.199277, 1.084921
13.01615, 1.082782, 1.199056, 1.077529
13.02685, 1.001993, 1.193444, 1.070527
13.03856, 1.041356, 1.188607, 1.06287
13.0493, 1.118507, 1.185666, 1.055854
13.06041, 1.128055, 1.182262, 1.048625
13.07144, 1.127071, 1.178066, 1.041515
13.08254, 1.121489, 1.173275, 1.034281
13.09336, 1.112573, 1.167853, 1.027297
13.10454, 1.074939, 1.158948, 1.020158
13.11564, 1.071977, 1.150544, 1.013008
13.12687, 1.060166, 1.140787, 1.005883
13.13762, 1.06748, 1.132371, 0.9990283
13.14886, 1.036075, 1.122691, 0.9917937
13.16014, 1.02207, 1.112117, 0.9846956
13.17108, 1.025635, 1.103161, 0.9778509
13.18231, 1.024339, 1.092588, 0.9708175
13.19331, 1.026242, 1.084134, 0.9639025
13.20433, 1.026286, 1.075679, 0.9569954
13.21567, 1.032755, 1.068471, 0.9499322
13.22675, 1.034099, 1.061794, 0.9429336
13.23788, 1.038451, 1.059577, 0.9360375
13.24887, 1.042532, 1.061604, 0.9292553
13.26024, 1.026932, 1.060883, 0.9222741
13.27097, 0.9623199, 1.053074, 0.9156483
13.28228, 0.9661397, 1.044978, 0.9086085
13.29341, 1.036982, 1.040473, 0.9018349
13.30441, 0.9758409, 1.033191, 0.8952225
13.31548, 0.9584181, 1.025483, 0.8885377
13.32668, 0.9438195, 1.018927, 0.8818631
13.33775, 0.9316468, 1.011911, 0.8752351
13.34894, 0.9597256, 1.006889, 0.8685501
13.36006, 0.9522585, 1.001127, 0.8619106
13.37099, 0.935607, 0.9961041, 0.8554403
13.38206, 0.931285, 0.9915649, 0.8490315
13.39329, 0.9080052, 0.9856833, 0.8424633
13.40445, 0.8897826, 0.9789554, 0.8359608
13.41564, 0.8542535, 0.9703561, 0.8294581
13.42672, 0.8512009, 0.9616017, 0.8231121
13.43765, 0.8549545, 0.9527117, 0.8168182
13.44887, 0.8356093, 0.9427872, 0.8104036
13.45998, 0.83727, 0.9327281, 0.8039916
13.47106, 0.8416812, 0.9226855, 0.7976173
13.4821, 0.8344285, 0.9130604, 0.7914327
13.49325, 0.8331965, 0.9066042, 0.7851763
13.50445, 0.8321531, 0.8999049, 0.7789757
13.51541, 0.9622298, 0.8961674, 0.7729061
13.52651, 0.8207151, 0.888411, 0.7668406
13.53758, 0.8179148, 0.8813859, 0.7607871
13.54871, 0.7528217, 0.871836, 0.7546879
13.56009, 0.7751353, 0.8640105, 0.7485414
13.57092, 0.7823877, 0.8551434, 0.7426742
13.58194, 0.7982208, 0.8474416, 0.7367216
13.59328, 0.7932602, 0.8403242, 0.7306904
13.60446, 0.7872201, 0.8331209, 0.7247586
13.6155, 0.7586558, 0.8256534, 0.7189622
13.62655, 0.7461974, 0.8184742, 0.7129837
13.63773, 0.8702156, 0.8192723, 0.7071664
13.64876, 0.7535554, 0.8143901, 0.7014496
13.65993, 0.8447233, 0.8138785, 0.6956484
13.67092, 0.8192449, 0.8130603, 0.6899267
13.68199, 0.7281952, 0.8076065, 0.6843289
13.693, 0, 0.7655224, 0.6787526
13.70423, 0, 0.723801, 0.6731342
13.8373, 0.5969662, 0.7119895, 0.6089535
13.84858, 0.6181872, 0.7012911, 0.6037751
13.85966, 0.5938746, 0.6828734, 0.5987449
13.8708, 0.6384971, 0.6737625, 0.5936552
13.88186, 0.6774703, 0.6667403, 0.5887064
13.893, 0.6062161, 0.65941, 0.5837421
13.90404, 0.6235558, 0.651831, 0.5787191
13.91525, 0.5876759, 0.6420954, 0.5737711
13.92639, 0.5385265, 0.6291108, 0.5689694
13.93745, 0.571182, 0.6180068, 0.5641142
13.94841, 0.5472313, 0.6060075, 0.5594059
13.95973, 0.5894655, 0.5975479, 0.5545909
13.97079, 0.5458735, 0.5875317, 0.549944
13.98193, 0.5207448, 0.5700582, 0.5452907
13.993, 0.5701203, 0.5608865, 0.5407225
14.00423, 0.548009, 0.5460507, 0.5362457
14.01515, 0.5271764, 0.5314473, 0.5318127
14.02641, 0.5704547, 0.5235603, 0.5273065
14.0374, 0.5927373, 0.5531971, 0.5229523
14.04854, 0.6092326, 0.5836588, 0.5186809
14.06006, 0.5932888, 0.5834749, 0.5141743
14.07051, 0.5909095, 0.5821111, 0.5101289
14.08219, 0.6112664, 0.5829806, 0.50559
14.09298, 0.5646448, 0.579288, 0.5015374
14.10549, 0.5529116, 0.5730601, 0.4969369
14.11676, 0.521589, 0.5688287, 0.4928035
14.12691, 0.5021771, 0.5627598, 0.4891476
14.13754, 0.5457938, 0.5606657, 0.4853283
14.14891, 0.537109, 0.5605948, 0.4812835
14.16027, 0.4987922, 0.5569753, 0.4772921
14.17096, 0.5150651, 0.555367, 0.4735762
14.18212, 0.4899494, 0.5503912, 0.469758
14.19295, 0.5004246, 0.5481187, 0.4661531
14.20405, 0.4785758, 0.5460103, 0.4625031
14.21555, 0.4566334, 0.540336, 0.4587125
14.22646, 0.4670076, 0.5362859, 0.4552729
14.23785, 0.4977622, 0.5348151, 0.4516462
14.24825, 0.4410091, 0.5283428, 0.4483644
14.25954, 0.4654312, 0.5219775, 0.4448649
14.27055, 0.4551742, 0.5142747, 0.4414409
14.28196, 0.4584248, 0.5075315, 0.4378682
14.29286, 0.4681209, 0.501392, 0.4345962
14.30398, 0.4660181, 0.4941296, 0.431324
14.31494, 0.4711917, 0.4894569, 0.4281368
14.32628, 0.4838, 0.4860013, 0.424872
14.3373, 0.4059435, 0.480219, 0.4217933
14.34853, 0.4230205, 0.4762612, 0.4186669
14.35966, 0.4195807, 0.4699505, 0.4156268
14.37057, 0.4301102, 0.4646006, 0.4126879
14.38177, 0.429641, 0.461143, 0.4096798
14.39288, 0.4227362, 0.4565265, 0.4068125
14.40397, 0.4197628, 0.4530172, 0.4040128
14.41507, 0.4177176, 0.4488819, 0.4012074
14.42614, 0.4179104, 0.4458486, 0.39858
14.43734, 0.4186349, 0.4439487, 0.395915
14.44843, 0.4164877, 0.4414226, 0.3932679
14.45952, 0.4077533, 0.4369222, 0.3907446
14.47051, 0.4042822, 0.4350859, 0.3882901
14.48174, 0.4156818, 0.4325984, 0.3858072
14.49295, 0.4215472, 0.430917, 0.3833752
14.50394, 0.4196532, 0.4289784, 0.3811145
14.51489, 0.4156736, 0.4263561, 0.3788207
14.52634, 0.4422323, 0.4251668, 0.3764974
14.53716, 0.4513521, 0.4241748, 0.3743072
14.54832, 0.4522423, 0.4225969, 0.3720232
14.55977, 0.4314002, 0.4238698, 0.369894
14.57072, 0.4221799, 0.4238277, 0.3678505
14.58179, 0.4237047, 0.424034, 0.365733
14.59303, 0.4142428, 0.4232406, 0.3637593
14.60392, 0.4102341, 0.4222703, 0.3618184
14.61483, 0.3981889, 0.4210429, 0.3599716
14.62623, 0.3972487, 0.4199172, 0.3581311
14.6371, 0.3968113, 0.4188719, 0.3563936
14.64832, 0.3886796, 0.4174103, 0.3547685
14.65947, 0.3879477, 0.415876, 0.3531036
14.67047, 0.3851994, 0.4143116, 0.3515073
14.68159, 0.3811988, 0.4129839, 0.3498349
14.69267, 0.377516, 0.4116456, 0.3483219
14.70378, 0.375908, 0.4096569, 0.3469035
14.71485, 0.3779662, 0.4074778, 0.3455914
14.72606, 0.3808539, 0.4055378, 0.3441781
14.73726, 0.3831658, 0.4039125, 0.3429034
14.74826, 0.3736074, 0.4004813, 0.3416653
14.75946, 0.3704631, 0.3964368, 0.3404648
14.7705, 0.3615035, 0.3918999, 0.3393427
14.78157, 0.3584779, 0.3882538, 0.3382365
14.79261, 0.3515896, 0.3847242, 0.3372133
14.80362, 0.3471305, 0.3808956, 0.3362179
14.81465, 0.3432167, 0.3773443, 0.3353402
14.82653, 0.3372975, 0.3736974, 0.3344374
14.83753, 0.3369491, 0.3706354, 0.3335748
14.84835, 0.3323065, 0.3673883, 0.3327897
14.8603, 0.3343656, 0.364266, 0.3320638
14.87087, 0.3343556, 0.3615498, 0.3314244
14.88191, 0.3308814, 0.3586965, 0.3307715
14.89348, 0.3278218, 0.3558276, 0.330206
14.90421, 0.3266235, 0.3530988, 0.3296964
14.91542, 0.3229854, 0.3503723, 0.3292301
14.92642, 0.3255392, 0.3478539, 0.3289225
14.93719, 0.3227716, 0.3450941, 0.3285523
14.94827, 0.3226182, 0.3421824, 0.3282544
14.9598, 0.3256911, 0.3393086, 0.3280041
14.97119, 0.3244281, 0.3368497, 0.3277138
14.98148, 0.3246237, 0.3345577, 0.3276101
14.99223, 0.3263937, 0.3328022, 0.3275287
15.00349, 0.3246567, 0.3311111, 0.3275331
15.01471, 0.3257812, 0.3298207, 0.3275722
15.02582, 0.3258121, 0.3287548, 0.3277403
15.03685, 0.3251101, 0.3278494, 0.3279334
15.04808, 0.3236701, 0.327168, 0.3281989
15.05932, 0.312355, 0.3259384, 0.3284854
15.07026, 0.3391032, 0.3262782, 0.3288617
15.0814, 0.3442031, 0.3267701, 0.3292271
15.09293, 0.3130956, 0.325707, 0.3297053
15.10363, 0.323201, 0.325323, 0.3301907
15.11466, 0.3326187, 0.3255629, 0.3307346
15.1258, 0.3211058, 0.325287, 0.3313704
15.13696, 0.3245099, 0.3253632, 0.33201
15.14807, 0.32867, 0.3255197, 0.3326155
15.16253, 0.3248545, 0.3256239, 0.333557
15.17069, 0.3250636, 0.3257461, 0.3341578
15.18127, 0.3277052, 0.3258469, 0.3348522
15.19256, 0.3296985, 0.3261104, 0.3357841
15.20378, 0.3300065, 0.3263795, 0.3367133
15.2146, 0.3287708, 0.3264984, 0.3376992
15.2258, 0.3291915, 0.3267252, 0.3387252
15.23694, 0.3288851, 0.3268803, 0.3398414
15.2481, 0.3282316, 0.3270013, 0.3410882
15.25912, 0.3258426, 0.3270379, 0.3424988
15.26996, 0.3225308, 0.326981, 0.3437555
15.28149, 0.3223403, 0.3274803, 0.3450802
15.29245, 0.3184686, 0.3264485, 0.3465073
15.30342, 0.3150815, 0.3249924, 0.3479601
15.31452, 0.31073, 0.3248742, 0.349396
15.32559, 0.3233524, 0.3248817, 0.3509414
15.33705, 0.3220438, 0.324353, 0.3526027
15.3482, 0.3371574, 0.3251556, 0.354272
15.35949, 0.3246005, 0.3251601, 0.3558816
15.37013, 0.3436756, 0.3259104, 0.3575624
15.38116, 0.3758962, 0.3284624, 0.3593946
15.39238, 0.3948116, 0.3319498, 0.3612818
15.40336, 0, 0.3155646, 0.363286
15.51436, 0.2904429, 0.3136018, 0.3853828
15.52573, 0.4306825, 0.3186356, 0.3879631
15.53666, 0.3868915, 0.3215416, 0.3903943
15.54785, 0.3664401, 0.323404, 0.3930033
15.55903, 0.4577497, 0.3298473, 0.3956037
15.5699, 0.4235109, 0.3346113, 0.3982311
15.58115, 0.4712158, 0.3418799, 0.4009218
15.59215, 0.4256604, 0.3470364, 0.4036706
15.60326, 0.3977035, 0.3508046, 0.4064891
15.61434, 0.3758488, 0.3536736, 0.4094139
15.62548, 0.3654076, 0.3561899, 0.4123445
15.63673, 0.3885268, 0.3600797, 0.4153856
15.64786, 0.3937161, 0.3635979, 0.4184147
15.65891, 0.3972409, 0.3673578, 0.4213972
15.66994, 0.4022381, 0.3706118, 0.4244355
15.68133, 0.3864765, 0.3737056, 0.4276348
15.69225, 0.4190388, 0.3774738, 0.4308018
15.70319, 0.4117853, 0.3792682, 0.4340578
15.71422, 0.37059, 0.3780572, 0.4373503
15.72557, 0.378349, 0.3969746, 0.4407991
15.73659, 0.3900062, 0.4019528, 0.4441826
15.74767, 0.3902961, 0.3999335, 0.4476026
15.75882, 0.3846578, 0.3998218, 0.4509833
15.76986, 0.3858174, 0.4007906, 0.4544731
15.78117, 0.3870057, 0.3972535, 0.4582297
15.79219, 0.4165026, 0.396903, 0.4617805
15.80326, 0.459586, 0.3963215, 0.4654852
15.8144, 0.4501105, 0.397544, 0.4691946
15.8254, 0.5236709, 0.4038424, 0.472948
15.83664, 0.5078636, 0.4104432, 0.4767783
15.84754, 0.5207703, 0.4182113, 0.4805201
15.8588, 0.4996279, 0.4237663, 0.4844788
15.86981, 0.5137814, 0.4297696, 0.4884243
15.88095, 0.5272654, 0.4362709, 0.4924279
15.89201, 0.5273052, 0.4425243, 0.4964339
15.90314, 0.525019, 0.4494514, 0.5005233
15.91432, 0.5260111, 0.4548, 0.5046849
15.92563, 0.5281122, 0.4606164, 0.5089456
15.93644, 0.5294914, 0.4685614, 0.5130163
15.9476, 0.5205585, 0.4756719, 0.5174029
15.95881, 0.5222973, 0.4822864, 0.5217299
15.97077, 0.5198477, 0.488764, 0.5264373
15.98147, 0.521061, 0.4955842, 0.5307255
15.99238, 0.5186012, 0.5022234, 0.5351017
16.00343, 0.5199229, 0.5088692, 0.539528
16.0144, 0.5225642, 0.5141723, 0.544012
16.02598, 0.5299335, 0.5176896, 0.5487896
16.03692, 0.5319885, 0.5217835, 0.5533581
16.04795, 0.5521248, 0.5232062, 0.5580003
16.05914, 0.5596372, 0.5257949, 0.5626554
16.0697, 0.5684109, 0.5281769, 0.5671529
16.08131, 0.5734687, 0.531869, 0.572185
16.09228, 0.574971, 0.5349284, 0.5769131
16.10366, 0.5749713, 0.5373138, 0.5818837
16.11449, 0.579002, 0.5398986, 0.5866438
16.12564, 0.5814197, 0.5427186, 0.5915196
16.13641, 0.5720567, 0.5450209, 0.5964287
16.14772, 0.575668, 0.5473987, 0.6013762
16.1586, 0.5760286, 0.5497256, 0.606327
16.16978, 0.5881245, 0.5531039, 0.61147
16.18089, 0.5741145, 0.5556948, 0.6168569
16.19211, 0.5629775, 0.5578513, 0.6221182
16.20299, 0.5512275, 0.5593596, 0.6273336
16.21418, 0.5634626, 0.5616027, 0.6327426
16.22534, 0.5796888, 0.5645909, 0.6382028
16.23643, 0.5776384, 0.5673447, 0.6436374
16.24748, 0.5839124, 0.5700437, 0.6489646
16.25861, 0.5895297, 0.5729207, 0.6543723
16.26956, 0.5887522, 0.5747521, 0.6597807
16.28078, 0.5810292, 0.5758217, 0.6653379
16.29173, 0.5793781, 0.5763701, 0.670836
16.30326, 0.5840228, 0.5768977, 0.6767044
16.31411, 0.5805691, 0.5771776, 0.6821317
16.32503, 0.5884359, 0.5778509, 0.6876
16.33635, 0.58128, 0.5779647, 0.6934376
16.3474, 0.5701522, 0.5774013, 0.6991631
16.35854, 0.5779935, 0.5776982, 0.7048851
16.36954, 0.5901874, 0.5784241, 0.7106462
16.38057, 0.5884256, 0.579044, 0.7165131
16.39187, 0.5871595, 0.5789957, 0.7224888
16.40304, 0.5922854, 0.5799042, 0.7285105
16.41411, 0.5900468, 0.5812577, 0.7344937
16.42502, 0.6213461, 0.5847636, 0.740381
16.43618, 0.6222672, 0.5877038, 0.7464164
16.44728, 0.6427801, 0.5908584, 0.7524104
16.45847, 0.6654333, 0.5952481, 0.758579
16.46955, 0.6906788, 0.6005864, 0.7646453
16.48064, 0.834172, 0.6128185, 0.7707602
16.4916, 0.8609596, 0.626429, 0.7768342
16.50282, 0.8456794, 0.6396614, 0.7830626
16.51386, 0.8428639, 0.6528357, 0.7892319
16.52511, 0.8232702, 0.6647981, 0.7954355
16.5362, 0.8330291, 0.6774211, 0.8017229
16.54711, 0.8521311, 0.6906058, 0.8080077
16.55843, 0.8566105, 0.7043723, 0.8144358
16.56939, 0.8623493, 0.7189822, 0.8207346
16.58058, 0.870542, 0.7336097, 0.8271973
16.59164, 0.8742729, 0.747814, 0.8336425
16.60291, 0.878994, 0.7623424, 0.8401912
16.614, 0.916636, 0.7788163, 0.8466653
16.62492, 0.9282245, 0.7956132, 0.8531107
16.63626, 0.9322624, 0.812724, 0.8597691
16.64709, 0.9327297, 0.8282932, 0.8661844
16.65841, 0.9494485, 0.8446523, 0.8728756
16.66949, 0.9478762, 0.859907, 0.8794652
16.68062, 0.9756656, 0.8754187, 0.8861077
16.69172, 0.9611185, 0.8889406, 0.892831
16.70282, 0.9578499, 0.8951246, 0.8994627
16.71389, 0.9683228, 0.9004927, 0.906134
16.72476, 0.9733917, 0.9068783, 0.9126405
16.73615, 0.9847147, 0.9139708, 0.9196098
16.7472, 0.9868918, 0.9221519, 0.9264798
16.75841, 0.9846557, 0.9297333, 0.9334006
16.76974, 1.002748, 0.9372641, 0.9403073
16.78062, 0.9274186, 0.9408045, 0.9469388
16.79183, 0.9714062, 0.9462574, 0.9539014
16.8027, 1.006519, 0.9530562, 0.9606241
16.81384, 1.039596, 0.9613224, 0.9676138
16.82502, 1.075903, 0.9711679, 0.9746779
16.83635, 1.142898, 0.982481, 0.981806
16.847, 1.14143, 0.9931413, 0.9885855
16.85823, 1.257909, 1.009424, 0.9956023
16.86949, 1.29628, 1.027601, 1.002727
16.88043, 1.336727, 1.046965, 1.009702
16.89142, 1.34984, 1.067063, 1.016773
16.90262, 1.345645, 1.085562, 1.023931
16.91387, 1.394717, 1.107242, 1.031221
16.92492, 1.377753, 1.128237, 1.038488
16.93596, 1.384026, 1.149022, 1.045651
16.94717, 1.339145, 1.16731, 1.052932
16.9582, 1.318196, 1.183984, 1.060121
16.96927, 1.315078, 1.200393, 1.067321
16.98041, 1.339973, 1.218159, 1.074541
16.9915, 1.360829, 1.236063, 1.081809
17.00264, 1.359983, 1.257692, 1.089174
17.01375, 1.425712, 1.280407, 1.096496
17.02492, 1.415618, 1.300862, 1.103892
17.03585, 1.506688, 1.324216, 1.111101
17.04726, 1.531047, 1.346974, 1.118637
17.05842, 1.5645, 1.368054, 1.126122
17.06935, 1.553494, 1.388657, 1.133454
17.08039, 1.562478, 1.403885, 1.140837
17.0915, 1.56538, 1.41734, 1.148312
17.10265, 1.466368, 1.423822, 1.155802
17.11376, 1.496603, 1.431161, 1.16328
17.12478, 1.471677, 1.437462, 1.170782
17.1363, 1.502195, 1.442836, 1.178569
17.14744, 1.501507, 1.449024, 1.186123
17.15859, 1.594629, 1.459554, 1.193685
17.17023, 1.556885, 1.470441, 1.201543
17.18078, 1.621378, 1.4856, 1.208695
17.19163, 1.602071, 1.49995, 1.215991
17.20311, 1.6484, 1.515371, 1.223777
17.21417, 1.677683, 1.531214, 1.231283
17.22535, 1.740234, 1.550226, 1.238935
17.23668, 1.615358, 1.559709, 1.246698
17.24755, 1.599766, 1.568916, 1.254153
17.25853, 1.623925, 1.574778, 1.261687
17.26918, 1.580313, 1.577241, 1.268885
17.28049, 2.317828, 1.614908, 1.276587
17.29116, 2.912144, 1.68284, 1.283908
17.30253, 1.153449, 1.662389, 1.291653
17.3135, 1.493616, 1.658801, 1.299235
17.32481, 1.467874, 1.658876, 1.306987
17.33585, 1.475698, 1.657831, 1.314566
17.34702, 1.466627, 1.657578, 1.322355
17.35826, 1.277889, 1.646363, 1.329936
17.36923, 1.230601, 1.632818, 1.337516
17.38021, 1.212443, 1.613708, 1.34515
17.39156, 1.28024, 1.599876, 1.352984
17.4025, 1.360956, 1.586855, 1.360554
17.41366, 1.3627, 1.574886, 1.368225
17.42471, 1.426403, 1.563787, 1.375803
17.43946, 1.412455, 1.550525, 1.386013
17.44692, 1.357607, 1.531394, 1.391156
17.45788, 1.548772, 1.528064, 1.398701
17.46919, 1.556647, 1.525908, 1.406494
17.48022, 1.587382, 1.524081, 1.414073
17.49153, 1.592684, 1.5247, 1.42188
17.50261, 1.58215, 1.487916, 1.429492
17.51359, 1.853875, 1.435003, 1.437059
17.5246, 1.813781, 1.468019, 1.444629
17.53573, 2.021285, 1.494403, 1.452285
17.54695, 1.228161, 1.482417, 1.460035
17.558, 1.494699, 1.483367, 1.467529
17.56919, 1.412075, 1.480639, 1.475229
17.5802, 1.645719, 1.499031, 1.482842
17.59125, 1.557339, 1.515368, 1.490433
17.6025, 1.618722, 1.535682, 1.498137
17.61353, 1.609167, 1.552128, 1.505722
17.6247, 1.532008, 1.560681, 1.513423
17.63567, 1.58561, 1.571827, 1.521038
17.64675, 1.549907, 1.578002, 1.528669
17.65788, 1.576236, 1.586191, 1.536415
17.66911, 1.598909, 1.598256, 1.544139
17.68026, 1.673458, 1.60449, 1.551854
17.69128, 1.743986, 1.613857, 1.559361
17.70268, 1.727545, 1.620865, 1.567235
17.71339, 1.818829, 1.632173, 1.574572
17.72458, 1.811349, 1.643633, 1.582197
17.73576, 1.796913, 1.640785, 1.589897
17.74678, 1.819435, 1.641067, 1.597216
17.75787, 1.801618, 1.630084, 1.604853
17.76897, 1.850579, 1.661205, 1.612418
17.78012, 2.096241, 1.691282, 1.619997
17.79116, 2.119601, 1.726658, 1.627569
17.80231, 2.267189, 1.757732, 1.635196
17.81344, 2.321557, 1.795943, 1.642733
17.82448, 2.390147, 1.834514, 1.650212
17.83561, 2.397445, 1.873928, 1.657735
17.8467, 2.089362, 1.901796, 1.665286
17.85826, 2.143965, 1.929713, 1.673075
17.86889, 2.174032, 1.960919, 1.680219
17.88022, 2.164945, 1.990355, 1.687824
17.8913, 2.024169, 2.011618, 1.695241
17.90228, 2.02934, 2.029412, 1.702557
17.9133, 2.094891, 2.046957, 1.709874
17.92443, 2.088146, 2.064987, 1.717355
17.93561, 2.077569, 2.077924, 1.724592
17.9467, 2.108177, 2.092765, 1.732033
17.9579, 2.066155, 2.106227, 1.739586
17.96901, 2.076866, 2.119099, 1.746948
17.98021, 2.078137, 2.132925, 1.754401
17.99125, 2.078223, 2.144307, 1.761725
18.00241, 2.106426, 2.144816, 1.769104
18.01323, 2.107184, 2.144196, 1.77623
18.02456, 2.176877, 2.13968, 1.783657
18.03564, 2.244254, 2.135815, 1.790972
18.047, 2.250698, 2.128842, 1.798424
18.05772, 2.255797, 2.12176, 1.805365
18.06913, 2.210493, 2.127817, 1.812796
18.07993, 2.119296, 2.126583, 1.81982
18.09112, 2.108302, 2.123297, 1.827005
18.10245, 2.09528, 2.119814, 1.834349
18.11339, 2.570021, 2.147106, 1.84141
18.12429, 1.751284, 2.133204, 1.848466
18.13553, 1.711802, 2.114049, 1.855628
18.32418, 1.629831, 2.091134, 1.972539
18.33539, 2.226608, 2.098586, 1.979247
18.34655, 2.086111, 2.097482, 1.985915
18.35811, 2.160789, 2.102214, 1.992806
18.36876, 1.81111, 2.088926, 1.999093
18.37976, 2.790008, 2.12452, 2.005577
18.39092, 1.823063, 2.111762, 2.012105
18.40198, 2.192434, 2.116062, 2.01859
18.41297, 1.504736, 2.08594, 2.02498
18.42424, 1.484069, 2.051299, 2.031424
18.43538, 1.294989, 2.003836, 2.037822
18.44642, 1.479086, 1.965255, 2.044135
18.45763, 1.506672, 1.927799, 2.050513
18.46865, 1.643164, 1.899433, 2.056833
18.47994, 1.581849, 1.87256, 2.063283
18.49088, 1.640311, 1.849161, 2.069419
18.50211, 1.620022, 1.825398, 2.075731
18.51303, 1.60037, 1.776915, 2.081824
18.5241, 1.575188, 1.76811, 2.087968
18.53529, 1.548712, 1.759955, 2.094182
18.54633, 1.508348, 1.753881, 2.100272
18.55755, 1.559401, 1.720521, 2.106332
18.56854, 1.546042, 1.693517, 2.112261
18.5799, 1.460962, 1.658526, 2.118421
18.59088, 1.481344, 1.642037, 2.124317
18.60192, 1.488607, 1.576967, 2.130243
18.61306, 1.483634, 1.559996, 2.136176
18.62411, 1.433586, 1.522053, 2.141844
18.63535, 1.510421, 1.522338, 2.147827
18.64645, 1.510421, 1.523655, 2.153596
18.65745, 1.519816, 1.534897, 2.159306
18.66874, 1.538357, 1.53786, 2.165147
18.68013, 1.549515, 1.540002, 2.170988
18.69081, 1.567043, 1.536196, 2.176475
18.70185, 1.660162, 1.540112, 2.182152
18.71293, 1.713206, 1.543757, 2.187772
18.72408, 1.898238, 1.557667, 2.193205
18.73512, 1.894951, 1.572396, 2.198716
18.74652, 1.916653, 1.58947, 2.204359
18.75749, 2.153313, 1.6197, 2.209846
18.76848, 2.227093, 1.655637, 2.215157
18.77968, 2.243171, 1.689826, 2.220558
18.79079, 2.272491, 1.726148, 2.225899
18.80194, 2.306297, 1.768415, 2.231222
18.81296, 2.323709, 1.810533, 2.236444
18.82405, 2.30792, 1.851499, 2.241654
18.83527, 2.267798, 1.890707, 2.246745
18.84642, 2.251086, 1.931582, 2.251905
18.85737, 2.23095, 1.967608, 2.256654
18.86846, 2.197053, 2.00194, 2.261678
18.87966, 2.284441, 2.040171, 2.266733
18.89069, 2.223008, 2.074404, 2.271739
18.90176, 2.213333, 2.107594, 2.276731
18.91317, 2.118795, 2.135182, 2.281742
18.924, 2.294105, 2.166879, 2.286519
18.9351, 2.360331, 2.199235, 2.291297
18.94634, 2.25224, 2.216936, 2.296124
18.95738, 2.373405, 2.240858, 2.30078
18.96845, 2.361318, 2.263092, 2.305424
18.97981, 2.395395, 2.275196, 2.310179
18.99069, 2.461116, 2.286897, 2.314687
19.00169, 2.071008, 2.278288, 2.319025
19.01281, 2.20812, 2.27507, 2.323506
19.02391, 2.087836, 2.264147, 2.327832
19.03487, 2.058219, 2.250872, 2.332171
19.04641, 2.030521, 2.237003, 2.33672
19.05745, 2.055871, 2.226406, 2.340918
19.06843, 2.050587, 2.216381, 2.345122
19.08001, 2.040219, 2.206845, 2.349488
19.09068, 2.084928, 2.201238, 2.353542
19.10194, 2.036636, 2.188848, 2.357707
19.1131, 2.04078, 2.179737, 2.361789
19.12392, 2.194162, 2.178778, 2.365614
19.13505, 2.218373, 2.183757, 2.36954
19.14623, 2.288608, 2.183482, 2.373421
19.1573, 2.307966, 2.180864, 2.377256
19.16856, 2.349315, 2.185718, 2.381115
19.18004, 2.33569, 2.183832, 2.385082
19.19052, 2.351563, 2.183344, 2.388622
19.20164, 2.335302, 2.180339, 2.392229
19.21277, 2.315082, 2.173038, 2.395871
19.22391, 2.362092, 2.187592, 2.399521
19.23507, 2.345659, 2.194469, 2.403078
19.24609, 2.370242, 2.208589, 2.40661
19.2573, 2.246998, 2.218028, 2.410156
19.26836, 2.246221, 2.228813, 2.413507
19.27948, 2.247733, 2.238406, 2.416891
19.29053, 2.240255, 2.24789, 2.420127
19.30156, 2.204898, 2.256124, 2.423338
19.31274, 2.251489, 2.264452, 2.426595
19.32391, 2.140194, 2.26963, 2.429703
19.33497, 2.117618, 2.273472, 2.43281
19.34613, 2.076153, 2.267571, 2.435925
19.35734, 2.020264, 2.257666, 2.438972
19.36823, 2.025213, 2.244496, 2.441966
19.37952, 2.46882, 2.252539, 2.445004
19.39044, 4.486319, 2.359389, 2.447721
19.40155, 2.110205, 2.348115, 2.450573
19.41301, 2.557337, 2.358403, 2.45347
19.42371, 2.32014, 2.357646, 2.456128
19.43489, 1.848568, 2.33432, 2.458849
19.44618, 2.057106, 2.31907, 2.461574
19.45717, 2.14242, 2.308908, 2.464194
19.4683, 2.179472, 2.29937, 2.466703
19.47956, 2.284511, 2.301246, 2.46925
19.49038, 2.166513, 2.29726, 2.47169
19.50149, 2.161892, 2.292968, 2.474076
19.51258, 2.185343, 2.290223, 2.47642
19.52366, 2.283122, 2.294134, 2.478744
19.53482, 2.257545, 2.294437, 2.480994
19.54606, 2.283131, 2.301584, 2.483256
19.55713, 2.450981, 2.318252, 2.485386
19.5682, 2.580596, 2.343474, 2.487461
19.57942, 2.552771, 2.370099, 2.489527
19.59034, 2.55437, 2.396557, 2.491392
19.60137, 2.554371, 2.400835, 2.493306
19.61261, 2.610796, 2.307059, 2.495213
19.6236, 2.701861, 2.336642, 2.497031
19.63485, 2.682143, 2.342882, 2.498835
19.64594, 2.689328, 2.361341, 2.500596
19.65693, 2.684963, 2.403161, 2.50242
19.66814, 2.650224, 2.432817, 2.50404
19.67956, 2.653752, 2.458383, 2.505673
19.69033, 2.673574, 2.483088, 2.50716
19.70142, 2.673574, 2.502541, 2.508636
19.71257, 2.758826, 2.532157, 2.510063
19.72363, 2.707217, 2.559423, 2.511358
19.73479, 2.771817, 2.588747, 2.512783
19.74612, 2.88599, 2.61889, 2.51414
19.75687, 2.63973, 2.638, 2.515297
19.76809, 2.775304, 2.662608, 2.516504
19.77903, 2.741546, 2.677136, 2.517645
19.79022, 2.619273, 2.67907, 2.5187
19.80139, 2.636343, 2.683249, 2.519639
19.8125, 2.658819, 2.688471, 2.520532
19.82364, 1.888006, 2.655153, 2.521388
19.8348, 4.404762, 2.744851, 2.52215
19.84583, 2.703506, 2.744934, 2.522887
19.85699, 2.325949, 2.727124, 2.52356
19.86793, 2.793905, 2.732352, 2.524246
19.87925, 2.603718, 2.72829, 2.525008
19.89016, 2.316943, 2.711626, 2.525548
19.90136, 2.143952, 2.686136, 2.526002
19.91259, 2.054563, 2.655186, 2.526441
19.92354, 2.332583, 2.638136, 2.526829
19.93463, 2.218778, 2.611134, 2.527209
19.94607, 2.129898, 2.582268, 2.527624
19.95699, 2.092494, 2.548302, 2.52775
19.96788, 2.134414, 2.510723, 2.527933
19.97989, 2.189907, 2.488232, 2.528063
19.9903, 2.072997, 2.453117, 2.52812
20.00132, 2.052705, 2.418674, 2.528061
