5.901783, 2.446906, 4.898334
5.914262, 5.787095, 4.772827
5.926713, 4.711604, 4.656636
5.938016, 5.821277, 4.645531
5.948605, 4.621127, 4.602314
5.960125, 3.591803, 4.500769
5.970793, 2.794232, 4.422597
5.982087, 2.422663, 4.176194
5.992651, 2.353543, 4.026717
6.003933, 2.165097, 3.840887
6.015079, 2.212082, 3.782817
6.025955, 2.251269, 3.603863
6.036542, 2.335639, 3.357612
6.045628, 2.540277, 3.280238
6.055787, 2.371903, 3.148557
6.066707, 2.372831, 3.096165
6.077811, 3.323141, 3.206936
6.08904, 3.322016, 3.242028
6.099941, 3.017218, 3.21437
6.110235, 3.330301, 3.235058
6.120433, 3.117078, 3.221521
6.13054, 3.369537, 3.253905
6.14189, 3.386951, 3.263608
6.151694, 3.252935, 3.229781
6.161732, 3.49791, 3.19488
6.172394, 4.101751, 3.191493
6.183918, 3.267646, 3.16109
6.19469, 9.851371, 3.363449
6.217271, 5.589117, 3.440875
6.228124, 7.38462, 3.687029
6.239358, 8.392118, 3.885203
6.250397, 4.114756, 3.829458
6.26145, 4.366433, 3.817953
6.283668, 3.612873, 3.744339
6.294762, 3.975741, 3.722826
6.305955, 4.479598, 3.752419
6.316854, 4.518112, 3.809882
6.327997, 4.359985, 3.87446
6.339333, 4.766376, 3.954887
6.350091, 5.950716, 4.081074
6.361538, 7.292423, 4.250419
6.372548, 6.81978, 4.402703
6.383801, 6.229809, 4.532509
6.427939, 6.872143, 4.676904
6.440202, 5.377009, 4.777075
6.450948, 5.949005, 4.89628
6.463034, 6.869953, 5.014508
6.475009, 7.613719, 5.157564
6.486126, 7.769677, 5.31598
6.497302, 7.365618, 5.45049
6.507928, 7.255123, 5.588425
6.529962, 8.964298, 5.774917
6.541508, 8.567039, 5.947587
6.552817, 7.987766, 6.105414
6.564597, 6.515438, 6.205999
6.575671, 6.155814, 6.274467
6.587226, 6.790358, 6.391891
6.59854, 7.983626, 6.329634
6.609964, 8.00455, 6.410148
6.621406, 8.20437, 6.437474
6.632629, 6.976491, 6.390286
6.64401, 6.259648, 6.461782
6.655937, 6.75776, 6.541493
6.668609, 6.004962, 6.621229
6.678728, 6.713608, 6.712492
6.690571, 6.515334, 6.780349
6.70133, 5.73776, 6.821004
6.711362, 6.40698, 6.889237
6.723474, 6.813259, 6.957467
6.737567, 4.023839, 6.893238
6.748362, 5.950999, 6.848524
6.894285, 6.52549, 6.838714
6.905547, 4.479157, 6.780359
6.916858, 4.146842, 6.689515
6.928725, 6.231231, 6.717989
6.938955, 8.812254, 6.813431
6.950145, 6.044401, 6.785913
6.961641, 4.347802, 6.677049
6.972004, 3.60487, 6.538222
6.983153, 4.22095, 6.4334
6.994319, 3.937518, 6.322813
7.005362, 8.313117, 6.301106
7.049949, 0, 6.015539
7.172082, 8.505521, 6.032797
7.183863, 8.046197, 6.083823
7.19491, 4.570412, 6.030976
7.206453, 4.587887, 5.957561
7.217636, 4.646848, 5.846335
7.297543, 8.802972, 5.872949
7.308584, 7.331641, 5.843858
7.323709, 6.053119, 5.813079
7.334384, 6.006844, 5.804652
7.345394, 4.879127, 5.74203
7.356393, 4.765906, 5.700728
7.367358, 4.885238, 5.639783
7.378512, 4.904856, 5.5861
7.389777, 4.997157, 5.561414
7.401367, 5.259011, 5.523148
7.411448, 5.266955, 5.471604
7.422988, 5.260308, 5.51282
7.434639, 5.396107, 5.494324
7.44536, 5.38672, 5.456365
7.457376, 5.966003, 5.505927
7.467258, 6.141711, 5.572423
7.480473, 6.843522, 5.592832
7.492093, 6.958568, 5.531043
7.502221, 6.081635, 5.532283
7.514084, 8.572235, 5.673098
7.545637, 8.623059, 5.840371
7.557344, 6.362632, 5.91176
7.568218, 6.121162, 5.984549
7.580113, 6.164569, 5.91293
7.592373, 7.564482, 6.16508
7.727227, 9.450701, 6.196586
7.738652, 9.694811, 6.251539
7.760598, 9.923663, 6.42998
7.771866, 9.844834, 6.605212
7.84948, 8.698306, 6.74026
7.860535, 2.791431, 6.539876
7.87203, 6.277749, 6.504746
7.885758, 4.841552, 6.464361
7.896709, 6.481278, 6.480175
7.907721, 4.473134, 6.466642
7.918193, 3.96049, 6.439795
7.930411, 4.702422, 6.433701
7.941948, 5.069136, 6.439177
7.952003, 4.565057, 6.424774
7.964466, 5.487003, 6.432373
7.97617, 5.545461, 6.441657
7.987544, 5.377596, 6.445566
7.998299, 5.541815, 6.450423
8.009219, 5.27128, 6.446575
8.020086, 5.918044, 6.444976
8.031189, 8.340646, 6.518274
8.042923, 6.871145, 6.519195
8.062424, 6.91921, 6.517883
8.096665, 5.37332, 6.494272
8.108112, 3.39972, 6.321855
8.119544, 4.291964, 6.177485
8.133994, 4.392556, 6.111816
8.14576, 4.681826, 6.063838
8.156224, 4.424166, 6.005826
8.165656, 4.804615, 5.913829
8.17585, 5.484908, 5.781637
8.187949, 6.090391, 5.661489
8.197757, 5.844389, 5.525514
8.206727, 5.788629, 5.390307
8.217793, 5.752881, 5.292127
8.22912, 5.770615, 5.391433
8.240134, 6.52696, 5.39974
8.251994, 5.906269, 5.43523
8.262797, 7.69217, 5.475593
8.664737, 9.684978, 5.649322
8.676025, 2.887885, 5.613568
8.687489, 1.887579, 5.519739
8.698545, 1.655042, 5.405936
8.709377, 2.003804, 5.320561
8.721107, 1.992119, 5.204065
8.733053, 2.042419, 5.087297
8.744104, 1.964164, 4.973516
8.756487, 1.80955, 4.849107
8.767638, 1.525414, 4.724245
8.779278, 1.502596, 4.577064
8.791695, 1.450426, 4.347389
8.80271, 1.402853, 4.165112
8.813817, 1.428326, 3.982083
8.826113, 1.397376, 3.849552
8.836327, 1.347322, 3.781138
8.846564, 1.30277, 3.681499
8.858735, 1.288721, 3.578038
8.869471, 1.138261, 3.459919
8.881001, 1.204662, 3.352602
8.891612, 1.200646, 3.23247
8.90117, 1.152786, 3.088066
8.910847, 1.159534, 2.923703
8.92196, 1.178343, 2.768169
8.93281, 1.138952, 2.613179
8.942576, 1.061167, 2.456789
8.952958, 0.9902545, 2.297444
8.96392, 0.9627019, 2.111968
8.974931, 0.9680811, 1.947362
8.986959, 0.9215563, 1.721675
8.997124, 0.8932917, 1.428619
9.010723, 0.8860232, 1.36189
9.022077, 0.8621137, 1.327708
9.034707, 0.8631929, 1.301313
9.044892, 0.6292815, 1.255495
9.055091, 0.8994134, 1.219072
9.066237, 0.6715201, 1.173375
9.076675, 0.8929564, 1.137668
9.088064, 0.8434241, 1.105464
9.098721, 0.7565512, 1.079835
9.108743, 0.6123576, 1.050161
9.120676, 0.7021604, 1.025218
9.13184, 0.616287, 0.9989997
9.143601, 0.5491733, 0.9696946
9.155197, 0.5190572, 0.9404172
9.164501, 0.6488114, 0.9171335
9.175632, 0.6217507, 0.8944328
9.187626, 0.7678507, 0.8770705
9.197787, 0.6417175, 0.8605191
9.209276, 0.6823376, 0.8431082
9.218698, 0.7453126, 0.8279304
9.228801, 0.9613913, 0.8215505
9.239828, 0.9307058, 0.8139229
9.249412, 0.9314699, 0.8056938
9.260008, 1.031438, 0.80211
9.271158, 1.087668, 0.8029934
9.282017, 1.065911, 0.8055152
9.293411, 0.4474675, 0.7883407
9.304444, 0.764491, 0.7815544
9.315541, 0.8250678, 0.7783381
9.326689, 0.9256364, 0.7794163
9.33845, 0.9151995, 0.7803888
9.348775, 0.854243, 0.7801265
9.35995, 0.6210169, 0.7720539
9.370934, 0.6879129, 0.7740082
9.382735, 0.6543348, 0.7658389
9.438759, 0.881974, 0.772854
9.449779, 0.7991236, 0.7697263
9.462023, 0.8453565, 0.7697907
9.474006, 0.8529587, 0.7730043
9.484141, 0.817324, 0.7798365
9.497375, 0.8710384, 0.7854658
9.507819, 0.9453592, 0.7964348
9.51829, 0.962306, 0.8102059
9.529099, 0.8303583, 0.8205826
9.543792, 1.008522, 0.832573
9.555479, 0.9552974, 0.8436912
9.567505, 0.7439593, 0.8428949
9.578341, 0.8140419, 0.848639
9.589302, 0.8306345, 0.8535823
9.600153, 0.8125035, 0.855822
9.609504, 0.792239, 0.8501835
9.619048, 0.831181, 0.846866
9.629855, 0.8737566, 0.8449423
9.639921, 0.8430181, 0.8386616
9.650018, 0.8520105, 0.8308064
9.6605, 0.8949775, 0.8251086
9.671593, 0.9098074, 0.8405199
9.682579, 0.9200916, 0.8457066
9.693953, 0.9155929, 0.8487241
9.704951, 0.937435, 0.8491174
9.715939, 0.9444903, 0.8500938
9.727232, 0.9748226, 0.8541132
9.738241, 0.951003, 0.8651126
9.749475, 0.9342167, 0.8733228
9.760386, 0.9718628, 0.8839071
9.771957, 0.9434682, 0.8859569
9.783564, 1.040647, 0.8940077
9.794547, 1.032874, 0.9002582
9.805905, 1.034248, 0.9063013
9.817638, 1.008702, 0.9126806
9.827026, 1.035186, 0.9181522
9.83835, 1.050855, 0.9216688
9.849451, 1.116521, 0.9268093
9.860411, 1.068399, 0.934744
9.871771, 1.031882, 0.9355227
9.882679, 1.068142, 0.9392841
9.893478, 1.182388, 0.9538984
9.904754, 1.177734, 0.9660215
9.915837, 1.188696, 0.9779569
9.927114, 1.181332, 0.9902512
9.938156, 1.270293, 1.006186
9.949962, 1.280197, 1.021154
9.960887, 1.294096, 1.035165
9.971926, 1.333513, 1.051515
9.983795, 1.47826, 1.07239
9.995873, 1.534136, 1.093695
10.00618, 1.448359, 1.111647
10.01729, 1.671158, 1.136682
10.02871, 1.662184, 1.161569
10.0404, 1.68302, 1.186422
10.05159, 1.808854, 1.215234
10.0648, 1.8976, 1.245993
10.07522, 1.908608, 1.277913
10.08713, 1.942203, 1.311512
10.09818, 1.966334, 1.344662
10.10974, 2.103646, 1.383334
10.12007, 2.197336, 1.42189
10.13103, 2.204128, 1.460932
10.14219, 2.324558, 1.503942
10.15339, 2.377479, 1.549568
10.16448, 2.416756, 1.595621
10.17546, 2.516574, 1.644478
10.19036, 2.615442, 1.694442
10.20245, 2.706198, 1.749035
10.21303, 2.869191, 1.810279
10.22424, 3.299327, 1.884652
10.23526, 3.95397, 1.977038
10.24495, 4.235144, 2.078952
10.25589, 4.498325, 2.189273
10.26729, 9.733693, 2.474351
10.34161, 0, 2.432008
10.48148, 7.62516, 2.643507
10.49265, 7.833827, 2.861498
10.50522, 8.160575, 3.089067
10.51602, 7.472941, 3.288889
10.52631, 6.527397, 3.455331
10.53728, 6.381576, 3.619772
10.54919, 6.179847, 3.770062
10.56024, 5.942209, 3.912729
10.5721, 5.731091, 4.047665
10.58287, 5.60994, 4.174367
10.59314, 5.274639, 4.286935
10.60433, 5.222603, 4.397401
10.61949, 5.114558, 4.503147
10.63032, 5.389808, 4.617262
10.64115, 5.429075, 4.72811
10.6513, 5.405152, 4.835037
10.66223, 5.381783, 4.940958
10.67461, 5.428979, 5.04444
10.68508, 5.121362, 5.135903
10.69455, 5.107115, 5.225582
10.70475, 5.092436, 5.311444
10.71483, 4.814556, 5.384748
10.7261, 4.639554, 5.449193
10.73756, 4.662876, 5.508983
10.74891, 4.250512, 5.540689
10.76019, 4.335193, 5.553397
10.77188, 4.504073, 5.562361
10.78296, 5.251199, 5.587457
10.79467, 5.388251, 5.442609
10.80698, 5.295529, 5.619127
10.81796, 5.667623, 5.553876
10.82999, 6.007094, 5.492984
10.84183, 5.197459, 5.394214
10.85416, 5.2189, 5.319079
10.86513, 5.45734, 5.283411
10.87484, 6.104873, 5.274187
10.88753, 5.710106, 5.25853
10.89953, 5.763567, 5.252574
10.91079, 5.977198, 5.260778
10.92152, 5.355268, 5.252289
10.93292, 5.606365, 5.263347
10.9438, 6.196802, 5.29582
10.95579, 6.432924, 5.339766
10.96845, 7.963624, 5.42556
10.9804, 9.392429, 5.557671
10.99282, 9.252264, 5.685908
11.58569, 5.791409, 5.699562
11.59752, 6.577593, 5.737849
11.62042, 5.711617, 5.757524
11.63257, 4.078023, 5.723221
11.64372, 3.336615, 5.664693
11.96209, 9.477374, 5.82012
11.97335, 7.480396, 5.914815
11.98452, 5.56882, 5.945013
11.99557, 4.876864, 5.965891
12.00684, 3.840136, 5.949389
12.01765, 3.762478, 5.924669
12.02888, 3.727793, 5.873889
12.03982, 3.733709, 5.818738
12.05117, 3.622204, 5.76296
12.0622, 3.585723, 5.693564
12.0732, 3.480579, 5.609346
12.08449, 3.221429, 5.543479
12.09561, 3.224416, 5.476996
12.10661, 3.296368, 5.404963
12.1179, 3.757287, 5.326711
12.12912, 4.583173, 5.289147
12.14026, 4.533447, 5.248143
12.15124, 4.659039, 5.204204
12.16192, 4.725007, 5.183196
12.17395, 6.207968, 5.203249
12.18423, 6.40562, 5.210209
12.19547, 7.479114, 5.245082
12.20655, 1.955769, 5.04482
12.21786, 5.622769, 4.919165
12.22987, 4.862264, 4.772832
12.24177, 7.854795, 4.841611
12.48509, 9.79404, 4.948826
12.49626, 8.592485, 5.044855
12.50728, 7.580561, 5.161606
12.5214, 6.66656, 5.272605
12.53307, 6.093616, 5.159813
12.54328, 3.690073, 5.033469
12.55428, 3.527635, 4.96543
12.56615, 3.480782, 4.918893
12.57827, 3.511499, 4.907939
12.58856, 3.612059, 4.902925
12.60006, 3.899369, 4.908644
12.6125, 4.412276, 4.931263
12.62295, 4.578361, 4.963135
12.63421, 5.575244, 5.029452
12.64597, 5.505511, 5.09695
12.65756, 6.498409, 5.206182
12.66763, 6.834762, 5.326528
12.67892, 6.67782, 5.439242
12.68813, 7.271348, 5.556378
12.70027, 7.862085, 5.665675
12.73975, 8.903584, 5.811346
12.75029, 9.144045, 5.960846
12.76, 7.628518, 6.05763
12.77248, 7.32623, 6.094905
12.78319, 8.154057, 6.153186
12.79418, 5.1945, 6.077033
12.80529, 6.343285, 6.223283
12.81607, 5.981578, 6.235244
12.82701, 6.874296, 6.302312
12.83918, 7.162708, 6.279242
12.85018, 6.089311, 6.155751
12.86024, 5.754064, 6.061137
12.8721, 5.714187, 5.998924
12.88311, 5.214396, 5.950519
12.89485, 5.609897, 5.934395
12.90629, 5.671464, 6.000441
12.91685, 4.915233, 6.046694
12.92805, 4.66663, 6.086222
12.93998, 5.142496, 6.140589
12.95154, 4.788103, 6.17979
12.96235, 4.413444, 6.196926
12.97304, 4.451632, 6.198237
12.98599, 4.362825, 6.191053
12.99894, 4.227658, 6.146134
13.00982, 4.269186, 6.104923
13.04329, 3.185358, 5.994488
13.05563, 2.791519, 5.859713
13.06681, 5.04807, 5.805388
13.0788, 4.765697, 5.721866
13.08989, 6.785926, 5.685994
13.10053, 7.863257, 5.651316
13.11244, 7.521527, 5.597232
13.12446, 7.471699, 5.592005
13.13589, 7.932871, 5.612226
13.14777, 9.8779, 5.669688
13.18055, 9.757278, 5.82178
13.19172, 9.549829, 5.928665
13.2025, 9.330228, 6.040287
13.569, 6.785241, 6.037318
13.5803, 3.388592, 5.911515
13.5946, 4.391511, 5.854921
13.60416, 2.127754, 5.734045
13.61611, 1.520438, 5.594253
13.62721, 1.483141, 5.469877
13.63924, 1.500234, 5.332888
13.651, 1.353948, 5.188971
13.66211, 1.355934, 5.070328
13.67258, 1.383658, 4.960895
13.68332, 1.22106, 4.83018
13.69422, 1.136774, 4.70847
13.70569, 1.105388, 4.598201
13.71712, 1.057958, 4.485079
13.72852, 1.049026, 4.374619
13.7405, 1.038054, 4.268299
13.75094, 1.024838, 4.160154
13.76202, 1.010445, 4.087657
13.77426, 1.009251, 4.028248
13.78427, 1.031273, 3.894355
13.79587, 1.01189, 3.769228
13.80657, 1.065844, 3.578558
13.81761, 1.133119, 3.35422
13.82885, 1.120204, 3.140842
13.83967, 1.125253, 2.929294
13.85064, 1.094041, 2.701333
13.86222, 1.142245, 2.410145
13.8735, 1.13864, 2.122857
13.88429, 0.9808553, 1.837225
13.89515, 1.48748, 1.5758
13.90678, 1.008394, 1.383238
13.91734, 1.371025, 1.315986
13.92889, 1.191928, 1.209333
13.94007, 1.149021, 1.176709
13.95073, 0.8887849, 1.155654
13.96189, 1.020154, 1.140221
13.97289, 1.2122, 1.13062
13.984, 2.285738, 1.161679
13.99552, 1.301807, 1.159875
14.00644, 1.355476, 1.158936
14.01775, 1.908625, 1.181854
14.02884, 3.858577, 1.272581
14.04028, 3.064253, 1.337877
14.05098, 4.462441, 1.45136
14.06255, 2.612919, 1.503489
14.07343, 8.268009, 1.744488
14.08513, 4.021307, 1.84437
14.09645, 2.675471, 1.899871
14.10747, 2.090877, 1.935925
14.11871, 6.688215, 2.12449
14.13214, 2.90146, 2.187476
14.14216, 2.981507, 2.251331
14.24041, 5.267304, 2.389138
14.27393, 7.242507, 2.593215
14.28509, 5.918239, 2.75298
14.29653, 4.846217, 2.878053
14.30749, 4.292025, 2.983046
14.31874, 4.243354, 3.086536
14.33056, 4.317266, 3.19775
14.3419, 4.384043, 3.294302
14.35227, 4.478407, 3.409969
14.36344, 5.810603, 3.557955
14.37438, 4.943817, 3.683018
14.38533, 7.8648, 3.906877
14.39784, 4.96186, 4.042646
14.40843, 6.625375, 4.229487
14.4207, 4.224949, 4.329912
14.43199, 3.716175, 4.377593
14.44258, 3.562278, 4.452942
14.4545, 3.561776, 4.526486
14.46562, 3.732182, 4.587271
14.47681, 3.387648, 4.571573
14.48658, 3.52353, 4.586882
14.4987, 3.464807, 4.553627
14.50992, 3.654553, 4.588349
14.522, 7.397299, 4.559325
14.53769, 3.948641, 4.556903
14.54939, 4.577354, 4.620299
14.56129, 2.702304, 4.640679
14.57285, 1.220681, 4.458428
14.5835, 1.25379, 4.403506
14.59549, 1.170721, 4.343146
14.608, 1.088661, 4.203858
14.6192, 1.033425, 3.996888
14.62973, 1.007198, 3.833187
14.64161, 1.204692, 3.711803
14.65378, 1.297945, 3.612
14.66467, 1.113675, 3.507678
14.67434, 1.079085, 3.399738
14.68439, 0.9762327, 3.286145
14.69514, 1.070676, 3.172554
14.71019, 1.16301, 3.017634
14.72234, 1.120726, 2.890198
14.7326, 1.12968, 2.665694
14.7436, 0.9506009, 2.531985
14.7561, 0.9009134, 2.34117
14.76664, 0.9804586, 2.23302
14.7785, 0.9485945, 2.140767
14.79039, 0.9273522, 2.052937
14.80152, 0.89483, 1.964038
14.81355, 0.9522332, 1.871373
14.82448, 0.9021521, 1.788524
14.83564, 0.8886835, 1.700695
14.84744, 0.9200499, 1.61587
14.85848, 1.149415, 1.532366
14.87029, 1.205693, 1.325979
14.88143, 1.156454, 1.232906
14.89258, 1.206411, 1.120541
14.90372, 1.071027, 1.066165
14.91535, 1.075758, 1.061334
14.9245, 1.217662, 1.06013
14.93535, 1.260284, 1.063116
14.94635, 1.226793, 1.06772
14.95776, 1.166341, 1.072151
14.9683, 1.177783, 1.077837
14.98081, 1.210719, 1.078038
14.9914, 1.136524, 1.072657
15.0025, 1.090822, 1.071895
15.01341, 1.278014, 1.078526
15.024, 1.044861, 1.080814
15.03496, 1.131217, 1.082832
15.04611, 1.105256, 1.080907
15.05772, 1.080081, 1.079552
15.06829, 1.027407, 1.076143
15.08058, 1.318757, 1.088414
15.09185, 1.122709, 1.095808
15.1039, 1.084507, 1.099276
15.1157, 1.078899, 1.103619
15.12627, 1.056128, 1.107912
15.13751, 1.006789, 1.111644
15.14959, 1.000552, 1.113255
15.16057, 0.9998763, 1.116512
15.17277, 1.001355, 1.120268
15.18353, 1.045209, 1.12444
15.19531, 1.046773, 1.121018
15.20689, 1.095655, 1.11735
15.21716, 1.149834, 1.11713
15.22641, 1.15157, 1.115301
15.23717, 1.129162, 1.117239
15.25024, 1.156868, 1.119943
15.26237, 1.158557, 1.117973
15.27523, 1.177242, 1.115205
15.29072, 1.143777, 1.112438
15.30184, 1.131801, 1.111286
15.31355, 1.1436, 1.110147
15.325, 1.179106, 1.109093
15.33643, 1.190831, 1.110903
15.34772, 1.752673, 1.132965
15.35876, 1.192972, 1.130131
15.37028, 0.6363662, 1.116514
15.38208, 0.6001019, 1.09881
15.39274, 0.5557294, 1.080493
15.40354, 0.4892258, 1.060797
15.41419, 0.538883, 1.044513
15.4253, 0.5213045, 1.017932
15.43628, 0.5289073, 0.9981383
15.4469, 0.5271915, 0.9795611
15.45767, 0.5633114, 0.9623748
15.46847, 0.5799647, 0.9465027
15.47943, 0.580263, 0.9322852
15.49155, 0.629595, 0.9199199
15.50329, 0.6855856, 0.9094436
15.51467, 0.6992455, 0.8993732
15.52574, 0.7433764, 0.8893121
15.53747, 0.7747156, 0.8802435
15.54965, 0.8104174, 0.8707356
15.56053, 0.8532135, 0.8608483
15.57227, 0.8583544, 0.8510745
15.58377, 0.7078512, 0.8370308
15.59448, 0.7820577, 0.8245371
15.60565, 0.7348267, 0.8104128
15.61648, 0.6864706, 0.7940537
15.62853, 0.7299107, 0.7802582
15.64051, 0.7484059, 0.7674783
15.65159, 0.8313911, 0.7570713
15.6636, 0, 0.7177678
15.67493, 0, 0.6780733
15.72905, 0.6232883, 0.6404273
15.7409, 0.640847, 0.622023
15.75365, 0.653934, 0.6226087
15.76619, 0.6384066, 0.6238855
15.77876, 0.6340911, 0.6264976
15.78987, 0.6412851, 0.6315662
15.80064, 0.6559181, 0.6354674
15.81149, 0.6849366, 0.6409218
15.82878, 0.9779018, 0.6558883
15.84417, 0.7393875, 0.6629614
15.85547, 0.7776366, 0.6701057
15.86659, 0.8463517, 0.6789852
15.87871, 0.9836637, 0.6924319
15.89108, 0.9302511, 0.7024538
15.9034, 0.8059126, 0.7064647
15.91492, 0.7603605, 0.7085019
16.09018, 0.8442281, 0.7118636
16.1015, 1.221211, 0.7267468
16.11229, 1.494047, 0.7495345
16.12364, 1.73657, 0.7789797
16.13612, 1.51373, 0.8008255
16.14674, 1.406488, 0.8241134
16.15751, 1.25623, 0.8399191
16.1681, 1.187845, 0.8550197
16.17927, 1.208402, 0.8724175
16.19035, 1.180577, 0.8874398
16.20147, 1.213457, 0.9029415
16.21376, 1.229631, 0.9162162
16.22435, 1.241555, 0.9576014
16.23498, 1.302163, 1.001007
16.2462, 1.37165, 1.025952
16.25725, 1.396307, 1.051134
16.26822, 1.410766, 1.076362
16.28026, 1.478169, 1.104354
16.29194, 1.502243, 1.133292
16.30278, 1.724491, 1.169399
16.31309, 1.803281, 1.207645
16.32431, 1.853671, 1.246603
16.3368, 1.820534, 1.27469
16.34838, 1.822376, 1.31079
16.35962, 1.765229, 1.34371
16.37143, 1.486772, 1.365057
16.38194, 1.679714, 1.388258
16.39607, 2.513399, 1.44103
16.40821, 2.54809, 1.499103
16.41974, 2.282719, 1.549848
16.43292, 2.417344, 1.602285
16.4435, 2.574485, 1.647394
16.45548, 2.828112, 1.691863
16.46608, 3.068963, 1.736276
16.47689, 3.20384, 1.792613
16.48708, 3.066981, 1.847963
16.49878, 2.989046, 1.905724
16.50914, 2.879225, 1.962103
16.52001, 2.850183, 2.016829
16.53171, 2.902024, 2.074211
16.54216, 3.179972, 2.139761
16.55427, 4.087374, 2.235019
16.5649, 4.110285, 2.330643
16.57566, 4.524659, 2.43806
16.58665, 4.3028, 2.535765
16.59677, 6.230145, 2.696893
16.60781, 5.10275, 2.819959
16.61869, 5.095869, 2.940549
16.62774, 6.383167, 3.103246
16.63882, 3.760036, 3.171098
16.6492, 3.904721, 3.241146
16.65872, 1.058698, 3.214647
16.66971, 1.649061, 3.208931
16.67885, 2.592104, 3.234589
16.68972, 1.965862, 3.241277
16.70122, 1.724329, 3.249195
16.71221, 2.589955, 3.279537
16.7243, 3.049264, 3.297399
16.73616, 3.315174, 3.322968
16.74638, 3.35083, 3.358572
16.75748, 3.03139, 3.37904
16.76844, 3.163294, 3.398667
16.78039, 2.95719, 3.40297
16.79134, 2.423712, 3.381462
16.80347, 2.8096, 3.36832
16.81328, 2.130059, 3.33709
16.82442, 0, 3.237455
17.04691, 3.43242, 3.255894
17.05871, 3.002866, 3.260984
17.07025, 2.217474, 3.238166
17.08135, 1.682912, 3.188264
17.09272, 3.553794, 3.170478
17.10432, 4.857615, 3.195389
17.11527, 3.666906, 3.166797
17.12675, 3.688958, 3.146336
17.13838, 3.585726, 3.058188
17.1492, 3.172901, 2.99386
17.16066, 1.605226, 2.877505
17.17228, 1.694917, 2.72123
17.1835, 1.591427, 2.648943
17.19367, 1.639284, 2.573429
17.20482, 1.643032, 2.592906
17.21633, 1.64225, 2.592679
17.22878, 1.647568, 2.561195
17.23958, 1.68349, 2.551782
17.24942, 1.694828, 2.550799
17.26031, 1.64316, 2.519239
17.27137, 1.612702, 2.471354
17.28271, 1.900379, 2.424194
17.29398, 2.057556, 2.381085
17.30517, 1.939044, 2.344673
17.31649, 1.686087, 2.295433
17.3273, 1.669793, 2.25252
17.33862, 1.667016, 2.227296
17.34971, 1.869161, 2.195949
17.36135, 1.787987, 2.184546
17.37222, 1.864278, 2.246689
17.38352, 1.973002, 2.198041
17.39478, 1.935867, 2.162475
17.40565, 1.87026, 2.150901
17.41668, 1.900441, 2.158152
17.42803, 1.876979, 2.102258
17.43966, 1.996903, 2.006901
17.45054, 2.430423, 1.965685
17.46544, 2.548747, 1.927678
17.47544, 2.514302, 1.891964
17.48504, 2.255246, 1.861375
17.49589, 2.119177, 1.878507
17.50732, 7.479739, 2.071335
17.53041, 4.550478, 2.16997
17.54032, 4.193699, 2.255117
17.55052, 3.834688, 2.328172
17.56249, 4.596778, 2.426656
17.5734, 4.749982, 2.53007
17.58323, 5.810534, 2.667638
17.5953, 5.846395, 2.806024
17.6066, 5.546811, 2.936146
17.61743, 6.16226, 3.087798
17.62879, 6.73829, 3.249062
17.64053, 7.062458, 3.415891
17.65039, 7.329472, 3.595572
17.6615, 7.144156, 3.777508
17.67344, 7.119448, 3.959163
17.68466, 5.991728, 4.10332
17.69645, 5.671003, 4.230048
17.70784, 5.66353, 4.359233
17.72025, 6.166551, 4.502643
17.73203, 7.306654, 4.680431
17.74309, 6.327718, 4.826826
17.75528, 6.298883, 4.974447
17.76768, 7.126019, 5.148633
17.77837, 6.925583, 5.31692
17.78945, 5.565874, 5.435885
17.80023, 5.420689, 5.535561
17.81199, 6.0532, 5.652376
17.82267, 6.302254, 5.778641
17.83908, 8.380162, 5.982805
18.16685, 6.167796, 6.117759
18.17817, 2.481744, 5.951159
18.18961, 5.341275, 5.97752
18.20042, 2.320315, 5.915074
18.2121, 2.473212, 5.869691
18.22246, 2.756785, 5.808358
18.23417, 2.856891, 5.745255
18.24533, 2.998258, 5.651513
18.2568, 2.935761, 5.554492
18.26833, 3.597875, 5.489527
18.27966, 3.930477, 5.415134
18.29221, 3.56826, 5.309466
18.30254, 3.594383, 5.193864
18.31424, 3.624629, 5.070369
18.32768, 3.127235, 4.936472
18.33896, 2.89035, 4.795502
18.35036, 3.189526, 4.702096
18.36121, 3.636956, 4.634294
18.37257, 3.971834, 4.577904
18.38317, 3.891214, 4.50206
18.39464, 4.692635, 4.414926
18.40637, 3.629308, 4.324979
18.41718, 4.525014, 4.26585
18.4272, 4.509796, 4.178642
18.43822, 3.997098, 4.081026
18.44973, 4.90314, 4.058935
18.46083, 9.38583, 4.191106
18.47171, 7.633216, 4.243773
18.48282, 3.933946, 4.16483
18.49438, 4.691727, 4.041882
18.50505, 3.834713, 3.964113
18.51643, 5.068244, 4.05033
18.52796, 6.687247, 4.095195
18.53953, 7.553882, 4.269647
18.60706, 6.294552, 4.397026
18.6193, 4.771785, 4.464192
18.63172, 7.142837, 4.607057
18.64278, 7.100003, 4.743782
18.65232, 7.427017, 4.893491
18.66344, 6.167837, 4.979156
18.67454, 7.882897, 5.110903
18.86713, 8.134014, 5.263095
18.87768, 2.138981, 5.214582
18.88873, 2.07609, 5.162964
18.90044, 1.736423, 5.116603
18.91159, 1.3794, 5.066238
18.92263, 1.433719, 5.007711
18.93407, 1.436716, 4.93437
18.94447, 1.476873, 4.851204
18.95537, 1.501096, 4.771533
18.96657, 1.796393, 4.674992
18.97754, 1.723868, 4.611477
18.98885, 1.670987, 4.516343
18.99998, 1.772194, 4.42509
19.01087, 1.888463, 4.354802
19.02212, 1.897402, 4.254611
19.03346, 1.687027, 3.997984
19.04455, 1.561788, 3.795603
19.05609, 1.706595, 3.721358
19.06669, 1.35958, 3.610286
19.07771, 1.366774, 3.528022
19.09042, 1.512778, 3.409506
19.30233, 1.315521, 3.230449
19.32535, 1.340523, 3.023337
19.33671, 2.516244, 2.897393
19.34741, 1.40054, 2.785018
19.35857, 1.553614, 2.598711
19.36941, 1.59431, 2.415188
19.38062, 2.257523, 2.242871
19.39162, 1.644595, 2.092096
19.40226, 1.812398, 1.889746
19.41356, 2.452729, 1.70037
19.42475, 4.674201, 1.784878
19.43576, 3.865359, 1.84452
19.44683, 2.342783, 1.864732
19.45779, 1.449172, 1.867058
19.46893, 2.417325, 1.899844
19.48027, 2.376134, 1.931158
19.49218, 2.422182, 1.962669
19.50275, 2.649427, 2.000946
19.5142, 2.272772, 2.016825
19.52526, 2.260896, 2.034726
19.53652, 2.541755, 2.063752
19.54766, 2.610167, 2.091684
19.55923, 3.91132, 2.159113
19.57033, 3.578478, 2.215149
19.5818, 3.668072, 2.281183
19.59279, 3.413512, 2.342907
19.6044, 3.235136, 2.393859
19.61606, 2.657693, 2.437129
19.62686, 2.723341, 2.482348
19.63753, 2.550901, 2.516952
19.6492, 2.243178, 2.547874
19.66058, 1.908223, 2.566798
19.67142, 1.930697, 2.547279
19.68577, 1.749495, 2.558911
19.69661, 1.65898, 2.562423
19.70778, 1.822243, 2.570021
19.71861, 1.83678, 2.555996
19.72981, 1.842306, 2.562587
19.74093, 1.956514, 2.567391
19.75167, 2.016201, 2.55284
19.76339, 2.040628, 2.465054
19.77588, 2.087654, 2.405797
19.78804, 2.228606, 2.401991
19.80007, 2.331484, 2.431401
19.81362, 2.280693, 2.426847
19.82669, 2.587827, 2.433903
19.83932, 1.270386, 2.39551
19.84978, 1.40796, 2.354128
19.86239, 1.013298, 2.312145
19.87487, 0.8755401, 2.265967
19.88725, 0.8562933, 2.209785
19.89956, 0.5883551, 2.142391
19.91142, 0.6470478, 2.033582
19.92359, 0.48908, 1.930602
19.93423, 0.5938995, 1.82813
19.94531, 0.6980368, 1.737614
19.95671, 0.7338232, 1.654237
19.96861, 0.6687973, 1.58794
19.97979, 0.6179323, 1.51776
19.99057, 0.624369, 1.453542
20.00166, 0.6602365, 1.400777
20.01225, 0.695613, 1.360357
20.02382, 0.6753132, 1.318511
20.0345, 0.6728615, 1.282623
20.04484, 0.4820448, 1.243392
20.0549, 0.478836, 1.198612
20.06594, 0.6444138, 1.158866
20.07733, 1.14208, 1.135525
20.08823, 1.160339, 1.108986
20.09981, 1.284101, 1.084583
20.11113, 1.171632, 1.055616
20.12157, 1.08884, 1.022322
20.13273, 0.7190731, 0.9720046
20.14413, 0.7387452, 0.9189132
20.1549, 0.7732542, 0.8686653
20.16608, 0.7925026, 0.8088211
20.17712, 0.7950457, 0.7929765
20.18838, 0.8157854, 0.7732373
20.19942, 0.7835415, 0.7655788
20.21446, 0.7777975, 0.7623207
20.22554, 0.7699546, 0.7594427
20.23664, 0.7785172, 0.7657815
20.24762, 0.7797965, 0.7702065
20.25857, 0.7846375, 0.7800583
20.26933, 0.7863658, 0.7864739
20.28063, 0.9450907, 0.7947091
20.29148, 0.9276291, 0.8011693
20.30133, 1.15485, 0.8173711
20.31274, 1.059625, 0.8320942
20.32344, 0.7040791, 0.8347512
20.33435, 0.5484045, 0.8310235
20.34491, 0.5735996, 0.8269563
20.35495, 0.5192024, 0.8217526
20.36781, 0.5770875, 0.8185602
20.38346, 0.6313165, 0.8235359
20.39555, 0.5930102, 0.8273417
20.40728, 0.7993771, 0.8325072
20.41911, 0.7964768, 0.820987
20.43079, 0.7883544, 0.8085876
20.44209, 1.664266, 0.8212597
20.4538, 0.8087342, 0.8091631
20.46601, 1.584505, 0.8256853
20.47848, 3.962199, 0.9337894
20.48938, 1.218285, 0.9497741
20.50082, 1.524356, 0.9748108
20.5142, 1.439534, 0.9963785
20.52559, 1.191398, 1.00959
20.53617, 1.256841, 1.024292
20.54813, 1.187464, 1.037756
20.55807, 1.171044, 1.050864
20.56933, 1.159105, 1.063836
20.57948, 1.15387, 1.076348
20.5897, 1.116778, 1.08758
20.59913, 1.11559, 1.098612
20.61031, 1.122239, 1.109808
20.62247, 1.092792, 1.114731
20.63358, 1.22093, 1.124508
20.64471, 1.214366, 1.126492
20.65532, 1.760134, 1.149842
20.82263, 1.64046, 1.181055
20.8324, 1.487067, 1.212344
20.84442, 1.282733, 1.235982
20.85613, 2.013105, 1.285778
20.86828, 2.192198, 1.339615
20.87917, 2.042505, 1.386655
20.89009, 2.370327, 1.445899
20.90113, 2.443035, 1.500687
20.9121, 2.593423, 1.560585
20.92291, 3.41646, 1.648189
20.93564, 3.558249, 1.711322
20.94682, 3.471585, 1.800084
20.96022, 3.452056, 1.862335
20.97667, 3.975584, 1.862782
20.99004, 3.796232, 1.948713
21.00269, 3.712585, 2.021654
21.01544, 4.216814, 2.11423
21.0271, 3.828756, 2.202142
21.04004, 3.406481, 2.273796
21.0526, 3.523152, 2.351653
21.06418, 3.454278, 2.427761
21.07699, 3.579429, 2.508438
21.08891, 4.033268, 2.604418
21.10078, 4.208372, 2.707471
21.11328, 4.087658, 2.80654
21.12404, 4.606594, 2.922685
21.13572, 5.017196, 3.053499
21.14621, 4.964316, 3.178278
21.15666, 6.147883, 3.342729
21.16819, 1.658586, 3.339344
21.1798, 4.001003, 3.418029
21.19071, 4.64723, 3.523368
21.20291, 7.414741, 3.727768
21.21473, 8.774646, 3.953152
21.23558, 9.230446, 4.187761
21.28045, 3.039749, 4.221003
21.29115, 2.676865, 4.231221
21.30284, 0, 4.149786
21.52098, 5.439472, 4.244655
21.5327, 2.409834, 4.2111
21.54568, 2.697913, 4.182422
21.5575, 3.720875, 4.190732
21.57032, 4.012162, 4.209402
21.58141, 3.81273, 4.203973
21.59339, 3.927496, 4.208349
21.6051, 4.569438, 4.23691
21.61635, 6.592684, 4.316106
21.6281, 6.685719, 4.411338
21.63933, 5.040958, 4.465821
21.65009, 4.365285, 4.493892
21.6613, 4.136498, 4.516633
21.67218, 4.041028, 4.53202
21.68335, 3.781149, 4.523615
21.69468, 3.22123, 4.490711
21.70427, 2.627814, 4.442049
21.71522, 3.027191, 4.389402
21.72697, 3.270208, 4.331169
21.73815, 2.678676, 4.254981
21.749, 4.829908, 4.211049
21.75893, 5.228603, 4.330049
21.76999, 3.873711, 4.325806
21.78098, 4.289902, 4.313895
21.79296, 4.952214, 4.231811
21.80533, 4.226399, 4.080203
21.81516, 6.213315, 3.979632
21.84748, 9.367306, 4.19055
21.85929, 6.593108, 4.321092
21.87251, 7.904994, 4.584592
21.88334, 8.883256, 4.699385
21.89437, 9.919055, 4.949692
21.90879, 7.920889, 5.123791
21.92084, 6.639347, 5.221074
22.06621, 4.450347, 5.23568
22.08903, 5.029835, 5.27625
22.11099, 6.805138, 5.372171
22.12252, 8.264688, 5.495346
22.14359, 9.237069, 5.583493
22.15508, 7.466799, 5.609529
22.1662, 7.104551, 5.678315
22.17609, 8.327415, 5.810386
22.22301, 9.162837, 5.977931
22.30157, 8.335091, 6.121066
22.57144, 7.47524, 6.244202
22.58165, 6.482493, 6.352911
22.59167, 8.002093, 6.532053
22.60252, 7.309535, 6.674798
22.82068, 8.904175, 6.862597
23.0308, 6.274758, 6.982467
23.04333, 1.917919, 6.885401
23.05517, 2.0161, 6.778317
23.06466, 2.220716, 6.723217
23.07613, 3.199489, 6.68687
23.08904, 3.957988, 6.65373
23.10206, 6.500938, 6.729548
23.11583, 4.613759, 6.676229
23.12928, 6.402266, 6.577394
23.13936, 4.284301, 6.500434
23.15425, 8.730483, 6.52795
23.23166, 6.70752, 6.455426
23.24474, 7.298508, 6.368074
23.30399, 9.301547, 6.414096
23.31641, 8.788281, 6.485727
23.32929, 5.175679, 6.509905
23.34049, 8.887482, 6.638494
23.56519, 6.430654, 6.62601
23.57769, 7.185211, 6.590027
23.58888, 4.803926, 6.442255
23.60109, 8.944324, 6.491507
23.61583, 6.695206, 6.477861
23.62934, 4.735367, 6.358127
23.64064, 5.036407, 6.220579
23.65104, 5.309669, 6.119731
23.66386, 5.588798, 6.05685
23.67524, 4.500293, 5.990777
23.68735, 7.624711, 5.978197
23.69845, 3.600647, 5.854568
23.70922, 3.278843, 5.667056
23.71975, 3.720133, 5.581902
23.73127, 4.442003, 5.666038
23.74299, 4.210659, 5.73919
23.75424, 3.570005, 5.784166
23.76708, 4.200617, 5.817537
23.77884, 6.340855, 5.896966
23.78917, 4.366972, 5.825834
23.80002, 3.454617, 5.787196
23.81105, 4.385294, 5.719964
23.82245, 4.15014, 5.715492
23.83425, 3.687195, 5.547383
23.84623, 4.539959, 5.475131
23.85715, 4.964269, 5.397323
23.86895, 4.372611, 5.233025
23.87921, 4.218051, 5.080683
23.88945, 3.274325, 5.017305
23.90007, 4.81364, 4.88151
23.91206, 4.292595, 4.810242
23.92425, 3.227421, 4.678316
23.93444, 1.738255, 4.576127
23.94501, 2.220166, 4.351988
23.95517, 1.841861, 4.19021
23.96735, 1.689694, 4.088687
23.97719, 1.447682, 3.969064
23.98824, 1.439873, 3.84007
23.99924, 1.456613, 3.702331
24.01039, 1.454521, 3.600805
24.02236, 1.317264, 3.390557
24.03401, 1.302401, 3.313949
24.04293, 1.293167, 3.24776
24.05399, 1.256436, 3.165637
24.06425, 1.266212, 3.059777
24.07536, 1.278145, 2.962026
24.0865, 1.251789, 2.884753
24.0978, 1.266891, 2.786962
24.10879, 1.297058, 2.618835
24.12055, 1.367871, 2.518865
24.13144, 1.267537, 2.445962
24.14214, 1.198578, 2.339738
24.15348, 1.233938, 2.242532
24.16505, 1.288336, 2.16257
24.17705, 1.307958, 2.054837
24.18818, 1.270187, 1.931701
24.19909, 1.23341, 1.827061
24.21098, 1.212943, 1.72689
24.22244, 1.134999, 1.655579
24.23332, 1.096789, 1.531684
24.24452, 1.099802, 1.425258
24.25571, 0.9317824, 1.348737
24.26707, 1.024579, 1.324947
24.27783, 0.7114641, 1.274657
24.29228, 0.6693005, 1.235572
24.30347, 0.6739262, 1.201713
24.31419, 0.5628507, 1.172219
24.32527, 0.6367156, 1.145447
24.33745, 0.6386665, 1.118182
24.34855, 0.7027793, 1.093124
24.36025, 0.825171, 1.076721
24.37143, 0.8759339, 1.062505
24.38164, 0.9119105, 1.049797
24.39301, 0.9158303, 1.038443
24.40417, 0.9022667, 1.026312
24.41554, 0.9715523, 1.016092
24.42755, 0.9707524, 1.006724
24.43956, 0.8701967, 0.9935008
24.45148, 0.8439455, 0.9783971
24.46496, 0.8752715, 0.9619771
24.47616, 1.024846, 0.9538874
24.48776, 1.009287, 0.9475777
24.49974, 1.102834, 0.9432076
24.51177, 1.166063, 0.9391319
24.5236, 0.9956658, 0.9287221
24.53474, 1.010665, 0.9200714
24.54737, 0.9205622, 0.9096432
24.56038, 0.9110097, 0.8995788
24.57281, 0.897297, 0.8916553
24.58421, 0.8958246, 0.8849565
24.5952, 0.8971946, 0.8782029
24.60624, 0.8694156, 0.876124
24.61832, 0.8371357, 0.8698759
24.62942, 0.8611182, 0.8748644
24.64017, 0.8770999, 0.8817911
24.6523, 0.8743646, 0.8884724
24.66463, 0.8672929, 0.8986204
24.67493, 0.8487512, 0.9056883
24.68602, 0.9439083, 0.915863
24.6973, 0.897415, 0.9223509
24.70856, 0.8763689, 0.9240575
24.71947, 0.8777359, 0.9241175
24.73066, 0.868929, 0.9226848
24.74166, 0.8662395, 0.9210318
24.75273, 0.8882337, 0.9205639
24.76457, 0.9172282, 0.9187532
24.77594, 0.9067387, 0.9166194
24.787, 0.8929083, 0.9173764
24.7983, 0.8810924, 0.9186146
24.80906, 0.8637046, 0.918229
24.82006, 0.8448538, 0.9122293
24.83136, 0.8392115, 0.9065601
24.84426, 1.109896, 0.9067955
24.85471, 0.8196136, 0.8952472
24.86471, 0.8043151, 0.8888689
24.8767, 1.146724, 0.8934041
24.88687, 1.053164, 0.8978242
24.89737, 1.041014, 0.9021577
24.90859, 1.095286, 0.9087573
24.91965, 1.253241, 0.9206712
24.9314, 1.663586, 0.9462176
24.94294, 1.192167, 0.956976
24.95318, 1.109067, 0.9660404
24.9639, 1.266851, 0.9795648
24.97477, 1.328485, 0.994611
24.98607, 1.338456, 1.010081
24.99729, 1.287031, 1.024072
25.00818, 1.267537, 1.038031
25.01966, 1.246487, 1.048117
25.03044, 1.201371, 1.058249
25.04161, 1.503637, 1.079158
25.05274, 1.511029, 1.100268
25.0638, 0, 1.071304
25.25696, 0.9159718, 1.072961
25.26858, 1.195768, 1.083212
25.27989, 1.219069, 1.093274
25.29085, 1.264576, 1.105202
25.30214, 1.214533, 1.115923
25.31324, 1.150021, 1.124887
25.3242, 1.276455, 1.138645
25.33576, 1.277252, 1.153059
25.34653, 1.189498, 1.164735
25.35763, 1.185418, 1.167252
25.3696, 1.232488, 1.181015
25.38025, 1.301299, 1.197581
25.39187, 1.367131, 1.204928
25.40182, 1.342523, 1.214573
25.41657, 1.264954, 1.222038
25.42917, 1.742229, 1.243602
25.73433, 3.574673, 1.320983
25.7547, 4.172124, 1.404601
25.76512, 3.464831, 1.480357
25.77589, 3.223221, 1.550829
25.78756, 3.785301, 1.634777
25.79776, 4.61739, 1.744407
25.80829, 4.503685, 1.849915
25.81882, 5.409542, 1.987332
25.83052, 7.621967, 2.199146
25.8424, 9.269205, 2.46657
25.93056, 6.40911, 2.640161
25.95357, 1.215898, 2.63057
25.96664, 2.023799, 2.647662
25.9785, 1.968721, 2.713286
25.98929, 1.985926, 2.748951
26.00155, 1.731651, 2.766814
26.01282, 1.532872, 2.777274
26.02348, 1.463019, 2.783889
26.03576, 1.438394, 2.791351
26.05079, 1.456923, 2.801581
26.06216, 1.45671, 2.807589
26.07288, 1.36761, 2.810601
26.08558, 1.357163, 2.81619
26.09614, 1.339757, 2.821335
26.10694, 1.23806, 2.82152
26.11687, 1.175488, 2.817327
26.12798, 1.227901, 2.812685
26.13767, 1.23215, 2.809006
26.14837, 0.8959287, 2.796705
26.16005, 0.9613888, 2.770677
26.1699, 0.9941292, 2.684659
26.17951, 0.9485054, 2.577205
26.18993, 0.8729268, 2.490808
26.20073, 0.8302965, 2.411044
26.21201, 0.8305935, 2.312554
26.22153, 0.8266903, 2.186198
26.23228, 0.825847, 2.063603
26.24242, 0.8366614, 1.911173
26.25358, 0.8362582, 1.684983
26.26335, 0.8323488, 1.403754
26.27437, 0.8241131, 1.217588
26.28548, 0.816092, 1.204261
26.29645, 0.8153977, 1.163981
26.3077, 0.8018585, 1.125086
26.31869, 0.8446349, 1.087042
26.3301, 0.8810552, 1.058689
26.34218, 0.9016095, 1.037647
26.35344, 0.9310531, 1.019915
26.36566, 0.915279, 1.002478
26.37848, 0.9336318, 0.9850348
26.38761, 0.9405536, 0.9678296
26.39812, 1.074609, 0.958063
26.40794, 1.087398, 0.9490709
26.41871, 1.102311, 0.941156
26.42975, 1.208948, 0.9401856
26.44079, 1.244932, 0.9425004
26.45205, 1.2564, 0.9434504
26.46334, 1.378946, 0.9483436
26.47452, 1.428167, 0.9660848
26.48542, 0, 0.9340385
26.4967, 1.600091, 0.9542373
26.50773, 1.700454, 0.9793023
26.51862, 1.7038, 1.006998
26.52969, 1.790882, 1.039018
26.54096, 1.862099, 1.073401
26.55175, 1.891474, 1.108894
26.56296, 1.977634, 1.147287
26.57545, 1.969107, 1.185035
26.5861, 2.04265, 1.225248
26.5976, 2.299466, 1.274152
26.60885, 2.336773, 1.324574
26.62049, 2.317578, 1.374624
26.63518, 2.452022, 1.429178
26.64682, 2.561986, 1.487849
26.65795, 2.507557, 1.543279
26.66764, 2.627002, 1.601478
26.67943, 2.673921, 1.660555
26.69029, 2.637137, 1.717424
26.70143, 2.909301, 1.783892
26.71292, 2.916863, 1.849999
26.72344, 3.072651, 1.921069
26.73512, 3.385815, 1.998109
26.7463, 3.571987, 2.080929
26.75734, 3.571517, 2.163236
26.76836, 3.701944, 2.246336
26.77944, 3.64658, 2.326391
26.79043, 3.975042, 2.417012
26.80223, 4.401685, 2.51777
26.81211, 5.159713, 2.642155
26.82345, 4.983418, 2.808269
26.83512, 5.160996, 2.926966
26.84638, 5.150636, 3.041972
26.85638, 5.030856, 3.152874
26.86702, 5.224876, 3.26734
26.87928, 5.421451, 3.385985
26.89038, 5.753395, 3.514716
26.90166, 5.796855, 3.642024
26.91341, 6.854131, 3.804858
26.92526, 6.420734, 3.950794
26.93635, 6.353434, 4.085926
26.94743, 7.730608, 4.26572
26.9574, 7.714384, 4.445613
26.9682, 7.814229, 4.624353
26.97916, 6.766663, 4.76451
26.99021, 8.964954, 4.979756
27.12146, 8.410822, 5.172551
27.1362, 8.149725, 5.355077
27.15078, 7.03507, 5.501675
27.16569, 6.147579, 5.609618
27.17716, 5.695883, 5.702251
27.188, 5.726286, 5.790706
27.19842, 5.030066, 5.845514
27.20819, 4.775237, 5.885622
27.21999, 4.550348, 5.91825
27.23118, 4.21834, 5.935463
27.24294, 4.207019, 5.954144
27.255, 4.419365, 5.968956
27.26552, 4.325676, 5.966422
27.27728, 4.403327, 5.941209
27.28793, 4.470651, 5.924117
27.2992, 4.633912, 5.906548
27.31116, 4.687351, 5.891105
27.32209, 5.493245, 5.906518
27.33393, 5.287721, 5.908613
27.34539, 5.277145, 5.903802
27.35653, 5.684093, 5.901492
27.36744, 7.296439, 5.951478
27.38001, 8.332541, 6.000758
27.40341, 9.765853, 6.112262
27.41443, 7.828576, 6.161434
27.4252, 7.003526, 6.137198
27.43647, 8.390106, 6.159722
27.44609, 7.610853, 6.152943
27.45817, 7.546957, 6.178953
27.47014, 7.638531, 6.134738
27.48026, 8.067249, 6.123286
27.49021, 6.712207, 6.075369
27.50143, 5.980618, 6.040221
27.51278, 5.833425, 6.029748
27.52258, 6.019733, 6.040544
27.53264, 6.07692, 6.052231
27.5417, 6.507143, 6.101468
27.55265, 7.02138, 6.176339
27.56235, 7.130215, 6.262334
27.57409, 7.457537, 6.370307
27.58487, 8.266971, 6.505639
27.59607, 8.475719, 6.640851
28.15252, 8.994617, 6.796482
28.32342, 9.664966, 6.97187
28.33808, 9.739129, 7.147486
28.35182, 7.992006, 7.259422
28.36444, 8.375417, 7.382358
28.37742, 8.397157, 7.479155
28.38949, 8.157249, 7.574806
28.40172, 7.201889, 7.638964
28.41394, 6.393153, 7.662599
28.42672, 7.027124, 7.653623
28.43833, 7.882762, 7.63863
28.44948, 5.106658, 7.483324
28.46027, 2.777088, 7.31494
28.47116, 3.546538, 7.199708
28.4814, 2.649735, 7.008362
28.49313, 1.025845, 6.788862
28.50465, 1.142414, 6.575377
28.51758, 1.331999, 6.365159
28.52815, 1.431874, 6.14398
28.53922, 1.21849, 5.960856
28.55039, 1.304063, 5.804971
28.56014, 1.408478, 5.657473
28.57137, 1.378224, 5.502756
28.58383, 1.750412, 5.358539
28.59772, 2.319575, 5.218954
28.60934, 2.383656, 5.064363
28.62291, 2.561103, 4.912058
28.63406, 2.457476, 4.74539
28.64755, 2.485758, 4.552683
28.65829, 2.44206, 4.351561
28.67046, 2.553375, 4.136853
28.68169, 2.735479, 3.90587
28.69223, 2.521621, 3.665287
28.70324, 1.345509, 3.443737
28.71331, 1.355775, 3.209749
28.72513, 1.394691, 2.976333
28.73616, 1.404312, 2.751235
28.74723, 1.490707, 2.560863
28.75873, 1.555426, 2.399605
28.76827, 1.503096, 2.215471
28.77835, 1.617763, 2.006638
28.78826, 1.75311, 1.894853
28.80043, 1.741208, 1.860323
28.81122, 2.074807, 1.811266
28.82232, 2.284374, 1.799087
28.83383, 2.622951, 1.852324
28.84539, 2.255687, 1.889433
28.85988, 2.5859, 1.931229
28.86998, 2.351706, 1.961891
28.88144, 1.845881, 1.982804
28.89249, 2.565687, 2.024858
28.90494, 2.962736, 2.076666
28.9163, 2.563803, 2.116186
28.92842, 3.39165, 2.170894
28.93931, 3.866405, 2.222455
28.95086, 3.504144, 2.259804
28.96257, 4.743936, 2.332565
28.97331, 5.117982, 2.421249
28.98431, 5.061669, 2.507112
29.00662, 2.147578, 2.497296
29.01775, 2.935775, 2.510043
29.02859, 2.125815, 2.489721
29.0399, 2.092786, 2.475426
29.05101, 1.840938, 2.49194
29.06331, 2.224612, 2.520901
29.07542, 2.213945, 2.54821
29.0873, 2.174073, 2.573869
29.09835, 2.331531, 2.601896
29.11013, 2.762896, 2.642145
29.1205, 2.271345, 2.667753
29.1316, 1.353723, 2.658952
29.14226, 1.305258, 2.644023
29.15287, 1.268142, 2.628254
29.16388, 1.306966, 2.60266
29.17581, 1.299721, 2.569838
29.18684, 1.252467, 2.524155
29.19778, 1.169624, 2.487953
29.21034, 1.139885, 2.439753
29.22135, 1.09879, 2.397989
29.23117, 1.076981, 2.372359
29.24231, 1.057789, 2.322096
29.25464, 1.090126, 2.259675
29.26562, 1.114285, 2.211358
29.27726, 1.148731, 2.136594
29.2871, 1.059137, 2.043019
29.29877, 1.505779, 1.976406
29.30918, 1.413199, 1.865382
29.32067, 1.331731, 1.739174
29.33277, 1.141747, 1.608509
29.34526, 1.36799, 1.582523
29.35693, 0.9529004, 1.516427
29.36828, 0.8005509, 1.472252
29.38332, 0.816978, 1.429725
29.39543, 0.8425672, 1.396446
29.40627, 0.9657553, 1.354484
29.41759, 0.9969791, 1.313918
29.42846, 0.9874661, 1.274365
29.44021, 0.8439351, 1.224778
29.45161, 0.7638929, 1.158145
29.463, 0.8819969, 1.111833
29.47351, 0.9367545, 1.097934
29.48565, 0.9932858, 1.087536
29.49656, 1.013109, 1.079034
29.50868, 1.08026, 1.071478
29.52043, 1.101061, 1.064855
29.53112, 1.04286, 1.057869
29.54119, 1.088415, 1.055162
29.55338, 1.057542, 1.052417
29.56465, 1.14238, 1.05387
29.5765, 1.162946, 1.056735
29.58751, 1.106366, 1.058355
29.5981, 1.084513, 1.058168
29.60831, 1.150452, 1.059373
29.62079, 1.192205, 1.060822
29.63134, 1.234307, 1.066661
29.64298, 1.344248, 1.061277
29.65619, 1.323569, 1.058289
29.66739, 1.308229, 1.057506
29.67805, 1.337888, 1.064044
29.68847, 1.331992, 1.062844
29.69943, 1.356908, 1.076311
29.71019, 1.433543, 1.097411
29.72121, 1.5598, 1.122171
29.73145, 1.572959, 1.146518
29.74342, 1.598803, 1.167619
29.75487, 1.594734, 1.187544
29.76653, 1.681604, 1.210682
29.77809, 1.812064, 1.242953
29.78814, 1.923519, 1.281607
29.80039, 1.879306, 1.314851
29.8124, 1.717295, 1.340869
29.82336, 1.979686, 1.373749
29.83567, 1.865686, 1.402169
29.84668, 1.95055, 1.431178
29.85835, 1.945995, 1.459343
29.86961, 2.094176, 1.494387
29.88141, 2.39198, 1.537839
29.89233, 2.400314, 1.582598
29.90452, 2.409915, 1.624849
29.9193, 2.412716, 1.666508
29.93061, 2.521015, 1.713663
29.94108, 2.706909, 1.767743
29.95227, 2.59124, 1.815769
29.9634, 3.564534, 1.894847
29.9743, 4.069669, 1.989359
29.98621, 5.203114, 2.117988
29.9971, 5.377381, 2.253115
30.00854, 2.908122, 2.306445
30.01966, 1.555852, 2.31371
30.02927, 2.792733, 2.362401
30.03943, 3.657533, 2.439089
30.05021, 1.667511, 2.446888
30.06273, 4.59671, 2.548118
30.07347, 3.533081, 2.613456
30.08512, 2.70764, 2.650417
30.09611, 3.536136, 2.71513
30.10656, 2.660244, 2.747751
30.11727, 3.137524, 2.791934
30.12855, 2.292757, 2.804241
30.13922, 2.316377, 2.81881
30.15035, 2.478638, 2.844188
30.1623, 2.579448, 2.864181
30.17436, 3.089385, 2.904971
30.18662, 2.913026, 2.937053
30.19736, 2.848236, 2.967128
30.20853, 3.797991, 3.023921
30.21912, 3.95625, 3.076064
30.22975, 3.416435, 3.109934
30.24051, 4.577889, 3.1822
30.25138, 7.031126, 3.336147
30.26202, 6.600422, 3.472127
30.27285, 6.071952, 3.584296
30.30563, 4.105083, 3.634757
30.32797, 0, 3.515939
30.57089, 0, 3.380283
30.58158, 0, 3.206846
30.59433, 2.324667, 3.105089
30.60528, 0.9929922, 3.041251
30.61762, 0.9672973, 3.021633
30.62947, 1.098161, 2.965147
30.64083, 0.9055921, 2.873416
30.65392, 0.6972013, 2.841072
30.66726, 0.7853716, 2.714028
30.67927, 0.747462, 2.621174
30.6951, 0.7645259, 2.556403
30.70598, 0.7748772, 2.464361
30.71663, 1.030882, 2.410049
30.72793, 1.047611, 2.340385
30.73942, 4.583575, 2.416746
30.75021, 4.040402, 2.474214
30.77415, 7.344641, 2.636414
30.78517, 3.229599, 2.658086
30.7948, 1.989251, 2.621414
30.80544, 2.03247, 2.592063
30.81694, 1.575472, 2.549637
30.82782, 1.685163, 2.47921
30.839, 1.31998, 2.391334
30.85011, 1.182287, 2.316862
30.86097, 1.324944, 2.208431
30.87261, 1.140406, 2.012073
30.88334, 1.018729, 1.826017
30.89453, 0.9994466, 1.656933
30.90561, 1.025613, 1.554284
30.91778, 0.9490958, 1.585921
30.92945, 0.9400392, 1.617256
30.94226, 0.993888, 1.650385
30.95353, 1.058647, 1.608185
30.96421, 0.9468881, 1.606648
30.97502, 0.8766599, 1.603626
30.9856, 0.9351999, 1.598194
30.99641, 1.062861, 1.603437
31.00625, 0.7059603, 1.603729
31.01837, 1.247386, 1.619129
31.03296, 1.36646, 1.639763
31.04449, 3.07033, 1.716623
31.05623, 1.866247, 1.753002
31.06875, 1.758389, 1.777252
31.0795, 1.575791, 1.794858
31.09142, 1.484936, 1.69157
31.10324, 1.336577, 1.601442
31.11477, 1.195993, 1.396487
31.12541, 1.180037, 1.328169
31.13651, 1.20558, 1.302046
31.14744, 1.140681, 1.27232
31.1585, 1.103362, 1.256583
31.17069, 1.124559, 1.237896
31.18149, 1.812325, 1.254308
31.19244, 1.189894, 1.254561
31.20455, 2.018342, 1.277675
31.21636, 1.150378, 1.278007
31.22832, 0.7529807, 1.269149
31.23952, 1.005269, 1.269343
31.25185, 1.098668, 1.271778
31.26472, 1.210134, 1.280479
31.27623, 1.41506, 1.296313
31.28787, 1.522096, 1.31392
31.29949, 1.520002, 1.329298
31.31187, 1.107606, 1.334656
31.3226, 1.231995, 1.3465
31.3338, 1.397494, 1.36191
31.34473, 1.20545, 1.366663
31.35616, 0.9127318, 1.373555
31.36817, 0.998396, 1.365256
31.37947, 0.8322303, 1.347448
31.39183, 0.9396937, 1.276427
31.40369, 0.6285174, 1.235169
31.41458, 1.157041, 1.215124
31.42629, 1.015608, 1.196451
31.43741, 0.8424327, 1.175035
31.44984, 0.8610814, 1.159185
31.46085, 0.8615745, 1.148038
31.47153, 0.8326277, 1.136457
31.48249, 0.8835932, 1.125725
31.49454, 0.7310236, 1.112069
31.50537, 0.9580355, 1.107225
31.5173, 1.128384, 1.107352
31.52955, 1.142994, 1.085041
31.5397, 0.9811111, 1.078082
31.55045, 1.836748, 1.072029
31.56281, 2.469586, 1.116003
31.57762, 1.817457, 1.151485
31.58877, 1.297791, 1.161236
31.59831, 1.367916, 1.170211
31.60952, 2.392289, 1.209616
31.62123, 1.678723, 1.218405
31.63383, 2.272001, 1.243402
31.64457, 2.072118, 1.261805
31.65569, 1.97703, 1.290786
31.66772, 1.977377, 1.315632
31.67866, 2.002859, 1.335811
31.68981, 2.036566, 1.363515
31.7016, 1.997887, 1.399687
31.71286, 2.103634, 1.436528
31.72405, 2.191694, 1.481843
31.73582, 2.320105, 1.527857
31.74675, 2.300862, 1.583602
31.75717, 2.465752, 1.627226
31.76723, 2.364316, 1.672182
31.77939, 1.950821, 1.709129
31.79143, 6.358046, 1.892361
31.80366, 1.910621, 1.927329
31.81414, 3.082012, 2.002309
31.82535, 1.955084, 2.038025
31.83628, 1.044422, 2.048472
31.84715, 0.9224781, 2.047286
31.85934, 0.8481659, 2.037946
31.87058, 0.7619535, 2.025244
31.88131, 0.5913159, 2.012251
31.89223, 0.6355493, 1.972211
31.90423, 0.7398676, 1.914554
31.91396, 0.5826003, 1.873392
31.92584, 0.7581787, 1.855405
31.93707, 0.7920055, 1.836208
31.94694, 0.8505595, 1.784817
31.9593, 0.8366111, 1.756747
31.97034, 0.8522569, 1.709422
31.98219, 0.8041885, 1.667158
31.99324, 0.8130163, 1.628357
32.00448, 0.8544512, 1.590926
32.01583, 0.8721594, 1.553236
32.02618, 0.8700595, 1.514353
32.03732, 0.8682906, 1.4767
32.05102, 0.9020421, 1.436647
32.06248, 0.8724717, 1.392672
32.07308, 0.8294376, 1.342983
32.08441, 0.8935155, 1.296072
32.09665, 0.8562157, 1.242421
32.11177, 0.8535605, 1.192062
32.12426, 0.8455491, 1.15522
32.13613, 0.8406273, 0.971306
32.14779, 0.8246893, 0.9351083
32.15998, 0.8082935, 0.8593177
32.17044, 0.787367, 0.8203938
32.18285, 0.7769375, 0.8114777
32.19573, 0.7503883, 0.8057414
32.20781, 0.7513703, 0.8025149
32.21883, 1.298343, 0.8203945
32.22934, 1.322976, 0.8447831
32.24035, 1.281291, 0.8663079
32.2523, 1.344448, 0.8864605
32.26347, 1.402486, 0.9137901
32.276, 1.405007, 0.9353511
32.28672, 1.361196, 0.9543241
32.29858, 1.359221, 0.9712794
32.30819, 1.472611, 0.9924794
32.32075, 0.6200517, 0.9847393
32.33133, 0.8326941, 0.9856895
32.34211, 1.187289, 0.9981652
32.35151, 1.014956, 1.003515
32.36171, 1.82122, 1.035151
32.37204, 1.443832, 1.054276
32.38261, 1.711105, 1.08237
32.39352, 3.032185, 1.153375
32.40502, 5.097728, 1.294217
32.41614, 4.126536, 1.40412
32.42685, 3.400029, 1.487671
32.43815, 4.302814, 1.602557
32.44914, 3.573921, 1.693236
32.46029, 7.161226, 1.903758
32.47152, 9.909541, 2.206055
32.66569, 9.40981, 2.492226
32.67983, 6.840387, 2.693296
32.69022, 6.346313, 2.878594
32.70178, 6.335455, 3.063878
32.71254, 5.699669, 3.228854
32.72315, 5.562369, 3.38922
32.73528, 4.852181, 3.507682
32.74755, 3.423134, 3.577687
32.7583, 3.199189, 3.641617
32.7688, 2.507937, 3.6804
32.77947, 4.67633, 3.789528
32.79144, 7.479731, 3.992019
32.8021, 5.891815, 4.143039
32.81283, 2.407602, 4.177985
32.82432, 2.404767, 4.209057
32.8361, 1.825154, 4.249228
32.84747, 1.402564, 4.268224
32.85911, 1.334347, 4.273126
32.8698, 1.356044, 4.284495
32.87935, 1.352201, 4.268862
32.89151, 1.011487, 4.25445
32.90233, 1.16965, 4.236402
32.91289, 1.420473, 4.182678
32.92453, 2.178325, 4.085364
32.93649, 1.170698, 3.986837
32.94702, 1.332211, 3.917909
32.95942, 1.171253, 3.813524
32.97039, 1.065533, 3.729912
32.98034, 1.075746, 3.527062
32.99227, 0.973918, 3.229208
33.00303, 0.9794421, 2.948196
33.01551, 1.005102, 2.753686
33.02712, 1.065667, 2.577665
33.03854, 1.077489, 2.402399
33.04923, 1.068351, 2.248022
33.05992, 1.03164, 2.096997
39.09927, 3.961713, 4.210098
39.11208, 8.31214, 4.200567
39.12592, 9.64307, 4.263622
39.1572, 6.562022, 4.167684
39.16823, 5.684745, 4.21416
39.17979, 3.269398, 4.120229
39.20132, 6.583771, 4.177789
39.57935, 6.319937, 4.388453
39.59095, 8.758814, 4.680414
39.76215, 9.124381, 4.98456
39.83959, 9.304867, 5.294723
39.85041, 5.985173, 5.494228
39.86192, 9.374484, 5.683805
39.87271, 7.914497, 5.726123
39.88396, 7.685263, 5.814203
39.89493, 5.945774, 5.861595
39.91946, 5.577621, 5.944556
39.92995, 7.581787, 6.102122
39.94047, 7.260844, 6.138852
39.95163, 8.296389, 6.23673
39.96209, 8.139657, 6.25434
39.97233, 8.87286, 6.432261
40.14967, 3.465641, 6.246949
40.16101, 3.305519, 6.226559
40.17202, 2.847332, 6.19635
40.18319, 2.473912, 6.177832
40.19428, 3.368123, 6.18748
40.20549, 3.292324, 6.16823
40.21671, 2.375891, 6.140205
40.22991, 3.908309, 6.173208
40.24212, 4.149873, 6.17948
40.25415, 3.049158, 6.004047
40.2658, 2.617483, 5.769861
40.27727, 2.894856, 5.647622
40.2866, 3.358112, 5.570067
40.29792, 4.562875, 5.613183
40.30913, 7.075166, 5.629563
40.44951, 9.769427, 5.744546
40.55999, 9.421325, 5.76663
40.57047, 9.311355, 5.772863
40.58086, 8.209608, 5.736354
40.59451, 4.960094, 5.702185
40.6062, 6.414423, 5.603517
40.61945, 4.491213, 5.489408
40.63241, 7.153264, 5.471674
40.64297, 8.220542, 5.5475
40.65335, 5.437981, 5.542845
40.66467, 4.799513, 5.450103
40.67683, 6.007089, 5.408311
40.68744, 7.058643, 5.367053
40.70908, 8.109601, 5.366051
40.72071, 6.603981, 5.290421
40.73147, 7.161079, 5.413603
40.76982, 6.776106, 5.529289
40.78162, 5.057552, 5.602963
40.80202, 7.393466, 5.766948
40.87856, 4.228044, 5.795613
40.89072, 3.524293, 5.803345
40.90322, 5.110323, 5.894493
40.91455, 8.725164, 6.055054
40.9257, 5.075878, 6.085921
40.93777, 4.123384, 6.121728
40.95002, 3.846618, 6.1627
40.96227, 2.981257, 6.16558
40.97412, 3.237782, 6.161569
40.98426, 3.682322, 6.132217
40.99549, 6.750865, 6.121408
41.00529, 3.03178, 5.89682
41.02817, 2.604367, 5.669588
41.03948, 4.167661, 5.498131
41.0509, 4.383289, 5.370587
41.06144, 8.362951, 5.484015
41.07236, 8.120307, 5.540878
41.08483, 7.829048, 5.652139
41.09641, 9.139873, 5.71836
41.19609, 9.282466, 5.753758
41.20736, 7.530475, 5.823508
41.21841, 7.278495, 5.90614
41.23026, 7.823295, 5.96668
41.24304, 9.608806, 6.051686
41.27888, 3.095556, 5.884551
41.29001, 5.861509, 5.859801
41.30033, 2.759503, 5.713082
41.31185, 3.968215, 5.619485
41.32364, 5.261031, 5.626268
41.33542, 7.266076, 5.622022
41.34669, 8.342539, 5.759172
41.35816, 6.658985, 5.863662
41.3685, 5.756898, 5.885214
41.38052, 5.383151, 5.773814
41.39129, 5.821541, 5.798669
41.40272, 6.42412, 5.87536
41.41256, 6.33567, 5.958328
41.42323, 6.155336, 6.064131
41.44684, 3.124112, 6.060342
41.62515, 4.762962, 6.096363
41.63767, 3.147024, 5.976234
41.65087, 4.264999, 6.017342
41.66518, 3.423062, 6.044631
41.68763, 3.617173, 6.026282
41.83492, 6.925405, 6.111019
41.8457, 6.882404, 6.061667
41.85633, 3.351063, 5.902693
41.8686, 4.736156, 5.799596
41.88049, 2.192831, 5.568028
41.89238, 2.670028, 5.347613
41.90564, 6.984123, 5.329401
41.91644, 3.461133, 5.202156
41.9399, 8.131439, 5.212428
41.95156, 9.07196, 5.194533
41.96363, 4.173104, 5.230452
41.9743, 7.684153, 5.291206
41.99499, 4.509476, 5.349539
42.02679, 6.696636, 5.440486
42.03837, 3.448595, 5.380072
42.05035, 4.963669, 5.303324
42.06184, 5.135175, 5.196412
42.07218, 4.83439, 5.135592
42.08509, 4.975494, 5.109546
42.09677, 6.359848, 5.142103
42.10838, 8.848103, 5.242988
42.15166, 4.584059, 5.181653
42.1623, 4.226021, 5.111331
42.17363, 3.688401, 5.0291
42.18424, 5.983084, 5.124399
42.19305, 4.10355, 5.102419
42.20169, 4.066632, 5.133073
42.21285, 4.400495, 5.137589
42.22364, 4.323065, 5.167589
42.23376, 2.182755, 5.119775
42.24449, 2.941639, 4.986983
42.25617, 6.910185, 4.987909
42.26719, 2.411391, 4.956587
42.28981, 2.89377, 4.895174
42.30025, 4.907711, 4.985671
42.3114, 2.981673, 4.996058
42.32915, 3.530053, 4.880923
42.34444, 5.390616, 4.945239
42.3551, 5.831648, 4.868579
42.36717, 7.70621, 4.823054
42.37829, 4.663141, 4.839389
42.38915, 4.124499, 4.720734
42.40034, 3.787768, 4.696677
42.41159, 2.994008, 4.573256
42.42325, 3.147212, 4.56321
42.43395, 3.204557, 4.504572
42.44475, 3.683399, 4.45618
42.4569, 5.794195, 4.488173
42.5664, 3.068184, 4.424596
42.5779, 4.62092, 4.366632
42.58884, 3.241071, 4.179731
42.61111, 2.51956, 4.110914
42.62299, 2.809506, 4.063697
42.63421, 2.772189, 4.033156
42.6451, 2.61663, 3.920941
42.65652, 2.317616, 3.861411
42.66714, 2.113213, 3.796296
42.67819, 1.898524, 3.712897
42.69023, 2.228285, 3.643071
42.70135, 2.147413, 3.641893
42.71241, 2.207928, 3.617436
42.72333, 2.334615, 3.464917
42.73514, 2.075477, 3.45372
42.74652, 2.113554, 3.427713
42.75695, 1.948718, 3.32908
42.76793, 1.77243, 3.288772
42.78026, 1.67715, 3.227008
42.79206, 1.63632, 3.101865
42.80366, 1.643071, 2.962246
42.81418, 1.602981, 2.758805
42.82575, 1.723383, 2.660813
42.836, 1.698168, 2.579935
42.84815, 1.732867, 2.511439
42.85989, 1.699642, 2.468293
42.87049, 1.860258, 2.425395
42.8844, 1.422673, 2.365999
42.894, 1.092553, 2.279637
42.90636, 1.372044, 2.132232
42.91801, 1.417905, 2.077223
42.93042, 1.762024, 1.981926
42.94197, 1.905216, 1.937398
42.95895, 1.946355, 1.918291
42.96917, 1.692798, 1.881068
42.98004, 1.675773, 1.84452
42.99193, 1.601107, 1.81067
43.0031, 1.571489, 1.785799
43.01306, 1.61554, 1.76921
43.02409, 1.674255, 1.761734
43.03512, 1.691274, 1.743833
43.04528, 1.647076, 1.727156
43.05659, 1.45742, 1.702139
43.06818, 1.276374, 1.666864
43.07955, 1.225072, 1.638517
43.09127, 1.266495, 1.610282
43.10192, 1.266444, 1.587539
43.1139, 1.271999, 1.570858
43.12501, 1.244909, 1.55645
43.1358, 1.136253, 1.539781
43.14679, 1.116927, 1.522243
43.15869, 1.07351, 1.504594
43.17099, 0.9603084, 1.479158
43.18231, 1.275568, 1.465072
43.191, 0.5209976, 1.424676
43.20058, 0.9506806, 1.39971
43.21151, 0.7677708, 1.363294
43.22249, 0.8463476, 1.344084
43.23389, 0.8040989, 1.334468
43.24519, 0.7805777, 1.314753
43.25573, 0.7708982, 1.293186
43.26686, 0.7632987, 1.259895
43.2783, 0.7674948, 1.221971
43.28892, 0.7483619, 1.182038
43.30004, 0.751703, 1.150668
43.31539, 0.7241308, 1.118947
43.32602, 0.7230806, 1.089679
43.3373, 0.716924, 1.061194
43.34746, 0.7178003, 1.031269
43.35901, 0.7447407, 1.000285
43.37114, 0.7590599, 0.9692115
43.38225, 0.7577404, 0.9395669
43.39283, 0.8120141, 0.9180534
43.40411, 0.812978, 0.9026068
43.41847, 0.8077227, 0.8886951
43.43023, 0.7971082, 0.8730489
43.44125, 0.8458282, 0.8590285
43.45086, 0.8341377, 0.844433
43.46129, 0.8374847, 0.8308522
43.47191, 0.86493, 0.821808
43.48467, 0.8668476, 0.813472
43.4963, 0.8692423, 0.8066632
43.50826, 0.8724256, 0.8037337
43.5193, 0.6656172, 0.783402
43.53121, 0.7377879, 0.7906283
43.54211, 1.551773, 0.8106648
43.55342, 1.282318, 0.8278163
43.56406, 1.218179, 0.8402107
43.57609, 0.7231995, 0.8375141
43.58775, 0.7326005, 0.8359149
43.59971, 0.7327946, 0.8346447
43.61061, 0.7313272, 0.833579
43.62186, 1.1019, 0.8447258
43.63418, 0.7304626, 0.8441293
43.6448, 0.730752, 0.8434309
43.65668, 0.7383022, 0.8439033
43.6668, 0.7809176, 0.8458312
43.67859, 0.8440294, 0.850068
43.68985, 0.8584253, 0.8547555
43.70124, 0.8876474, 0.859519
43.71302, 0.8982639, 0.8641592
43.7233, 0.8551394, 0.8674058
43.73366, 0.848453, 0.8686205
43.74571, 0.8429888, 0.8696207
43.75693, 0.8518634, 0.8710921
43.77065, 0.6909557, 0.8675538
43.78286, 0.7189836, 0.8633255
43.79359, 0.7905133, 0.8618715
43.80624, 1.077116, 0.8698592
43.817, 1.058786, 0.8763211
43.82681, 1.056031, 0.8826272
43.83769, 1.365386, 0.8991653
43.84861, 1.148703, 0.9083746
43.85936, 1.043433, 0.9209684
43.87054, 1.05339, 0.9314886
43.88063, 1.054279, 0.9149054
43.8913, 1.124008, 0.9096285
43.9009, 1.203714, 0.9091462
43.91191, 1.136331, 0.9229173
43.92361, 1.182739, 0.9379219
43.93737, 0.9744501, 0.9459771
43.94922, 0, 0.9215995
44.09928, 1.247872, 0.9264652
44.11049, 1.355678, 0.9473057
44.12177, 1.263736, 0.9650719
44.13279, 1.322279, 0.9845378
44.14399, 1.363759, 1.003966
44.15483, 1.286885, 1.018728
44.16635, 1.323614, 1.034234
44.17797, 1.348019, 1.04958
44.18903, 1.356889, 1.064867
44.20027, 1.380311, 1.082373
44.21177, 1.338751, 1.098716
44.22316, 1.362245, 1.116025
44.23407, 1.334495, 1.132112
44.24538, 1.366139, 1.154619
44.25645, 1.380973, 1.176685
44.26752, 1.408822, 1.197295
44.27868, 1.418907, 1.208688
44.29101, 1.494473, 1.223211
44.30146, 1.443456, 1.236125
44.3125, 1.408032, 1.237547
44.32345, 1.360808, 1.244617
44.33485, 1.379533, 1.25582
44.34611, 1.350264, 1.265716
44.35736, 1.341609, 1.275294
44.36897, 1.910858, 1.301522
44.37999, 1.675618, 1.317252
44.39114, 1.457285, 1.327951
44.403, 1.502589, 1.338612
44.41464, 1.557458, 1.358046
44.42524, 1.676469, 1.413928
44.43639, 1.634797, 1.426826
44.44851, 3.374878, 1.494133
44.45934, 2.316218, 1.529215
44.4715, 0.614243, 1.505614
44.4851, 0.6852722, 1.482998
44.49687, 0.7090832, 1.463738
44.50719, 0.7068205, 1.443178
44.51826, 0.7460929, 1.423114
44.52983, 0.7723343, 1.403629
44.54074, 0.7883902, 1.383898
44.5511, 0.7465672, 1.364159
44.56133, 0.6753113, 1.341261
44.57324, 1.250584, 1.338464
44.58464, 1.962001, 1.358326
44.59665, 1.181837, 1.351688
44.6074, 0, 1.304728
44.75758, 1.778922, 1.316728
44.76722, 2.122306, 1.337656
44.7999, 2.086119, 1.359078
44.81002, 1.87069, 1.3745
44.8212, 2.812731, 1.422897
44.83252, 1.92448, 1.441062
44.84319, 2.672238, 1.485128
44.85465, 2.650549, 1.528759
44.86615, 2.622431, 1.552478
44.8769, 2.755786, 1.588484
44.88844, 2.650917, 1.628272
44.90015, 2.549763, 1.663177
44.91086, 2.570348, 1.696941
44.92192, 2.622159, 1.728464
44.93349, 2.624045, 1.761438
44.94319, 2.247998, 1.723876
44.95427, 2.175004, 1.719169
44.9654, 2.064257, 1.767502
44.97654, 1.052168, 1.779732
44.98793, 1.042442, 1.790844
44.99938, 1.047947, 1.802215
45.01011, 0.9917771, 1.810404
45.02162, 1.191124, 1.824364
45.03368, 1.144653, 1.836239
45.04432, 0.9413004, 1.842731
45.05644, 0.9417408, 1.851612
45.06677, 0.9635995, 1.842045
45.16733, 7.495868, 2.026508
45.20134, 7.02196, 2.221179
45.21329, 3.924075, 2.351981
45.22395, 5.41593, 2.473214
45.23583, 3.579977, 2.521804
45.24786, 3.582443, 2.571681
45.25881, 3.60647, 2.62954
45.26997, 6.911561, 2.766168
45.28124, 9.544184, 3.020158
45.29204, 5.064117, 3.099887
45.30343, 4.982647, 3.177624
45.31618, 3.840854, 3.218238
45.3516, 9.165886, 3.431908
45.36279, 9.862645, 3.672299
45.37482, 5.014995, 3.754473
45.38608, 3.850959, 3.79716
45.39827, 4.448884, 3.858051
45.40919, 3.436498, 3.885133
45.42084, 3.553825, 3.92866
45.43221, 3.78251, 3.982244
45.44318, 2.5304, 3.997782
45.45471, 4.881055, 4.125412
45.46597, 3.464904, 4.206161
45.47712, 2.942914, 4.269326
45.48861, 3.20011, 4.342937
45.50094, 6.37744, 4.515814
45.52357, 8.515835, 4.76152
45.53429, 5.897686, 4.926733
45.54585, 5.569045, 5.080977
45.55687, 8.114337, 5.319335
45.57911, 9.134927, 5.373971
45.5905, 9.40766, 5.453494
45.6047, 7.594798, 5.575851
45.6161, 8.432658, 5.676409
45.62678, 8.079164, 5.826383
46.09918, 6.253072, 5.915403
46.11066, 3.062343, 5.897265
46.12209, 2.551736, 5.751938
46.13342, 2.695809, 5.523659
46.14454, 2.928847, 5.452484
46.15599, 2.758899, 5.378358
46.16718, 2.53579, 5.334857
46.17877, 2.636794, 5.11722
46.19078, 2.865041, 4.883966
46.20121, 2.956494, 4.81535
46.21527, 2.923124, 4.784422
46.22576, 2.927789, 4.733719
46.23817, 3.020723, 4.719861
46.24989, 2.906376, 4.698279
46.26128, 3.164322, 4.677672
46.27288, 3.794795, 4.719819
46.2841, 3.095141, 4.660288
46.29597, 2.909657, 4.64178
46.3078, 2.488795, 4.626643
46.3182, 3.596898, 4.639869
46.34022, 6.897329, 4.657198
46.36246, 9.65585, 4.695199
46.3732, 9.713424, 4.82239
46.54239, 3.058199, 4.738695
46.55392, 6.112333, 4.671962
46.5659, 8.020468, 4.634813
46.57578, 4.52968, 4.472214
46.58853, 4.56367, 4.371176
46.59916, 4.351609, 4.235141
46.61011, 4.178071, 4.105105
46.62227, 4.047894, 4.031599
46.63382, 3.883738, 4.058979
46.64416, 3.3787, 4.086545
46.65614, 3.452311, 4.111761
46.66714, 3.223575, 4.121585
46.67912, 3.172949, 4.135387
46.6909, 3.18693, 4.157092
46.70185, 3.180838, 4.175227
46.71396, 3.445508, 4.194575
46.72511, 3.400215, 4.209366
46.73722, 3.36892, 4.224226
46.74802, 3.377847, 4.239228
46.75919, 3.478011, 4.254471
46.77231, 4.034385, 4.292071
46.78429, 4.274748, 4.329085
46.79848, 4.693495, 4.359042
46.80907, 6.299436, 4.465852
46.82103, 7.036701, 4.60342
46.83305, 6.596058, 4.740328
46.84409, 4.65886, 4.775727
46.8549, 3.973554, 4.678268
46.86747, 2.759298, 4.448383
46.87897, 3.384553, 4.237421
46.88983, 3.256827, 4.244041
46.90104, 5.66709, 4.2292
46.91304, 5.068087, 4.130787
46.9239, 3.29589, 4.089661
46.9348, 2.449511, 4.019189
46.94522, 5.845162, 4.068974
46.95684, 3.301324, 4.039749
46.96706, 3.092982, 4.007918
46.97892, 2.501338, 3.961838
46.9908, 5.592924, 4.035646
47.00208, 3.788055, 4.046837
47.01218, 1.853051, 4.001153
47.02316, 1.55397, 3.947187
47.03407, 1.443286, 3.889066
47.04697, 1.798622, 3.842992
47.05808, 1.483859, 3.777603
47.068, 1.455823, 3.71279
47.07891, 1.21734, 3.641071
47.09108, 0.7663215, 3.55402
47.10102, 0.7081404, 3.461691
47.11205, 1.051348, 3.362256
47.12297, 1.087091, 3.256001
47.13425, 6.918866, 3.33018
47.1663, 1.330044, 3.164533
47.17583, 1.430056, 2.977645
47.18723, 1.545446, 2.809292
47.1978, 1.308885, 2.697626
47.20945, 1.478901, 2.61447
47.22063, 1.506321, 2.572705
47.23208, 1.544657, 2.511375
47.24358, 1.288147, 2.445752
47.2549, 1.302808, 2.300276
47.26649, 1.270926, 2.173704
47.27768, 1.207048, 2.104076
47.28908, 1.133577, 2.060211
47.30005, 1.123438, 1.902821
47.31448, 0.9933593, 1.825888
47.32415, 0.9872403, 1.755697
47.33478, 1.031689, 1.706709
47.34491, 1.061261, 1.555653
47.356, 1.023896, 1.463515
47.36672, 0.6555716, 1.423599
47.37775, 0.9544172, 1.403614
47.38905, 0.9222412, 1.386245
47.40032, 0.9753039, 1.358801
47.41194, 1.013396, 1.343119
47.42405, 1.010537, 1.328276
47.43479, 1.003901, 1.321162
47.44572, 1.023237, 1.329726
47.45652, 1.031924, 1.340518
47.46762, 1.00123, 1.338848
47.47876, 1.031827, 1.337006
47.48975, 1.029018, 1.140678
47.50102, 1.000631, 1.129697
47.5122, 0.9868489, 1.114924
47.52361, 0.9837975, 1.096202
47.53481, 1.011452, 1.086288
47.54593, 0.9902925, 1.070001
47.55687, 0.9935654, 1.052909
47.568, 1.015828, 1.035281
47.57926, 1.014888, 1.026173
47.59071, 1.030681, 1.017102
47.60158, 1.003125, 1.008175
47.61559, 0.9830939, 1.00071
47.62468, 0.9423879, 0.9943368
47.63688, 0.9407874, 0.9882485
47.64775, 0.9276429, 0.9860579
47.65748, 0.9154002, 0.9836633
47.66789, 0.8990262, 0.9792412
47.67955, 0.872588, 0.9729521
47.69037, 0.8675096, 0.9677392
47.70187, 0.8434037, 0.9740003
47.7131, 0.8302331, 0.9698609
47.72398, 0.8343472, 0.966931
47.73533, 0.8313339, 0.962132
47.74647, 0.85295, 0.9567838
47.75735, 0.8615546, 0.9518177
47.76865, 0.8948151, 0.9481815
47.77985, 0.9214917, 0.94479
47.79082, 0.9068732, 0.9406217
47.80357, 0.8693811, 0.9362267
47.81383, 0.8250734, 0.9293349
47.82409, 0.8109608, 0.9220663
47.83815, 0.8089441, 0.9156768
47.84749, 0.798648, 0.9094034
47.85752, 0.7949482, 0.9031085
47.86848, 0.777317, 0.895304
47.87945, 0.7582964, 0.8875708
47.89144, 0.7265533, 0.8786705
47.90155, 0.7423853, 0.8695557
47.91262, 0.7489057, 0.8606897
47.92399, 0.7515384, 0.8513849
47.93486, 0.7332397, 0.8423888
47.94616, 0.7188296, 0.83358
47.95737, 0.6972121, 0.8254074
47.96817, 0.679036, 0.8166824
47.97937, 0.670477, 0.8081102
47.99112, 0.6669508, 0.7998285
48.00184, 1.321758, 0.8139196
48.01269, 1.758258, 0.843442
48.02446, 1.826053, 0.8753935
48.03481, 1.869313, 0.9095905
48.04581, 0.5841675, 0.9013883
48.057, 0.9951442, 0.9067482
48.06821, 0.7111475, 0.902742
48.07942, 0.692416, 0.8973909
48.0909, 1.300371, 0.9120181
48.10144, 0.8980481, 0.9121258
48.11242, 0.8561692, 0.9099484
48.12367, 0.8191125, 0.9070231
48.13491, 0.792191, 0.9044501
48.14586, 0.7752922, 0.9027907
48.15709, 0.7691104, 0.9013956
48.16859, 0.7536076, 0.899551
48.17989, 0.7583951, 0.8982092
48.19069, 0.7625371, 0.8971288
48.2016, 0.7825257, 0.8973024
48.21273, 0.7723202, 0.8977699
48.22406, 0.8087665, 0.9005104
48.23537, 0.9478967, 0.9073607
48.24631, 0.8048959, 0.9092271
48.43102, 0.9463707, 0.9157215
48.44212, 1.057838, 0.9265414
48.45317, 1.135014, 0.9404142
48.4651, 1.127744, 0.9547652
48.47593, 1.551471, 0.9838464
48.48668, 1.521834, 1.012225
48.49881, 1.802751, 1.050085
48.51006, 1.743096, 1.064129
48.52086, 1.724105, 1.062991
48.53194, 1.802495, 1.062206
48.54297, 1.894137, 1.063033
48.55502, 1.916932, 1.107459
48.5672, 1.772155, 1.133359
48.57882, 1.544933, 1.161152
48.59117, 1.516977, 1.188637
48.60224, 1.497746, 1.195217
48.61472, 1.521718, 1.216005
48.62476, 1.559921, 1.239464
48.63527, 1.689553, 1.268479
48.64615, 1.716494, 1.299289
48.65796, 1.881686, 1.336169
48.66788, 1.989678, 1.376854
48.68005, 1.888703, 1.41469
48.69228, 2.004759, 1.456236
48.70407, 1.902695, 1.494241
48.71392, 2.1676, 1.54041
48.72451, 2.309265, 1.591642
48.73524, 2.732936, 1.655781
48.74707, 2.760154, 1.71619
48.75802, 3.098064, 1.792628
48.76882, 6.912826, 1.99151
48.78016, 7.825769, 2.217108
49.04177, 7.627666, 2.433529
49.05309, 7.519134, 2.646576
49.06416, 6.891258, 2.824569
49.07553, 7.764201, 3.032647
49.08695, 7.527639, 3.223477
49.10008, 8.482892, 3.448137
49.17566, 9.928386, 3.721613
49.18699, 9.849489, 3.989846
49.19913, 8.692123, 4.216446
49.20988, 8.396188, 4.432421
49.22216, 8.394553, 4.653168
49.23217, 9.288857, 4.911299
49.24403, 8.053729, 5.12919
49.25588, 9.06443, 5.381413
49.26633, 8.799859, 5.624018
49.27799, 9.310645, 5.882375
49.28912, 9.880639, 6.155411
49.37875, 9.113292, 6.401971
49.38936, 8.851876, 6.634311
49.40042, 6.979762, 6.800647
49.41164, 6.981174, 6.970397
49.42288, 9.445876, 7.218434
49.43414, 8.692364, 7.444756
49.44633, 8.452351, 7.654248
49.45694, 8.135922, 7.84847
49.46724, 7.758297, 8.015982
49.47879, 7.885743, 8.186834
49.48997, 7.516276, 8.334108
49.50138, 7.895908, 8.366878
49.51308, 8.141299, 8.377396
49.52324, 7.963756, 8.388598
49.62397, 3.762569, 8.263379
49.63561, 4.767302, 8.192581
49.64769, 3.075163, 8.03628
49.65903, 4.396418, 7.931906
49.67025, 4.679053, 7.805111
49.68238, 6.748867, 7.699127
49.69399, 6.816025, 7.598012
49.70527, 6.700006, 7.531608
49.71629, 8.486964, 7.534634
49.7267, 8.237606, 7.529403
49.73832, 8.492185, 7.502847
49.7498, 8.895673, 7.530912
49.76218, 8.193773, 7.50189
49.77446, 8.061405, 7.477274
49.78577, 7.300662, 7.410275
49.79639, 7.183566, 7.320373
49.80743, 7.459424, 7.265244
49.82082, 8.287041, 7.246416
49.98533, 3.012082, 7.11416
49.99657, 5.356387, 7.06
50.00788, 3.233888, 6.852934
50.02068, 5.11571, 6.733712
50.03189, 5.845294, 6.64681
50.04263, 5.467258, 6.557854
50.05381, 5.404935, 6.479409
50.06482, 5.663328, 6.405328
50.07504, 6.799435, 6.381433
50.08622, 5.769956, 6.310569
50.09696, 5.863954, 6.234657
50.10757, 6.512196, 6.186272
50.11969, 9.037561, 6.362105
50.1351, 8.482991, 6.485961
50.1461, 7.93049, 6.647805
50.15807, 6.815001, 6.728425
50.16825, 6.464305, 6.787933
50.18014, 6.419579, 6.776957
50.19107, 6.312782, 6.760182
50.20115, 5.847804, 6.731775
50.21193, 5.651649, 6.637265
50.22377, 6.207749, 6.569602
50.2352, 6.557496, 6.505113
50.24656, 6.490585, 6.424943
50.25802, 7.863156, 6.413923
50.26953, 7.077128, 6.381114
50.28023, 6.771215, 6.363465
50.2911, 2.127417, 6.194927
50.31491, 7.439559, 6.194265
50.32485, 3.820684, 6.045386
50.35653, 4.883683, 6.107772
50.36734, 5.267312, 6.104804
50.37701, 4.519957, 6.147673
50.38785, 4.358917, 6.122446
50.40021, 5.141023, 6.09897
50.41102, 6.015386, 6.117241
50.42291, 6.661236, 6.159118
50.43387, 6.493937, 6.186805
50.44538, 5.720508, 6.150841
50.45475, 5.892212, 6.154916
50.46628, 6.643617, 6.180905
50.47817, 7.365804, 6.209358
50.488, 5.892392, 6.104519
50.49877, 7.231723, 6.06281
50.5098, 7.826023, 6.059328
50.52115, 7.137411, 6.070075
50.53204, 7.601875, 6.107993
50.59743, 9.597986, 6.21394
50.6306, 8.561938, 6.288912
50.64117, 9.291073, 6.403687
50.67477, 9.062139, 6.517371
50.68661, 8.865157, 6.605951
50.69991, 6.469538, 6.603019
50.71165, 6.684013, 6.609467
50.72289, 7.598829, 6.600656
50.73401, 8.480664, 6.64744
50.74504, 7.966642, 6.687288
50.7561, 7.766435, 6.875256
50.76691, 7.951243, 6.892312
50.77817, 8.091326, 7.034667
50.78823, 7.932524, 7.136295
50.79903, 7.666071, 7.216254
50.81033, 7.6166, 7.319475
50.82201, 8.251248, 7.44922
50.83347, 7.93279, 7.542279
50.85527, 8.846385, 7.636645
50.86667, 7.346037, 7.659472
50.87778, 7.346816, 7.687901
50.8898, 8.448769, 7.778844
50.93378, 7.78076, 7.841795
50.94616, 7.017806, 7.854269
50.96225, 6.407921, 7.82234
50.97297, 6.331174, 7.836966
50.98435, 7.171916, 7.834972
50.99498, 7.27242, 7.816519
51.00591, 7.044256, 7.813414
51.01595, 6.658408, 7.781964
51.02838, 3.697394, 7.585277
51.03898, 4.109122, 7.43685
51.04989, 3.717105, 7.251051
51.06105, 4.360041, 7.094315
51.0723, 9.444656, 7.113631
51.08292, 4.097486, 7.034563
51.09431, 4.809462, 6.972077
51.10588, 3.431425, 6.833164
51.11731, 3.527372, 6.668054
51.12825, 3.785048, 6.528668
51.14024, 4.125397, 6.4073
51.15111, 3.972, 6.274658
51.16177, 3.916836, 6.135509
51.17373, 3.858563, 5.99971
51.18473, 5.376477, 5.92339
51.19598, 5.148091, 5.841106
51.20687, 5.282942, 5.742163
51.21822, 5.691185, 5.667442
51.22961, 4.852742, 5.53432
51.24032, 5.062704, 5.458209
51.2538, 4.66408, 5.368784
51.2644, 5.112399, 5.257573
51.27567, 4.510842, 5.148575
51.2854, 6.463197, 5.130088
51.29623, 9.818971, 5.24379
51.3069, 6.081101, 5.235454
51.31822, 8.919258, 5.293699
51.36246, 7.947563, 5.316203
51.37392, 5.861301, 5.276772
51.38504, 4.233376, 5.195938
51.39576, 4.040815, 5.207385
51.40762, 4.215811, 5.210942
51.41894, 3.972625, 5.219459
51.43074, 3.67799, 5.196724
51.44153, 3.892257, 5.011644
51.45339, 3.425395, 4.989241
51.46371, 3.324431, 4.93974
51.47461, 2.103693, 4.895483
51.48574, 2.670314, 4.866914
51.49745, 2.878982, 4.836711
51.50813, 2.221657, 4.773254
51.51852, 2.719685, 4.73151
51.53107, 2.276946, 4.676847
51.5416, 3.07594, 4.650759
51.55131, 2.232222, 4.545951
51.56234, 2.570293, 4.460024
51.57336, 2.631042, 4.371628
51.58477, 4.417203, 4.329162
51.5959, 3.23971, 4.275395
51.60678, 3.254838, 4.215132
51.61793, 7.03301, 4.294097
51.62923, 9.188276, 4.42996
51.64076, 8.042406, 4.547678
51.65238, 6.993779, 4.565364
51.66349, 3.782448, 4.364147
51.67502, 3.190285, 4.267786
51.68652, 2.702129, 4.060549
51.69784, 2.293712, 3.872087
51.70948, 2.175619, 3.749231
51.72071, 2.580728, 3.694143
51.73227, 2.159989, 3.631448
51.74385, 2.147369, 3.5625
51.75526, 3.6905, 3.553096
51.76682, 2.458998, 3.512463
51.77822, 2.427407, 3.463635
51.78929, 3.267923, 3.458386
51.80428, 3.612495, 3.467988
51.81583, 3.597297, 3.517775
51.82564, 4.140615, 3.566785
51.83799, 3.185935, 3.577017
51.84841, 4.699452, 3.65961
51.85855, 8.613644, 3.856075
51.86996, 2.87973, 3.876168
51.88021, 2.366896, 3.852533
51.89079, 2.5142, 3.861932
51.89999, 3.002095, 3.876326
51.91045, 3.303693, 3.898748
51.92155, 2.949824, 3.849835
51.93167, 3.052822, 3.843605
51.94141, 3.120264, 3.839119
51.95173, 2.726786, 3.695579
51.96255, 4.053167, 3.524408
51.97369, 5.662307, 3.445072
51.9845, 6.560327, 3.430623
52.01798, 5.398835, 3.484503
52.02914, 7.298544, 3.621445
52.04019, 8.172226, 3.803781
52.35413, 7.532104, 3.978394
52.36538, 3.810566, 4.032893
52.38835, 5.383235, 4.126309
52.40488, 7.85799, 4.316243
52.41689, 3.853844, 4.373125
52.42897, 2.171155, 4.32248
52.44028, 3.261677, 4.349236
52.45102, 2.160782, 4.340348
52.46205, 0.9487513, 4.263042
52.47374, 1.124938, 4.180124
52.48494, 1.004589, 4.0937
52.50233, 0.9296726, 3.986669
52.51283, 0.806444, 3.907352
52.52381, 0.8622674, 3.779446
52.53505, 0.9122134, 3.522732
52.54696, 0.9750851, 3.459243
52.55807, 1.056697, 3.41557
52.57019, 1.109595, 3.36875
52.58205, 1.1021, 3.305417
52.59193, 1.042798, 3.230053
52.60381, 1.045665, 3.166581
52.61595, 1.139985, 3.10282
52.62564, 1.163634, 3.037599
52.63771, 1.16814, 2.985645
52.64775, 1.135505, 2.888389
52.65875, 0.9689416, 2.731944
52.66994, 0.9145715, 2.543752
52.68202, 0.8677605, 2.392716
52.69215, 0.8780231, 2.178699
52.70423, 0.8770645, 1.935526
52.71524, 0.9207247, 1.715147
52.72649, 0.9152077, 1.618635
52.73793, 0.9631583, 1.471299
52.74931, 1.221138, 1.250071
52.76179, 1.310955, 1.165308
52.91725, 0.8937839, 1.122729
52.92875, 0.8752345, 1.043181
52.94028, 0.8474898, 0.9994043
52.95176, 0.833764, 0.9955713
52.96248, 0.845701, 0.9862634
52.97377, 0.8239641, 0.9802426
52.98825, 0.8312226, 0.9769609
52.99939, 0.8826214, 0.9795001
53.01057, 0.8885678, 0.9803768
53.02314, 0.8831722, 0.9794088
53.03378, 0.9334114, 0.9780197
53.04342, 0.9653713, 0.9749755
53.05522, 0.9617789, 0.9700483
53.0652, 1.007983, 0.9669111
53.0749, 1.050022, 0.9671518
53.08619, 1.0324, 0.9667097
53.09746, 1.033277, 0.9631527
53.10688, 0.5828746, 0.943794
53.11769, 0.6840612, 0.927658
53.12934, 0.8250992, 0.9173111
53.14091, 0.8006111, 0.9117002
53.15063, 1.030845, 0.915576
53.16191, 1.077934, 0.9225818
53.17294, 1.37904, 0.9392824
53.18377, 1.432735, 0.9578047
53.19513, 1.450551, 0.9754656
53.20602, 1.471197, 0.9939986
53.21753, 1.545341, 1.013405
53.2285, 1.445017, 1.020867
53.23966, 1.308165, 1.020774
53.25117, 1.298083, 1.034251
53.26374, 1.309932, 1.048741
53.27473, 0.9285812, 1.051444
53.28561, 0.9260638, 1.054521
53.29752, 0.9492591, 1.057973
53.31022, 0.6735922, 1.05296
53.32176, 0.6698413, 1.047581
53.33219, 0.6320118, 1.039227
53.34399, 0.6170787, 1.030178
53.35611, 0.6270734, 1.021641
53.36749, 0.5033851, 1.007307
53.37924, 0.4802086, 0.9911348
53.39032, 0.5200357, 0.97641
53.40154, 0.5281494, 0.9604155
53.41465, 0.6926955, 0.9485046
53.4253, 0.5540892, 0.9325609
53.43731, 1.193322, 0.9378957
53.61171, 1.521072, 0.969169
53.62232, 1.327323, 0.9906111
53.63299, 1.581937, 1.015839
53.64549, 1.85018, 1.050825
53.6571, 1.67249, 1.072213
53.66723, 1.653315, 1.091392
53.67859, 1.988703, 1.111714
53.68963, 1.920576, 1.127976
53.70005, 1.783692, 1.13908
53.71185, 1.861781, 1.1521
53.72306, 1.886399, 1.163469
53.73471, 1.842677, 1.176724
53.74647, 1.769732, 1.192109
53.75721, 1.652792, 1.203933
53.76734, 1.599503, 1.213585
53.77707, 1.562826, 1.234727
53.78854, 1.626303, 1.258068
53.79919, 1.555538, 1.278277
53.81002, 1.344178, 1.30063
53.81997, 1.440655, 1.326324
53.83141, 1.57475, 1.357749
53.84233, 1.598058, 1.390448
53.85408, 1.525965, 1.420411
53.87035, 1.447511, 1.451882
53.88213, 1.842806, 1.497302
53.89347, 1.72506, 1.537469
53.90496, 1.635177, 1.57437
53.91603, 1.879616, 1.613934
53.9286, 1.837927, 1.656729
53.93917, 1.822359, 1.677697
53.95046, 2.243929, 1.701792
53.96212, 2.172916, 1.729978
53.97301, 2.242968, 1.752013
53.98381, 2.798509, 1.783624
53.99812, 2.558413, 1.813154
54.00904, 3.521207, 1.875417
54.02168, 5.801117, 2.002498
54.03329, 5.389452, 2.118127
54.04437, 6.139585, 2.263324
54.05533, 6.648685, 2.422887
54.06631, 8.636481, 2.64789
54.07727, 6.978509, 2.819084
54.08854, 5.346527, 2.938311
54.099, 9.609032, 3.203519
54.11323, 3.748267, 3.275144
54.12421, 7.148796, 3.461343
54.14701, 8.986466, 3.706682
54.15812, 8.815422, 3.948678
54.16899, 3.947278, 4.035448
54.18145, 5.234754, 4.161918
54.19249, 4.325052, 4.253595
54.39874, 1.642946, 4.255091
54.40913, 3.287213, 4.313799
54.42159, 2.717034, 4.356117
54.43224, 2.324195, 4.372163
54.44414, 2.833659, 4.409116
54.45514, 2.93205, 4.452345
54.46604, 5.580899, 4.575721
54.4782, 4.569228, 4.666765
54.49032, 5.161213, 4.77806
54.5001, 5.446321, 4.884806
54.51249, 4.015981, 4.946242
54.52456, 3.941962, 5.002875
54.53621, 4.328054, 5.053859
54.54786, 4.460357, 5.117258
54.55958, 4.433108, 5.147654
54.57096, 4.240649, 5.095639
54.5823, 3.165529, 5.021508
54.59306, 3.897405, 4.946768
54.60377, 4.375602, 4.870999
54.61549, 6.427705, 4.797373
54.62606, 7.370734, 4.810447
54.63843, 8.987412, 4.931809
54.64952, 4.346072, 4.756377
54.66093, 3.926879, 4.762331
54.67311, 2.874552, 4.619857
54.68864, 2.746689, 4.411864
54.70078, 2.763541, 4.210135
54.71187, 2.152586, 4.150311
54.72488, 5.575589, 4.161673
54.73774, 4.434978, 4.165337
54.74809, 7.374359, 4.356384
54.77974, 7.742373, 4.504889
54.79021, 7.849977, 4.675987
54.89186, 8.771703, 4.890904
54.91392, 8.021604, 5.063835
54.94613, 8.14514, 5.237605
54.95722, 7.059289, 5.286885
54.96722, 7.15671, 5.373134
54.97819, 5.61136, 5.388139
54.99067, 4.150871, 5.344957
55.00243, 4.097254, 5.347666
55.01334, 4.314842, 5.360096
55.02542, 4.16938, 5.354806
55.03799, 5.232479, 5.380544
55.04929, 7.93849, 5.49739
55.0602, 7.522267, 5.606778
55.07226, 6.898426, 5.731207
55.0831, 8.018287, 5.86857
55.09496, 8.805059, 6.016219
55.10683, 8.516989, 6.085861
55.11768, 6.920705, 6.07086
55.12967, 6.5605, 5.989963
55.14006, 6.936212, 6.076302
55.15222, 7.754163, 6.203878
55.16318, 8.076966, 6.377291
55.17429, 7.994862, 6.55223
55.18537, 8.138736, 6.731404
55.19727, 8.56031, 6.944994
55.20882, 5.200197, 6.932481
55.2243, 7.332403, 7.029061
55.23526, 7.151781, 7.021642
55.24937, 4.749315, 6.921874
55.26022, 4.48229, 6.809617
55.27131, 4.557543, 6.669145
55.28234, 3.620599, 6.522445
55.29351, 3.371393, 6.36332
55.30429, 3.092301, 6.231087
55.31489, 3.363691, 6.104653
55.32521, 2.991049, 6.01731
55.33588, 3.217798, 5.986207
55.34788, 3.71705, 5.973534
55.36018, 3.349857, 5.941368
55.37178, 3.208933, 5.909354
55.38139, 4.599566, 5.888257
55.39169, 4.89429, 5.786783
55.40186, 4.889081, 5.69901
55.41269, 7.241121, 5.710433
55.5161, 7.289553, 5.686142
55.52768, 6.910706, 5.622998
55.53966, 6.580431, 5.558446
55.54949, 6.476403, 5.543636
55.56134, 5.613018, 5.512053
55.67165, 0, 5.280846
56.54552, 3.365011, 5.134541
56.55676, 4.059652, 5.00063
56.56811, 6.121413, 4.938182
56.57819, 8.314202, 4.944031
56.58968, 6.19337, 4.865134
56.60079, 6.387161, 4.904699
56.61191, 5.061368, 4.828998
56.6218, 9.554008, 4.909072
56.65202, 5.194879, 4.923925
56.66431, 5.935843, 4.972376
56.67492, 6.759413, 5.045772
56.68622, 5.5269, 5.109315
56.69776, 4.263477, 5.139051
56.78519, 8.421695, 5.316698
56.79706, 9.33156, 5.515626
56.80766, 7.995825, 5.682452
56.86327, 5.40931, 5.755503
56.87685, 3.831923, 5.759332
56.88787, 4.248175, 5.789276
56.89919, 4.751525, 5.840695
56.91097, 4.661112, 5.842747
56.92196, 4.501982, 5.82967
56.93246, 5.195165, 5.839873
56.94352, 3.275197, 5.707675
56.95334, 3.440376, 5.579369
56.96464, 3.028524, 5.449963
56.97435, 2.940021, 5.328616
56.98531, 3.073345, 5.21518
56.99717, 3.073444, 5.130528
57.00865, 3.046453, 5.232076
57.01896, 3.099454, 5.223224
57.03127, 3.004416, 5.18805
57.04231, 3.135865, 5.088531
57.05288, 3.209129, 4.918362
57.06535, 3.154394, 4.817062
57.07655, 3.675225, 4.726665
57.08793, 3.78689, 4.684182
57.09848, 5.445706, 4.547239
57.10863, 5.585374, 4.560256
57.11949, 5.12965, 4.533383
57.13056, 3.34666, 4.419624
57.15208, 4.395092, 4.381897
57.16353, 5.422603, 4.420535
57.17497, 5.322736, 4.317237
57.18582, 4.935646, 4.170707
57.19651, 3.44313, 4.01895
57.20779, 3.097613, 3.941894
57.2187, 1.260471, 3.856178
57.23107, 1.436903, 3.762469
57.24241, 2.010173, 3.671091
57.25448, 2.48613, 3.598591
57.26553, 1.477944, 3.49779
57.27662, 1.572727, 3.377042
57.28823, 2.001572, 3.334588
57.29901, 1.458287, 3.268518
57.31025, 1.506532, 3.217785
57.32076, 1.035849, 3.154313
57.33213, 1.125676, 3.08939
57.34316, 1.056894, 3.022172
57.35466, 0.9941245, 2.953761
57.36554, 1.032218, 2.884853
57.37509, 1.033395, 2.819152
57.38643, 1.030234, 2.748965
57.39807, 1.071145, 2.677699
57.40971, 1.067541, 2.608137
57.42074, 1.046975, 2.520528
57.43127, 1.049576, 2.429285
57.44192, 1.02359, 2.281881
57.45284, 1.005089, 2.129205
57.4657, 0.9811997, 1.990923
57.47731, 0.963466, 1.911483
57.4882, 1.010175, 1.798653
57.49964, 0.9491273, 1.649537
57.51067, 0.9811811, 1.504818
57.52163, 0.9498617, 1.371959
57.53257, 0.9634274, 1.289302
57.54365, 0.9656229, 1.218236
57.55841, 0.9359382, 1.207418
57.56926, 0.9461742, 1.19106
57.5806, 0.9435802, 1.155507
57.59163, 0.8965394, 1.102521
57.6025, 0.8414229, 1.081303
57.61348, 0.8753682, 1.058058
57.62506, 0.9820474, 1.024074
57.63596, 0.8810152, 1.004832
57.64805, 0.8358446, 0.9824755
57.66027, 0.8422494, 0.9760222
57.67115, 0.8447598, 0.9666584
57.6821, 0.8435654, 0.9595473
57.69315, 0.8465871, 0.9546294
57.70437, 0.8390552, 0.9481906
57.71502, 0.8415563, 0.941796
57.72625, 0.8372599, 0.9353635
57.73753, 0.8331196, 0.9274293
57.74845, 0.8216476, 0.9192329
57.76021, 0.8458009, 0.912527
57.77072, 0.8323205, 0.9052852
57.78201, 0.8440791, 0.8993015
57.79367, 0.8305912, 0.893485
57.80386, 0.8391619, 0.8887504
57.81525, 0.9290628, 0.8876036
57.82696, 0.9640719, 0.8860667
57.83802, 1.054815, 0.8895897
57.84937, 0.9695868, 0.8892033
57.85985, 1.001184, 0.890914
57.87205, 0.977428, 0.8913807
57.88323, 0.9504235, 0.8908741
57.89361, 0.9380946, 0.890946
57.90379, 0.9440386, 0.8908748
57.91501, 0.9235826, 0.8902082
57.92598, 0.9144238, 0.8908043
57.9374, 0.8740699, 0.8918925
57.94821, 0.8424027, 0.8907937
57.95972, 0.8284501, 0.8856737
57.97192, 0.8415643, 0.8843586
57.98297, 0.8317307, 0.8842215
57.99412, 0.812521, 0.8832306
58.00625, 0.8025446, 0.8818234
58.01583, 0.8024625, 0.8804533
58.02683, 0.7876782, 0.8784897
58.03889, 0.7981927, 0.8771276
58.05144, 0.8146518, 0.8762308
58.06296, 0.8445606, 0.8764741
58.07387, 0.8151833, 0.8758762
58.08976, 0.8016031, 0.8752081
58.10077, 0.7669496, 0.8725797
58.11332, 0.777921, 0.8707664
58.12368, 0.774478, 0.8684464
58.13588, 0.7672707, 0.8663357
58.1479, 0.7981287, 0.8649679
58.15814, 0.8012441, 0.8607073
58.16935, 0.8430653, 0.8566738
58.17908, 0.8768257, 0.8507407
58.19039, 0.8838419, 0.8478826
58.20186, 1.251642, 0.8562312
58.2134, 1.2735, 0.8661003
58.22448, 1.302169, 0.8778251
58.23693, 1.294991, 0.8897216
58.24819, 1.232299, 0.8993303
58.25876, 0.7729165, 0.8943081
58.26784, 0.7569023, 0.8890575
58.27906, 0.7492406, 0.8848965
58.29036, 0.7291418, 0.8811211
58.29982, 0.730714, 0.8778633
58.31171, 0.731566, 0.8741967
58.3227, 0.7195756, 0.8704582
58.33529, 0.7220643, 0.867443
58.34506, 0.7267468, 0.8649165
58.35604, 0.7618768, 0.8635637
58.36704, 0.7410957, 0.862011
58.37717, 0.8093368, 0.8623825
58.40749, 0.8912465, 0.8649356
58.41743, 0.7483331, 0.861728
58.42921, 0.7308595, 0.8589172
58.44035, 0.9639177, 0.8643277
58.45201, 1.410365, 0.8857749
58.46422, 1.268475, 0.9021267
58.47435, 2.347739, 0.9545687
58.4858, 1.756849, 0.9875546
58.49799, 1.67301, 1.016717
58.50932, 1.477406, 1.039256
58.51974, 1.557066, 1.063056
58.52983, 1.657691, 1.089085
58.53983, 2.272744, 1.135382
58.55201, 2.57584, 1.179522
58.56434, 3.392417, 1.250152
58.57495, 2.363479, 1.285529
58.58555, 2.517014, 1.326263
58.59914, 4.382975, 1.431286
58.6104, 4.505671, 1.555711
58.62383, 3.480114, 1.646485
58.63514, 3.930589, 1.75253
58.64687, 4.003231, 1.861666
58.65738, 4.268188, 1.979582
58.66904, 2.511507, 2.038913
58.68002, 2.668934, 2.103892
58.69119, 2.112603, 2.150243
58.70197, 2.121586, 2.196738
58.71309, 2.387554, 2.250927
58.72318, 1.656714, 2.281448
58.73528, 2.062651, 2.323225
58.74698, 3.454805, 2.408677
58.75774, 1.898806, 2.447026
58.76936, 0, 2.422664
58.92566, 3.192244, 2.496941
58.93674, 3.79369, 2.576386
58.94812, 2.571438, 2.619818
58.96068, 2.285229, 2.617734
58.97217, 2.837245, 2.653747
58.98335, 2.734426, 2.689128
58.99506, 2.65083, 2.728242
59.0061, 2.641172, 2.764379
59.01766, 2.655056, 2.797624
59.02783, 2.669916, 2.810863
59.03928, 3.116316, 2.828879
59.05011, 3.294013, 2.825599
59.06214, 3.589619, 2.866471
59.07318, 4.124809, 2.920064
59.08417, 3.521808, 2.891358
59.09513, 3.869372, 2.870148
59.65021, 6.931617, 2.985198
59.66196, 4.782515, 3.013596
59.70635, 8.043663, 3.148277
59.71791, 8.053198, 3.274444
59.72878, 7.508128, 3.440998
59.74009, 8.357431, 3.630615
59.75138, 8.230914, 3.834558
59.76283, 8.174787, 4.036332
59.77425, 7.855927, 4.218611
59.78479, 7.740304, 4.421398
59.79688, 7.578672, 4.605265
59.80766, 9.159333, 4.795416
59.85556, 8.412704, 5.012546
59.86597, 8.076071, 5.281748
59.87736, 8.875991, 5.471207
59.88806, 7.936767, 5.609309
59.89914, 6.33357, 5.734714
59.91023, 5.529634, 5.84286
59.92167, 3.776781, 5.874178
59.93409, 3.885604, 5.912551
59.945, 3.686066, 5.947059
59.95474, 3.750178, 5.984025
59.96609, 3.709413, 6.019171
59.97801, 3.865967, 6.059039
59.9886, 3.822721, 6.082586
59.99882, 4.188891, 6.112415
60.00872, 4.137451, 6.130676
60.01975, 4.423059, 6.140618
60.03002, 9.324734, 6.33405
60.25814, 4.671883, 6.3608
60.26966, 6.045866, 6.331275
60.29146, 3.234078, 6.279661
60.30286, 3.0291, 6.112508
60.3139, 4.83512, 6.005239
60.32497, 4.914745, 5.918793
60.33601, 4.705149, 5.79705
60.3474, 4.331278, 5.667062
60.35998, 4.344388, 5.539382
60.37102, 4.275255, 5.420027
60.38197, 4.549535, 5.313667
60.39317, 4.534152, 5.212183
60.40689, 4.717385, 5.064118
60.41822, 4.90893, 4.947326
60.43029, 5.01514, 4.845295
60.43994, 7.190846, 4.789124
60.44997, 8.633883, 4.812361
60.46118, 7.999812, 4.867902
60.47166, 7.185288, 4.92309
60.48328, 5.34742, 4.975446
60.49464, 4.515404, 4.996439
60.50565, 4.24251, 5.014987
60.5178, 3.982338, 5.022726
60.52819, 3.713964, 5.022878
60.53926, 3.25509, 5.002515
60.55028, 3.236117, 4.982962
60.56232, 3.593034, 4.963099
60.5724, 3.277141, 4.934423
60.58365, 3.131853, 4.891382
60.59509, 3.095472, 4.68374
60.60565, 3.075389, 4.630524
60.6166, 2.943627, 4.527116
60.62822, 2.977181, 4.518553
60.63894, 3.342899, 4.529013
60.6509, 3.160334, 4.473187
60.66164, 3.36183, 4.421423
60.6773, 3.635762, 4.385776
60.689, 3.348157, 4.353005
60.69905, 3.776227, 4.334067
60.70906, 4.069792, 4.327218
60.7215, 3.897834, 4.305495
60.7309, 4.144893, 4.29252
60.74223, 4.547067, 4.286842
60.75434, 4.629403, 4.277525
60.76493, 6.762852, 4.335782
60.77668, 6.847813, 4.324347
60.78808, 5.225262, 4.210727
60.79908, 5.459946, 4.126065
60.81131, 4.238755, 4.027847
60.82212, 6.940502, 4.08095
60.8344, 5.851065, 4.125472
60.84603, 6.490926, 4.200419
60.85685, 5.82206, 4.261744
60.86841, 6.235081, 4.345781
60.87942, 6.639123, 4.458582
61.21333, 4.451263, 4.499087
61.22472, 4.154934, 4.517817
61.23568, 4.812605, 4.569
61.25769, 7.575421, 4.717119
61.26912, 8.612172, 4.901009
61.28019, 4.301541, 4.94188
61.29107, 4.102253, 4.980501
61.30278, 4.693002, 5.037695
61.31358, 5.955379, 5.124778
61.32461, 5.587555, 5.205685
61.33711, 5.590471, 5.279973
61.34801, 5.507592, 5.342368
61.35987, 4.576648, 5.383317
61.37128, 3.802286, 5.384186
61.41531, 4.33215, 5.392931
61.4272, 6.088945, 5.465968
61.44925, 5.636081, 5.515674
61.46122, 5.100559, 5.534124
61.48374, 8.898249, 5.676419
61.49487, 6.484277, 5.667133
61.50628, 5.741715, 5.630263
61.51804, 6.654579, 5.677907
61.52902, 7.52591, 5.746772
61.5407, 9.607699, 5.925737
61.57533, 9.998426, 6.027668
61.58704, 9.85635, 6.161178
61.68287, 0.7075084, 5.968397
61.69445, 0.7185412, 5.798279
61.70525, 0.6675016, 5.612693
61.71659, 0.691594, 5.414442
61.72778, 0.8347504, 5.293891
61.73852, 0.8910223, 5.185094
61.7496, 0.8336344, 5.052462
61.76077, 0.7987882, 4.826574
61.77233, 0.7375811, 4.564087
61.78289, 1.015962, 4.454568
61.79569, 0.9933013, 4.350936
61.80622, 0.9957035, 4.227693
61.81794, 0.9491642, 4.060819
61.82896, 0.9460527, 3.906102
61.83919, 0.9783207, 3.752364
61.85092, 0.951625, 3.600498
61.86311, 0.9566334, 3.479831
61.87413, 0.8878633, 3.382684
61.88486, 0.8301573, 3.265951
61.89613, 0.8189827, 3.090286
61.90693, 0.7957585, 2.928942
61.91914, 0.846062, 2.787125
61.93004, 0.829335, 2.518162
61.94112, 0.8441069, 2.330156
61.95196, 0.8399283, 2.166763
61.96334, 0.9411247, 1.976315
62.35078, 3.334862, 1.836613
62.40667, 2.077379, 1.585603
62.41905, 2.34018, 1.330328
62.4304, 1.768956, 1.060748
62.44097, 1.760882, 1.09586
62.45174, 1.80537, 1.132088
62.46285, 2.036556, 1.177723
62.47369, 2.183521, 1.227454
62.48591, 2.32667, 1.277185
62.4971, 2.54325, 1.332259
62.50686, 2.786163, 1.397343
62.51802, 2.767411, 1.462964
62.52948, 2.929852, 1.53604
62.54105, 2.859293, 1.597484
62.55314, 2.468915, 1.646671
62.56301, 2.751417, 1.705195
62.57532, 2.412249, 1.753965
62.58513, 2.334546, 1.800248
62.59739, 2.615413, 1.854818
62.60714, 2.689001, 1.91273
62.61838, 2.850956, 1.975874
62.6301, 3.173053, 2.052047
62.64014, 3.681792, 2.147102
62.6516, 5.247622, 2.294723
62.66235, 4.948507, 2.433148
62.67342, 4.066946, 2.540511
62.6846, 4.59691, 2.666096
62.69601, 5.313697, 2.815083
62.70698, 4.20462, 2.927239
62.72105, 4.02508, 3.030037
62.73167, 3.715319, 3.042719
62.74133, 3.487745, 3.089732
62.75238, 3.298551, 3.121677
62.76328, 2.926345, 3.160257
62.77557, 2.824101, 3.195698
62.7872, 2.751282, 3.227228
62.79852, 2.624411, 3.246824
62.80957, 2.538042, 3.258641
62.82022, 2.560957, 3.266451
62.83112, 2.411605, 3.262063
62.84314, 2.435588, 3.250377
62.85398, 2.383877, 3.237592
62.86462, 2.163999, 3.212064
62.87542, 2.066679, 3.185643
62.88702, 2.052027, 3.171747
62.89922, 1.898972, 3.143332
62.91135, 1.883345, 3.125702
62.92229, 1.865893, 3.11008
62.93562, 1.908592, 3.086519
62.94722, 1.937133, 3.061457
62.95805, 3.240096, 3.074428
62.97035, 1.616419, 3.022541
62.98105, 2.059135, 2.968452
62.99328, 1.306415, 2.837078
63.00549, 2.056729, 2.740686
63.01613, 2.321314, 2.682498
63.02808, 1.677737, 2.585192
63.0396, 2.550158, 2.493074
63.05005, 2.641078, 2.440956
63.06194, 2.630228, 2.394461
63.07268, 2.619757, 2.357942
63.08388, 2.666968, 2.330583
63.09511, 2.704915, 2.310795
63.10569, 2.404706, 2.293407
63.11774, 2.502347, 2.282682
63.12895, 2.579958, 2.276971
63.13987, 2.543559, 2.274276
63.14986, 2.49236, 2.272753
63.16174, 2.509391, 2.271034
63.17342, 2.20536, 2.26416
63.18494, 2.129281, 2.253949
63.19619, 1.481124, 2.223858
63.2067, 2.248147, 2.226662
63.21911, 2.095052, 2.227608
63.23043, 1.635356, 2.213719
63.24183, 1.40834, 2.197365
63.25377, 0.7529202, 2.159684
63.26476, 0.8105689, 2.124506
63.28077, 0.7761728, 2.086759
63.2914, 1.230616, 2.063209
63.30296, 0.8422492, 1.98328
63.31371, 1.206315, 1.96961
63.32428, 0.596962, 1.920871
63.33588, 0.3393274, 1.888635
63.34678, 0.8180884, 1.847347
63.35675, 0.8154165, 1.79715
63.369, 0.8269934, 1.768792
63.37981, 0.7763401, 1.709665
63.39162, 0.7766976, 1.647519
63.40195, 0.7724819, 1.585594
63.41246, 0.7608416, 1.52363
63.42357, 0.7409215, 1.459429
63.43475, 0.7395904, 1.393918
63.44682, 0.7030578, 1.337196
63.45864, 0.6862691, 1.27666
63.47058, 0.6401191, 1.211999
63.48168, 0.6332473, 1.148322
63.49417, 0.6056566, 1.085432
63.50467, 0.6161856, 1.022325
63.51521, 0.621489, 0.969529
63.52626, 0.6210636, 0.9192551
63.53869, 0.5951685, 0.8897232
63.55039, 0.6094805, 0.835101
63.56353, 0.6394888, 0.7865822
63.57508, 0.6630844, 0.7541731
63.58767, 0.6681069, 0.7294986
63.59988, 0.6626449, 0.7264894
63.6111, 0.6712429, 0.7218453
63.62225, 0.8343555, 0.7237847
63.63314, 0.7089601, 0.7063962
63.64508, 0.7986898, 0.7049442
63.657, 0.8367374, 0.6926249
63.66784, 0.9255375, 0.7035774
63.68034, 0.8739139, 0.721397
63.69727, 0.8871425, 0.7236988
63.70947, 0.8987719, 0.7264773
63.72206, 0.9779484, 0.7315091
63.73624, 1.050891, 0.7406608
63.7476, 0.9263563, 0.7456495
63.76014, 0.8784292, 0.749181
63.77172, 0.8293077, 0.7514632
63.78295, 0.7297841, 0.751092
63.79366, 0.7404128, 0.7511195
63.80506, 0.7978842, 0.7542803
63.81642, 0.8165706, 0.7586237
63.82799, 0.8403142, 0.7652969
63.8405, 0.8723685, 0.7732676
63.85251, 0.8625494, 0.7818307
63.86405, 0.891744, 0.7910159
63.87554, 0.8885584, 0.7999183
63.88534, 0.8837572, 0.8086748
63.89685, 0.9248127, 0.8196629
63.90891, 0.7459987, 0.8242134
63.92184, 1.091818, 0.8392912
63.93386, 0.6746857, 0.8396779
63.9455, 0.9640623, 0.849543
63.95646, 1.001938, 0.8608528
63.96825, 1.35139, 0.8835244
63.9806, 2.652923, 0.9441433
63.9905, 1.450088, 0.9688476
64.0012, 1.849231, 1.003866
64.01324, 2.802576, 1.069394
64.02584, 2.388542, 1.11816
64.03832, 4.779378, 1.248343
64.07151, 8.611368, 1.505817
64.57122, 8.424081, 1.75666
64.5836, 3.450157, 1.839067
64.59499, 3.152759, 1.90913
64.60601, 2.727936, 1.969182
64.61674, 3.642703, 2.061325
64.62773, 1.5444, 2.085161
64.63889, 1.758633, 2.119456
64.64992, 5.193294, 2.267886
64.66123, 1.730893, 2.298986
64.6731, 1.424886, 2.319263
64.6844, 0.9375749, 2.322505
64.69579, 0.956153, 2.325298
64.7078, 1.246388, 2.338093
64.7205, 1.544171, 2.35984
64.73065, 1.1483, 2.368499
64.74215, 0.9891411, 2.372011
64.75243, 0.8345936, 2.369004
64.76667, 1.093684, 2.380593
64.77782, 0.6338875, 2.365329
64.78803, 0.5469334, 2.361071
64.799, 0.6053979, 2.349115
64.80915, 0.5748488, 2.334879
64.82254, 0.5737172, 2.308957
64.83796, 0.6170813, 2.241095
64.85264, 0.7008961, 2.216122
64.86448, 0.8192577, 2.18179
64.87582, 0.8296764, 2.116026
64.88807, 0.8366045, 2.064295
64.89935, 0.8968276, 1.934877
64.90816, 1.002648, 1.681253
64.91737, 1.011183, 1.434156
64.92726, 1.014589, 1.352971
64.93788, 1.081325, 1.283923
64.95, 1.150864, 1.231354
64.96158, 1.18919, 1.14957
64.97303, 1.231166, 1.139129
64.98489, 1.391026, 1.126875
64.99605, 1.382037, 0.9998335
65.0063, 1.371047, 0.9878387
65.01692, 1.37115, 0.9860475
65.0294, 1.247992, 0.9963948
65.03956, 1.251297, 1.006233
65.05072, 1.479393, 1.014
65.06179, 1.345005, 1.007361
65.07249, 1.391063, 1.015453
65.08386, 1.39048, 1.028831
65.09679, 1.525338, 1.051856
65.10901, 1.523806, 1.066193
65.11993, 1.566312, 1.097274
65.13135, 1.57323, 1.131484
65.14274, 1.557592, 1.163224
65.15444, 1.526772, 1.194955
65.16598, 1.553373, 1.22761
65.17596, 1.487514, 1.256624
65.18685, 1.630298, 1.287604
65.19817, 1.645703, 1.315152
65.20863, 1.650027, 1.342497
65.22078, 1.601634, 1.367998
65.23096, 1.544253, 1.389579
65.24317, 1.158491, 1.394774
65.2549, 0.7560028, 1.386268
65.26614, 0.9107982, 1.382808
65.27776, 0.9106669, 1.37712
65.28924, 0.9790998, 1.371394
65.30108, 0.8778536, 1.361016
65.31161, 0.7836399, 1.346099
65.32272, 1.191291, 1.339441
65.33488, 1.039209, 1.328013
65.34602, 0.9536473, 1.3141
65.35783, 1.170903, 1.307425
65.36806, 1.052301, 1.300902
65.38176, 0.9525014, 1.290942
65.39264, 0.9487299, 1.273253
65.40277, 0.9299411, 1.259418
65.41381, 0.9626144, 1.245136
65.42457, 0.9469257, 1.230351
65.43662, 0.9285841, 1.210459
65.44595, 1.177388, 1.198912
65.45674, 1.031234, 1.181076
65.46864, 1.146421, 1.166849
65.47969, 0, 1.114929
65.63433, 1.491156, 1.113742
65.64506, 1.814508, 1.122447
65.65576, 2.480016, 1.15553
65.66689, 2.791888, 1.19425
65.67898, 2.734267, 1.230535
65.69014, 5.516237, 1.359409
65.70112, 4.320557, 1.45004
65.71194, 3.703379, 1.522011
65.72253, 5.078523, 1.652678
65.73394, 6.337511, 1.838729
65.74457, 7.288023, 2.051303
65.75596, 7.431942, 2.268678
65.7671, 6.597454, 2.455957
65.77906, 5.463798, 2.608822
65.79101, 5.998195, 2.78264
65.80215, 6.092783, 2.946023
65.81353, 5.162111, 3.083453
65.82439, 6.810654, 3.278687
65.83588, 7.843724, 3.501114
65.90384, 9.674488, 3.788521
65.91505, 9.297034, 4.066672
65.92711, 8.775833, 4.327575
66.05942, 5.787747, 4.489502
66.07088, 4.944968, 4.622247
66.08253, 9.807085, 4.917585
66.0951, 8.634425, 5.174447
66.10595, 9.107266, 5.438776
66.11736, 7.822308, 5.665145
66.13039, 7.6316, 5.881318
66.14196, 7.029967, 6.115651
66.15186, 6.574653, 6.2851
66.16312, 6.515584, 6.441803
66.17378, 5.86359, 6.554588
66.18529, 5.588896, 6.647822
66.19633, 6.294816, 6.766507
66.20853, 6.550359, 6.800978
66.22015, 5.425523, 6.83781
66.23131, 4.343874, 6.859159
66.24603, 4.216675, 6.830431
66.26662, 5.499536, 6.802499
66.4441, 6.50282, 6.776326
66.45628, 3.958039, 6.660529
66.4678, 4.353642, 6.585734
66.47893, 4.413127, 6.550713
66.49005, 4.247474, 6.492355
66.50178, 3.581229, 6.408636
66.51266, 4.616401, 6.390445
66.52321, 6.269763, 6.372416
66.53677, 6.385116, 6.323796
66.54686, 5.818821, 6.195273
66.55757, 4.902173, 6.048778
66.56803, 6.241414, 5.964297
66.57918, 8.005738, 6.03823
66.59103, 7.366213, 6.118939
