10.14048, True, 0, 4.43545
10.15518, True, 0, 5.324484
10.16732, True, 0, 5.537881
10.17785, True, 0, 2.635423
10.18677, True, 0, 4.646581
10.1967, True, 0, 4.078908
10.49992, True, 0, 9.191525
10.51092, True, 0, 2.329915
10.52361, True, 0, 3.246252
10.53517, True, 0, 8.251376
10.54546, True, 0, 9.455038
10.55597, True, 0, 3.956492
10.56679, True, 0, 4.316303
10.57824, True, 0, 5.337004
10.58902, True, 0, 5.428272
10.59982, True, 0, 7.998603
10.61117, True, 0, 8.560996
10.62269, True, 0, 7.321967
10.6342, True, 0, 6.005999
10.64534, True, 0, 2.286182
10.65673, True, 0, 3.633188
10.67315, True, 0, 3.118037
10.68499, True, 0, 3.213929
10.71283, True, 0, 3.337579
10.72405, True, 0, 3.037131
10.73495, True, 0, 3.269775
10.74595, True, 0, 3.344032
10.757, True, 0, 3.399378
10.76811, True, 0, 3.279138
10.78271, True, 0, 3.066297
10.79373, True, 0, 3.974932
10.80464, True, 0, 3.140622
10.81599, True, 0, 4.178857
10.84578, True, 0, 6.633014
10.87908, True, 0, 7.865778
10.91598, True, 0, 4.862531
10.92642, True, 0, 2.766777
10.93679, True, 0, 3.442442
10.94936, True, 0, 3.495997
10.95868, True, 0, 5.431405
10.97042, True, 0, 5.487528
10.9817, True, 0, 4.282927
10.99308, True, 0, 4.148534
11.00254, True, 0, 7.190649
11.01306, True, 0, 8.186963
11.0239, True, 0, 6.628177
11.03497, True, 0, 4.901381
11.06827, True, 0, 9.107479
11.1461, True, 0, 9.184976
11.15711, True, 0, 9.569953
11.16856, True, 0, 9.639618
11.17955, True, 0, 9.703623
11.19075, True, 0, 9.95931
11.20191, True, 0, 2.742983
11.2129, True, 0, 5.836694
11.23337, True, 0, 5.165257
11.24626, True, 0, 6.693351
11.25746, True, 0, 5.821784
11.26867, True, 0, 5.102321
11.27988, True, 0, 5.370269
11.29175, True, 0, 4.954307
11.3029, True, 0, 4.770545
11.31853, True, 0, 4.712878
11.32792, True, 0, 4.927774
11.3401, True, 0, 4.993531
11.35104, True, 0, 4.908483
11.37331, True, 0, 8.318502
11.38394, True, 0, 8.358595
11.39341, True, 0, 3.474725
11.40321, True, 0, 6.786285
11.41499, True, 0, 5.049645
11.4249, True, 0, 9.041295
11.43531, True, 0, 7.808898
11.44693, True, 0, 5.966041
11.45844, True, 0, 6.502441
11.469, True, 0, 7.175472
11.4815, True, 0, 8.259674
11.49259, True, 0, 6.847929
11.514, True, 0, 8.621001
11.58003, True, 0, 9.381089
11.59146, True, 0, 5.836263
11.60277, True, 0, 4.909581
11.61348, True, 0, 5.767842
11.62467, True, 0, 5.478854
11.63563, True, 0, 5.256868
11.64675, True, 0, 5.680128
11.65778, True, 0, 6.250429
11.66997, True, 0, 5.979219
11.68268, True, 0, 6.033008
11.69425, True, 0, 7.189395
11.70621, True, 0, 7.078321
11.71691, True, 0, 7.537912
11.72826, True, 0, 6.221075
11.73818, True, 0, 5.269912
11.75033, True, 0, 4.562378
11.78429, True, 0, 4.660336
11.8484, True, 0, 2.136716
11.85943, True, 0, 2.089809
11.8688, True, 0, 2.083609
11.87895, True, 0, 1.945226
11.89013, True, 0, 1.892939
11.90174, True, 0, 1.966163
11.91218, True, 0, 2.040002
11.92357, True, 0, 2.067527
11.93443, True, 0, 2.121147
11.9459, True, 0, 2.114407
11.95726, True, 0, 4.076836
11.96778, True, 0, 5.546169
11.97878, True, 0, 4.593954
11.98985, True, 0, 6.785391
12.00089, True, 0, 7.01319
12.01205, True, 0, 8.155859
12.02302, True, 0, 6.705592
12.03414, True, 0, 7.148591
12.04545, True, 0, 8.528443
12.05632, True, 0, 8.474212
12.06767, True, 0, 8.523349
12.07869, True, 0, 7.975526
12.08976, True, 0, 7.513935
12.10098, True, 0, 7.10255
12.11217, True, 0, 5.149447
12.12359, True, 0, 5.106902
12.13519, True, 0, 4.666091
12.14537, True, 1, 4.405641
12.1563, True, 1, 4.532032
12.16765, True, 1, 4.563838
12.17918, True, 1, 4.276954
12.18995, True, 1, 4.183821
12.20219, True, 1, 3.990673
12.21237, True, 1, 2.735239
12.22386, True, 1, 5.53596
12.26899, True, 1, 6.013631
12.28061, True, 1, 3.813536
12.29206, True, 1, 6.18724
12.30299, True, 1, 3.467063
12.3144, True, 1, 3.490403
12.32679, True, 1, 3.876945
12.3411, True, 1, 4.779042
12.35304, True, 1, 6.73626
12.36393, True, 1, 9.543666
12.37512, True, 1, 8.797411
12.45485, True, 1, 2.98511
12.46655, True, 1, 3.079216
12.47776, True, 1, 3.305995
12.49017, True, 1, 3.156951
12.50184, True, 1, 3.128496
12.51164, True, 1, 2.970613
12.52291, True, 1, 4.021521
12.53387, True, 1, 3.658493
12.54395, True, 1, 6.116626
12.56656, True, 1, 3.691818
12.57739, True, 1, 3.693516
12.58961, True, 1, 3.273404
12.59991, True, 1, 4.190627
12.61136, True, 1, 2.834188
12.62398, True, 1, 1.98913
12.63384, True, 1, 2.997905
12.6435, True, 1, 4.310862
12.65439, True, 1, 4.648162
12.66572, True, 1, 4.571532
12.67661, True, 1, 5.311944
12.6878, True, 1, 4.883469
12.69888, True, 1, 3.636266
12.71033, True, 1, 2.251964
12.72126, True, 1, 1.518222
12.7326, True, 1, 1.834372
12.74374, True, 1, 2.416863
12.75485, True, 1, 1.833287
12.76594, True, 1, 1.975164
12.77655, True, 1, 2.956244
12.78774, True, 1, 3.081825
12.79905, True, 1, 3.159566
12.81032, True, 1, 1.748134
12.82286, True, 1, 2.140346
12.83384, True, 1, 2.823285
12.84841, True, 1, 1.997002
12.85742, True, 1, 2.200512
12.86799, True, 1, 1.935576
12.87989, True, 1, 1.663105
12.88997, True, 1, 2.177056
12.90154, True, 1, 1.726135
12.91299, True, 1, 1.763116
12.9243, True, 1, 1.584597
12.93541, True, 1, 1.451373
12.94662, True, 1, 1.260667
12.96291, True, 1, 1.147229
12.97309, True, 1, 1.085621
12.98471, True, 1, 1.065666
12.99474, True, 1, 1.001089
13.00537, True, 1, 0.9586722
13.01726, True, 1, 0.9603883
13.02705, True, 1, 0.9520987
13.03771, True, 1, 0.946363
13.0499, True, 1, 0.9419288
13.0611, True, 1, 0.942276
13.07084, True, 1, 0.9470482
13.08122, True, 1, 0.9415781
13.09256, True, 1, 0.9244599
13.10314, True, 1, 0.8908892
13.11384, True, 1, 0.8902709
13.12347, True, 1, 0.8834413
13.1357, True, 1, 0.8847774
13.14658, True, 1, 0.9029721
13.15686, True, 1, 0.8583852
13.16827, True, 1, 0.8637001
13.1777, True, 1, 0.8208048
13.18948, True, 1, 0.8230515
13.19972, True, 1, 0.8311263
13.21094, True, 1, 0.8435067
13.22168, True, 1, 0.8388058
13.23415, True, 1, 0.8474782
13.24439, True, 1, 0.8450128
13.25685, True, 1, 0.8503152
13.26886, True, 1, 0.8543879
13.2781, True, 1, 0.8379812
13.28844, True, 1, 0.8394568
13.29974, True, 1, 0.8403714
13.31378, True, 1, 0.8447806
13.32554, True, 1, 0.8312354
13.33665, True, 1, 0.8266563
13.34628, True, 1, 0.8116164
13.35643, True, 1, 0.8908505
13.36618, True, 1, 0.8423329
13.37715, True, 1, 1.020765
13.3889, True, 1, 0.7381786
13.39981, True, 1, 0.8125165
13.41101, True, 1, 0.7502294
13.42244, True, 1, 0.8585719
13.43403, True, 1, 0.8394759
13.44483, True, 1, 0.8174925
13.45599, True, 1, 0.7915376
13.46755, True, 1, 0.7939094
13.47897, True, 1, 0.7942595
13.49019, True, 1, 0.7956287
13.50153, True, 1, 0.7971607
13.51305, True, 1, 0.8256559
13.52416, True, 1, 0.8549463
13.53606, True, 1, 0.9068081
13.54639, True, 1, 0.9364136
13.55721, True, 1, 0.9712316
13.56901, True, 1, 1.174539
13.57975, True, 1, 1.044702
13.59402, True, 1, 1.368764
13.6069, True, 1, 1.441567
13.61963, True, 1, 1.538315
13.62987, True, 1, 1.600667
13.63972, True, 1, 1.736964
13.6519, True, 1, 2.704577
13.66433, True, 1, 2.692563
13.67419, True, 1, 2.11313
13.68627, True, 1, 2.05108
13.69614, True, 1, 1.68538
13.70693, True, 1, 1.809667
13.71799, True, 1, 1.799805
13.7292, True, 1, 1.882829
13.74027, True, 1, 2.193398
13.75045, True, 1, 2.054962
13.76113, True, 1, 1.712478
13.7734, True, 1, 1.836064
13.78539, True, 1, 1.819654
13.7979, True, 1, 1.673302
13.80856, True, 1, 1.671988
13.81928, True, 1, 1.619228
13.82976, True, 1, 1.52301
13.84024, True, 1, 1.552878
13.85176, True, 1, 1.711248
13.86285, True, 1, 4.022418
13.87388, True, 1, 8.379351
13.90474, True, 1, 4.695354
13.91494, True, 1, 4.782818
13.92559, True, 1, 4.721973
13.93575, True, 1, 5.643227
13.94669, True, 1, 6.020897
13.95758, True, 1, 6.873236
13.96883, True, 1, 6.051739
13.97847, True, 1, 5.154808
13.98709, True, 1, 4.676488
13.99846, True, 1, 4.293144
14.00969, True, 1, 3.572897
14.02109, True, 1, 3.121094
14.03284, True, 1, 3.174161
14.0441, True, 1, 3.686567
14.05478, True, 1, 5.378636
14.06483, True, 1, 3.947993
14.07604, True, 1, 5.680597
14.08718, True, 1, 2.391098
14.09862, True, 1, 2.353458
14.11, True, 1, 2.397403
14.12088, True, 1, 2.810712
14.13191, True, 1, 2.886941
14.14267, True, 1, 2.979981
14.1543, True, 1, 2.804866
14.16519, True, 1, 2.062522
14.42564, True, 1, 2.396496
14.43616, True, 1, 1.813149
14.44689, True, 1, 4.034688
14.45758, True, 1, 2.919693
14.46886, True, 1, 1.896126
14.74346, True, 1, 8.076967
14.75498, True, 1, 2.705894
14.76624, True, 1, 2.587668
14.77777, True, 1, 3.070854
14.78919, True, 1, 3.597824
14.80086, True, 1, 5.271136
14.81184, True, 1, 9.284825
14.82325, True, 1, 9.978395
14.98068, True, 1, 4.377059
14.9934, True, 1, 3.841657
15.00432, True, 1, 3.914594
15.014, True, 1, 5.048467
15.02513, True, 1, 4.430618
15.03629, True, 1, 4.544234
15.04709, True, 1, 4.270205
15.05848, True, 1, 4.528025
15.08132, True, 1, 2.774077
15.10283, True, 1, 2.788583
15.11605, True, 1, 2.738802
15.12636, True, 1, 3.503592
15.13735, True, 1, 2.769371
15.14806, True, 1, 3.464758
15.16015, True, 1, 4.621182
15.17003, True, 1, 6.592554
15.18118, True, 1, 4.916562
15.19195, True, 1, 2.821822
15.20262, True, 1, 3.300302
15.21372, True, 1, 3.29547
15.22502, True, 1, 3.239858
15.23602, True, 1, 2.569583
15.24749, True, 1, 3.076066
15.25827, True, 1, 2.960632
15.26964, True, 1, 3.068582
15.28056, True, 1, 3.65905
15.29191, True, 1, 8.72859
15.30287, True, 1, 9.83792
15.32473, True, 1, 9.123955
15.33668, True, 1, 5.89807
15.35806, True, 1, 3.830539
15.36948, True, 1, 3.404216
15.38113, True, 1, 3.740493
15.39198, True, 1, 5.005929
15.40252, True, 1, 6.144138
15.41396, True, 1, 6.481145
15.42833, True, 1, 7.312387
15.43955, True, 1, 4.684318
15.4499, True, 1, 4.753523
15.46083, True, 1, 3.885597
15.47256, True, 1, 2.539713
15.49197, True, 1, 6.139676
15.50698, True, 1, 5.484112
15.51657, True, 1, 4.96725
15.52694, True, 1, 4.836898
15.53755, True, 1, 6.006895
15.54885, True, 1, 4.755944
15.56019, True, 1, 4.557831
15.57166, True, 1, 4.572108
15.58305, True, 1, 4.395548
15.59285, True, 1, 4.659101
15.60298, True, 1, 5.525686
15.61433, True, 1, 5.074685
15.62667, True, 1, 4.954431
15.63715, True, 1, 4.714707
15.64926, True, 1, 4.881088
15.66135, True, 1, 4.900725
15.67202, True, 1, 5.007412
15.68297, True, 1, 5.293664
15.69473, True, 1, 4.407279
15.70517, True, 1, 5.107881
15.71681, True, 1, 4.800807
15.7273, True, 1, 4.825994
15.73962, True, 1, 4.787111
15.75143, True, 1, 5.042358
15.76211, True, 1, 5.754482
15.7723, True, 1, 5.667486
15.78398, True, 1, 6.098457
15.7936, True, 1, 6.448415
15.80401, True, 1, 6.910137
15.81636, True, 1, 1.700191
15.82663, True, 1, 7.381818
15.83734, True, 1, 2.806287
15.84717, True, 1, 3.04501
15.85938, True, 1, 3.117289
15.86919, True, 1, 2.510148
15.88511, True, 1, 2.841881
15.89647, True, 1, 2.706551
15.90673, True, 1, 2.650916
15.91743, True, 1, 2.591212
15.92738, True, 1, 3.29658
15.93768, True, 1, 3.169881
15.94928, True, 1, 3.118839
15.95985, True, 1, 2.940487
15.97176, True, 1, 2.776926
15.98583, True, 1, 2.649019
15.99755, True, 1, 2.400717
16.00916, True, 1, 2.154176
16.01982, True, 1, 2.180344
16.03115, True, 1, 2.049123
16.04232, True, 1, 2.209689
16.05292, True, 1, 2.393375
16.06411, True, 1, 2.201296
16.075, True, 1, 2.090361
16.08662, True, 1, 2.044209
16.09758, True, 1, 2.370206
16.25307, True, 1, 8.76863
16.26452, True, 1, 8.249536
16.27504, True, 1, 6.605986
16.2863, True, 1, 6.203676
16.29769, True, 1, 6.249692
16.30829, True, 1, 5.587061
16.31956, True, 1, 6.734231
16.33281, True, 1, 5.517373
16.34281, True, 1, 5.668642
16.3529, True, 1, 5.155696
16.36366, True, 1, 5.818216
16.37511, True, 1, 6.217686
16.3889, True, 1, 5.31309
16.39896, True, 1, 5.086811
16.41145, True, 1, 5.375152
16.41971, True, 1, 5.061069
16.43225, True, 1, 4.91224
16.44297, True, 1, 4.647799
16.45381, True, 1, 4.141041
16.46416, True, 1, 4.286205
16.4757, True, 1, 4.404846
16.48743, True, 1, 4.349742
16.49849, True, 1, 4.549463
16.51012, True, 1, 5.870519
16.52165, True, 1, 6.741287
16.5335, True, 1, 7.031112
16.54436, True, 1, 6.653294
16.57879, True, 1, 9.220682
16.59028, True, 1, 7.056747
16.60195, True, 1, 4.674181
16.61244, True, 1, 5.947738
16.62363, True, 1, 5.743658
16.63452, True, 1, 6.764662
16.64584, True, 1, 5.584488
16.65672, True, 1, 5.408842
16.66832, True, 1, 4.900514
16.67916, True, 1, 4.290721
16.69006, True, 1, 4.064528
16.70124, True, 1, 4.239591
16.71245, True, 1, 3.930854
16.72333, True, 1, 4.114676
16.73575, True, 1, 3.557804
16.74713, True, 1, 3.274664
16.75866, True, 1, 3.130042
16.77077, True, 1, 3.336803
16.7815, True, 1, 3.274333
16.79218, True, 1, 3.233335
16.80307, True, 1, 3.899737
16.81319, True, 1, 4.004511
16.82451, True, 1, 4.884749
16.83499, True, 1, 4.732976
16.84675, True, 1, 4.624916
16.86134, True, 1, 3.665437
16.87283, True, 1, 4.489276
16.88378, True, 1, 4.409012
16.89494, True, 1, 4.193811
16.90576, True, 1, 4.468672
16.92666, True, 1, 7.259313
16.94696, True, 1, 6.447836
16.97122, True, 1, 3.355843
16.98137, True, 1, 4.374003
16.99216, True, 1, 6.335381
17.0028, True, 1, 5.748958
17.01365, True, 1, 6.352533
17.02462, True, 1, 7.013269
17.03523, True, 1, 5.946194
17.04609, True, 1, 6.120792
17.057, True, 1, 6.221367
17.06796, True, 1, 6.393471
17.0802, True, 1, 6.575648
17.09283, True, 1, 5.92346
17.10233, True, 1, 4.581216
17.1116, True, 1, 5.071495
17.1227, True, 1, 4.596719
17.13374, True, 1, 4.916986
17.14461, True, 1, 4.291067
17.15631, True, 2, 4.064373
17.16798, True, 2, 4.217495
17.17909, True, 2, 4.163113
17.19203, True, 2, 3.91538
17.20341, True, 2, 3.762762
17.21436, True, 2, 3.728833
17.22493, True, 2, 3.672682
17.23514, True, 2, 3.988442
17.24633, True, 2, 3.822695
17.25748, True, 2, 4.038743
17.26802, True, 2, 4.038666
17.28091, True, 2, 4.026877
17.29284, True, 2, 3.876147
17.30416, True, 2, 4.258173
17.31544, True, 2, 4.271216
17.32954, True, 2, 4.306174
17.3399, True, 2, 4.743288
17.34976, True, 2, 4.753508
17.36046, True, 2, 4.915499
17.37278, True, 2, 5.010907
17.38413, True, 2, 4.968575
17.39524, True, 2, 4.963187
17.40584, True, 2, 5.016993
17.41675, True, 2, 4.238409
17.42724, True, 2, 2.566782
17.44185, True, 2, 7.877878
17.46564, True, 2, 3.563101
17.47609, True, 2, 2.726759
17.48663, True, 2, 3.506859
17.49925, True, 2, 3.552101
17.51085, True, 2, 4.855568
17.52404, True, 2, 5.093862
17.54609, True, 2, 3.972752
17.55561, True, 2, 4.245486
17.56757, True, 2, 2.932986
17.57538, True, 2, 2.258619
17.58634, True, 2, 2.620685
17.59675, True, 2, 1.501178
17.60807, True, 2, 1.558019
17.61917, True, 2, 1.411888
17.63038, True, 2, 1.53196
17.64181, True, 2, 1.963852
17.72992, True, 2, 4.175828
17.7414, True, 2, 1.917336
17.75231, True, 2, 1.808404
17.76334, True, 2, 1.598129
17.77463, True, 2, 1.827305
17.78556, True, 2, 1.536926
17.79716, True, 2, 1.498418
17.81111, True, 2, 1.255808
17.82276, True, 2, 1.240408
17.8334, True, 2, 1.226218
17.84562, True, 2, 1.174449
17.8573, True, 2, 1.133606
17.86705, True, 2, 1.101009
17.87757, True, 2, 1.144283
17.88811, True, 2, 1.147812
17.89927, True, 2, 1.127477
17.90983, True, 2, 1.166835
17.92226, True, 2, 1.097
17.93413, True, 2, 1.040237
17.94576, True, 2, 0.9629328
17.95595, True, 2, 0.9602513
17.96676, True, 2, 0.9701867
17.97683, True, 2, 1.072604
17.98838, True, 2, 1.047907
17.99964, True, 2, 0.8899301
18.0111, True, 2, 0.9169036
18.02318, True, 2, 0.9537561
18.03384, True, 2, 0.9087747
18.04953, True, 2, 0.7810434
18.05983, True, 2, 0.7363053
18.07079, True, 2, 0.7439202
18.08164, True, 2, 0.7814972
18.09385, True, 2, 0.7610548
18.10293, True, 2, 0.7568482
18.11323, True, 2, 0.7421398
18.12547, True, 2, 0.7659328
18.13674, True, 2, 0.785001
18.14804, True, 2, 0.7802956
18.1587, True, 2, 0.7855285
18.1694, True, 2, 0.7725906
18.17897, True, 2, 0.7725767
18.1892, True, 2, 0.7733883
18.20002, True, 2, 0.7743223
18.21011, True, 2, 0.774161
18.22089, True, 2, 0.7706205
18.23172, True, 2, 0.883923
18.24286, True, 2, 0.7891977
18.25335, True, 2, 0.8106735
18.26798, True, 2, 0.6995936
18.27776, True, 2, 0.8620744
18.28854, True, 2, 0.8235305
18.29836, True, 2, 0.8178155
18.30967, True, 2, 0.8316543
18.32097, True, 2, 0.8257302
18.33162, True, 2, 0.8338199
18.34341, True, 2, 0.8657678
18.35278, True, 2, 0.8647399
18.36462, True, 2, 0.8691152
18.37617, True, 2, 0.8740885
18.38636, True, 2, 0.8635121
18.39706, True, 2, 0.9875123
18.40846, True, 2, 0.8342203
18.41997, True, 2, 0.9514684
18.42974, True, 2, 0.9872985
18.44179, True, 2, 1.044539
18.4531, True, 2, 1.548444
18.46534, True, 2, 4.280565
18.47644, True, 2, 1.517393
18.48684, True, 2, 1.783682
18.49758, True, 2, 2.373658
18.50928, True, 2, 1.509578
18.5192, True, 2, 1.998502
18.53094, True, 2, 1.906144
18.54279, True, 2, 2.507925
18.55361, True, 2, 2.137831
18.56457, True, 2, 2.669315
18.57568, True, 2, 3.372354
18.58734, True, 2, 4.789521
18.59951, True, 2, 3.94484
18.63218, True, 2, 7.10554
18.64328, True, 2, 4.597247
18.65511, True, 2, 3.084045
18.66597, True, 2, 2.810463
18.67719, True, 2, 2.940402
18.68956, True, 2, 2.949022
18.70112, True, 2, 3.095531
18.71194, True, 2, 2.768263
18.72249, True, 2, 2.865627
18.73778, True, 2, 2.823975
18.74863, True, 2, 4.668246
18.75862, True, 2, 3.007113
18.76978, True, 2, 2.833453
18.77953, True, 2, 2.834198
18.79081, True, 2, 2.757935
18.80056, True, 2, 2.858865
18.81068, True, 2, 2.833264
18.8215, True, 2, 2.954642
18.83272, True, 2, 3.086659
18.84358, True, 2, 3.07752
18.85519, True, 2, 2.991398
18.86759, True, 2, 3.025985
18.87786, True, 2, 2.940061
18.8882, True, 2, 2.831039
18.90024, True, 2, 2.321137
18.91152, True, 2, 2.064317
18.92256, True, 2, 2.270312
18.93371, True, 2, 5.397776
18.945, True, 2, 3.737236
18.95583, True, 2, 4.013792
18.96651, True, 2, 6.718513
18.9775, True, 2, 4.372731
18.98846, True, 2, 3.876467
18.99942, True, 2, 3.088102
19.01076, True, 2, 2.180917
19.02168, True, 2, 2.908873
19.03257, True, 2, 2.66808
19.04399, True, 2, 3.177822
19.05501, True, 2, 3.351044
19.06629, True, 2, 2.330903
19.07758, True, 2, 4.838467
19.08809, True, 2, 2.210299
19.09937, True, 2, 2.455903
19.29014, True, 2, 2.260802
19.30119, True, 2, 1.856418
19.31187, True, 2, 4.592714
19.32311, True, 2, 1.79128
19.33481, True, 2, 2.151673
19.34523, True, 2, 2.237819
19.35688, True, 2, 4.124941
19.36824, True, 2, 3.198848
19.37901, True, 2, 2.714406
19.4011, True, 2, 3.485881
19.41228, True, 2, 9.217299
19.42332, True, 2, 2.356035
19.43486, True, 2, 1.734493
19.446, True, 2, 2.234664
19.45686, True, 2, 2.188036
19.46771, True, 2, 1.928013
19.47846, True, 2, 1.697895
19.49012, True, 2, 1.750886
19.50122, True, 2, 1.544523
19.51231, True, 2, 1.784017
19.52317, True, 2, 1.745766
19.53429, True, 2, 1.671621
19.54548, True, 2, 1.535509
19.55647, True, 2, 1.47495
19.5675, True, 2, 1.62651
19.57887, True, 2, 2.181316
19.58994, True, 2, 2.741945
19.60073, True, 2, 2.781709
19.61191, True, 2, 2.515962
19.62319, True, 2, 2.408014
19.6346, True, 2, 3.022012
19.64615, True, 2, 3.093454
19.65686, True, 2, 2.801613
19.66885, True, 2, 3.439277
19.67847, True, 2, 3.321497
19.6899, True, 2, 3.269682
19.70101, True, 2, 3.299836
19.71268, True, 2, 3.152913
19.72751, True, 2, 3.301352
19.74005, True, 2, 3.428104
19.75122, True, 2, 3.275038
19.76163, True, 2, 3.784429
19.77389, True, 2, 2.790707
19.95125, True, 2, 6.200495
19.96293, True, 2, 6.619349
19.97422, True, 2, 4.832984
19.98469, True, 2, 4.464972
19.99622, True, 2, 6.230672
20.0068, True, 2, 5.139767
20.11759, True, 2, 2.393651
20.12895, True, 2, 2.269972
20.16213, True, 2, 9.00838
20.17337, True, 2, 5.148578
20.18462, True, 2, 7.668111
20.19601, True, 2, 7.947018
20.20672, True, 2, 3.355812
20.21791, True, 2, 3.367997
20.22862, True, 2, 3.654917
20.23993, True, 2, 3.442682
20.25106, True, 2, 3.571215
20.2626, True, 2, 3.358995
20.27712, True, 2, 4.264389
20.28765, True, 2, 5.772693
20.2993, True, 2, 5.047071
20.30846, True, 2, 4.482617
20.31963, True, 2, 4.184197
20.33197, True, 2, 4.00131
20.34362, True, 2, 2.701957
20.35471, True, 2, 2.477157
20.36548, True, 2, 2.613076
20.37676, True, 2, 2.193481
20.38825, True, 2, 9.555258
20.41026, True, 2, 4.270732
20.45477, True, 2, 2.569031
20.46684, True, 2, 3.365255
20.47735, True, 2, 4.712626
20.48833, True, 2, 4.380056
20.49918, True, 2, 3.976714
20.51326, True, 2, 3.676819
20.52284, True, 2, 3.638018
20.53269, True, 2, 3.511309
20.54408, True, 2, 3.67044
20.55484, True, 2, 3.600012
20.56599, True, 2, 3.529304
20.57707, True, 2, 3.505927
20.58836, True, 2, 3.515177
20.60048, True, 2, 3.342243
20.61389, True, 2, 4.048542
20.62388, True, 2, 3.337512
20.63368, True, 2, 3.432359
20.64482, True, 2, 2.84257
20.65441, True, 2, 3.379034
20.66543, True, 2, 3.221595
20.67703, True, 2, 3.013189
20.68839, True, 2, 3.050856
20.69907, True, 2, 3.523322
20.70997, True, 2, 3.461222
20.72127, True, 2, 3.362314
20.73328, True, 2, 3.999131
20.7445, True, 2, 2.317559
20.75707, True, 2, 3.877139
20.76677, True, 2, 9.148328
20.77687, True, 2, 4.072124
20.78808, True, 2, 3.024209
20.80004, True, 2, 2.482762
20.8116, True, 2, 2.438349
20.82172, True, 2, 2.421844
20.83311, True, 2, 2.414924
20.84348, True, 2, 2.328949
20.85534, True, 2, 2.511989
20.86688, True, 2, 2.754738
20.87761, True, 2, 2.621742
20.88826, True, 2, 2.742023
20.899, True, 2, 2.873827
20.91015, True, 2, 3.359532
20.92188, True, 2, 3.25195
20.93236, True, 2, 4.011708
20.94346, True, 2, 3.530628
20.95457, True, 2, 3.038939
20.96689, True, 2, 2.433939
20.97785, True, 2, 2.561534
20.98856, True, 2, 2.586204
20.99913, True, 2, 2.563118
21.01078, True, 2, 2.623596
21.02205, True, 2, 2.707478
21.03305, True, 2, 2.608117
21.04435, True, 2, 2.582841
21.05554, True, 2, 3.001423
21.06719, True, 2, 4.425073
21.0778, True, 2, 2.296605
21.08903, True, 2, 2.179704
21.09999, True, 2, 2.348785
21.11083, True, 2, 2.620711
21.12306, True, 2, 2.50973
21.13465, True, 2, 2.868275
21.1459, True, 2, 2.889953
21.15669, True, 2, 2.778479
21.1676, True, 2, 2.749584
21.18165, True, 2, 2.710837
21.19115, True, 2, 2.713775
21.20166, True, 2, 2.466301
21.21127, True, 2, 2.373782
21.22548, True, 2, 2.336408
21.23489, True, 2, 2.191587
21.24599, True, 2, 2.274475
21.25716, True, 2, 2.223826
21.26656, True, 2, 2.249913
21.27756, True, 2, 2.510603
21.28695, True, 2, 2.657558
21.29807, True, 2, 2.662508
21.30917, True, 2, 3.132033
21.31988, True, 2, 3.257692
21.33073, True, 2, 3.428328
21.34196, True, 2, 3.502171
21.35288, True, 2, 2.666909
21.36439, True, 2, 3.433757
21.37533, True, 2, 2.628306
21.38654, True, 2, 1.619034
21.39843, True, 2, 2.06653
21.40895, True, 2, 3.046145
21.41985, True, 2, 2.410892
21.43178, True, 2, 2.759706
21.4435, True, 2, 3.13189
21.45464, True, 2, 3.103765
21.46492, True, 2, 3.377615
21.47642, True, 2, 3.337919
21.4888, True, 2, 3.285528
21.49866, True, 2, 3.347444
21.50905, True, 2, 3.517749
21.51952, True, 2, 3.536438
21.53066, True, 2, 4.110597
21.54173, True, 2, 3.873535
21.55295, True, 2, 3.602412
21.56384, True, 2, 3.74216
21.57538, True, 2, 3.910568
21.58662, True, 2, 3.40623
21.59773, True, 2, 3.440242
21.60891, True, 2, 3.348509
21.62031, True, 2, 3.256539
21.63259, True, 2, 3.295455
21.64334, True, 2, 3.315328
21.65387, True, 2, 3.281255
21.6652, True, 2, 3.188551
21.67671, True, 2, 2.905267
21.69154, True, 2, 2.826249
21.70261, True, 2, 2.840652
21.71409, True, 2, 2.848745
21.72543, True, 2, 2.981122
21.73763, True, 2, 3.448364
21.74796, True, 2, 3.317983
21.76857, True, 2, 2.678735
21.78007, True, 2, 1.567149
21.7921, True, 2, 1.707879
21.80264, True, 2, 2.816739
21.81409, True, 2, 5.68022
21.82494, True, 2, 2.098904
21.83944, True, 2, 2.089226
21.85061, True, 2, 1.940792
21.86165, True, 2, 2.024846
21.87361, True, 2, 2.019921
21.88341, True, 2, 1.941048
21.89489, True, 2, 1.99308
21.90598, True, 2, 1.917291
21.9177, True, 2, 1.847385
21.92958, True, 2, 1.847409
21.94156, True, 2, 1.82344
21.95197, True, 2, 1.83529
21.96304, True, 2, 1.81353
21.97449, True, 2, 1.961072
21.98389, True, 2, 2.213869
21.9948, True, 2, 2.247816
22.00625, True, 2, 2.225774
22.01709, True, 2, 2.100049
22.02815, True, 2, 2.254647
22.03915, True, 2, 1.694339
22.07222, True, 2, 5.232595
22.08379, True, 2, 4.492452
22.09485, True, 2, 5.965391
22.10644, True, 2, 6.034871
22.11778, True, 2, 6.002564
22.12983, True, 2, 5.57059
22.14178, True, 2, 5.183431
22.1521, True, 2, 5.356121
22.16691, True, 3, 4.931512
22.17587, True, 3, 4.125008
22.18726, True, 3, 4.048955
22.19971, True, 3, 3.983363
22.21016, True, 3, 4.006846
22.22177, True, 3, 3.861334
22.23361, True, 3, 3.795325
22.24449, True, 3, 0
22.25638, True, 3, 3.596741
22.26675, True, 3, 3.994002
22.27715, True, 3, 3.79713
22.28705, True, 3, 3.96807
22.2986, True, 3, 3.964514
22.30956, True, 3, 3.79855
22.31924, True, 3, 3.447877
22.33017, True, 3, 3.156856
22.34092, True, 3, 3.208303
22.35176, True, 3, 3.164324
22.36279, True, 3, 3.133677
22.37379, True, 3, 3.073304
22.38478, True, 3, 3.08281
22.39736, True, 3, 3.0532
22.40854, True, 3, 2.755909
22.41935, True, 3, 2.707587
22.42951, True, 3, 2.750667
22.44046, True, 3, 3.250245
22.45148, True, 3, 3.240419
22.46279, True, 3, 3.31007
22.47422, True, 3, 3.289174
22.485, True, 3, 3.341835
22.49601, True, 3, 2.961748
22.50704, True, 3, 2.877161
22.51799, True, 3, 2.879085
22.52938, True, 3, 2.911608
22.54025, True, 3, 3.046923
22.55129, True, 3, 3.051484
22.56373, True, 3, 3.000206
22.5751, True, 3, 3.010698
22.58652, True, 3, 2.789651
22.597, True, 3, 1.828684
22.60781, True, 3, 1.36304
22.61871, True, 3, 1.289747
22.63263, True, 3, 1.262738
22.64307, True, 3, 1.028304
22.65418, True, 3, 1.122285
22.66692, True, 3, 1.235548
22.67888, True, 3, 1.192804
22.68855, True, 3, 1.183752
22.69916, True, 3, 1.170723
22.7107, True, 3, 1.102869
22.72183, True, 3, 1.107542
22.73421, True, 3, 1.029186
22.74567, True, 3, 0.9595567
22.75641, True, 3, 0.9165309
22.76708, True, 3, 1.055507
22.77559, True, 3, 0.8337543
22.78698, True, 3, 0.8417975
22.79772, True, 3, 0.7926154
22.80927, True, 3, 0.7672915
22.82176, True, 3, 0.7689077
22.83279, True, 3, 0.766078
22.84248, True, 3, 0.7639769
22.85312, True, 3, 0.759661
22.86554, True, 3, 0.760296
22.87527, True, 3, 0.7627853
22.88754, True, 3, 0.7566373
22.89755, True, 3, 0.7593261
22.90849, True, 3, 0.7536768
22.92197, True, 3, 0.7510658
22.93347, True, 3, 0.7461438
22.94433, True, 3, 0.7514053
22.95543, True, 3, 0.7525001
22.96801, True, 3, 0.7556192
22.97939, True, 3, 0.755708
22.9894, True, 3, 0.7551188
22.99898, True, 3, 0.7394727
23.00786, True, 3, 0.7390773
23.01892, True, 3, 0.7406334
23.03044, True, 3, 0.7405024
23.04136, True, 3, 0.7481003
23.05256, True, 3, 0.7433532
23.06364, True, 3, 0.7469573
23.07463, True, 3, 0.7777912
23.08574, True, 3, 0.7209381
23.09869, True, 3, 0.9003906
23.10819, True, 3, 0.8338251
23.1216, True, 3, 0.7435772
23.13279, True, 3, 0.7264897
23.14639, True, 3, 0.7665653
23.15787, True, 3, 0.7671355
23.1689, True, 3, 0.7596794
23.18026, True, 3, 0.7547441
23.19221, True, 3, 0.7421026
23.20388, True, 3, 0.7386202
23.21495, True, 3, 0.7351608
23.22641, True, 3, 0.7370346
23.23862, True, 3, 0.7348736
23.24963, True, 3, 0.7454165
23.26106, True, 3, 0.7413205
23.27303, True, 3, 1.164955
23.28408, True, 3, 1.808293
23.29424, True, 3, 2.331434
23.30506, True, 3, 2.137922
23.31649, True, 3, 2.040246
23.32768, True, 3, 2.294124
23.33912, True, 3, 2.637644
23.34971, True, 3, 2.223974
23.36084, True, 3, 2.079606
23.372, True, 3, 2.276421
23.38301, True, 3, 2.321234
23.39402, True, 3, 2.32649
23.40543, True, 3, 2.273512
23.4168, True, 3, 2.144377
23.42751, True, 3, 2.131297
23.43864, True, 3, 1.962946
23.45049, True, 3, 2.037587
23.46138, True, 3, 2.013032
23.47176, True, 3, 2.074215
23.48301, True, 3, 2.252609
23.49448, True, 3, 2.264174
23.50518, True, 3, 2.298705
23.51613, True, 3, 2.318293
23.52738, True, 3, 2.4622
23.53929, True, 3, 2.493089
23.55027, True, 3, 2.477321
23.56265, True, 3, 2.546735
23.5751, True, 3, 4.5832
23.58674, True, 3, 3.560936
23.59836, True, 3, 3.49242
23.60853, True, 3, 3.355864
23.62008, True, 3, 3.932919
23.63332, True, 3, 4.806797
23.64358, True, 3, 5.192538
23.65504, True, 3, 4.320424
23.66748, True, 3, 4.408461
23.67933, True, 3, 4.376512
23.68851, True, 3, 4.299651
23.70026, True, 3, 4.58917
23.70977, True, 3, 4.382436
23.7199, True, 3, 4.192235
23.73141, True, 3, 4.295867
23.74249, True, 3, 4.498783
23.75339, True, 3, 4.431033
23.76502, True, 3, 4.21142
23.77464, True, 3, 4.043799
23.78454, True, 3, 4.548016
23.79615, True, 3, 4.380379
23.80732, True, 3, 4.44088
23.81856, True, 3, 4.545405
23.84946, True, 3, 1.987113
23.86068, True, 3, 2.146029
23.88271, True, 3, 4.124416
23.8938, True, 3, 1.393146
23.90545, True, 3, 1.516346
23.91756, True, 3, 1.601255
23.92958, True, 3, 1.649906
24.36057, True, 3, 7.147503
24.37249, True, 3, 4.308065
24.38349, True, 3, 5.446167
24.39529, True, 3, 4.173626
24.40568, True, 3, 3.881735
24.41618, True, 3, 3.523799
24.42736, True, 3, 3.410735
24.43861, True, 3, 3.377594
24.44941, True, 3, 3.355895
24.4603, True, 3, 4.473401
24.47148, True, 3, 4.32548
24.48259, True, 3, 4.484005
24.49653, True, 3, 4.035602
24.50858, True, 3, 4.035733
24.51983, True, 3, 3.831452
24.52985, True, 3, 3.531267
24.541, True, 3, 3.473348
24.55139, True, 3, 4.494207
24.56152, True, 3, 4.154174
24.5729, True, 3, 4.045201
24.5842, True, 3, 4.001682
24.59579, True, 3, 4.255143
24.60712, True, 3, 4.233637
24.61864, True, 3, 4.099815
24.63023, True, 3, 4.577088
24.64175, True, 3, 5.085255
24.67719, True, 3, 3.818374
24.69891, True, 3, 5.242594
24.70902, True, 3, 5.69115
24.71934, True, 3, 5.507442
24.73199, True, 3, 5.265541
24.7423, True, 3, 4.902134
24.75421, True, 3, 5.057036
24.76583, True, 3, 5.261454
24.77695, True, 3, 4.900432
24.78774, True, 3, 4.554354
24.79828, True, 3, 4.326778
24.80792, True, 3, 4.305441
24.81924, True, 3, 4.943685
24.83027, True, 3, 4.954165
24.84152, True, 3, 5.08823
24.8533, True, 3, 4.807675
24.86366, True, 3, 4.628371
24.87478, True, 3, 4.942122
24.88742, True, 3, 4.336382
24.89782, True, 3, 4.526505
24.90796, True, 3, 4.198123
24.9201, True, 3, 4.109484
24.93177, True, 3, 4.245382
24.94147, True, 3, 4.059595
24.95333, True, 3, 4.075426
24.96456, True, 3, 3.860903
24.97498, True, 3, 3.260245
24.98581, True, 3, 3.195137
24.99695, True, 3, 5.492115
25.00963, True, 3, 5.156132
25.02162, True, 3, 2.515028
25.0335, True, 3, 3.023644
25.04488, True, 3, 2.332387
25.05688, True, 3, 3.014187
25.0675, True, 3, 3.002283
25.07888, True, 3, 2.990932
25.0897, True, 3, 3.309931
25.10052, True, 3, 3.382624
25.11273, True, 3, 3.215488
25.12555, True, 3, 3.601868
25.13844, True, 3, 3.191794
25.14895, True, 3, 3.263447
25.16013, True, 3, 3.284709
25.17212, True, 3, 3.210911
25.18375, True, 3, 3.393615
25.1951, True, 3, 3.401904
25.20634, True, 3, 3.293264
25.21648, True, 3, 3.11675
25.22684, True, 3, 3.06883
25.23796, True, 3, 2.962065
25.24894, True, 3, 2.871829
25.25981, True, 3, 3.018137
25.27188, True, 3, 3.02693
25.28244, True, 3, 2.948918
25.29294, True, 3, 2.782186
25.30422, True, 3, 2.851869
25.31589, True, 3, 5.097185
25.33766, True, 3, 4.554173
25.34997, True, 3, 3.263729
25.35992, True, 3, 2.208365
25.37149, True, 3, 2.398954
25.38266, True, 3, 2.288454
25.39323, True, 3, 2.325675
25.405, True, 3, 2.512979
25.41636, True, 3, 2.628754
25.42865, True, 3, 2.628641
25.43996, True, 3, 2.444504
25.45075, True, 3, 2.068014
25.46034, True, 3, 2.030907
25.47083, True, 3, 1.991806
25.48176, True, 3, 1.942267
25.4932, True, 3, 1.876887
25.50525, True, 3, 7.073746
25.51568, True, 3, 4.656234
25.83131, True, 3, 1.377268
25.85524, True, 3, 3.790778
25.86636, True, 3, 9.126491
25.87713, True, 3, 3.674068
25.88792, True, 3, 2.616294
25.89768, True, 3, 2.621167
25.90836, True, 3, 3.175891
25.91961, True, 3, 2.50948
25.93078, True, 3, 2.344813
25.94282, True, 3, 3.087942
25.95886, True, 3, 2.84962
25.96824, True, 3, 2.747852
25.97958, True, 3, 2.777663
25.99169, True, 3, 2.871206
26.00317, True, 3, 2.913471
26.01497, True, 3, 2.967622
26.02621, True, 3, 3.055887
26.03743, True, 3, 3.208268
26.04927, True, 3, 3.321795
26.06076, True, 3, 3.89466
26.07245, True, 3, 3.826061
26.08352, True, 3, 4.120664
26.09402, True, 3, 4.985895
26.10441, True, 3, 5.237909
26.1152, True, 3, 5.096932
26.12626, True, 3, 5.244277
26.13756, True, 3, 4.911225
26.14819, True, 3, 4.770252
26.16254, True, 3, 9.620087
26.17265, True, 3, 3.888649
26.18297, True, 3, 3.262309
26.19372, True, 3, 3.391822
26.20393, True, 3, 3.927433
26.21633, True, 3, 3.524966
26.22626, True, 3, 3.792948
26.23874, True, 3, 3.36973
26.24897, True, 3, 3.491721
26.25953, True, 3, 3.412604
26.27062, True, 3, 3.377953
26.28176, True, 3, 3.178121
26.29344, True, 3, 3.039301
26.30434, True, 3, 2.908405
26.31572, True, 3, 3.079763
26.32634, True, 3, 3.567659
26.33707, True, 3, 4.162125
26.34828, True, 3, 5.101702
26.35932, True, 3, 4.576885
26.37038, True, 3, 4.349399
26.38197, True, 3, 4.705517
26.39261, True, 3, 4.863384
26.40382, True, 3, 4.975411
26.4156, True, 3, 4.069725
26.42636, True, 3, 4.054011
26.43732, True, 3, 3.763038
26.44879, True, 3, 3.161704
26.45953, True, 3, 2.985162
26.47122, True, 3, 2.920845
26.48284, True, 3, 2.820381
26.49383, True, 3, 2.866314
26.5052, True, 3, 2.808969
26.51645, True, 3, 2.59604
26.52804, True, 3, 2.690173
26.53967, True, 3, 2.669409
26.55092, True, 3, 3.988927
26.56353, True, 3, 3.046704
26.57461, True, 3, 4.789161
26.58662, True, 3, 1.816665
26.59785, True, 3, 2.618929
26.6083, True, 3, 2.363656
26.62277, True, 3, 2.285752
26.63416, True, 3, 1.96716
26.64515, True, 3, 2.043823
26.65585, True, 3, 1.981316
26.66665, True, 3, 2.097102
26.67815, True, 3, 2.102417
26.68948, True, 3, 2.090755
26.70013, True, 3, 2.032246
26.71002, True, 3, 2.108881
26.72311, True, 3, 2.15132
26.73365, True, 3, 2.132456
26.74444, True, 3, 2.085053
26.75512, True, 3, 2.084477
26.76691, True, 3, 2.084958
26.77924, True, 3, 2.082524
26.791, True, 3, 2.026992
26.80162, True, 3, 1.992645
26.81265, True, 3, 1.962795
26.82408, True, 3, 1.96201
26.83583, True, 3, 2.074631
26.84679, True, 3, 2.066225
26.8578, True, 3, 2.200829
26.86741, True, 3, 2.760408
26.87777, True, 3, 2.665479
26.88829, True, 3, 2.752062
26.89888, True, 3, 2.954092
26.91025, True, 3, 2.806832
26.91959, True, 3, 2.823884
26.92905, True, 3, 2.628388
26.93849, True, 3, 2.690843
26.9495, True, 3, 2.789689
26.9612, True, 3, 2.895836
26.97149, True, 3, 2.901949
26.98265, True, 3, 2.745427
26.99371, True, 3, 2.74239
27.00552, True, 3, 2.759051
27.01634, True, 3, 2.975591
27.02583, True, 3, 2.93319
27.03688, True, 3, 3.05921
27.04814, True, 3, 3.001503
27.05919, True, 3, 4.989525
27.11471, True, 3, 1.413393
27.12562, True, 3, 2.067869
27.13688, True, 3, 3.981294
27.14796, True, 3, 2.036598
27.15894, True, 3, 2.165316
27.17014, True, 4, 2.078014
27.18137, True, 4, 1.99528
27.19248, True, 4, 1.877066
27.20322, True, 4, 1.886385
27.21474, True, 4, 1.895912
27.22659, True, 4, 1.96086
27.23756, True, 4, 1.950457
27.24842, True, 4, 2.074135
27.25903, True, 4, 2.000408
27.27014, True, 4, 1.912637
27.28131, True, 4, 1.972793
27.29237, True, 4, 2.001514
27.30465, True, 4, 1.961795
27.31581, True, 4, 1.96588
27.33053, True, 4, 1.963152
27.34148, True, 4, 1.871637
27.3516, True, 4, 1.851151
27.3625, True, 4, 1.884074
27.37467, True, 4, 2.097279
27.38608, True, 4, 2.02185
27.3967, True, 4, 2.05173
27.40736, True, 4, 2.026333
27.41798, True, 4, 1.960868
27.42971, True, 4, 2.116937
27.44178, True, 4, 1.993487
27.45361, True, 4, 1.842898
27.46486, True, 4, 1.528841
27.47577, True, 4, 1.913104
27.48702, True, 4, 2.175395
27.49742, True, 4, 1.977655
27.50723, True, 4, 1.835756
27.52105, True, 4, 2.349302
27.5314, True, 4, 2.86588
27.54218, True, 4, 2.147918
27.58823, True, 4, 3.699872
27.60641, True, 4, 5.637809
27.61604, True, 4, 5.549019
27.62572, True, 4, 6.311134
27.63716, True, 4, 6.159003
27.65924, True, 4, 5.678896
27.67171, True, 4, 4.550369
27.69401, True, 4, 2.801276
27.70578, True, 4, 4.84918
27.71622, True, 4, 5.109542
27.7264, True, 4, 1.777822
27.73748, True, 4, 2.514564
27.74868, True, 4, 1.858247
27.75903, True, 4, 2.384507
27.77054, True, 4, 1.863016
27.78138, True, 4, 1.874059
27.79264, True, 4, 1.659956
27.80427, True, 4, 1.615973
27.81474, True, 4, 1.591679
27.8258, True, 4, 1.126801
27.83701, True, 4, 1.075376
27.84882, True, 4, 0.8948578
27.85923, True, 4, 0.8765023
27.87, True, 4, 0.8553259
27.88152, True, 4, 0.8715004
27.8925, True, 4, 0.8605098
27.90406, True, 4, 0.8339588
27.91545, True, 4, 0.8372045
27.92601, True, 4, 0.845983
27.93715, True, 4, 0.8438308
27.94845, True, 4, 0.8328373
27.95997, True, 4, 0.8217156
27.97286, True, 4, 0.8288712
27.98337, True, 4, 0.8343733
27.9947, True, 4, 0.8411146
28.00619, True, 4, 0.8024964
28.01652, True, 4, 0.9349669
28.02971, True, 4, 0.9371685
28.04065, True, 4, 0.9392425
28.05065, True, 4, 0.935921
28.06183, True, 4, 0.9260455
28.07315, True, 4, 0.9048619
28.08445, True, 4, 0.880668
28.09585, True, 4, 0.8590532
28.10702, True, 4, 0.8637821
28.11828, True, 4, 0.8402493
28.13015, True, 4, 0.8406423
28.14149, True, 4, 0.8530336
28.15248, True, 4, 0.8554207
28.16392, True, 4, 0.8579451
28.17443, True, 4, 0.9086614
28.18569, True, 4, 0.9076423
28.197, True, 4, 0.906108
28.20826, True, 4, 0.8803447
28.21912, True, 4, 0.8657992
28.23281, True, 4, 0.8095091
28.24647, True, 4, 0.7156472
28.25686, True, 4, 0.7787058
28.26641, True, 4, 0.8342659
28.27807, True, 4, 0.8659933
28.28991, True, 4, 0.8013852
28.30048, True, 4, 0.7728907
28.31288, True, 4, 0.9602301
28.32246, True, 4, 0.8609894
28.33295, True, 4, 0
28.57092, True, 4, 1.496102
28.58244, True, 4, 1.452824
28.5938, True, 4, 1.523218
28.60393, True, 4, 1.539135
28.61453, True, 4, 1.549784
28.62509, True, 4, 1.544471
28.63728, True, 4, 1.80287
28.64883, True, 4, 2.049085
28.6601, True, 4, 2.201647
28.67155, True, 4, 1.967588
28.68236, True, 4, 1.896266
28.69272, True, 4, 1.867332
28.70412, True, 4, 2.372034
28.71508, True, 4, 2.208008
28.7312, True, 4, 2.18969
28.7424, True, 4, 2.64346
28.75338, True, 4, 2.694903
28.76478, True, 4, 2.693043
28.77519, True, 4, 2.560924
28.78562, True, 4, 2.54163
28.79589, True, 4, 2.695122
28.80747, True, 4, 2.853725
28.81575, True, 4, 2.623577
28.82566, True, 4, 3.273228
28.83717, True, 4, 3.543486
28.84832, True, 4, 3.747612
28.85907, True, 4, 4.092418
28.87058, True, 4, 3.828961
28.88249, True, 4, 3.724879
28.8936, True, 4, 5.007596
28.90589, True, 4, 4.805491
28.91589, True, 4, 6.999887
28.92788, True, 4, 6.631484
28.93929, True, 4, 7.069345
29.02525, True, 4, 5.390853
29.03843, True, 4, 6.968046
29.05148, True, 4, 6.420208
29.0735, True, 4, 6.285355
29.08378, True, 4, 5.744911
29.10678, True, 4, 6.222923
29.1183, True, 4, 5.176093
29.12993, True, 4, 4.152479
29.14079, True, 4, 5.921101
29.15269, True, 4, 7.641452
29.16544, True, 4, 6.992132
29.18864, True, 4, 2.455521
29.20046, True, 4, 5.982417
29.46899, True, 4, 3.866048
29.47999, True, 4, 7.02654
29.49135, True, 4, 2.056634
29.50435, True, 4, 1.917673
29.51627, True, 4, 2.569804
29.52603, True, 4, 2.9619
29.537, True, 4, 2.813643
29.5469, True, 4, 2.639825
29.55784, True, 4, 8.595641
29.59109, True, 4, 2.902145
29.60271, True, 4, 3.527398
29.61456, True, 4, 8.234155
29.62877, True, 4, 2.391875
29.64072, True, 4, 2.416607
29.65197, True, 4, 2.559829
29.66365, True, 4, 2.377294
29.6736, True, 4, 2.568131
29.68493, True, 4, 2.476691
29.69654, True, 4, 2.376221
29.70729, True, 4, 2.550263
29.7191, True, 4, 2.491534
29.73075, True, 4, 2.195112
29.742, True, 4, 3.111772
29.75436, True, 4, 2.403626
29.7654, True, 4, 2.380584
29.7774, True, 4, 2.459887
29.78737, True, 4, 3.101181
29.80379, True, 4, 2.748215
29.81469, True, 4, 3.29499
29.82618, True, 4, 3.207944
29.83645, True, 4, 3.296715
29.84755, True, 4, 1.713957
29.85915, True, 4, 1.454792
29.86979, True, 4, 1.672208
29.88165, True, 4, 1.818736
29.89139, True, 4, 1.485674
29.90273, True, 4, 1.657966
29.91362, True, 4, 1.577997
29.92522, True, 4, 1.819732
29.93653, True, 4, 1.862845
29.9475, True, 4, 2.024565
29.95872, True, 4, 2.233396
29.96922, True, 4, 1.934143
29.98148, True, 4, 3.21579
30.00234, True, 4, 4.972538
30.09214, True, 4, 9.705998
30.10278, True, 4, 9.354581
30.13632, True, 4, 6.391259
30.1482, True, 4, 6.766915
30.15889, True, 4, 6.164588
30.16964, True, 4, 6.093222
30.18161, True, 4, 5.588574
30.19297, True, 4, 5.311934
30.20391, True, 4, 5.826247
30.21539, True, 4, 4.876486
30.22692, True, 4, 4.763876
30.23847, True, 4, 4.761486
30.24911, True, 4, 3.969277
30.26061, True, 4, 3.943345
30.27209, True, 4, 3.730687
30.28338, True, 4, 4.089001
30.30729, True, 4, 3.613698
30.3858, True, 4, 2.512356
30.39575, True, 4, 2.357551
30.40679, True, 4, 2.454618
30.41835, True, 4, 2.174875
30.43049, True, 4, 2.09636
30.44035, True, 4, 2.005596
30.45147, True, 4, 1.798643
30.46252, True, 4, 1.855768
30.47348, True, 4, 1.966125
30.48535, True, 4, 2.448173
30.49569, True, 4, 2.415285
30.50678, True, 4, 1.898765
30.5179, True, 4, 2.108964
30.53007, True, 4, 1.947481
30.54576, True, 4, 2.240657
30.55702, True, 4, 2.187537
30.56743, True, 4, 1.593924
30.57898, True, 4, 1.568991
30.59133, True, 4, 1.512199
30.60225, True, 4, 1.660239
30.61288, True, 4, 1.575094
30.65764, True, 4, 6.235073
30.66904, True, 4, 3.347739
30.67979, True, 4, 3.83861
30.69055, True, 4, 2.797605
30.70206, True, 4, 2.566522
30.71271, True, 4, 2.498424
30.72386, True, 4, 2.264812
30.73593, True, 4, 2.329437
30.74799, True, 4, 2.131567
30.75891, True, 4, 1.990338
30.77076, True, 4, 2.010806
30.78154, True, 4, 2.107729
30.79671, True, 4, 2.250305
30.80692, True, 4, 2.386583
30.81663, True, 4, 2.478058
30.82859, True, 4, 3.063481
30.84051, True, 4, 3.228222
30.85033, True, 4, 3.326381
30.86037, True, 4, 3.587409
30.87288, True, 4, 3.52953
30.88315, True, 4, 3.625114
30.89445, True, 4, 0
30.90475, True, 4, 3.448205
30.91488, True, 4, 3.708102
30.92456, True, 4, 3.593204
30.93555, True, 4, 3.079765
30.94708, True, 4, 2.769183
30.95885, True, 4, 2.631875
30.96966, True, 4, 3.489391
30.98186, True, 4, 9.309032
30.99394, True, 4, 6.477599
31.00478, True, 4, 5.293733
31.01574, True, 4, 4.517424
31.02714, True, 4, 4.42668
31.03963, True, 4, 4.595778
31.05056, True, 4, 4.490126
31.06278, True, 4, 4.359688
31.07311, True, 4, 4.134184
31.08318, True, 4, 3.928652
31.09486, True, 4, 3.788916
31.11035, True, 4, 3.53914
31.12212, True, 4, 3.438273
31.134, True, 4, 2.828088
31.14416, True, 4, 2.822031
31.1557, True, 4, 2.614496
31.16621, True, 4, 2.491629
31.17652, True, 4, 2.471302
31.18796, True, 4, 2.878975
31.19947, True, 4, 2.958644
31.21104, True, 4, 2.927424
31.22123, True, 4, 2.922239
31.23162, True, 4, 3.031223
31.24147, True, 4, 2.890386
31.25211, True, 4, 3.210303
31.2637, True, 4, 3.952558
31.27858, True, 4, 1.721289
31.28934, True, 4, 1.638387
31.29892, True, 4, 1.986464
31.31025, True, 4, 2.108006
31.32084, True, 4, 2.106134
31.33131, True, 4, 2.193958
31.34286, True, 4, 2.267427
31.35378, True, 4, 2.148015
31.36541, True, 4, 2.040797
31.37526, True, 4, 2.058441
31.38772, True, 4, 2.163133
31.3968, True, 4, 2.290619
31.40759, True, 4, 2.357986
31.41854, True, 4, 2.350496
31.43075, True, 4, 2.290729
31.44091, True, 4, 2.240983
31.45306, True, 4, 2.224373
31.46502, True, 4, 2.207678
31.47526, True, 4, 2.138033
31.48707, True, 4, 1.943346
31.4981, True, 4, 1.794245
31.50818, True, 4, 5.383177
31.51875, True, 4, 2.500147
31.5279, True, 4, 2.817871
31.53937, True, 4, 2.997857
31.55058, True, 4, 3.011625
31.56249, True, 4, 2.944329
31.57602, True, 4, 2.82359
31.58834, True, 4, 2.83484
31.59877, True, 4, 2.887215
31.60807, True, 4, 2.916026
31.6184, True, 4, 2.938973
31.62938, True, 4, 2.960364
31.63993, True, 4, 2.906177
31.65072, True, 4, 3.090651
31.66199, True, 4, 3.142211
31.67251, True, 4, 3.058903
31.68379, True, 4, 3.297584
31.69518, True, 4, 3.230382
31.706, True, 4, 3.166788
31.71686, True, 4, 3.274825
31.72759, True, 4, 3.321333
31.73949, True, 4, 2.595586
31.75048, True, 4, 5.054432
31.76182, True, 4, 9.091918
31.79751, True, 4, 6.5879
31.80822, True, 4, 2.478149
31.81911, True, 4, 2.436151
31.83154, True, 4, 2.563058
31.84408, True, 4, 2.665945
31.85722, True, 4, 2.619641
31.86902, True, 4, 2.668927
31.88043, True, 4, 2.739401
31.89154, True, 4, 2.546838
31.90298, True, 4, 2.360885
31.9149, True, 4, 2.495324
31.92539, True, 4, 2.379901
31.93745, True, 4, 2.371403
31.94777, True, 4, 2.49218
31.95818, True, 4, 2.456858
31.96782, True, 4, 2.598287
31.97969, True, 4, 2.713955
31.99017, True, 4, 2.819699
32.00206, True, 4, 2.702319
32.0129, True, 4, 2.837327
32.02351, True, 4, 2.331246
32.03504, True, 4, 1.826437
32.07307, True, 4, 6.762495
32.08303, True, 4, 7.084528
32.09483, True, 4, 5.836057
32.106, True, 4, 5.945238
32.11557, True, 4, 5.644445
32.12543, True, 4, 5.020025
32.13635, True, 4, 5.592659
32.14571, True, 4, 5.39636
32.1567, True, 4, 5.585136
32.16824, True, 4, 4.813252
32.17955, True, 5, 4.56495
32.19038, True, 5, 4.687876
32.20251, True, 5, 4.71449
32.2135, True, 5, 4.221359
32.22443, True, 5, 4.010051
32.23531, True, 5, 3.713696
32.24615, True, 5, 3.774881
32.25765, True, 5, 3.652653
32.26936, True, 5, 3.814461
32.2804, True, 5, 4.339547
32.2919, True, 5, 4.032825
32.30322, True, 5, 3.975767
32.31451, True, 5, 3.865521
32.32479, True, 5, 3.823567
32.33652, True, 5, 3.946914
32.34835, True, 5, 4.235476
32.35974, True, 5, 4.323591
32.37216, True, 5, 4.31482
32.3825, True, 5, 4.414959
32.3933, True, 5, 4.23524
32.40556, True, 5, 4.069866
32.41648, True, 5, 4.123058
32.42766, True, 5, 4.203139
32.43947, True, 5, 4.148638
32.45064, True, 5, 2.297375
32.46145, True, 5, 2.367492
32.47248, True, 5, 2.242969
32.48353, True, 5, 2.604845
32.49471, True, 5, 2.730262
32.50475, True, 5, 2.922957
32.51561, True, 5, 3.791683
32.5306, True, 5, 3.731072
32.54116, True, 5, 3.604486
32.55245, True, 5, 3.439922
32.56392, True, 5, 3.400656
32.5744, True, 5, 3.321666
32.58598, True, 5, 3.358855
32.59768, True, 5, 3.386441
32.60802, True, 5, 3.32666
32.61982, True, 5, 3.326517
32.62978, True, 5, 3.286945
32.64021, True, 5, 2.970126
32.65068, True, 5, 2.926199
32.66203, True, 5, 2.768092
32.67238, True, 5, 2.321349
32.68231, True, 5, 1.765168
32.69268, True, 5, 1.353261
32.70306, True, 5, 1.194839
32.71432, True, 5, 1.128962
32.72553, True, 5, 1.197359
32.73734, True, 5, 1.173482
32.74786, True, 5, 1.152196
32.75869, True, 5, 1.012428
32.76989, True, 5, 1.018961
32.78155, True, 5, 1.008397
32.79191, True, 5, 1.03806
32.8037, True, 5, 1.029627
32.81608, True, 5, 0.9896366
32.82752, True, 5, 0.9703867
32.83909, True, 5, 0.990303
32.84877, True, 5, 0.9608365
32.85942, True, 5, 0.9420218
32.87146, True, 5, 0.8935003
32.88299, True, 5, 0.8950481
32.89299, True, 5, 0.8772014
32.90481, True, 5, 0.8922974
32.91488, True, 5, 0.8377817
32.92547, True, 5, 0.8173166
32.93642, True, 5, 0.8137168
32.94773, True, 5, 0.8176326
32.95872, True, 5, 1.013947
32.96968, True, 5, 1.015361
32.98148, True, 5, 1.01412
32.9963, True, 5, 1.065872
33.00582, True, 5, 1.066912
33.01708, True, 5, 1.086691
33.02811, True, 5, 1.074049
33.03794, True, 5, 1.061591
33.04883, True, 5, 1.08334
33.06034, True, 5, 1.084537
33.07177, True, 5, 1.075176
33.08267, True, 5, 1.072219
33.09401, True, 5, 1.06873
33.10487, True, 5, 1.0619
33.11666, True, 5, 1.051453
33.12776, True, 5, 1.048165
33.13961, True, 5, 1.038353
33.14968, True, 5, 0.7511634
33.16123, True, 5, 0.7602305
33.17368, True, 5, 0.759509
33.18296, True, 5, 0.7442537
33.1944, True, 5, 0.7608669
33.20589, True, 5, 0.7513475
33.21649, True, 5, 0.753365
33.22793, True, 5, 0.7518733
33.23904, True, 5, 0.7551327
33.25018, True, 5, 0.7642348
33.26263, True, 5, 0.7498696
33.27274, True, 5, 0.7567751
33.28343, True, 5, 0.7882702
33.29449, True, 5, 0.8028553
33.30584, True, 5, 0.8016626
33.31712, True, 5, 1.134735
33.32861, True, 5, 1.186331
33.3418, True, 5, 1.242581
33.35159, True, 5, 1.105683
33.36272, True, 5, 1.03727
33.3732, True, 5, 1.013054
33.38357, True, 5, 1.03892
33.39528, True, 5, 1.065042
33.40685, True, 5, 1.105257
33.4182, True, 5, 1.129415
33.42859, True, 5, 1.326435
33.43881, True, 5, 1.342814
33.44948, True, 5, 1.65125
33.46049, True, 5, 2.030508
33.47396, True, 5, 1.466051
33.48401, True, 5, 1.445553
33.49494, True, 5, 1.443598
33.50633, True, 5, 1.406878
33.51599, True, 5, 1.383624
33.52702, True, 5, 1.769248
33.53862, True, 5, 1.427612
33.5499, True, 5, 1.582031
33.56205, True, 5, 1.21402
33.57654, True, 5, 0.9734269
33.58737, True, 5, 1.016275
33.59902, True, 5, 0.8847904
33.60939, True, 5, 1.402848
33.62153, True, 5, 1.056837
33.63261, True, 5, 1.268345
33.64466, True, 5, 1.126258
33.65517, True, 5, 1.753447
33.66636, True, 5, 1.181188
33.67582, True, 5, 1.159761
33.68661, True, 5, 1.233479
33.6982, True, 5, 1.241774
33.70953, True, 5, 1.367706
33.72041, True, 5, 1.063829
33.73135, True, 5, 1.726173
33.74142, True, 5, 1.486829
33.75063, True, 5, 2.231215
33.7616, True, 5, 1.43452
33.77186, True, 5, 1.157999
33.78257, True, 5, 0.9699467
33.79385, True, 5, 1.071944
33.80586, True, 5, 1.417886
33.81753, True, 5, 1.106494
33.82774, True, 5, 1.121371
33.83853, True, 5, 1.059884
33.84932, True, 5, 1.492863
33.85801, True, 5, 1.727554
33.86856, True, 5, 1.903373
33.88042, True, 5, 1.678091
33.88962, True, 5, 2.025011
33.90065, True, 5, 1.788222
33.91154, True, 5, 1.988724
33.92266, True, 5, 2.001512
33.94016, True, 5, 1.78691
33.95536, True, 5, 2.524952
33.96508, True, 5, 3.457543
33.97649, True, 5, 3.559813
33.98725, True, 5, 3.338727
33.9965, True, 5, 3.609974
34.00856, True, 5, 3.942928
34.01994, True, 5, 3.69238
34.03142, True, 5, 2.367148
34.04276, True, 5, 2.337928
34.05492, True, 5, 2.297443
34.06681, True, 5, 2.28497
34.07699, True, 5, 0
34.08808, True, 5, 2.336661
34.09764, True, 5, 2.321284
34.10798, True, 5, 2.299901
34.11862, True, 5, 2.402919
34.13052, True, 5, 2.592339
34.14592, True, 5, 2.524154
34.15622, True, 5, 2.570653
34.1669, True, 5, 2.664096
34.17784, True, 5, 2.692454
34.189, True, 5, 2.800019
34.20023, True, 5, 3.980548
34.21219, True, 5, 2.118963
34.4444, True, 5, 0
34.46685, True, 5, 3.566383
34.47885, True, 5, 2.131303
34.49174, True, 5, 5.631163
34.50378, True, 5, 7.933878
34.51345, True, 5, 6.241776
34.52398, True, 5, 2.494862
34.53496, True, 5, 2.51508
34.54754, True, 5, 2.518119
34.55861, True, 5, 2.495527
34.57055, True, 5, 2.478583
34.58117, True, 5, 2.46492
34.59106, True, 5, 2.394858
34.60261, True, 5, 2.467789
34.61377, True, 5, 2.428502
34.62482, True, 5, 2.389024
34.63698, True, 5, 2.438402
34.64751, True, 5, 5.02256
34.82562, True, 5, 8.721324
35.43727, True, 5, 2.935147
35.44835, True, 5, 2.500629
35.46054, True, 5, 2.307425
35.47213, True, 5, 2.388048
35.48486, True, 5, 2.001788
35.49686, True, 5, 2.298984
35.50764, True, 5, 2.395369
35.51944, True, 5, 2.563678
35.53148, True, 5, 2.474371
35.54316, True, 5, 2.52913
35.55502, True, 5, 2.477358
35.56608, True, 5, 2.365558
35.57719, True, 5, 2.486354
35.58857, True, 5, 2.42935
35.59772, True, 5, 2.501737
35.60865, True, 5, 2.482339
35.61955, True, 5, 2.416999
35.6318, True, 5, 2.449965
35.64148, True, 5, 2.418535
35.65379, True, 5, 2.661902
35.67696, True, 5, 2.382495
35.68855, True, 5, 3.669018
35.69815, True, 5, 2.290905
35.70857, True, 5, 2.120881
35.72079, True, 5, 1.995461
35.73146, True, 5, 1.914221
35.74346, True, 5, 1.958764
35.75579, True, 5, 1.957688
35.7662, True, 5, 1.962533
35.77746, True, 5, 1.926414
35.78973, True, 5, 1.840114
35.80011, True, 5, 1.954788
35.81148, True, 5, 1.865114
35.82192, True, 5, 1.78518
35.83287, True, 5, 1.870586
35.84405, True, 5, 1.848346
35.85576, True, 5, 1.896681
35.86647, True, 5, 1.87254
35.8821, True, 5, 1.948501
35.89319, True, 5, 1.875741
35.90437, True, 5, 1.80228
35.91476, True, 5, 1.712972
35.92597, True, 5, 1.369992
35.93814, True, 5, 1.861196
35.94775, True, 5, 2.875949
35.96074, True, 5, 3.178269
35.97206, True, 5, 3.505718
35.98274, True, 5, 4.50158
35.99421, True, 5, 8.654199
36.00417, True, 5, 5.601371
36.01394, True, 5, 4.282176
36.02459, True, 5, 3.710139
36.0361, True, 5, 3.973607
36.04573, True, 5, 3.579172
36.05695, True, 5, 3.628757
36.06879, True, 5, 3.399908
36.08061, True, 5, 3.190498
36.09335, True, 5, 3.245583
36.10537, True, 5, 3.142272
36.11492, True, 5, 2.900554
36.1262, True, 5, 2.835149
36.13889, True, 5, 2.853072
36.14946, True, 5, 2.818121
36.15985, True, 5, 2.812411
36.17166, True, 5, 2.799049
36.18275, True, 5, 2.745111
36.19487, True, 5, 2.952763
36.20585, True, 5, 2.987563
36.21636, True, 5, 3.000837
36.22694, True, 5, 3.207259
36.23807, True, 5, 3.177256
36.24762, True, 5, 3.191642
36.25718, True, 5, 3.542054
36.26992, True, 5, 3.55731
36.27964, True, 5, 3.804596
36.28991, True, 5, 3.756285
36.30147, True, 5, 3.790546
36.31236, True, 5, 3.783726
36.32203, True, 5, 3.818159
36.33359, True, 5, 2.64432
36.34433, True, 5, 2.614229
36.35543, True, 5, 2.663212
36.36668, True, 5, 2.561819
36.37916, True, 5, 2.711907
36.389, True, 5, 2.627105
36.3999, True, 5, 2.047798
36.41104, True, 5, 1.68823
36.42199, True, 5, 3.065529
36.43419, True, 5, 2.509782
36.451, True, 5, 2.469073
36.46225, True, 5, 2.524077
36.47216, True, 5, 2.448593
36.48223, True, 5, 2.342931
36.49297, True, 5, 2.35005
36.50379, True, 5, 2.247328
36.51417, True, 5, 2.187773
36.52495, True, 5, 2.22357
36.53662, True, 5, 2.154701
36.54657, True, 5, 2.032359
36.55734, True, 5, 2.206122
36.56784, True, 5, 2.151945
36.57951, True, 5, 2.175859
36.59269, True, 5, 2.173776
36.60346, True, 5, 2.164626
36.61275, True, 5, 2.171711
36.62369, True, 5, 2.156153
36.63578, True, 5, 2.142787
36.64757, True, 5, 2.24477
36.65962, True, 5, 2.281874
36.67027, True, 5, 2.328142
36.68039, True, 5, 2.473696
36.69189, True, 5, 2.510691
36.70368, True, 5, 2.521996
36.71497, True, 5, 2.349702
36.72616, True, 5, 2.353613
36.75916, True, 5, 1.249122
36.77161, True, 5, 2.784203
36.79167, True, 5, 4.583358
36.80119, True, 5, 1.870528
36.81226, True, 5, 1.875816
36.82184, True, 5, 1.871141
36.83293, True, 5, 1.761876
36.84538, True, 5, 1.797959
36.86175, True, 5, 1.647277
36.87313, True, 5, 1.66315
36.8844, True, 5, 1.707047
36.8966, True, 5, 1.673495
36.90792, True, 5, 1.642194
36.91904, True, 5, 1.655296
36.93001, True, 5, 1.702577
36.94063, True, 5, 1.644594
36.95163, True, 5, 1.626373
36.96323, True, 5, 1.640607
36.97472, True, 5, 1.466144
37.01693, True, 5, 5.259473
37.04759, True, 5, 6.774466
37.05725, True, 5, 7.8012
37.0711, True, 5, 6.924714
37.08113, True, 5, 5.54006
37.09259, True, 5, 5.835033
37.10481, True, 5, 4.799701
37.11514, True, 5, 4.61404
37.12753, True, 5, 4.518379
37.13814, True, 5, 4.170126
37.14901, True, 5, 3.789875
37.15965, True, 5, 3.510875
37.17144, True, 5, 3.978203
41.21405, False, 0, 5.733824
41.22676, False, 0, 4.895384
41.23707, False, 0, 6.239546
41.24755, False, 0, 6.384097
41.25886, False, 0, 5.631577
41.26951, False, 0, 6.131498
41.28357, False, 0, 7.611377
41.29728, False, 0, 7.581872
41.309, False, 0, 7.824638
41.32077, False, 0, 8.273698
41.33141, False, 0, 7.913725
41.34273, False, 0, 6.953063
41.35269, False, 0, 6.819674
41.364, False, 0, 6.675892
41.37498, False, 0, 6.320115
41.38751, False, 0, 6.234167
41.39833, False, 0, 5.656714
41.40873, False, 0, 5.643725
41.41946, False, 0, 3.23121
41.45245, False, 0, 3.015627
41.46622, False, 0, 4.379272
41.4771, False, 0, 4.118556
41.56334, False, 0, 9.600697
41.57478, False, 0, 8.576152
41.58638, False, 0, 9.805258
41.59695, False, 0, 2.349292
41.6191, False, 0, 9.844361
41.62997, False, 0, 0
41.64351, False, 0, 0
41.73074, False, 0, 0
41.74192, False, 0, 0
41.75399, False, 0, 0
41.7668, False, 0, 0
41.77893, False, 0, 0
41.79178, False, 0, 0
41.8264, False, 0, 5.589666
41.8368, False, 0, 8.811304
41.84717, False, 0, 7.131199
41.85785, False, 0, 3.471243
41.86863, False, 0, 4.256454
41.8797, False, 0, 4.442066
41.90187, False, 0, 3.345821
41.92455, False, 0, 8.020071
41.94693, False, 0, 8.116087
41.96936, False, 0, 7.626299
41.98152, False, 0, 7.057671
41.99236, False, 0, 6.451243
42.02491, False, 0, 3.567623
42.03559, False, 0, 3.778318
42.04671, False, 0, 3.692559
42.05768, False, 0, 3.916013
42.0684, False, 0, 3.919476
42.07805, False, 0, 4.476653
42.08862, False, 0, 6.403172
42.10096, False, 0, 4.81237
42.11207, False, 0, 4.980135
42.12281, False, 0, 5.421176
42.13342, False, 0, 5.485389
42.14495, False, 0, 5.671702
42.15586, False, 0, 6.006382
42.16618, False, 0, 8.804495
42.17519, False, 0, 8.298586
42.18694, False, 0, 9.23287
42.43218, False, 0, 7.337566
42.4549, False, 0, 5.794203
42.46601, False, 0, 2.697105
42.47745, False, 0, 2.837378
42.48899, False, 0, 3.951238
42.50144, False, 0, 3.321556
42.51263, False, 0, 3.675021
42.52378, False, 0, 3.376832
42.5341, False, 0, 3.494201
42.54512, False, 0, 3.459173
42.55642, False, 0, 3.202849
42.5686, False, 0, 3.286251
42.57882, False, 0, 3.197909
42.58964, False, 0, 3.136261
42.60069, False, 0, 3.239004
42.61226, False, 0, 3.418049
42.62423, False, 0, 3.284568
42.63663, False, 0, 3.325252
42.65089, False, 0, 3.272963
42.66237, False, 0, 2.980142
42.67149, False, 0, 2.970255
42.68294, False, 0, 3.171345
42.69388, False, 0, 3.215403
42.704, False, 0, 3.078473
42.71377, False, 0, 3.351163
42.72486, False, 0, 3.07408
42.73677, False, 0, 2.811631
42.7588, False, 0, 9.400936
43.09602, False, 0, 9.046283
43.19788, False, 0, 9.500592
43.27713, False, 1, 2.813221
43.28851, False, 1, 3.612533
43.30123, False, 1, 4.668824
43.31278, False, 1, 5.805083
43.32469, False, 1, 5.289706
43.33651, False, 1, 4.949034
43.34768, False, 1, 4.237774
43.35949, False, 1, 4.110035
43.3702, False, 1, 4.012105
43.3813, False, 1, 3.996069
43.39294, False, 1, 4.102396
43.40335, False, 1, 4.22361
43.41362, False, 1, 3.945445
43.42405, False, 1, 3.909662
43.4359, False, 1, 3.61363
43.44561, False, 1, 3.518602
43.45599, False, 1, 3.427063
43.46754, False, 1, 3.430932
43.479, False, 1, 3.82476
43.49134, False, 1, 3.799943
43.50496, False, 1, 3.983522
43.51667, False, 1, 4.065058
43.52925, False, 1, 4.132307
43.54134, False, 1, 4.138227
43.55225, False, 1, 3.812313
43.59573, False, 1, 4.503184
43.60685, False, 1, 4.713338
43.61795, False, 1, 4.259644
43.62913, False, 1, 4.082724
43.64044, False, 1, 4.021796
43.66276, False, 1, 4.6229
43.6746, False, 1, 5.005338
43.68536, False, 1, 5.753302
43.8736, False, 1, 5.111462
43.89582, False, 1, 3.591269
43.90686, False, 1, 2.619395
43.91817, False, 1, 2.070222
43.92949, False, 1, 2.039833
43.94019, False, 1, 1.60535
43.95286, False, 1, 1.412102
43.96308, False, 1, 1.07677
43.97466, False, 1, 1.07086
43.98619, False, 1, 0.9706669
43.99705, False, 1, 1.001974
44.008, False, 1, 0.974494
44.01985, False, 1, 0.9521878
44.03092, False, 1, 0.9523764
44.04169, False, 1, 0.9077582
44.05675, False, 1, 0.8393007
44.06893, False, 1, 0.8932073
44.07946, False, 1, 0.8588751
44.09155, False, 1, 0.9093478
44.10349, False, 1, 0.9031512
44.11352, False, 1, 0.890016
44.12395, False, 1, 0.8736029
44.13684, False, 1, 0.8981099
44.1493, False, 1, 0.8747557
44.1596, False, 1, 0.8924473
44.17011, False, 1, 0.8935215
44.18088, False, 1, 0.930332
44.19227, False, 1, 0.8781852
44.20357, False, 1, 0.8804591
44.21298, False, 1, 0.9114903
44.22475, False, 1, 0.9149194
44.23952, False, 1, 0.9439971
44.25043, False, 1, 0.9374595
44.26143, False, 1, 0.9490208
44.27001, False, 1, 0.9469616
44.28102, False, 1, 0.9444146
44.29201, False, 1, 0.9366028
44.30272, False, 1, 0.94794
44.31299, False, 1, 1.020181
44.32539, False, 1, 0.9689166
44.33596, False, 1, 1.031586
44.34649, False, 1, 1.026303
44.35751, False, 1, 1.034938
44.36866, False, 1, 1.067621
44.3791, False, 1, 1.05398
44.3894, False, 1, 1.052597
44.39991, False, 1, 1.056899
44.4112, False, 1, 1.048757
44.42203, False, 1, 1.052982
44.43255, False, 1, 1.032204
44.44415, False, 1, 1.011438
44.45557, False, 1, 0.9989449
44.46714, False, 1, 1.005575
44.47876, False, 1, 0.9976339
44.48989, False, 1, 1.003171
44.50294, False, 1, 0.9946799
44.51442, False, 1, 0.989702
44.52642, False, 1, 0.9886673
44.54124, False, 1, 0.976051
44.55363, False, 1, 0.9828715
44.56445, False, 1, 1.190294
44.57489, False, 1, 1.619654
44.58606, False, 1, 1.090364
44.59586, False, 1, 1.36134
44.60756, False, 1, 1.505728
44.61877, False, 1, 1.669539
44.62924, False, 1, 1.597345
44.63959, False, 1, 1.568228
44.6511, False, 1, 1.543098
44.66335, False, 1, 1.982621
44.67452, False, 1, 1.893217
44.68587, False, 1, 1.849788
44.69549, False, 1, 1.888742
44.70644, False, 1, 2.682223
44.71754, False, 1, 3.078873
44.72863, False, 1, 3.31976
44.73999, False, 1, 3.523684
44.7515, False, 1, 3.493858
44.76297, False, 1, 4.956943
44.77563, False, 1, 3.398078
44.78707, False, 1, 2.717784
44.79733, False, 1, 3.017877
44.80978, False, 1, 3.149061
44.81975, False, 1, 3.097476
44.83155, False, 1, 3.494589
44.84302, False, 1, 3.465171
44.85429, False, 1, 3.471103
44.86511, False, 1, 3.607069
44.87633, False, 1, 5.328609
44.89641, False, 1, 5.08024
44.90837, False, 1, 5.08733
44.92053, False, 1, 3.995593
44.93264, False, 1, 4.45156
44.94397, False, 1, 4.950792
44.95471, False, 1, 5.99481
44.96498, False, 1, 5.740507
44.97742, False, 1, 5.764723
44.98886, False, 1, 6.250207
44.99989, False, 1, 6.106083
45.01005, False, 1, 6.011739
45.023, False, 1, 6.19275
45.03563, False, 1, 6.250623
45.04866, False, 1, 7.073018
45.05977, False, 1, 7.411244
45.07018, False, 1, 7.407952
45.20655, False, 1, 4.907935
45.22828, False, 1, 9.940681
45.23953, False, 1, 5.264772
45.25078, False, 1, 7.021874
45.26186, False, 1, 6.35258
45.27477, False, 1, 8.695872
45.32839, False, 1, 5.873131
45.34027, False, 1, 8.683629
45.35131, False, 1, 3.597374
45.36318, False, 1, 3.505353
45.59862, False, 1, 3.719107
45.60946, False, 1, 5.614018
45.62076, False, 1, 3.337232
45.63547, False, 1, 3.729506
45.64628, False, 1, 6.936569
45.65683, False, 1, 7.011048
45.66895, False, 1, 4.9223
45.69198, False, 1, 3.513775
45.70173, False, 1, 4.039717
45.7122, False, 1, 6.275911
45.78651, False, 1, 8.818006
45.8089, False, 1, 7.010252
45.82026, False, 1, 5.971776
45.83089, False, 1, 5.931017
45.8423, False, 1, 4.923534
45.85357, False, 1, 3.303432
45.86502, False, 1, 3.468675
45.87773, False, 1, 3.772999
45.88855, False, 1, 3.431168
45.9001, False, 1, 3.512262
45.91242, False, 1, 3.038724
45.92395, False, 1, 3.326635
45.93562, False, 1, 3.991799
45.94572, False, 1, 3.124225
45.95677, False, 1, 2.988647
45.96805, False, 1, 2.736317
45.97856, False, 1, 2.68337
45.98989, False, 1, 2.773346
46.00026, False, 1, 3.225407
46.01123, False, 1, 2.605185
46.02137, False, 1, 2.981123
46.03227, False, 1, 3.187397
46.04316, False, 1, 3.091769
46.05394, False, 1, 2.600048
46.06543, False, 1, 2.370188
46.07533, False, 1, 2.282805
46.0896, False, 1, 2.916886
46.10046, False, 1, 5.470576
46.11128, False, 1, 4.960216
46.12116, False, 1, 5.302199
46.13214, False, 1, 4.171721
46.1447, False, 1, 3.79334
46.15501, False, 1, 2.967703
46.16757, False, 1, 2.919397
46.17826, False, 1, 3.19127
46.18818, False, 1, 3.985244
46.1991, False, 1, 3.730897
46.21119, False, 1, 3.896271
46.22196, False, 1, 3.4804
46.233, False, 1, 3.687803
46.24347, False, 1, 3.511908
46.25361, False, 1, 3.208858
46.26393, False, 1, 3.23342
46.27596, False, 1, 3.235958
47.11982, False, 1, 5.470905
47.13121, False, 1, 5.127967
47.14212, False, 1, 0
47.1534, False, 1, 5.929858
47.16478, False, 1, 6.23962
47.17574, False, 1, 7.085794
47.18709, False, 1, 8.606319
47.19879, False, 1, 8.768295
47.20956, False, 1, 9.170294
47.34365, False, 1, 4.018948
47.35484, False, 1, 6.074168
47.3662, False, 1, 4.640334
47.37709, False, 1, 5.011249
47.40024, False, 1, 6.600117
47.41121, False, 1, 7.869244
47.4281, False, 1, 4.634003
47.444, False, 1, 5.344091
47.4547, False, 1, 5.440699
47.46595, False, 1, 5.199512
47.47745, False, 1, 5.44851
47.48799, False, 1, 7.318333
47.50014, False, 1, 7.596623
47.51146, False, 1, 7.62413
47.52232, False, 1, 8.955733
47.53197, False, 1, 8.168307
47.54329, False, 1, 7.628449
47.55336, False, 1, 8.121881
47.56518, False, 1, 7.294659
47.5763, False, 1, 7.070875
47.58587, False, 1, 7.070698
47.59659, False, 1, 6.948168
47.60874, False, 1, 6.971877
47.62042, False, 1, 6.591598
47.63115, False, 1, 6.765046
47.64252, False, 1, 7.055532
47.70494, False, 1, 4.418602
47.71646, False, 1, 7.217365
47.7386, False, 1, 8.636916
47.74945, False, 1, 9.373574
47.86132, False, 1, 9.842976
47.87281, False, 1, 9.772718
47.88391, False, 1, 9.116379
48.17636, False, 1, 9.668641
48.22073, False, 2, 8.852279
48.23227, False, 2, 9.494796
48.26773, False, 2, 9.144926
48.27827, False, 2, 5.600621
48.28867, False, 2, 3.970677
48.30006, False, 2, 4.605672
48.31187, False, 2, 8.218521
48.49694, False, 2, 6.378507
48.55196, False, 2, 4.62235
48.5741, False, 2, 6.377609
48.58542, False, 2, 4.832991
48.5996, False, 2, 4.131672
48.61102, False, 2, 3.396117
48.62197, False, 2, 3.387768
48.63715, False, 2, 4.040651
48.64735, False, 2, 4.494674
48.65873, False, 2, 4.24531
48.6694, False, 2, 4.314145
48.6797, False, 2, 4.571481
48.6907, False, 2, 4.500446
48.70286, False, 2, 7.175252
48.71578, False, 2, 7.210965
48.76045, False, 2, 7.764372
48.77132, False, 2, 5.496545
48.78253, False, 2, 3.743288
48.79458, False, 2, 3.460127
48.80665, False, 2, 5.30336
48.81627, False, 2, 4.785496
48.82851, False, 2, 4.18111
48.8383, False, 2, 3.513467
48.8492, False, 2, 4.190837
48.86099, False, 2, 7.051509
48.88506, False, 2, 2.668104
48.89486, False, 2, 3.211364
48.90575, False, 2, 3.058793
48.9169, False, 2, 1.64045
48.92762, False, 2, 1.658285
48.93844, False, 2, 1.694517
48.94921, False, 2, 1.716837
48.96004, False, 2, 1.736288
48.97102, False, 2, 1.250014
48.98231, False, 2, 1.06198
48.99353, False, 2, 1.575592
49.00462, False, 2, 0.9995483
49.01605, False, 2, 0.951395
49.02675, False, 2, 1.107147
49.03777, False, 2, 1.239331
49.04933, False, 2, 1.242711
49.06141, False, 2, 1.152227
49.07448, False, 2, 0.9467614
49.08814, False, 2, 1.017179
49.09813, False, 2, 0.9780539
49.11129, False, 2, 0.896304
49.12323, False, 2, 1.014792
49.1371, False, 2, 1.013747
49.14773, False, 2, 1.059531
49.15905, False, 2, 0.9850003
49.16928, False, 2, 0.7461468
49.1785, False, 2, 0.7688057
49.18994, False, 2, 0.7686575
49.2027, False, 2, 0.8577568
49.21282, False, 2, 0.8742927
49.22491, False, 2, 0.8568212
49.2361, False, 2, 0.8499367
49.24641, False, 2, 0.8640435
49.2573, False, 2, 0.8671172
49.26786, False, 2, 0.862422
49.27821, False, 2, 0.8634353
49.28868, False, 2, 0.8736965
49.30055, False, 2, 0.8855483
49.31205, False, 2, 0.8819039
49.32299, False, 2, 0.8669432
49.33421, False, 2, 0.8779162
49.34671, False, 2, 0.8801297
49.35732, False, 2, 0.8782393
49.36611, False, 2, 0.8762299
49.37724, False, 2, 0.9097019
49.38721, False, 2, 0.8729298
49.39629, False, 2, 0.8743012
49.40676, False, 2, 0.8647928
49.41737, False, 2, 0.8673525
49.42812, False, 2, 0.8659589
49.43869, False, 2, 0.8594531
49.45055, False, 2, 0.8602036
49.46148, False, 2, 0.8542959
49.47144, False, 2, 0.8430669
49.48225, False, 2, 0.8439656
49.4934, False, 2, 0.8345927
49.50433, False, 2, 0.8591276
49.51538, False, 2, 0.8688723
49.52646, False, 2, 0.8557565
49.54135, False, 2, 0.8663577
49.55198, False, 2, 0.8681884
49.56252, False, 2, 0.8552799
49.57413, False, 2, 0.8576934
49.58548, False, 2, 0.8522091
49.5965, False, 2, 1.279217
49.60764, False, 2, 1.290991
49.61904, False, 2, 1.170425
49.62955, False, 2, 2.193004
49.64016, False, 2, 1.919945
49.65108, False, 2, 2.00391
49.66111, False, 2, 2.706265
49.67126, False, 2, 2.870792
49.68174, False, 2, 3.077471
49.69315, False, 2, 2.68728
49.7078, False, 2, 2.820785
49.71935, False, 2, 2.764282
49.73152, False, 2, 2.843089
49.74443, False, 2, 3.192963
49.75592, False, 2, 3.689437
49.76642, False, 2, 4.204203
49.77735, False, 2, 4.804685
49.78795, False, 2, 6.429465
49.8206, False, 2, 7.135613
49.83133, False, 2, 6.243015
49.84217, False, 2, 6.961121
49.85183, False, 2, 6.618765
49.8627, False, 2, 8.016457
49.87524, False, 2, 7.568078
49.99339, False, 2, 9.733517
50.00414, False, 2, 8.599807
50.03718, False, 2, 2.701212
50.05058, False, 2, 7.271211
50.09313, False, 2, 7.252065
50.10389, False, 2, 7.744753
50.11517, False, 2, 7.942932
50.127, False, 2, 8.382958
50.13736, False, 2, 7.167518
50.14863, False, 2, 7.503608
50.16045, False, 2, 8.02464
50.17149, False, 2, 6.918418
50.18229, False, 2, 4.862683
50.19432, False, 2, 4.71847
50.20481, False, 2, 5.169655
50.21675, False, 2, 5.383253
50.22804, False, 2, 1.975288
50.23907, False, 2, 1.419013
50.25063, False, 2, 3.024834
50.29631, False, 2, 8.725544
50.32984, False, 2, 8.385524
50.34156, False, 2, 8.688856
50.3528, False, 2, 9.315578
50.36364, False, 2, 6.386189
50.54284, False, 2, 2.91763
50.55451, False, 2, 3.177394
50.56541, False, 2, 6.104155
50.57647, False, 2, 5.359233
50.58722, False, 2, 6.001935
50.6015, False, 2, 5.930923
50.61238, False, 2, 6.324924
50.62282, False, 2, 6.868583
50.63365, False, 2, 6.869407
50.64407, False, 2, 6.797664
50.65441, False, 2, 6.854727
50.66404, False, 2, 7.153213
50.68587, False, 2, 4.199972
50.92844, False, 2, 9.873367
50.96187, False, 2, 6.652971
50.98424, False, 2, 5.159267
52.41906, False, 2, 5.511857
52.42997, False, 2, 8.015839
52.44228, False, 2, 7.733374
52.57743, False, 2, 6.59081
52.68279, False, 2, 9.700685
52.69502, False, 2, 7.08415
52.70644, False, 2, 7.955008
52.71814, False, 2, 7.469634
52.7319, False, 2, 8.796751
52.75536, False, 2, 9.635919
52.76683, False, 2, 9.347611
52.77921, False, 2, 7.64895
52.78852, False, 2, 7.421412
52.79912, False, 2, 6.993332
52.80952, False, 2, 6.603338
52.81937, False, 2, 6.463477
52.83083, False, 2, 6.75834
52.84159, False, 2, 6.341852
52.85175, False, 2, 5.679261
52.86275, False, 2, 6.187114
52.87306, False, 2, 5.724859
52.88385, False, 2, 5.88647
52.89449, False, 2, 5.27852
52.90561, False, 2, 5.546566
52.91854, False, 2, 8.62173
53.16902, False, 2, 9.829741
53.18288, False, 2, 9.085346
53.19465, False, 2, 8.464184
53.20729, False, 2, 7.415007
53.21781, False, 2, 7.298577
53.22858, False, 3, 3.935106
53.40534, False, 3, 7.504321
53.4177, False, 3, 7.985869
53.42774, False, 3, 6.567848
53.43917, False, 3, 6.289084
53.45004, False, 3, 5.625592
53.46119, False, 3, 4.458135
53.47216, False, 3, 3.975533
53.4836, False, 3, 3.894017
53.49455, False, 3, 5.173857
53.52802, False, 3, 8.985222
53.76184, False, 3, 7.471272
53.85475, False, 3, 7.176918
53.89606, False, 3, 7.136845
53.90667, False, 3, 3.472578
53.91845, False, 3, 7.163964
53.92839, False, 3, 9.696362
53.93937, False, 3, 2.024692
53.95131, False, 3, 2.867726
53.96142, False, 3, 2.240473
53.97114, False, 3, 2.00464
53.9819, False, 3, 2.560804
53.9941, False, 3, 1.911066
54.00511, False, 3, 1.702896
54.01672, False, 3, 1.347822
54.02776, False, 3, 1.734971
54.0392, False, 3, 2.13396
54.04972, False, 3, 1.968996
54.06034, False, 3, 1.884831
54.07223, False, 3, 1.583301
54.08471, False, 3, 2.06316
54.09483, False, 3, 2.058452
54.1059, False, 3, 2.013698
54.11757, False, 3, 1.95204
54.12778, False, 3, 1.792416
54.13773, False, 3, 1.711679
54.14905, False, 3, 1.594495
54.16037, False, 3, 1.419144
54.17166, False, 3, 1.398878
54.18197, False, 3, 1.385264
54.19315, False, 3, 1.511776
54.2044, False, 3, 1.676292
54.2158, False, 3, 1.477594
54.22635, False, 3, 1.503321
54.23771, False, 3, 1.474874
54.24923, False, 3, 1.456122
54.26048, False, 3, 1.350684
54.27178, False, 3, 1.432206
54.28585, False, 3, 1.402386
54.29553, False, 3, 1.396325
54.30755, False, 3, 1.336425
54.31778, False, 3, 1.270338
54.32801, False, 3, 1.201702
54.3394, False, 3, 1.221186
54.35133, False, 3, 1.243202
54.36259, False, 3, 1.069786
54.37328, False, 3, 1.03208
54.38425, False, 3, 1.038955
54.39532, False, 3, 1.105369
54.40689, False, 3, 1.104445
54.4189, False, 3, 1.206665
54.42902, False, 3, 1.263771
54.44086, False, 3, 1.323574
54.45145, False, 3, 1.340812
54.46217, False, 3, 1.259585
54.47348, False, 3, 1.244764
54.48501, False, 3, 1.319337
54.49689, False, 3, 1.369738
54.50773, False, 3, 1.191106
54.51834, False, 3, 1.388077
54.53036, False, 3, 1.938278
54.54234, False, 3, 1.703813
54.55336, False, 3, 1.55763
54.56407, False, 3, 1.517126
54.5773, False, 3, 1.39417
54.58768, False, 3, 1.367162
54.59835, False, 3, 1.341608
54.6079, False, 3, 1.291548
54.61923, False, 3, 1.24349
54.63079, False, 3, 1.239274
54.64247, False, 3, 1.224806
54.65484, False, 3, 1.200068
54.6655, False, 3, 1.138773
54.67588, False, 3, 1.139982
54.68596, False, 3, 1.173107
54.69741, False, 3, 1.170548
54.7091, False, 3, 1.191126
54.71994, False, 3, 1.185654
54.73116, False, 3, 1.194574
54.74168, False, 3, 1.185382
54.75388, False, 3, 1.1556
54.76516, False, 3, 1.130441
54.77615, False, 3, 1.133996
54.78898, False, 3, 1.591228
54.80049, False, 3, 3.022616
54.81136, False, 3, 2.895517
54.82204, False, 3, 4.666172
54.83303, False, 3, 7.042008
54.84435, False, 3, 4.748069
54.85359, False, 3, 2.980323
54.86414, False, 3, 3.880952
54.87584, False, 3, 2.822405
54.88538, False, 3, 2.451743
54.89513, False, 3, 2.460247
54.90688, False, 3, 2.380681
54.91848, False, 3, 2.375569
54.92967, False, 3, 2.575703
54.94115, False, 3, 2.850972
54.95098, False, 3, 2.827741
54.96148, False, 3, 2.807209
54.97306, False, 3, 3.011609
54.98447, False, 3, 3.368434
54.99572, False, 3, 4.02772
55.00598, False, 3, 4.853227
55.0164, False, 3, 4.969581
55.0271, False, 3, 5.979561
55.03879, False, 3, 5.041443
55.24585, False, 3, 8.340104
55.27954, False, 3, 5.963911
55.2945, False, 3, 3.939875
55.30574, False, 3, 3.007101
55.31773, False, 3, 5.354009
55.32813, False, 3, 4.647377
55.33995, False, 3, 4.533297
55.35168, False, 3, 4.543688
55.36343, False, 3, 8.676761
55.37392, False, 3, 4.533463
55.58262, False, 3, 6.993351
55.60446, False, 3, 3.576451
55.61569, False, 3, 2.853334
55.63852, False, 3, 2.806448
55.64957, False, 3, 2.738578
55.65982, False, 3, 3.781108
55.6828, False, 3, 4.438254
55.69336, False, 3, 4.465821
55.70492, False, 3, 3.236149
55.77303, False, 3, 4.306124
55.78365, False, 3, 5.647777
55.79434, False, 3, 8.149282
55.86184, False, 3, 5.865454
55.87305, False, 3, 8.520581
55.90113, False, 3, 6.489791
55.91294, False, 3, 6.950664
55.92416, False, 3, 4.557722
55.9375, False, 3, 4.350679
55.94913, False, 3, 4.779933
55.97041, False, 3, 8.307569
55.9812, False, 3, 8.914799
56.12318, False, 3, 5.56299
56.20136, False, 3, 9.192444
56.21209, False, 3, 9.030527
56.2715, False, 3, 9.442158
56.28065, False, 3, 9.864596
56.29028, False, 3, 8.977326
56.30162, False, 3, 8.454895
56.31461, False, 3, 8.321112
56.3263, False, 3, 7.782646
56.33839, False, 3, 8.635914
56.34973, False, 3, 8.40916
56.36126, False, 3, 7.628649
56.37177, False, 3, 7.532793
56.38348, False, 3, 7.599944
56.39407, False, 3, 9.562797
56.40557, False, 3, 8.617179
56.41541, False, 3, 8.682342
56.42621, False, 3, 8.631062
56.43754, False, 3, 8.474546
56.45972, False, 3, 9.896486
56.47358, False, 3, 9.004766
56.48603, False, 3, 8.530572
56.49713, False, 3, 9.264744
56.50743, False, 3, 9.627732
56.51848, False, 3, 8.007822
56.53127, False, 3, 7.993516
56.54144, False, 3, 8.196111
56.55206, False, 3, 7.171823
56.56403, False, 3, 7.784449
56.57553, False, 3, 7.573177
56.58707, False, 3, 7.309799
56.5987, False, 3, 6.605936
56.60954, False, 3, 6.442618
56.61951, False, 3, 7.004909
56.6309, False, 3, 6.711828
57.13674, False, 3, 5.71424
57.14851, False, 3, 6.769187
57.15958, False, 3, 7.075963
57.24978, False, 3, 9.510606
57.29456, False, 3, 9.956089
57.30816, False, 3, 8.625685
57.31958, False, 3, 8.718453
57.74913, False, 3, 6.654259
57.82739, False, 3, 9.620873
57.83849, False, 3, 9.261845
57.84961, False, 3, 9.024708
57.86101, False, 3, 7.858284
57.87194, False, 3, 7.159628
57.88282, False, 3, 7.039641
57.89399, False, 3, 6.691666
57.90547, False, 3, 8.729423
57.9177, False, 3, 7.604763
57.92819, False, 3, 9.291105
57.93919, False, 3, 7.731588
57.95168, False, 3, 8.785688
57.96251, False, 3, 7.102575
57.97382, False, 3, 6.961287
57.98434, False, 3, 7.538092
57.99591, False, 3, 7.378699
58.00714, False, 3, 7.140212
58.01897, False, 3, 2.599207
58.02959, False, 3, 4.878299
58.08273, False, 3, 9.908124
58.09394, False, 3, 6.045401
58.10599, False, 3, 7.209938
58.12749, False, 3, 7.493269
58.13801, False, 3, 6.598291
58.14922, False, 3, 5.487718
58.16039, False, 3, 7.037722
58.17128, False, 3, 6.859952
58.18242, False, 3, 6.687161
58.19347, False, 3, 6.790492
58.2044, False, 3, 8.800488
58.21685, False, 3, 8.038029
58.2378, False, 4, 9.708811
58.24892, False, 4, 9.699662
58.28225, False, 4, 7.600379
58.29557, False, 4, 7.200982
58.3074, False, 4, 5.243908
58.31641, False, 4, 6.56672
58.32729, False, 4, 0
58.33781, False, 4, 0
58.49327, False, 4, 0
58.505, False, 4, 0
58.51654, False, 4, 0
58.52636, False, 4, 4.843773
58.53868, False, 4, 2.366638
58.5507, False, 4, 4.273365
58.56238, False, 4, 2.108384
58.57365, False, 4, 1.997851
58.58372, False, 4, 5.703814
58.59467, False, 4, 3.48368
58.60519, False, 4, 2.005037
58.61637, False, 4, 3.097346
58.62677, False, 4, 4.319972
58.63835, False, 4, 3.345317
58.64878, False, 4, 2.352316
58.66034, False, 4, 4.324844
58.67215, False, 4, 4.585391
58.68389, False, 4, 5.208981
58.72679, False, 4, 2.732429
58.7382, False, 4, 7.758611
58.81684, False, 4, 3.770041
58.83136, False, 4, 3.241707
58.85392, False, 4, 5.82267
58.87126, False, 4, 6.341088
58.88695, False, 4, 2.490299
58.89837, False, 4, 5.029712
58.92183, False, 4, 6.016182
58.9315, False, 4, 3.242521
58.95177, False, 4, 5.349491
58.96276, False, 4, 4.126608
58.97418, False, 4, 3.531355
58.98431, False, 4, 3.975232
58.99605, False, 4, 3.938248
59.00708, False, 4, 3.675325
59.01879, False, 4, 2.223324
59.03004, False, 4, 2.198045
59.04159, False, 4, 2.63984
59.05177, False, 4, 2.280442
59.06264, False, 4, 2.190275
59.07393, False, 4, 2.121471
59.08426, False, 4, 2.022869
59.09444, False, 4, 1.961325
59.106, False, 4, 2.036141
59.11744, False, 4, 2.695475
59.12732, False, 4, 1.973904
59.13859, False, 4, 1.415534
59.1498, False, 4, 1.295289
59.16011, False, 4, 1.411931
59.17139, False, 4, 1.427273
59.18245, False, 4, 1.452556
59.19329, False, 4, 1.516695
59.20466, False, 4, 1.504139
59.21731, False, 4, 1.499896
59.2268, False, 4, 1.487701
59.23722, False, 4, 1.448139
59.24717, False, 4, 1.439779
59.2593, False, 4, 1.351918
59.27058, False, 4, 1.384417
59.28131, False, 4, 1.369847
59.29102, False, 4, 1.37659
59.30529, False, 4, 1.327067
59.31521, False, 4, 1.327874
59.32505, False, 4, 1.318566
59.33535, False, 4, 1.381324
59.34996, False, 4, 1.399214
59.36131, False, 4, 1.315531
59.37244, False, 4, 1.289178
59.38437, False, 4, 1.284941
59.39469, False, 4, 1.309879
59.40691, False, 4, 1.28614
59.41771, False, 4, 1.261452
59.42715, False, 4, 1.258936
59.43631, False, 4, 1.256569
59.44734, False, 4, 1.269849
59.45759, False, 4, 1.271076
59.46693, False, 4, 1.280387
59.47743, False, 4, 1.249616
59.48896, False, 4, 1.271099
59.50039, False, 4, 1.429363
59.51074, False, 4, 1.392462
59.52195, False, 4, 1.369028
59.53292, False, 4, 1.362653
59.54396, False, 4, 1.384484
59.555, False, 4, 1.63299
59.56672, False, 4, 1.554042
59.57779, False, 4, 1.531564
59.58836, False, 4, 1.588873
59.60015, False, 4, 1.584594
59.61084, False, 4, 1.569797
59.62244, False, 4, 1.399713
59.633, False, 4, 1.340974
59.64416, False, 4, 1.292776
59.6552, False, 4, 1.190521
59.66707, False, 4, 1.14882
59.67728, False, 4, 1.116303
59.68825, False, 4, 1.111227
59.69968, False, 4, 1.165812
59.71124, False, 4, 1.171324
59.72306, False, 4, 1.208629
59.73433, False, 4, 1.24933
59.7471, False, 4, 1.463941
59.75792, False, 4, 1.460708
59.76801, False, 4, 1.525376
59.78002, False, 4, 1.173032
59.79026, False, 4, 1.571999
59.8055, False, 4, 1.392554
59.81657, False, 4, 2.707472
59.82971, False, 4, 3.252523
59.84138, False, 4, 2.889846
59.85411, False, 4, 3.367608
59.86494, False, 4, 3.990028
59.87515, False, 4, 3.351606
59.88707, False, 4, 2.790534
59.89828, False, 4, 2.702679
59.90906, False, 4, 3.385526
59.92091, False, 4, 3.890845
59.93254, False, 4, 4.139465
59.97236, False, 4, 3.960037
60.00099, False, 4, 6.269547
60.01073, False, 4, 5.652369
60.02213, False, 4, 5.908472
60.03934, False, 4, 5.207936
60.05083, False, 4, 5.645195
60.06297, False, 4, 5.563209
60.07346, False, 4, 5.330111
60.08488, False, 4, 5.224506
60.09765, False, 4, 5.400854
60.10914, False, 4, 5.193277
60.12151, False, 4, 5.312122
60.13355, False, 4, 5.124827
60.14371, False, 4, 5.224707
60.15531, False, 4, 3.323283
60.38823, False, 4, 6.302884
60.78174, False, 4, 8.447264
60.79328, False, 4, 7.063396
60.80376, False, 4, 5.506048
60.8154, False, 4, 5.414526
60.82615, False, 4, 3.191291
60.83841, False, 4, 3.223428
60.84992, False, 4, 3.253656
60.85963, False, 4, 2.90892
60.87093, False, 4, 2.917354
60.88219, False, 4, 2.925974
60.89345, False, 4, 2.940799
60.9042, False, 4, 2.928932
60.91544, False, 4, 3.133133
60.92659, False, 4, 3.165207
60.93792, False, 4, 2.997668
60.95324, False, 4, 2.979059
60.96263, False, 4, 3.007201
60.97362, False, 4, 2.971299
60.98317, False, 4, 2.910486
60.99296, False, 4, 3.031958
61.00246, False, 4, 3.003475
61.0129, False, 4, 4.408084
61.02394, False, 4, 3.740929
61.03464, False, 4, 3.399943
61.06709, False, 4, 7.97642
61.07869, False, 4, 4.447525
61.09121, False, 4, 5.782359
61.10122, False, 4, 3.664887
61.11346, False, 4, 2.652444
61.12609, False, 4, 3.165062
61.13786, False, 4, 3.655773
61.14874, False, 4, 4.337288
61.16394, False, 4, 7.715257
61.17435, False, 4, 6.553294
61.18451, False, 4, 6.084234
61.20607, False, 4, 8.010233
61.21727, False, 4, 5.0393
61.22672, False, 4, 4.196328
61.23812, False, 4, 4.54938
61.24867, False, 4, 5.332172
61.28162, False, 4, 6.932808
61.29301, False, 4, 4.190927
61.30393, False, 4, 3.829468
61.31577, False, 4, 4.014936
61.32713, False, 4, 4.686271
61.33934, False, 4, 4.063583
61.3485, False, 4, 3.460243
61.38408, False, 4, 6.620865
61.4239, False, 4, 3.26879
61.44828, False, 4, 8.800625
61.45765, False, 4, 6.138506
61.46806, False, 4, 7.690001
61.47964, False, 4, 7.510641
61.4918, False, 4, 6.724071
61.50317, False, 4, 6.318779
61.51567, False, 4, 7.807134
61.52635, False, 4, 9.735704
61.53837, False, 4, 9.241538
61.58182, False, 4, 9.697632
61.61224, False, 4, 6.804362
61.86564, False, 4, 4.565017
61.9207, False, 4, 3.332628
61.93212, False, 4, 4.597342
61.9431, False, 4, 7.145083
61.95457, False, 4, 9.401375
62.10256, False, 4, 8.908003
62.12522, False, 4, 6.57099
62.13691, False, 4, 9.00637
62.14825, False, 4, 7.294797
62.15902, False, 4, 6.647852
62.16977, False, 4, 6.957263
62.18074, False, 4, 6.102796
62.19223, False, 4, 8.196295
62.2041, False, 4, 8.084425
62.216, False, 4, 7.386285
62.22647, False, 4, 8.427351
62.23622, False, 4, 7.617037
62.24853, False, 4, 6.924096
62.26956, False, 4, 9.788213
62.28145, False, 4, 9.479125
62.29343, False, 4, 7.564706
62.30317, False, 4, 7.418261
62.31432, False, 4, 6.748426
62.32575, False, 4, 8.501306
62.33614, False, 4, 8.348262
62.34711, False, 4, 7.391599
62.35835, False, 4, 7.240067
62.36963, False, 4, 7.865654
62.38121, False, 4, 6.4489
63.68029, False, 5, 4.053981
63.85796, False, 5, 3.874595
63.86937, False, 5, 4.479582
63.88112, False, 5, 3.219475
63.8931, False, 5, 3.99458
63.90435, False, 5, 6.031878
63.91758, False, 5, 2.785818
63.93005, False, 5, 0
63.94136, False, 5, 2.231165
63.9515, False, 5, 1.874296
63.96427, False, 5, 1.913509
63.97561, False, 5, 1.508532
63.98721, False, 5, 1.295584
63.9992, False, 5, 1.256559
64.00901, False, 5, 1.165845
64.02002, False, 5, 1.216006
64.0311, False, 5, 1.312302
64.04301, False, 5, 1.342994
64.05431, False, 5, 1.383545
64.06653, False, 5, 1.329353
64.07749, False, 5, 1.265596
64.08866, False, 5, 1.218156
64.09949, False, 5, 1.22579
64.11172, False, 5, 1.228334
64.12334, False, 5, 1.227544
64.13493, False, 5, 1.226375
64.14626, False, 5, 1.225608
64.15836, False, 5, 1.238058
64.16993, False, 5, 1.259762
64.18109, False, 5, 1.339416
64.19188, False, 5, 1.35376
64.20337, False, 5, 1.367955
64.21407, False, 5, 1.360209
64.22707, False, 5, 1.23978
64.23902, False, 5, 1.198468
64.24912, False, 5, 1.221023
64.26163, False, 5, 1.201902
64.27451, False, 5, 1.170805
64.28423, False, 5, 1.156163
64.29475, False, 5, 1.144878
64.30746, False, 5, 1.144217
64.31925, False, 5, 1.158167
64.33112, False, 5, 1.166993
64.34272, False, 5, 1.211266
64.35309, False, 5, 1.186796
64.36393, False, 5, 1.199594
64.37505, False, 5, 1.163172
64.38639, False, 5, 1.177212
64.40175, False, 5, 1.191176
64.41445, False, 5, 1.171337
64.42593, False, 5, 1.153645
64.43669, False, 5, 1.131946
64.45102, False, 5, 1.113509
64.46354, False, 5, 1.109505
64.47415, False, 5, 1.006787
64.48402, False, 5, 1.037836
64.49676, False, 5, 1.036702
64.50738, False, 5, 1.035581
64.51919, False, 5, 1.056773
64.53004, False, 5, 1.067751
64.5397, False, 5, 1.043822
64.54942, False, 5, 1.054567
64.56055, False, 5, 1.070806
64.57072, False, 5, 1.06391
64.58182, False, 5, 1.049456
64.59214, False, 5, 1.037491
64.60372, False, 5, 1.177325
64.61526, False, 5, 1.137076
64.62605, False, 5, 2.348979
64.63752, False, 5, 1.780552
64.64915, False, 5, 1.368684
64.66004, False, 5, 2.769231
64.67169, False, 5, 3.478112
64.68252, False, 5, 3.731869
64.69363, False, 5, 4.392569
64.70498, False, 5, 3.854773
64.71579, False, 5, 4.54831
64.7262, False, 5, 5.610877
64.73734, False, 5, 5.566946
64.74722, False, 5, 5.381019
64.75782, False, 5, 4.982871
64.7704, False, 5, 5.01272
64.78204, False, 5, 4.978415
64.79198, False, 5, 5.281924
64.8046, False, 5, 5.797814
64.96612, False, 5, 5.111882
64.97607, False, 5, 3.325215
64.98656, False, 5, 4.098972
64.99735, False, 5, 4.111318
65.00835, False, 5, 2.503612
65.01918, False, 5, 2.537571
65.03043, False, 5, 2.580423
65.0417, False, 5, 2.842776
65.05339, False, 5, 2.836876
65.0639, False, 5, 2.870276
65.07487, False, 5, 3.443663
65.08678, False, 5, 4.459682
65.09957, False, 5, 4.119663
65.10901, False, 5, 3.339406
65.11916, False, 5, 3.909182
65.1305, False, 5, 3.829801
65.34385, False, 5, 2.81896
65.35527, False, 5, 4.033728
65.36665, False, 5, 2.638337
65.38947, False, 5, 6.301522
65.41245, False, 5, 9.390017
65.45695, False, 5, 3.59347
65.46816, False, 5, 4.219013
65.47963, False, 5, 2.354605
66.20171, False, 5, 2.320529
66.21288, False, 5, 7.547145
66.54536, False, 5, 8.242251
67.15337, False, 5, 9.885919
67.16468, False, 5, 9.554748
67.17597, False, 5, 9.304801
67.18753, False, 5, 9.786743
67.19944, False, 5, 8.606359
67.20892, False, 5, 8.380734
67.22049, False, 5, 8.215157
67.23162, False, 5, 8.227834
67.24245, False, 5, 8.872131
67.25393, False, 5, 8.81798
67.34251, False, 5, 9.71753
67.48927, False, 5, 7.761485
67.71037, False, 5, 5.444352
67.72178, False, 5, 5.555387
67.74401, False, 5, 5.364779
67.75503, False, 5, 8.032361
67.77764, False, 5, 9.11657
67.78844, False, 5, 9.019469
67.7993, False, 5, 8.886121
67.89946, False, 5, 9.78934
