0.0112414, 3.240261, 3.240261, 2.507002
0.0216246, 3.515239, 3.37775, 2.506953
0.032714, 3.237745, 3.331082, 2.506808
0.0437098, 2.971495, 3.241185, 2.506661
0.0549154, 3.007742, 3.194497, 2.506411
0.0659516, 2.847483, 3.136661, 2.506252
0.0770179, 2.874802, 3.099252, 2.505925
0.08809251, 2.684069, 3.047354, 2.505566
0.099277, 2.662056, 3.004544, 2.505044
0.11082, 2.724243, 2.976513, 2.504553
0.1222561, 2.738623, 2.954887, 2.503932
0.1325984, 2.81555, 2.943275, 2.503388
0.1444532, 2.912937, 2.940942, 2.502703
0.154657, 2.983298, 2.943967, 2.502076
0.1659366, 2.867662, 2.93888, 2.501347
0.1768593, 2.802955, 2.930385, 2.500638
0.1880766, 2.789978, 2.922126, 2.499727
0.1993548, 2.70577, 2.910106, 2.49885
0.2103757, 2.807044, 2.904682, 2.497887
0.2214118, 2.649842, 2.89194, 2.496869
0.2324829, 2.623539, 2.861104, 2.495816
0.2436713, 2.656538, 2.818168, 2.494685
0.2547629, 2.589651, 2.785764, 2.493451
0.2658571, 2.594362, 2.766907, 2.492202
0.2769364, 2.568828, 2.744961, 2.490958
0.2881183, 2.457644, 2.725469, 2.489606
0.2991392, 2.466296, 2.705044, 2.488246
0.3102024, 2.568512, 2.699266, 2.486782
0.3214234, 2.582744, 2.695301, 2.485227
0.332531, 2.603458, 2.689262, 2.483645
0.34361, 2.67955, 2.686308, 2.48197
0.3547294, 2.550264, 2.673043, 2.480329
0.3660179, 1.713435, 2.613068, 2.478501
0.3769967, 1.651879, 2.546497, 2.476759
0.3881572, 1.649198, 2.485574, 2.474902
0.3994416, 1.684537, 2.429653, 2.47302
0.4102325, 1.684456, 2.374377, 2.471117
0.4215871, 1.690577, 2.323617, 2.469105
0.4324527, 1.712014, 2.268866, 2.467098
0.4436663, 1.681498, 2.220449, 2.46507
0.4548169, 1.682162, 2.17338, 2.462906
0.4658598, 1.729038, 2.127005, 2.460752
0.4769542, 1.736265, 2.084336, 2.458424
0.4880099, 1.743513, 2.041793, 2.456115
0.4991794, 1.764865, 2.001595, 2.453779
0.5101573, 1.450978, 1.951262, 2.451369
0.5213807, 1.453456, 1.90062, 2.448861
0.5325779, 1.470932, 1.845741, 2.446337
0.5435808, 1.511632, 1.792185, 2.443738
0.5546598, 1.491453, 1.736584, 2.441102
0.5657709, 1.487663, 1.67699, 2.438418
0.5793163, 1.542265, 1.62659, 2.435076
0.5879875, 1.553177, 1.618577, 2.432902
0.5991747, 1.559006, 1.613934, 2.43007
0.6101772, 1.579726, 1.61046, 2.427228
0.6213942, 1.583889, 1.605428, 2.424301
0.6323807, 1.607134, 1.601562, 2.421352
0.6436121, 1.586293, 1.596348, 2.418298
0.6546638, 1.566561, 1.589075, 2.415253
0.6657393, 1.5635, 1.583175, 2.41218
0.6769235, 1.538563, 1.575995, 2.408981
0.6880778, 1.573514, 1.568219, 2.40576
0.6992467, 1.562197, 1.559515, 2.402486
0.7100652, 1.590704, 1.551875, 2.399304
0.7213204, 1.584634, 1.542863, 2.395871
0.7323272, 1.580372, 1.549333, 2.392556
0.7434196, 1.571365, 1.555229, 2.389088
0.7546312, 1.565906, 1.559977, 2.385586
0.7657124, 1.873267, 1.578059, 2.381998
0.7767618, 1.85333, 1.596153, 2.378458
0.7879726, 1.855787, 1.614559, 2.374811
0.7990622, 1.905788, 1.632735, 2.37117
0.8100134, 2.004234, 1.655288, 2.367525
0.8212471, 1.977686, 1.676222, 2.363743
0.8323847, 1.929341, 1.693703, 2.359933
0.8433436, 1.936404, 1.711329, 2.356198
0.8545211, 1.936326, 1.727789, 2.352319
0.8657278, 1.954353, 1.746192, 2.348294
0.8766908, 1.956837, 1.765705, 2.344383
0.8877999, 1.97255, 1.786158, 2.340374
0.8989702, 1.834677, 1.800964, 2.336293
0.9100065, 1.77759, 1.811167, 2.332196
0.9212543, 1.670587, 1.816587, 2.327928
0.9322165, 1.684802, 1.821292, 2.323797
0.9432827, 1.802882, 1.832204, 2.319572
0.9545391, 1.817018, 1.844037, 2.315219
0.9655578, 1.818583, 1.856398, 2.310877
0.9766288, 1.840238, 1.870114, 2.306479
0.9878626, 1.881767, 1.870539, 2.302
0.9988958, 1.889435, 1.872344, 2.297538
1.009941, 1.892104, 1.87416, 2.293037
1.021111, 1.905813, 1.874161, 2.288489
1.032139, 1.926052, 1.870252, 2.283914
1.043215, 1.913857, 1.867061, 2.279285
1.0545, 1.894784, 1.865333, 2.274548
1.065608, 1.899139, 1.86347, 2.269825
1.076594, 2.020197, 1.867663, 2.265016
1.087797, 2.072187, 1.873555, 2.260146
1.098918, 2.045731, 1.878, 2.255383
1.109879, 2.00842, 1.879793, 2.250531
1.12106, 1.963242, 1.886221, 2.245555
1.132205, 1.982742, 1.896479, 2.240573
1.14332, 1.894376, 1.907668, 2.235493
1.154547, 1.796303, 1.913243, 2.230338
1.165529, 1.890007, 1.917599, 2.225333
1.176615, 1.93371, 1.923434, 2.22017
1.187652, 1.941815, 1.929596, 2.215024
1.198917, 1.944551, 1.934811, 2.209781
1.209907, 1.929169, 1.937181, 2.20455
1.220941, 1.990709, 1.942245, 2.199175
1.232166, 2.018511, 1.948565, 2.193751
1.243205, 2.100578, 1.958303, 2.18838
1.254345, 2.105851, 1.967293, 2.18298
1.265572, 2.149042, 1.979053, 2.17745
1.276489, 2.161383, 1.992383, 2.172007
1.28758, 2.11555, 2.003203, 2.166456
1.298871, 2.122039, 2.008296, 2.160732
1.309869, 2.161546, 2.012764, 2.155153
1.321024, 2.097636, 2.015359, 2.149472
1.332075, 2.064632, 2.018169, 2.143823
1.343239, 1.663219, 2.003168, 2.138093
1.354233, 1.658084, 1.986935, 2.132417
1.365386, 1.62064, 1.973249, 2.126592
1.376454, 1.582353, 1.962551, 2.120811
1.38758, 1.55272, 1.945687, 2.114951
1.398876, 1.544626, 1.926233, 2.108881
1.409918, 2.311204, 1.944702, 2.102975
1.420961, 2.311206, 1.963035, 2.097013
1.432001, 2.295894, 1.981371, 2.091019
1.443072, 2.300845, 1.996878, 2.084934
1.454198, 2.200285, 2.005967, 2.078847
1.465382, 2.339108, 2.017893, 2.072687
1.476476, 5.080298, 2.166616, 2.066625
1.48764, 4.058562, 2.262092, 2.060461
1.498588, 3.308491, 2.319447, 2.054342
1.509676, 4.409762, 2.434158, 2.048127
1.52101, 4.596754, 2.557893, 2.041747
1.531927, 4.250721, 2.662352, 2.035627
1.542994, 4.328718, 2.773906, 2.029343
1.554382, 3.809924, 2.861171, 2.022819
1.565322, 3.424971, 2.949258, 2.016572
1.576468, 3.352469, 3.033978, 2.010195
1.587447, 3.262142, 3.116053, 2.003831
1.598621, 2.990772, 3.186474, 1.997371
1.609777, 1.955212, 3.206599, 1.990858
1.620832, 1.9461, 3.226672, 1.984335
1.634366, 1.856888, 3.203957, 1.976321
1.643013, 1.466945, 3.161743, 1.971221
1.654208, 1.854347, 3.139666, 1.964648
1.665305, 2.053126, 3.12728, 1.958051
1.676448, 2.147095, 3.124621, 1.951292
1.687513, 2.11148, 3.11324, 1.944652
1.698503, 2.117845, 2.965117, 1.937985
1.709641, 2.001377, 2.862257, 1.931253
1.720972, 2.14184, 2.803925, 1.924398
1.731862, 2.362586, 2.701566, 1.917746
1.74297, 2.181623, 2.58081, 1.910934
1.754046, 2.287378, 2.482643, 1.904113
1.765257, 2.262752, 2.379344, 1.8972
1.776385, 2.359466, 2.306822, 1.890285
1.787802, 2.383711, 2.254758, 1.883183
1.798477, 2.581677, 2.216219, 1.876531
1.80955, 2.559673, 2.181095, 1.869628
1.820687, 2.530504, 2.158082, 1.862555
1.831829, 2.729117, 2.196777, 1.855494
1.842901, 2.765007, 2.237723, 1.848479
1.854072, 2.756028, 2.28268, 1.841381
1.865178, 2.650173, 2.341841, 1.834314
1.876222, 2.627, 2.380474, 1.827268
1.888114, 2.596225, 2.407629, 1.819688
1.898512, 2.578748, 2.429211, 1.813004
1.909481, 2.615738, 2.454424, 1.805972
1.920788, 2.511037, 2.474083, 1.798727
1.931868, 2.506588, 2.499344, 1.791601
1.942934, 2.526174, 2.518561, 1.784458
1.954028, 2.477019, 2.524282, 1.777265
1.965114, 2.459605, 2.538182, 1.770105
1.976144, 2.469625, 2.547294, 1.762883
1.987476, 2.468242, 2.557568, 1.755475
1.998377, 2.442387, 2.561714, 1.748378
2.009515, 2.320697, 2.558564, 1.741016
2.020624, 2.332322, 2.546096, 1.733704
2.031751, 2.334924, 2.534858, 1.726325
2.042745, 2.400338, 2.52835, 1.719063
2.053926, 2.329612, 2.508375, 1.711661
2.065082, 2.238678, 2.482058, 1.704246
2.076252, 2.292499, 2.458882, 1.69681
2.087341, 2.19971, 2.436359, 1.689406
2.098362, 2.428984, 2.426458, 1.68207
2.109444, 2.371269, 2.41521, 1.674629
2.120617, 2.417684, 2.407157, 1.667177
2.131739, 2.417689, 2.397255, 1.65978
2.142785, 2.502707, 2.396838, 1.652357
2.153945, 1.780078, 2.360513, 1.64477
2.16497, 1.696296, 2.319019, 1.637332
2.176112, 1.620987, 2.276217, 1.629741
2.187154, 1.671069, 2.236791, 1.622235
2.198279, 1.671717, 2.196895, 1.614705
2.209378, 1.621545, 2.154561, 1.607167
2.220472, 1.607694, 2.112826, 1.599592
2.23184, 1.679603, 2.080771, 1.591823
2.242783, 1.71477, 2.049894, 1.584343
2.253805, 1.738327, 2.020064, 1.576904
2.264962, 1.776031, 1.988848, 1.569268
2.276145, 1.809997, 1.962868, 1.561599
2.287238, 1.784241, 1.940146, 1.553984
2.298226, 1.690845, 1.910063, 1.546451
2.309371, 1.750464, 1.887601, 1.538784
2.320441, 1.748965, 1.8536, 1.531168
2.331545, 1.773584, 1.823716, 1.523577
2.342568, 1.751892, 1.790426, 1.515983
2.353865, 1.720047, 1.755544, 1.508254
2.364897, 1.656281, 1.713223, 1.500647
2.375951, 1.666308, 1.707534, 1.493005
2.387177, 1.583596, 1.701899, 1.485254
2.398229, 1.456666, 1.693683, 1.4776
2.409412, 1.415023, 1.680881, 1.469886
2.420403, 1.394998, 1.667044, 1.462297
2.431558, 1.281248, 1.65003, 1.454632
2.442642, 1.247372, 1.632014, 1.446988
2.453766, 1.253822, 1.610725, 1.439294
2.464901, 1.22534, 1.586253, 1.431604
2.475949, 1.2093, 1.559802, 1.424065
2.487043, 1.199751, 1.530988, 1.416376
2.498111, 1.205379, 1.500757, 1.408732
2.509192, 1.242932, 1.473691, 1.401071
2.52049, 1.256561, 1.451977, 1.393332
2.531662, 1.25538, 1.427223, 1.385555
2.542628, 1.277031, 1.403626, 1.377995
2.553634, 1.281534, 1.379024, 1.3704
2.564843, 1.291571, 1.356008, 1.362681
2.575888, 1.315055, 1.335758, 1.355081
2.586997, 1.338424, 1.319865, 1.347414
2.598131, 1.337044, 1.303402, 1.339723
2.609256, 1.355686, 1.292006, 1.332069
2.620296, 1.356972, 1.287022, 1.324417
2.631516, 1.356082, 1.284075, 1.316651
2.642543, 1.331413, 1.280895, 1.309069
2.653621, 1.270245, 1.280345, 1.301426
2.664772, 1.273014, 1.281627, 1.293766
2.675915, 1.296584, 1.283766, 1.286096
2.687038, 1.309727, 1.287985, 1.27844
2.700506, 1.302963, 1.292668, 1.269186
2.709349, 1.253447, 1.295353, 1.263155
2.720282, 1.228079, 1.296488, 1.25566
2.731463, 1.230512, 1.295867, 1.248014
2.742466, 1.197428, 1.29291, 1.240471
2.75356, 1.198829, 1.290083, 1.232801
2.76476, 1.202052, 1.286334, 1.225136
2.775805, 1.190659, 1.28179, 1.217685
2.786874, 1.201157, 1.277269, 1.210174
2.798064, 1.190691, 1.271051, 1.202602
2.809163, 1.206099, 1.264435, 1.194983
2.820179, 1.205098, 1.257837, 1.187524
2.831338, 1.20433, 1.25027, 1.179958
2.842381, 1.182107, 1.241526, 1.172495
2.853619, 1.157647, 1.231605, 1.164954
2.864747, 1.168887, 1.223478, 1.15747
2.87585, 1.149715, 1.217452, 1.14997
2.886881, 1.103652, 1.208984, 1.142556
2.898064, 1.109634, 1.199636, 1.135124
2.909223, 1.072848, 1.187792, 1.127697
2.920103, 1.071691, 1.176229, 1.120443
2.931319, 1.061266, 1.16662, 1.113008
2.942357, 0.9874054, 1.154586, 1.105676
2.953448, 1.000495, 1.143085, 1.098216
2.964645, 1.033262, 1.134877, 1.090802
2.97568, 1.02645, 1.126258, 1.083566
2.986861, 1.026696, 1.11749, 1.076201
2.998334, 1.074493, 1.111682, 1.068687
3.009128, 1.129312, 1.10809, 1.061667
3.020149, 1.067458, 1.101928, 1.054446
3.031448, 1.100511, 1.096648, 1.047032
3.042372, 1.107565, 1.091772, 1.039916
3.053538, 1.083364, 1.085724, 1.032596
3.064614, 1.11484, 1.08236, 1.0254
3.075658, 1.203227, 1.084639, 1.01814
3.086702, 1.141894, 1.08329, 1.011004
3.097959, 1.08608, 1.080108, 1.003805
3.109041, 1.116839, 1.080767, 0.9966598
3.120025, 1.105296, 1.08055, 0.98962
3.131296, 1.120463, 1.082931, 0.9824802
3.142213, 1.10699, 1.084696, 0.9755158
3.153402, 1.096343, 1.08645, 0.9683961
3.164588, 1.058191, 1.089989, 0.9613064
3.175682, 1.038715, 1.0919, 0.954285
3.186695, 0.9952294, 1.089998, 0.9473256
3.19785, 0.9986621, 1.088609, 0.9403436
3.208936, 0.9958964, 1.087069, 0.9334158
3.219901, 0.9880193, 1.082746, 0.9265752
3.231105, 0.9994605, 1.076253, 0.9195657
3.242309, 0.9833272, 1.072047, 0.9126258
3.253303, 0.9488719, 1.064464, 0.9057456
3.264527, 0.9474481, 1.056459, 0.8988236
3.275544, 0.9305762, 1.048819, 0.8920869
3.286671, 0.9272112, 1.039438, 0.8852364
3.297794, 0.9253559, 1.025544, 0.8785157
3.308894, 0.9222264, 1.014561, 0.8718066
3.320004, 0.9303174, 1.006773, 0.8650995
3.331083, 0.9235514, 0.9971083, 0.8584472
3.342282, 0.9206223, 0.9878747, 0.8517902
3.353301, 0.9232915, 0.9780162, 0.8452212
3.364348, 0.9258102, 0.9689571, 0.838717
3.375483, 0.9540456, 0.9618422, 0.8322029
3.386644, 0.9562359, 0.9567445, 0.8256436
3.397716, 0.9639964, 0.9530085, 0.819171
3.408757, 0.9806662, 0.9522804, 0.8127234
3.419968, 0.9670302, 0.9506987, 0.8062322
3.430975, 0.9727893, 0.9495434, 0.7998481
3.442114, 0.8704546, 0.9436651, 0.7934054
3.453278, 0.861229, 0.9367536, 0.7870344
3.464428, 0.8632802, 0.9307511, 0.7806416
3.475532, 0.8168243, 0.9241487, 0.7743878
3.486606, 0.8134283, 0.9174477, 0.7681856
3.497672, 0.8201275, 0.9119253, 0.7619814
3.508721, 0.721171, 0.9016232, 0.7558513
3.519933, 0.9923891, 0.9049749, 0.7496502
3.531108, 0.8664412, 0.9021857, 0.7434999
3.54201, 0.8367699, 0.8975083, 0.737533
3.553123, 0.8330344, 0.8929825, 0.7314304
3.564473, 0.8289216, 0.8883975, 0.7252566
3.575456, 0.8096889, 0.8827173, 0.7193023
3.58655, 0.8212951, 0.8774916, 0.7132562
3.597542, 0.8328838, 0.8714334, 0.7073534
3.608724, 0.8249975, 0.8648715, 0.7013288
3.619801, 0.8077663, 0.85706, 0.6954551
3.631099, 0.7920043, 0.8476268, 0.6895484
3.641982, 0.7749853, 0.8380245, 0.6838359
3.653138, 0.7693763, 0.8278539, 0.6781842
3.664184, 0.7426391, 0.8214631, 0.6724733
3.675327, 0.7303541, 0.8149194, 0.6667164
3.686557, 0.7093037, 0.8072206, 0.6609869
3.697514, 0.7105554, 0.8019072, 0.6554555
3.708668, 0.6971241, 0.796092, 0.6498438
3.719726, 0.686208, 0.789396, 0.6443313
3.730911, 0.681363, 0.7874056, 0.6388537
3.742053, 0.6603352, 0.7708029, 0.6333942
3.753063, 0.6586252, 0.760412, 0.6280466
3.764148, 0.6495262, 0.7510499, 0.6226815
3.775385, 0.6493375, 0.741865, 0.6173094
3.786463, 0.6458502, 0.7327114, 0.6120056
3.797626, 0.6396747, 0.7242108, 0.6066579
3.808553, 0.615056, 0.7138988, 0.6015014
3.819727, 0.6155919, 0.7030343, 0.596261
3.830847, 0.6139718, 0.6924829, 0.5911232
3.842002, 0.6151391, 0.6828516, 0.5860046
3.85313, 0.6168889, 0.6740958, 0.5808716
3.86414, 0.6171556, 0.6662043, 0.5758792
3.87519, 0.618268, 0.6586489, 0.5709147
3.886571, 0.6157184, 0.6523029, 0.565824
3.897542, 0.614851, 0.6465277, 0.5609214
3.90856, 0.6119562, 0.6416603, 0.5560401
3.919723, 0.6110393, 0.6366845, 0.5511383
3.930833, 0.6069207, 0.6321744, 0.5463763
3.942, 0.5899944, 0.6273637, 0.5415766
3.953076, 0.5950661, 0.6230488, 0.5368993
3.964125, 0.5860734, 0.6193358, 0.5322244
3.975209, 0.5834051, 0.6155747, 0.527635
3.986341, 0.589825, 0.6125897, 0.5230022
3.997591, 0.5825548, 0.6092505, 0.51836
4.008543, 0.5569944, 0.6048077, 0.5139907
4.019658, 0.5494223, 0.6002951, 0.5095033
4.030764, 0.5499319, 0.5970389, 0.5050308
4.041918, 0.5164464, 0.5920815, 0.5006104
4.052969, 0.5150684, 0.5871364, 0.4962546
4.064098, 0.513047, 0.5820318, 0.4919435
4.07529, 0.5130127, 0.576838, 0.4877016
4.086263, 0.5212075, 0.5720406, 0.4835613
4.0975, 0.520394, 0.5671469, 0.4793655
4.108441, 0.4883089, 0.5607764, 0.4753491
4.11952, 0.4966326, 0.5548655, 0.4712649
4.13074, 0.4847037, 0.5485028, 0.4671766
4.141903, 0.4823436, 0.5420681, 0.4631679
4.152898, 0.4761219, 0.5355281, 0.459246
4.164099, 0.478821, 0.5299695, 0.4553876
4.175179, 0.4791502, 0.5241736, 0.4515786
4.186283, 0.4822299, 0.5189815, 0.4478498
4.197434, 0.4842164, 0.514022, 0.4440913
4.208415, 0.4803404, 0.5085478, 0.4404293
4.219509, 0.4730088, 0.5030705, 0.4367969
4.230715, 0.4721691, 0.4988292, 0.4332202
4.241851, 0.4675761, 0.4947369, 0.4297124
4.253049, 0.4665641, 0.4905685, 0.4262046
4.263996, 0.4630863, 0.4879006, 0.4228324
4.275176, 0.4499002, 0.4846421, 0.4194415
4.286221, 0.4407452, 0.481027, 0.416061
4.297299, 0.4570319, 0.478228, 0.4127645
4.308383, 0.4547867, 0.4749069, 0.409526
4.319463, 0.4527467, 0.4715245, 0.4063256
4.330583, 0.448629, 0.4695405, 0.4030344
4.341708, 0.4071599, 0.4650669, 0.3999279
4.35282, 0.4078168, 0.4612226, 0.3968793
4.363931, 0.4097047, 0.4575906, 0.3938259
4.375067, 0.4103263, 0.4543008, 0.3908387
4.386153, 0.4164308, 0.4511813, 0.3880025
4.397281, 0.4193324, 0.4481904, 0.3851583
4.408413, 0.4065599, 0.4444069, 0.382304
4.419502, 0.401862, 0.4402892, 0.3795456
4.43068, 0.3990284, 0.4362236, 0.3769117
4.441645, 0.3999847, 0.4325724, 0.3743124
4.452835, 0.3990892, 0.4289184, 0.3718055
4.463918, 0.3982332, 0.4254512, 0.3692271
4.475058, 0.3918251, 0.4217142, 0.3666248
4.48613, 0.3952692, 0.4183234, 0.3641437
4.497138, 0.3934432, 0.4155006, 0.3617503
4.508334, 0.3833396, 0.4126303, 0.3593508
4.519484, 0.3818645, 0.4088719, 0.3569519
4.530434, 0.382491, 0.4052571, 0.3547435
4.541612, 0.3760472, 0.4014222, 0.3525044
4.552727, 0.3774051, 0.397861, 0.3503661
4.56393, 0.3806364, 0.3965348, 0.348263
4.574977, 0.3776983, 0.3950289, 0.3461657
4.58603, 0.3784243, 0.3934649, 0.3442036
4.597241, 0.3759668, 0.3917469, 0.3422288
4.608265, 0.3758429, 0.3897175, 0.3402221
4.619341, 0.3737947, 0.3874406, 0.3383866
4.6305, 0.3723989, 0.3857326, 0.3365539
4.641534, 0.3679835, 0.3840386, 0.3348418
4.65269, 0.3657017, 0.3823723, 0.333154
4.663721, 0.3677384, 0.38076, 0.3314961
4.6749, 0.3666689, 0.3791389, 0.3299908
4.68617, 0.3545788, 0.3769562, 0.3284249
4.697167, 0.3562559, 0.3751778, 0.3269752
4.708264, 0.3479153, 0.3728101, 0.3255838
4.719377, 0.3505549, 0.3706656, 0.3242398
4.73044, 0.3492688, 0.3689621, 0.3229586
4.741658, 0.3448366, 0.3671107, 0.3217073
4.752629, 0.3453171, 0.365252, 0.3205599
4.763934, 0.3450074, 0.3637, 0.3194527
4.774879, 0.3457768, 0.3621186, 0.3184852
4.785934, 0.3446544, 0.3603196, 0.3174703
4.797071, 0.3451269, 0.3586909, 0.3163822
4.808564, 0.3439221, 0.3569658, 0.31538
4.81932, 0.339908, 0.3551629, 0.3145535
4.830299, 0.3394291, 0.3533422, 0.3137549
4.841718, 0.3374545, 0.3515252, 0.3129649
4.855976, 0.3330034, 0.3495554, 0.3119804
4.866683, 0.3277193, 0.3475422, 0.3113262
4.877363, 0.3241154, 0.3454629, 0.3107041
4.885971, 0.3242861, 0.3432903, 0.3102162
4.897003, 0.3185483, 0.3408843, 0.3096914
4.908268, 0.3173215, 0.3390214, 0.3091983
4.919222, 0.3153572, 0.3369764, 0.308799
4.930446, 0.3155551, 0.3353584, 0.308371
4.941998, 0.3163032, 0.3336459, 0.3080316
4.952522, 0.3158355, 0.3319742, 0.3077863
4.963721, 0.311154, 0.33029, 0.3075525
4.974804, 0.3111303, 0.3285807, 0.3073484
4.985826, 0.3091172, 0.3267862, 0.3072152
4.996982, 0.3085953, 0.3249271, 0.3071501
5.008082, 0.3094871, 0.3231687, 0.3071779
5.019314, 0.3099417, 0.3214095, 0.3072343
5.030381, 0.3069941, 0.3195631, 0.3073587
5.041625, 0.3012479, 0.3176301, 0.3075158
5.052509, 0.2984998, 0.3155836, 0.3077285
5.063624, 0.298659, 0.3136438, 0.3079397
5.074738, 0.2984944, 0.3119183, 0.3083628
5.08578, 0.2979344, 0.3104291, 0.3087057
5.097069, 0.2990485, 0.3091758, 0.3091505
5.108034, 0.2985738, 0.3078901, 0.3096013
5.119135, 0.2997669, 0.3069511, 0.3101624
5.130139, 0.2993439, 0.3060522, 0.3107235
5.141519, 0.2995632, 0.3052625, 0.3114001
5.152482, 0.3055906, 0.3047643, 0.3120384
5.163495, 0.3062804, 0.3042632, 0.3127895
5.174741, 0.3057358, 0.3037582, 0.3136068
5.185809, 0.3061506, 0.303508, 0.3144436
5.196912, 0.3070774, 0.3033053, 0.3153637
5.207942, 0.3053394, 0.3031164, 0.3163769
5.219117, 0.3039978, 0.3028866, 0.3174121
5.230193, 0.3043744, 0.302631, 0.3184447
5.241346, 0.3068241, 0.3024751, 0.3195783
5.25241, 0.3137355, 0.3028122, 0.3207088
5.263545, 0.3131861, 0.303409, 0.3219718
5.274744, 0.3119478, 0.3040815, 0.3233407
5.28574, 0.3119965, 0.3047484, 0.3246411
5.296818, 0.310334, 0.3053403, 0.3260588
5.308081, 0.3097141, 0.3059293, 0.3275474
5.31912, 0.3187509, 0.3069144, 0.3290451
5.3301, 0.3194589, 0.3079587, 0.3305727
5.341454, 0.3211108, 0.3090259, 0.3322277
5.352324, 0.3209627, 0.3101068, 0.3338445
5.363448, 0.3343395, 0.3118456, 0.3355791
5.374583, 0.3310033, 0.3131163, 0.3374658
5.385694, 0.3452038, 0.3150624, 0.3392708
5.396753, 0.3549014, 0.3175207, 0.341143
5.40801, 0.3578908, 0.3201077, 0.3430956
5.419012, 0.357868, 0.3226473, 0.3450245
5.430091, 0.3582207, 0.3252913, 0.3469571
5.441381, 0.3604853, 0.3281157, 0.3490462
5.452271, 0.3587976, 0.3308368, 0.3511358
5.46353, 0.3606088, 0.3335261, 0.353342
5.47449, 0.3569424, 0.3356864, 0.3556396
5.485505, 0.353411, 0.3376977, 0.3578855
5.496741, 0.3521551, 0.339708, 0.3602412
5.508052, 0.3534537, 0.3417809, 0.3626049
5.518916, 0.3517206, 0.3438502, 0.3649945
5.529987, 0.3529449, 0.3460118, 0.3674061
5.541548, 0.3549615, 0.3478223, 0.370029
5.55222, 0.3576923, 0.349734, 0.3725274
5.563318, 0.3555178, 0.3514543, 0.3751613
5.57457, 0.3541151, 0.3531119, 0.3779239
5.585571, 0.3528945, 0.3540397, 0.3806297
5.596593, 0.3479403, 0.3548865, 0.3833835
5.607825, 0.3504148, 0.3551471, 0.3862392
5.618896, 0.3506474, 0.3549344, 0.3891167
5.629928, 0.3479389, 0.3544368, 0.392018
5.641227, 0.3443509, 0.3537609, 0.3952157
5.652212, 0.3403088, 0.3528653, 0.3981855
5.663302, 0.3436438, 0.3520233, 0.4012493
5.67447, 0.3424406, 0.3512054, 0.4044737
5.685539, 0.3373718, 0.3500436, 0.4076627
5.696637, 0.3348731, 0.3489401, 0.410901
5.707857, 0.33737, 0.3481381, 0.41423
5.718856, 0.344686, 0.3477646, 0.4174916
5.729985, 0.3440662, 0.3472952, 0.4208275
5.741235, 0.3473014, 0.3470743, 0.4242807
5.752174, 0.3466309, 0.3467586, 0.4276529
5.76328, 0.3596227, 0.3469916, 0.4312176
5.774434, 0.3596488, 0.3470895, 0.4347776
5.785451, 0.3837315, 0.3485001, 0.4383991
5.796766, 0.3786089, 0.3497248, 0.4421143
5.810319, 0.3848609, 0.3513232, 0.4467063
5.818792, 0.3926031, 0.3535563, 0.4495445
5.829882, 0.3975709, 0.3559141, 0.4533522
5.841143, 0.3971555, 0.3582395, 0.457239
5.852152, 0.3971634, 0.3607007, 0.461092
5.863183, 0.3945581, 0.3632111, 0.4650365
5.874389, 0.3946673, 0.365929, 0.469027
5.885419, 0.3949956, 0.3684966, 0.4730369
5.896447, 0.3990708, 0.3713281, 0.4770701
5.907724, 0.4009689, 0.374508, 0.4811567
5.918726, 0.4073879, 0.3781337, 0.4852286
5.929813, 0.4069038, 0.3816104, 0.489472
5.941252, 0.4105534, 0.3849037, 0.493815
5.952178, 0.4177926, 0.3885901, 0.4980507
5.963413, 0.4208884, 0.3922694, 0.5024183
5.974349, 0.4264452, 0.3962601, 0.5067621
5.985387, 0.4408008, 0.400319, 0.511125
5.996463, 0.4653401, 0.4056036, 0.5155712
6.007604, 0.4628851, 0.4095612, 0.5201555
6.01871, 0.4637636, 0.4138189, 0.5246694
6.029874, 0.4725051, 0.4182011, 0.5292851
6.041168, 0.474704, 0.4223062, 0.5340388
6.051978, 0.4754879, 0.426202, 0.5386274
6.063184, 0.4843369, 0.4305611, 0.5433415
6.074309, 0.4844351, 0.4349247, 0.5481402
6.085363, 0.4915843, 0.4397759, 0.5529442
6.096465, 0.4935981, 0.4447225, 0.5578075
6.107627, 0.4927821, 0.4496118, 0.5627378
6.118705, 0.4996584, 0.4546412, 0.5677549
6.129682, 0.499759, 0.4595807, 0.5726659
6.140996, 0.4956212, 0.4639924, 0.5778629
6.151988, 0.4990905, 0.4686016, 0.5829037
6.163054, 0.5008438, 0.4731162, 0.5879504
6.174296, 0.4972505, 0.4770891, 0.5931625
6.185303, 0.4948907, 0.4807892, 0.5982829
6.196424, 0.4940281, 0.4841684, 0.6035088
6.20744, 0.4995381, 0.4871053, 0.6087133
6.218646, 0.4913322, 0.4884049, 0.613993
6.22973, 0.4878868, 0.489655, 0.619326
6.241183, 0.489718, 0.4909527, 0.6249464
6.251911, 0.4931666, 0.4919859, 0.6301505
6.263068, 0.50676, 0.4935886, 0.6356014
6.274336, 0.5130715, 0.4954678, 0.6411653
6.285327, 0.5107329, 0.4967876, 0.6466222
6.296356, 0.5282579, 0.4989788, 0.6521124
6.307486, 0.5208997, 0.5004445, 0.6577122
6.318537, 0.5037937, 0.5009543, 0.6633456
6.329716, 0.5111067, 0.5018705, 0.6690452
6.340827, 0.5352889, 0.503652, 0.6747563
6.351847, 0.5387216, 0.5056001, 0.6804373
6.363054, 0.5444114, 0.5080397, 0.6863037
6.374173, 0.5486784, 0.5105191, 0.6921169
6.385181, 0.5546321, 0.5132085, 0.6979408
6.39663, 0.5506495, 0.5158784, 0.7040275
6.407552, 0.5479408, 0.518531, 0.7098209
6.418632, 0.562935, 0.5219764, 0.7157361
6.429664, 0.5892989, 0.5264643, 0.7217045
6.440726, 0.5877357, 0.5312846, 0.7277684
6.451945, 0.584828, 0.5361317, 0.7338595
6.463078, 0.5903967, 0.5411656, 0.7399952
6.474148, 0.6218909, 0.5476018, 0.7461131
6.48524, 0.628844, 0.553706, 0.7522189
6.496273, 0.6256395, 0.5593345, 0.7583662
6.5074, 0.6903359, 0.5683147, 0.764631
6.518478, 0.6883655, 0.5763201, 0.7708482
6.529489, 0.7035568, 0.5854529, 0.7770321
6.540671, 0.7011013, 0.5953183, 0.78333
6.551764, 0.6902366, 0.6042748, 0.7896924
6.562948, 0.6819382, 0.6116073, 0.7961415
6.57406, 0.6719137, 0.6182669, 0.802574
6.585144, 0.6734216, 0.6247174, 0.8089464
6.596244, 0.6710068, 0.6308338, 0.815372
6.607337, 0.6543853, 0.6358215, 0.8219482
6.618519, 0.6575688, 0.6411675, 0.8285027
6.629555, 0.6593099, 0.6467358, 0.834962
6.640714, 0.6716951, 0.6521739, 0.8415428
6.651715, 0.668968, 0.6561573, 0.8480383
6.662844, 0.6766942, 0.6606053, 0.8546635
6.673948, 0.705933, 0.6666604, 0.8612843
6.685195, 0.7149222, 0.6728867, 0.8680758
6.69615, 0.7122046, 0.6774024, 0.874675
6.707289, 0.6966164, 0.680791, 0.8814115
6.718399, 0.6847777, 0.6837479, 0.8881579
6.729719, 0.6838134, 0.6834217, 0.895121
6.740615, 0.6944109, 0.683724, 0.9017791
6.754056, 0.7104414, 0.6840683, 0.9099827
6.762796, 0.6988649, 0.6839564, 0.9153271
6.773781, 0.6917853, 0.6840339, 0.9220862
6.785087, 0.6918941, 0.6845317, 0.929084
6.796219, 0.7012433, 0.6859981, 0.9360594
6.80721, 0.7392817, 0.6892911, 0.9429795
6.818472, 0.7485338, 0.6931675, 0.9499996
6.829519, 0.7531582, 0.6981062, 0.9569136
6.840542, 0.7765127, 0.7040533, 0.963862
6.851556, 0.7826167, 0.7102187, 0.9708368
6.862837, 0.7854926, 0.7159086, 0.977998
6.873857, 0.7798302, 0.7214517, 0.985
6.88498, 0.787369, 0.7269855, 0.9920787
6.896121, 0.7899706, 0.7311873, 0.9992017
6.907211, 0.7919437, 0.7350384, 1.006289
6.918326, 0.7844793, 0.7386521, 1.013457
6.929442, 0.7899941, 0.7433211, 1.020627
6.940454, 0.794521, 0.7488082, 1.027832
6.951592, 0.7981137, 0.7545232, 1.035115
6.96287, 0.7917864, 0.759392, 1.04244
6.973907, 0.7918951, 0.7634646, 1.049662
6.984966, 0.7936808, 0.7682054, 1.056938
6.996024, 0.8044285, 0.7738376, 1.064214
7.007113, 0.8173808, 0.7801119, 1.071471
7.018255, 0.8185993, 0.7859797, 1.078825
7.029251, 0.8251519, 0.7902732, 1.086089
7.040435, 0.833072, 0.7945001, 1.093476
7.051858, 0.8805811, 0.8008713, 1.101052
7.062688, 0.8933392, 0.8067126, 1.108318
7.073719, 0.8916498, 0.8121642, 1.115686
7.084867, 0.9484894, 0.8203141, 1.123178
7.096074, 0.9919873, 0.8309219, 1.130643
7.107015, 1.029027, 0.8430048, 1.137995
7.118212, 1.02473, 0.8547428, 1.145504
7.129329, 1.019956, 0.8661434, 1.1529
7.140373, 1.060742, 0.8799565, 1.160331
7.151513, 1.056958, 0.8933047, 1.167821
7.162557, 1.048559, 0.9060066, 1.175479
7.173761, 1.042743, 0.9182382, 1.183012
7.184818, 1.041689, 0.9307333, 1.19048
7.195986, 1.037984, 0.9430377, 1.198015
7.207145, 1.038372, 0.9552723, 1.205596
7.218202, 1.005061, 0.9653039, 1.213027
7.229286, 1.001432, 0.9745065, 1.220582
7.240421, 1.002233, 0.9836882, 1.228167
7.251529, 1.000501, 0.9924557, 1.235764
7.262599, 0.9914553, 1.000375, 1.243334
7.273868, 0.988322, 1.005762, 1.251017
7.284866, 0.9905304, 1.010621, 1.25854
7.295959, 0.9826188, 1.01517, 1.26611
7.306932, 0.993722, 1.017431, 1.273668
7.31812, 0.9920244, 1.017433, 1.281327
7.329197, 0.9923288, 1.015598, 1.288923
7.34034, 0.9964668, 1.014185, 1.296614
7.351406, 0.9814569, 1.01226, 1.304204
7.362644, 0.9471992, 1.006583, 1.311937
7.373576, 0.9406491, 1.000768, 1.319465
7.384665, 0.9308719, 0.9948832, 1.327159
7.395878, 0.9508088, 0.9902865, 1.334842
7.407026, 1.029647, 0.9896844, 1.342565
7.418086, 0.8694671, 0.9812586, 1.350184
7.429238, 1.010168, 0.9798484, 1.357871
7.440411, 1.175759, 0.9883833, 1.365553
7.451488, 1.343572, 1.00549, 1.373164
7.462574, 7.740182, 1.342388, 1.380831
7.529024, 0, 1.292363, 1.426923
7.54027, 0, 1.24279, 1.434693
7.55135, 0, 1.193374, 1.442377
7.56237, 1.721646, 1.22993, 1.449971
7.573527, 3.637547, 1.362676, 1.457673
7.584646, 1.199342, 1.372957, 1.465338
7.595761, 1.630908, 1.404901, 1.473014
7.751173, 1.195078, 1.415039, 1.579602
7.762325, 1.324728, 1.431452, 1.587182
7.776682, 1.202061, 1.442482, 1.596944
7.784766, 1.291407, 1.459692, 1.60241
7.795696, 1.494179, 1.487369, 1.609816
7.806768, 1.427227, 1.512186, 1.61731
7.817914, 1.387882, 1.53404, 1.624893
7.829053, 1.413661, 1.553241, 1.63241
7.840101, 1.409639, 1.580249, 1.639883
7.851191, 1.410087, 1.600245, 1.647342
7.862211, 1.422203, 1.612568, 1.65476
7.873386, 1.400478, 1.615413, 1.662217
7.884517, 1.398608, 1.298334, 1.669676
7.895583, 1.403382, 1.368503, 1.677082
7.906681, 1.412492, 1.439128, 1.684454
7.917783, 1.471049, 1.51268, 1.691855
7.928876, 1.488034, 1.501, 1.699214
7.940052, 1.502613, 1.394253, 1.706625
7.951065, 1.169433, 1.392758, 1.713928
7.962242, 1.197463, 1.371085, 1.721518
7.973312, 1.196488, 1.371156, 1.728882
7.984491, 1.233999, 1.366619, 1.736225
7.995736, 1.238088, 1.368421, 1.743592
8.006663, 1.255914, 1.366646, 1.750738
8.017841, 1.265598, 1.355217, 1.758073
8.028839, 1.268266, 1.347269, 1.765291
8.039957, 1.2824, 1.341995, 1.772568
8.051085, 1.317926, 1.337208, 1.779804
8.06225, 1.297153, 1.331584, 1.787057
8.07331, 1.294217, 1.32579, 1.79416
8.084401, 1.260587, 1.31771, 1.801429
8.09551, 1.243403, 1.309856, 1.808688
8.10655, 1.22526, 1.301188, 1.815808
8.117766, 1.204145, 1.291227, 1.822966
8.12877, 1.204216, 1.280813, 1.829975
8.140203, 1.189517, 1.266736, 1.837279
8.151009, 1.168126, 1.250741, 1.844199
8.16212, 1.152047, 1.233213, 1.85118
8.173306, 1.164813, 1.232981, 1.85825
8.184365, 1.13567, 1.229892, 1.865212
8.195433, 1.127792, 1.226457, 1.872187
8.206685, 1.219285, 1.225721, 1.879264
8.217754, 1.228656, 1.22525, 1.886138
8.228818, 1.351719, 1.23004, 1.893027
8.240057, 1.230966, 1.228308, 1.899931
8.251068, 1.289211, 1.229356, 1.906726
8.262023, 1.372452, 1.233858, 1.91341
8.273483, 1.404492, 1.238187, 1.920396
8.284334, 1.354501, 1.241054, 1.926984
8.295491, 1.360624, 1.244374, 1.933766
8.306502, 1.585328, 1.260611, 1.940439
8.317576, 1.958526, 1.296368, 1.947207
8.484252, 2.251778, 1.347694, 2.044478
8.495278, 1.92051, 1.383512, 2.050674
8.506449, 1.689454, 1.407774, 2.056895
8.517548, 1.862355, 1.441416, 2.062991
8.52879, 1.881815, 1.4771, 2.069265
8.539778, 2.041318, 1.521564, 2.075348
8.550821, 1.880269, 1.557337, 2.081374
8.561819, 1.917351, 1.596421, 2.087364
8.57304, 1.856838, 1.632873, 2.093444
8.584154, 1.858653, 1.664841, 2.099426
8.595306, 1.89923, 1.69837, 2.105356
8.606467, 1.881213, 1.724845, 2.111297
8.617612, 1.973721, 1.761983, 2.117221
8.628629, 1.949891, 1.795017, 2.123029
8.639716, 1.903816, 1.821585, 2.128823
8.650805, 1.812185, 1.841969, 2.134572
8.661946, 1.781265, 1.863308, 2.140349
8.673125, 1.746223, 1.882588, 2.146036
8.684146, 1.731931, 1.889918, 2.151704
8.695348, 1.801941, 1.882089, 2.157314
8.70641, 1.709666, 1.854983, 2.162872
8.717322, 1.80818, 1.849367, 2.168373
8.728643, 1.426088, 1.836198, 2.174043
8.739665, 1.429568, 1.814559, 2.179497
8.750771, 1.424241, 1.791681, 2.184851
8.761944, 1.469766, 1.763103, 2.190274
8.773012, 1.510966, 1.744638, 2.195621
8.786488, 1.507174, 1.724129, 2.202107
8.79528, 1.517097, 1.707142, 2.206351
8.806267, 1.546483, 1.691533, 2.211531
8.817478, 1.460643, 1.669604, 2.216735
8.828553, 1.456524, 1.64837, 2.221931
8.839587, 1.480491, 1.623708, 2.227077
8.850836, 1.441803, 1.598304, 2.232268
8.861841, 1.439843, 1.575105, 2.237279
8.872913, 1.397034, 1.554348, 2.242243
8.88406, 1.343086, 1.532439, 2.247229
8.895247, 1.348815, 1.512568, 2.252162
8.906274, 1.363562, 1.49415, 2.256998
8.917377, 1.359478, 1.472027, 2.261796
8.928436, 1.372568, 1.455172, 2.266574
8.939667, 1.378939, 1.43371, 2.271486
8.950747, 1.402753, 1.432543, 2.276211
8.961796, 1.409376, 1.431533, 2.280859
8.972898, 1.434671, 1.432055, 2.285488
8.983977, 2.08478, 1.462806, 2.290098
8.995088, 2.128258, 1.49367, 2.29462
9.00634, 2.132571, 1.52494, 2.299216
9.017416, 2.139149, 1.556043, 2.303638
9.028371, 2.093157, 1.583376, 2.307942
9.039504, 2.084845, 1.614586, 2.31223
9.050741, 2.084846, 1.646003, 2.316653
9.061709, 2.081734, 1.676065, 2.32089
9.073009, 2.091123, 1.708531, 2.325234
9.083982, 2.149217, 1.743999, 2.32941
9.095115, 2.144843, 1.78139, 2.333622
9.106165, 2.071624, 1.817817, 2.337711
9.117251, 2.163747, 1.858563, 2.341651
9.128585, 2.185186, 1.899644, 2.345686
9.139469, 2.196634, 1.941502, 2.349601
9.150528, 2.269136, 1.98633, 2.353522
9.161644, 2.304047, 2.032586, 2.357404
9.172846, 2.30775, 2.077836, 2.361264
9.183953, 2.317288, 2.123231, 2.365064
9.195014, 2.298193, 2.166407, 2.368733
9.206221, 2.29567, 2.176952, 2.37246
9.217246, 2.260008, 2.183539, 2.376083
9.228464, 2.148581, 2.18434, 2.379729
9.239675, 2.119213, 2.183343, 2.383345
9.250507, 2.048647, 2.181118, 2.386765
9.261714, 2.021863, 2.177968, 2.39028
9.272794, 2.037654, 2.175609, 2.393676
9.283873, 2.002548, 2.171649, 2.397058
9.295007, 1.95932, 2.165059, 2.400381
9.306085, 1.955666, 2.155382, 2.40364
9.317163, 1.988247, 2.147552, 2.40696
9.32826, 2.046671, 2.146304, 2.410137
9.339395, 2.083297, 2.142282, 2.413295
9.350534, 2.098966, 2.137971, 2.416349
9.361698, 2.087423, 2.13251, 2.419393
9.372769, 2.092603, 2.123684, 2.422353
9.383897, 2.154996, 2.116231, 2.425284
9.395094, 2.116914, 2.106689, 2.428141
9.406084, 2.194597, 2.100555, 2.430922
9.417136, 2.142967, 2.092793, 2.43365
9.428226, 2.084209, 2.08222, 2.436293
9.439407, 2.091517, 2.073796, 2.438969
9.450414, 2.116769, 2.072205, 2.441618
9.461579, 2.114657, 2.071977, 2.444191
9.472657, 2.098749, 2.074482, 2.44672
9.48382, 2.122482, 2.079514, 2.449191
9.494863, 2.259989, 2.09063, 2.451551
9.505996, 2.266064, 2.103806, 2.453924
9.517148, 2.283369, 2.120008, 2.456378
9.528488, 2.204162, 2.132433, 2.458738
9.539476, 2.2407, 2.145056, 2.460938
9.550334, 2.234729, 2.154459, 2.46301
9.561537, 2.309856, 2.165787, 2.465086
9.572584, 2.255092, 2.173593, 2.467086
9.583711, 2.082415, 2.173343, 2.469059
9.594931, 2.249064, 2.181166, 2.471005
9.60608, 2.122566, 2.179545, 2.47291
9.617006, 1.375684, 2.142483, 2.47469
9.628201, 1.337945, 2.099651, 2.476485
9.639352, 1.423572, 2.063681, 2.478195
9.650284, 1.868877, 2.052914, 2.479803
9.661516, 2.009386, 2.048808, 2.48146
9.67254, 1.968744, 2.041406, 2.483054
9.683871, 2.113072, 2.041327, 2.484651
9.694874, 2.330567, 2.052918, 2.486119
9.705934, 2.348916, 2.06424, 2.487577
9.716954, 2.346428, 2.068561, 2.488885
9.728164, 2.367622, 2.073639, 2.49025
9.739326, 2.360979, 2.07752, 2.491514
9.750318, 2.358427, 2.085233, 2.492811
9.761394, 2.396094, 2.093003, 2.494023
9.772449, 2.358475, 2.09919, 2.495166
9.783611, 2.415452, 2.10447, 2.49623
9.794845, 2.261882, 2.104809, 2.497218
9.80586, 2.211799, 2.111278, 2.498169
9.816972, 2.098757, 2.103763, 2.499083
9.828125, 2.052392, 2.100254, 2.499884
9.83931, 2.112504, 2.137095, 2.500676
9.850453, 1.579008, 2.149148, 2.501402
9.861503, 1.562412, 2.15609, 2.502122
9.87245, 1.54669, 2.139981, 2.502793
9.883553, 1.574853, 2.118254, 2.503396
9.894763, 1.59605, 2.09962, 2.503924
9.905923, 1.59795, 2.073864, 2.504507
9.916943, 1.634418, 2.039056, 2.504921
9.928098, 1.64026, 2.003623, 2.505289
9.93918, 1.647322, 1.968668, 2.505583
9.950193, 1.780409, 1.939308, 2.505809
9.961402, 1.799584, 1.911238, 2.506042
9.972456, 1.702553, 1.878444, 2.506179
9.983531, 2.653862, 1.891332, 2.506259
9.994662, 2.521656, 1.899491, 2.506314
10.00591, 2.689415, 1.91319, 2.506255
10.01686, 2.696343, 1.934912, 2.506183
10.02817, 2.7279, 1.960718, 2.505962
10.03928, 2.720824, 1.991821, 2.505792
10.0502, 2.694553, 2.023929, 2.505606
10.06146, 2.617356, 2.049172, 2.505352
10.07235, 2.635466, 2.101995, 2.505114
10.08351, 2.480259, 2.147887, 2.504714
10.09475, 1.745616, 2.157833, 2.504231
10.10576, 1.927607, 2.175471, 2.503713
10.11683, 1.822346, 2.186786, 2.503176
10.12805, 1.973202, 2.205549, 2.502601
10.1391, 2.095761, 2.228616, 2.501954
10.15012, 1.906657, 2.241935, 2.501306
10.16127, 1.872603, 2.2532, 2.500568
10.17239, 1.995201, 2.263939, 2.499725
10.18345, 2.016589, 2.27479, 2.498847
10.19455, 2.008843, 2.290104, 2.497992
10.20557, 2.061358, 2.260479, 2.497086
10.21679, 2.073577, 2.238075, 2.496088
10.22796, 2.079736, 2.207591, 2.495091
10.23896, 2.058294, 2.175689, 2.493982
10.2502, 2.123065, 2.145447, 2.492796
10.2612, 2.132851, 2.116048, 2.491595
10.2724, 2.130723, 2.087857, 2.490331
10.28342, 2.099804, 2.061979, 2.488982
10.29455, 2.10946, 2.035678, 2.487576
10.3057, 2.115801, 2.017456, 2.485976
10.3169, 2.128588, 2.036604, 2.484383
10.32789, 2.177371, 2.049092, 2.482848
10.33901, 2.166161, 2.066283, 2.481182
10.35003, 1.707732, 2.05301, 2.479498
10.36117, 1.687017, 2.032572, 2.477759
10.37226, 1.674197, 2.020949, 2.476048
10.38335, 1.693951, 2.012017, 2.474253
10.39451, 1.694525, 1.996983, 2.472399
10.40554, 1.71339, 1.981823, 2.470517
10.41672, 1.752894, 1.969026, 2.468554
10.42809, 1.796721, 1.955794, 2.466392
10.43913, 1.887748, 1.946502, 2.464335
10.45, 1.938548, 1.939443, 2.462323
10.46128, 1.976114, 1.935334, 2.460168
10.47237, 2.319615, 1.945161, 2.457973
10.48332, 2.304264, 1.953732, 2.45574
10.49446, 3.05094, 1.999743, 2.453421
10.50565, 3.127756, 2.051141, 2.451013
10.51665, 3.223355, 2.106836, 2.448624
10.52776, 3.199219, 2.161006, 2.446144
10.53912, 3.149258, 2.21204, 2.443563
10.54997, 3.08508, 2.257425, 2.44112
10.56106, 3.085042, 2.303369, 2.438487
10.57234, 3.19224, 2.377595, 2.43579
10.58332, 3.038441, 2.445166, 2.433105
10.59435, 2.947311, 2.508822, 2.430389
10.60562, 2.986995, 2.573474, 2.427486
10.61656, 2.993305, 2.638413, 2.424698
10.6278, 2.999734, 2.70273, 2.421701
10.63894, 3.012681, 2.765719, 2.418674
10.6499, 2.200851, 2.785926, 2.415635
10.66105, 2.650806, 2.824079, 2.412552
10.67205, 1.951605, 2.824731, 2.409371
10.68328, 1.652681, 2.80856, 2.40621
10.69449, 1.580464, 2.771602, 2.402969
10.70822, 1.593206, 2.736049, 2.398938
10.71657, 1.606703, 2.663837, 2.396436
10.72768, 1.628057, 2.588852, 2.393102
10.73891, 1.817753, 2.518572, 2.389664
10.74983, 2.024911, 2.459857, 2.386268
10.76097, 2.039733, 2.404381, 2.382741
10.77209, 2.008447, 2.350549, 2.37925
10.78325, 1.940546, 2.293324, 2.37565
10.79425, 1.891463, 2.228285, 2.372058
10.80541, 1.856238, 2.169175, 2.368214
10.8165, 1.65275, 2.104447, 2.364479
10.82767, 1.619369, 2.036066, 2.360668
10.83876, 1.634645, 1.968133, 2.35682
10.84984, 1.7604, 1.906166, 2.352943
10.86088, 1.73483, 1.842273, 2.349009
10.87204, 1.747965, 1.819629, 2.345106
10.88322, 1.766541, 1.775416, 2.341135
10.89418, 1.745165, 1.765094, 2.33705
10.90546, 1.63887, 1.764403, 2.332879
10.91641, 1.692193, 1.76999, 2.328809
10.92743, 1.70957, 1.775808, 2.324758
10.93873, 1.784138, 1.784679, 2.320446
10.94974, 1.741728, 1.790363, 2.316136
10.96088, 1.642368, 1.781594, 2.311796
10.97207, 1.595175, 1.760107, 2.307387
10.98315, 1.588602, 1.73755, 2.302924
10.99414, 1.553685, 1.714813, 2.298541
11.00538, 1.515226, 1.693547, 2.294052
11.01645, 1.580322, 1.677989, 2.289567
11.02753, 1.58326, 1.66434, 2.285024
11.03877, 1.296286, 1.646517, 2.280338
11.04982, 1.356071, 1.633352, 2.275769
11.06081, 2.023319, 1.652786, 2.271085
11.07215, 1.974562, 1.663494, 2.266192
11.08306, 0, 1.576753, 2.261582
11.2499, 1.503764, 1.564543, 2.185053
11.26068, 1.317858, 1.542109, 2.179787
11.27236, 1.409982, 1.525349, 2.174037
11.28305, 1.386962, 1.512754, 2.16877
11.29406, 1.785268, 1.517408, 2.16327
11.30543, 1.650928, 1.514476, 2.157578
11.31635, 1.570552, 1.503796, 2.152065
11.32738, 1.597353, 1.496578, 2.146394
11.33848, 1.630069, 1.495963, 2.140702
11.34958, 1.618779, 1.497143, 2.134909
11.36077, 1.580114, 1.496718, 2.129088
11.37177, 1.548975, 1.496483, 2.123317
11.38302, 1.577613, 1.499602, 2.117496
11.39404, 1.598781, 1.500525, 2.111615
11.40522, 1.624319, 1.502578, 2.105634
11.41625, 1.735333, 1.524531, 2.099731
11.42732, 1.908289, 1.552141, 2.09382
11.43847, 2.134075, 1.557679, 2.087762
11.44972, 2.21287, 1.569595, 2.081583
11.46062, 2.329465, 1.686068, 2.075593
11.47181, 2.273896, 1.724574, 2.069416
11.48286, 2.283688, 1.772866, 2.063351
11.49397, 2.399533, 1.822343, 2.057287
11.50508, 2.463969, 1.876194, 2.051042
11.51613, 2.542792, 1.91407, 2.04484
11.52726, 2.385522, 1.9508, 2.038703
11.53844, 2.384184, 1.991481, 2.032329
11.54948, 1.649241, 1.994076, 2.025995
11.56062, 1.60618, 1.992881, 2.019618
11.57178, 1.683259, 1.996105, 2.013203
11.58284, 1.396271, 1.986913, 2.006827
11.59392, 1.428097, 1.980869, 2.000397
11.60503, 1.473344, 1.975656, 1.993853
11.61608, 1.504881, 1.970961, 1.987372
11.62726, 1.529851, 1.966237, 1.980798
11.63828, 1.501083, 1.954525, 1.974216
11.64935, 1.52487, 1.935354, 1.967647
11.66056, 1.549939, 1.906147, 1.96088
11.67177, 1.553521, 1.873179, 1.954171
11.6828, 1.498644, 1.831639, 1.947643
11.69376, 1.477849, 1.791836, 1.94104
11.70518, 1.482128, 1.751758, 1.934132
11.71625, 1.498242, 1.706694, 1.92742
11.72706, 1.476382, 1.657314, 1.920798
11.73859, 1.47902, 1.604126, 1.913736
11.74924, 1.475357, 1.558617, 1.907151
11.76049, 1.496147, 1.514216, 1.900232
11.77168, 1.594625, 1.511485, 1.893305
11.78278, 2.092867, 1.535819, 1.886371
11.79387, 1.999831, 1.551648, 1.879444
11.805, 2.031732, 1.583421, 1.872355
11.81613, 2.197806, 1.621906, 1.865342
11.8272, 2.26414, 1.661446, 1.858367
11.83826, 2.226866, 1.697545, 1.851374
11.84934, 2.173736, 1.72974, 1.84432
11.86028, 2.182813, 1.763826, 1.837342
11.87166, 1.969184, 1.786042, 1.830084
11.88275, 1.996402, 1.808365, 1.822944
11.89376, 1.897684, 1.825573, 1.815867
11.90498, 1.918568, 1.846569, 1.808683
11.91601, 1.927454, 1.86905, 1.801583
11.92705, 1.949032, 1.892395, 1.794579
11.93824, 1.951758, 1.915071, 1.787307
11.94924, 1.922137, 1.937358, 1.780261
11.96041, 1.883987, 1.957607, 1.772833
11.97151, 1.878844, 1.977781, 1.765585
11.98271, 1.837444, 1.994846, 1.758144
11.9937, 1.805627, 2.005396, 1.750938
12.005, 1.854654, 1.993486, 1.743541
12.01595, 1.800247, 1.983506, 1.736326
12.02707, 1.803376, 1.972089, 1.729074
12.03824, 1.811163, 1.952756, 1.721733
12.04939, 1.807296, 1.929914, 1.714282
12.06046, 1.856377, 1.91139, 1.706903
12.07166, 1.819121, 1.893659, 1.699448
12.0827, 1.819105, 1.875473, 1.692039
12.09368, 1.815923, 1.86781, 1.684705
12.10491, 1.800949, 1.858038, 1.677219
12.11597, 1.84631, 1.855469, 1.669817
12.12698, 1.832465, 1.851164, 1.662474
12.13837, 1.905192, 1.850051, 1.654799
12.14919, 1.955924, 1.850395, 1.647488
12.1603, 1.953203, 1.850468, 1.639964
12.17146, 1.949523, 1.851837, 1.632416
12.18278, 1.962301, 1.855753, 1.624801
12.19356, 1.90764, 1.857192, 1.617506
12.20478, 1.881814, 1.859411, 1.609869
12.21582, 1.873392, 1.862799, 1.602365
12.22695, 1.847626, 1.862448, 1.594738
12.2382, 1.854198, 1.865145, 1.587069
12.24908, 1.848466, 1.8674, 1.579639
12.2602, 1.813919, 1.867538, 1.572024
12.27153, 1.80686, 1.867516, 1.564263
12.28256, 1.801436, 1.864769, 1.556712
12.29354, 1.789834, 1.863304, 1.549187
12.30477, 1.438947, 1.844297, 1.541647
12.31602, 1.376652, 1.822333, 1.533939
12.32695, 1.357633, 1.800167, 1.526436
12.33821, 1.377083, 1.776706, 1.518698
12.3492, 1.392403, 1.754703, 1.511138
12.36017, 1.378891, 1.728388, 1.503505
12.37139, 1.372471, 1.699215, 1.495788
12.38258, 1.407853, 1.671947, 1.488135
12.39348, 1.382365, 1.643589, 1.480638
12.40471, 1.353774, 1.613163, 1.473
12.4158, 1.354941, 1.585528, 1.46538
12.42686, 1.377977, 1.560336, 1.457771
12.43795, 1.348654, 1.534099, 1.450106
12.44907, 1.258253, 1.504631, 1.442468
12.46027, 1.257434, 1.474793, 1.434718
12.47132, 1.275731, 1.446156, 1.427094
12.48235, 1.334732, 1.422196, 1.419497
12.49355, 1.335482, 1.398628, 1.411774
12.50456, 1.35294, 1.376203, 1.404099
12.5158, 1.356871, 1.354554, 1.396339
12.52675, 1.391601, 1.352187, 1.38874
12.53796, 1.440552, 1.355382, 1.381005
12.54899, 1.377898, 1.356395, 1.373378
12.56013, 1.377839, 1.356433, 1.365678
12.57136, 1.40972, 1.357299, 1.357906
12.5824, 1.445592, 1.360634, 1.350218
12.59337, 1.418768, 1.362949, 1.342617
12.6046, 1.388629, 1.361988, 1.334845
12.61569, 1.348254, 1.360282, 1.327172
12.6269, 1.350015, 1.360094, 1.319385
12.63802, 1.349543, 1.359824, 1.311692
12.64908, 1.353041, 1.358577, 1.30397
12.66008, 1.356114, 1.35895, 1.296385
12.67123, 1.302399, 1.361158, 1.288681
12.68251, 1.2596, 1.361266, 1.280951
12.69336, 1.220715, 1.358515, 1.273474
12.70456, 1.213787, 1.352468, 1.265706
12.71567, 1.192526, 1.34532, 1.258093
12.72672, 1.172397, 1.336293, 1.250476
12.73786, 1.141368, 1.325518, 1.242788
12.74905, 1.054241, 1.30865, 1.235039
12.75995, 1.055045, 1.289375, 1.227514
12.77118, 1.22338, 1.281649, 1.219826
12.78222, 1.116629, 1.268588, 1.212267
12.7935, 1.067036, 1.251454, 1.204579
12.80456, 1.110931, 1.234721, 1.197
12.8157, 1.091915, 1.218378, 1.189434
12.82661, 1.130034, 1.205449, 1.182032
12.83789, 1.125397, 1.194306, 1.174427
12.84891, 1.068609, 1.180236, 1.166977
12.85996, 1.048577, 1.165187, 1.159553
12.87111, 1.029512, 1.149011, 1.15203
12.88225, 1.032675, 1.132839, 1.144509
12.8933, 1.025306, 1.118984, 1.13709
12.90442, 1.001207, 1.106065, 1.129714
12.91556, 1.006763, 1.095367, 1.122252
12.92658, 1.006407, 1.084998, 1.114894
12.93791, 1.007146, 1.075729, 1.107393
12.94882, 0.9930418, 1.066761, 1.100139
12.96013, 0.9886321, 1.059124, 1.092561
12.97109, 0.9995238, 1.056389, 1.085291
12.98217, 1.034695, 1.055371, 1.077973
12.99332, 1.021673, 1.045286, 1.070612
13.00441, 1.03274, 1.041091, 1.063332
13.01562, 1.03449, 1.039464, 1.055994
13.0266, 1.03757, 1.035796, 1.04871
13.03772, 1.040184, 1.033209, 1.041443
13.04886, 1.020097, 1.027712, 1.034175
13.05999, 1.01421, 1.022153, 1.026899
13.07108, 1.015111, 1.019478, 1.019701
13.08235, 0.9891924, 1.016509, 1.012446
13.09319, 0.9603068, 1.013049, 1.005458
13.10442, 0.9232286, 1.007576, 0.9983088
13.11551, 0.8859797, 1.00061, 0.991201
13.12644, 0.8791705, 0.9945081, 0.9841465
13.13768, 0.8699676, 0.9876684, 0.9770214
13.14868, 0.8746376, 0.9810799, 0.9700342
13.15987, 0.8818865, 0.974817, 0.962943
13.17101, 0.8613556, 0.9682326, 0.9559126
13.18202, 0.8734338, 0.9624727, 0.9488904
13.19312, 0.8736582, 0.9561794, 0.941923
13.20442, 0.8713539, 0.9480124, 0.9348829
13.21536, 0.8689247, 0.940375, 0.9281099
13.22643, 0.8560701, 0.9315414, 0.9212691
13.23842, 0.8514237, 0.9223882, 0.9139175
13.24882, 0.824974, 0.9117584, 0.9075268
13.25983, 0.8250031, 0.9009994, 0.9007624
13.27099, 0.8330653, 0.8916477, 0.8939458
13.28202, 0.8360509, 0.8827397, 0.8872449
13.2932, 0.8424875, 0.8741086, 0.8804774
13.30431, 0.830302, 0.866164, 0.8737098
13.31548, 0.832863, 0.8597919, 0.866987
13.32648, 0.83384, 0.8553224, 0.8603523
13.33753, 0.8394376, 0.8529952, 0.8537359
13.34865, 0.821172, 0.8500953, 0.847135
13.35983, 0.8264008, 0.8479169, 0.840524
13.37102, 0.7999211, 0.8441811, 0.8339299
13.38202, 0.7872168, 0.8394476, 0.8274197
13.39307, 0.7876105, 0.8357604, 0.8209597
13.40434, 0.8096529, 0.8325713, 0.8144524
13.41542, 0.7857152, 0.8281742, 0.808063
13.42642, 0.7887639, 0.8240447, 0.8017222
13.43749, 0.780457, 0.8196213, 0.7953352
13.44857, 0.7720031, 0.8154179, 0.7889922
13.45969, 0.7550057, 0.8105971, 0.7827023
13.47097, 0.7546465, 0.8070806, 0.7763157
13.48188, 0.7580693, 0.803734, 0.770193
13.49302, 0.7874206, 0.8014518, 0.7639644
13.50411, 0.8002258, 0.7996606, 0.7578064
13.51556, 0.828317, 0.798952, 0.7514657
13.52637, 0.8234532, 0.7986096, 0.7455242
13.53757, 0.8095185, 0.7974423, 0.7394382
13.54851, 0.7909312, 0.7952969, 0.7334827
13.55962, 0.7943756, 0.7930438, 0.7274374
13.57082, 0.7833836, 0.7911544, 0.7214224
13.58203, 0.7895879, 0.7893138, 0.7154076
13.59308, 0.8074802, 0.7896917, 0.7095325
13.60418, 0.8083856, 0.7907501, 0.7035645
13.61539, 0.8055684, 0.791648, 0.6976442
13.62644, 0.8296479, 0.7926477, 0.691871
13.63747, 0.8375162, 0.7952377, 0.6861438
13.64854, 0.8361287, 0.7976059, 0.6804207
13.65964, 0.8345398, 0.8003101, 0.6746055
13.67077, 0.843503, 0.8038851, 0.6689138
13.68202, 0.796777, 0.8059737, 0.66317
13.69286, 0.7927488, 0.8078789, 0.6576909
13.70412, 0.7913448, 0.8095427, 0.6519846
13.71552, 0.7909638, 0.8097199, 0.6463019
13.72629, 0.7877702, 0.809097, 0.6409819
13.73757, 0.7797076, 0.8066665, 0.6353968
13.74856, 0.7541868, 0.8032031, 0.6300714
13.75949, 0.7584483, 0.8006495, 0.6247801
13.77071, 0.7166233, 0.7969341, 0.6193439
13.78186, 0.6980462, 0.7921177, 0.6140873
13.79287, 0.6863204, 0.7872645, 0.6088588
13.80403, 0.68186, 0.7818781, 0.6035178
13.8152, 0.6961693, 0.7763126, 0.598273
13.82619, 0.6903883, 0.7704127, 0.5931678
13.83752, 0.6819737, 0.764233, 0.5878956
13.84858, 0.6495489, 0.755228, 0.5827971
13.85949, 0.6471984, 0.7457122, 0.577825
13.87061, 0.6372703, 0.7357693, 0.5728037
13.88169, 0.6183054, 0.7249576, 0.5679296
13.89291, 0.6205168, 0.7138082, 0.5629346
13.90404, 0.6268759, 0.7053132, 0.5581278
13.91517, 0.6210319, 0.6967274, 0.5533016
13.92617, 0.6176664, 0.6880435, 0.5485551
13.9373, 0.6028624, 0.6786383, 0.5437059
13.94849, 0.6004837, 0.669274, 0.538972
13.9595, 0.59921, 0.6602491, 0.5342749
13.97059, 0.5987846, 0.6524791, 0.5296464
13.98171, 0.5911652, 0.6441149, 0.5250663
13.99282, 0.5730374, 0.6369356, 0.5205423
14.00396, 0.5647993, 0.6302732, 0.5159904
14.01515, 0.548729, 0.6233937, 0.5115534
14.02605, 0.5452977, 0.6165656, 0.5072436
14.03722, 0.5306497, 0.6082896, 0.5028756
14.04863, 0.4982638, 0.5986834, 0.4984507
14.05943, 0.5172405, 0.5904467, 0.4942123
14.07058, 0.5408884, 0.5850137, 0.4899631
14.08208, 0.5208462, 0.5786961, 0.4855845
14.09286, 0.5176841, 0.5727168, 0.4815909
14.10396, 0.5138798, 0.5674955, 0.4775231
14.11511, 0.5161915, 0.5622793, 0.4733987
14.12617, 0.5229917, 0.5570851, 0.4693826
14.13725, 0.5101656, 0.5515417, 0.4653955
14.14827, 0.5034832, 0.5458326, 0.4614973
14.15959, 0.4950722, 0.5404431, 0.4575331
14.17053, 0.5060545, 0.5357217, 0.4537457
14.18165, 0.4979932, 0.5306608, 0.4499196
14.19268, 0.4970456, 0.5255738, 0.4462035
14.20391, 0.4976896, 0.5209001, 0.4425534
14.21508, 0.4950374, 0.5170001, 0.4388285
14.22612, 0.4958185, 0.513551, 0.4352674
14.23724, 0.4990579, 0.5110675, 0.4317601
14.24816, 0.5011383, 0.5088595, 0.4283341
14.25949, 0.4900432, 0.5068291, 0.4248044
14.27061, 0.491785, 0.5065053, 0.4213817
14.28156, 0.4761375, 0.5044501, 0.4180436
14.29268, 0.478146, 0.5013129, 0.4147319
14.30382, 0.4834493, 0.4994431, 0.4113974
14.31514, 0.4744617, 0.4972819, 0.4080512
14.32588, 0.4694969, 0.4950628, 0.4049614
14.3371, 0.4618871, 0.4923476, 0.4018321
14.34825, 0.4531399, 0.488855, 0.3987287
14.35933, 0.4502599, 0.4858597, 0.3956597
14.37038, 0.4432238, 0.4828468, 0.3926969
14.38179, 0.4513023, 0.4806583, 0.3896919
14.39257, 0.4540163, 0.4780564, 0.3869133
14.40377, 0.454003, 0.4758569, 0.3841507
14.41491, 0.4399176, 0.4730005, 0.3813193
14.42599, 0.4423739, 0.4702347, 0.3785985
14.43709, 0.4296612, 0.4669659, 0.3759407
14.44823, 0.4125801, 0.462804, 0.3733268
14.45932, 0.4133016, 0.4585162, 0.3707349
14.47044, 0.4113016, 0.4540244, 0.3682336
14.48147, 0.4028945, 0.4496669, 0.3657708
14.49256, 0.3934656, 0.4447509, 0.3634217
14.50364, 0.3939396, 0.4406411, 0.3610355
14.51522, 0.3844813, 0.4359578, 0.3586371
14.52603, 0.3812918, 0.43085, 0.3564433
14.53703, 0.3806652, 0.4261602, 0.3542869
14.54837, 0.375396, 0.4214551, 0.3520746
14.55913, 0.3750939, 0.4171154, 0.3500484
14.57037, 0.3717938, 0.4130481, 0.3480332
14.58136, 0.3700542, 0.4090378, 0.3460429
14.59251, 0.3645236, 0.4051028, 0.3441399
14.60365, 0.358862, 0.4004807, 0.3422457
14.61467, 0.3534653, 0.3954532, 0.3403052
14.62587, 0.3525307, 0.3903796, 0.3384797
14.63691, 0.3491988, 0.3858437, 0.3367044
14.64805, 0.3493828, 0.3811941, 0.334987
14.65913, 0.3477055, 0.3770963, 0.3332511
14.67026, 0.345383, 0.3737364, 0.3316277
14.68402, 0.3448229, 0.3703125, 0.3298597
14.69254, 0.339208, 0.3667079, 0.3287111
14.70363, 0.3401012, 0.3635682, 0.3272167
14.7148, 0.3335092, 0.3605704, 0.3257991
14.7258, 0.3373242, 0.3577396, 0.3244518
14.73696, 0.3363362, 0.3553323, 0.323198
14.74819, 0.3356256, 0.353049, 0.3219421
14.75911, 0.33377, 0.3507043, 0.3207396
14.77022, 0.3330747, 0.3485882, 0.3196095
14.78138, 0.3171824, 0.3456926, 0.3185148
14.79245, 0.3583007, 0.345018, 0.317484
14.80354, 0.3420677, 0.3436186, 0.316621
14.81474, 0.334346, 0.3421097, 0.3156363
14.82585, 0.3275477, 0.340544, 0.3147165
14.83686, 0.3406092, 0.3399012, 0.3140158
14.8481, 0.3339993, 0.3389746, 0.3132628
14.85909, 0.330791, 0.3380542, 0.3125559
14.87019, 0.3294075, 0.3370555, 0.3119476
14.88134, 0.3274716, 0.3360438, 0.3114888
14.89234, 0.3292195, 0.3352356, 0.310991
14.90347, 0.328664, 0.3344277, 0.3104804
14.91466, 0.3290893, 0.3339217, 0.3100159
14.9257, 0.328313, 0.3333323, 0.3096448
14.93679, 0.330868, 0.3332002, 0.3093688
14.94799, 0.3306922, 0.3328686, 0.3091128
14.95905, 0.3303836, 0.332571, 0.3088273
14.97019, 0.3304571, 0.3323126, 0.3086796
14.98145, 0.3302566, 0.3321369, 0.3085568
14.99239, 0.3302162, 0.331994, 0.3085004
15.00353, 0.3309174, 0.3326808, 0.308521
15.01463, 0.3306579, 0.3312986, 0.3086111
15.02568, 0.3313899, 0.3307647, 0.3086831
15.03675, 0.3293736, 0.3305161, 0.3089736
15.04795, 0.3261172, 0.3304446, 0.3092068
15.05909, 0.3211362, 0.3294709, 0.3094356
15.07011, 0.3205129, 0.3287966, 0.3097726
15.08123, 0.3198487, 0.3282495, 0.3101282
15.0923, 0.3192685, 0.3277425, 0.3105562
15.10346, 0.3038153, 0.3265597, 0.3111123
15.11471, 0.3079543, 0.3254965, 0.3116586
15.12569, 0.313955, 0.324761, 0.3122386
15.13684, 0, 0.3083065, 0.3128049
15.21433, 0.288681, 0.306325, 0.318782
15.22554, 0.3049417, 0.3050286, 0.319891
15.2367, 0.3001616, 0.3035021, 0.3211108
15.24774, 0.3056591, 0.3022659, 0.3223017
15.25887, 0.3180208, 0.301644, 0.3235694
15.26996, 0.3048198, 0.3003722, 0.3248619
15.28133, 0.2982821, 0.2987755, 0.3261923
15.29231, 0.3104979, 0.2977545, 0.3275795
15.30333, 0.3161434, 0.2970288, 0.3289342
15.31441, 0.3131039, 0.2961145, 0.3304062
15.32547, 0.2972678, 0.2945092, 0.3319726
15.33662, 0.3208639, 0.2942465, 0.3335903
15.34788, 0.315337, 0.2939566, 0.3352879
15.35875, 0.3834174, 0.2971018, 0.3369086
15.36992, 0.4499016, 0.3036045, 0.3386632
15.38148, 0.415383, 0.3084102, 0.3406178
15.39231, 0, 0.2932194, 0.3424185
15.4033, 0.4125831, 0.2984509, 0.3442446
15.41436, 0.4369599, 0.3046011, 0.3461333
15.42551, 0.4287139, 0.3260368, 0.3481301
15.43653, 0.3910615, 0.3311558, 0.3502361
15.44772, 0.3661803, 0.3342178, 0.3523489
15.45886, 0.3681463, 0.337617, 0.354481
15.46994, 0.3596931, 0.3403187, 0.3566949
15.48102, 0.3370511, 0.3412702, 0.3589156
15.49209, 0.3230837, 0.3421834, 0.3611945
15.50321, 0.3292556, 0.3437321, 0.3634449
15.5144, 0.3546765, 0.345941, 0.3658491
15.52542, 0.3719928, 0.3487335, 0.3682658
15.53654, 0.3432714, 0.3502419, 0.3706958
15.61416, 0, 0.3353785, 0.3894376
15.6253, 0, 0.3193353, 0.3923351
15.63649, 0, 0.3035684, 0.3952758
15.64761, 0, 0.2843975, 0.3982661
15.65868, 0, 0.2619025, 0.4013394
15.6698, 0, 0.2411333, 0.4044781
15.68084, 0.4044973, 0.2613582, 0.4075543
15.69216, 0.4076969, 0.2611139, 0.4108133
15.70313, 0.3952212, 0.2590269, 0.414015
15.71436, 0.414881, 0.2583353, 0.4173272
15.72782, 0.4215403, 0.2598593, 0.4213767
15.73652, 0.4368624, 0.2633933, 0.4240339
15.74768, 0.4286946, 0.2664208, 0.4274886
15.75871, 0.4353335, 0.2702028, 0.4309449
15.76988, 0.4364923, 0.2751749, 0.4344715
15.78134, 0.4454125, 0.2812913, 0.4381476
15.79199, 0.4394312, 0.2868001, 0.4416192
15.80302, 0.4015397, 0.2891433, 0.445235
15.81427, 0.3727198, 0.2891796, 0.4490153
15.82523, 0.3816585, 0.291099, 0.4527254
15.83641, 0.3874238, 0.3104702, 0.4565077
15.84756, 0.3790643, 0.3294234, 0.4604267
15.85867, 0.3832919, 0.348588, 0.4645092
15.86976, 0.3828989, 0.3677329, 0.4684718
15.88129, 0.3856618, 0.387016, 0.4725813
15.89206, 0.3888906, 0.4064605, 0.476542
15.90304, 0.3873373, 0.4056025, 0.4805997
15.91409, 0.3842071, 0.4044281, 0.4847898
15.92524, 0.3856322, 0.4039486, 0.4889989
15.93637, 0.3870764, 0.4025584, 0.4931977
15.94745, 0.3900424, 0.4009835, 0.4974077
15.95862, 0.3908556, 0.3986832, 0.50166
15.96973, 0.3905548, 0.3967762, 0.5059996
15.98074, 0.4162174, 0.3958204, 0.5103478
15.99188, 0.4204621, 0.3950189, 0.5147623
16.00292, 0.4292525, 0.3942109, 0.5193066
16.01403, 0.3886612, 0.3916724, 0.523943
16.02515, 0.4042327, 0.391807, 0.5285401
16.0363, 0.4249139, 0.3944167, 0.5331996
16.04745, 0.4209565, 0.3963817, 0.5378877
16.05858, 0.4246196, 0.3982415, 0.5425832
16.06974, 0.4478685, 0.4016817, 0.5474425
16.08079, 0.4513675, 0.4050854, 0.5522758
16.09181, 0.4505309, 0.408467, 0.5568861
16.10288, 0.4544684, 0.4119073, 0.5617654
16.114, 0.4527843, 0.4151021, 0.5666782
16.12526, 0.4571224, 0.4185913, 0.5717058
16.13629, 0.461761, 0.422469, 0.5766499
16.14732, 0.4659854, 0.4264867, 0.581669
16.15838, 0.4669092, 0.4304783, 0.5867603
16.16954, 0.4694765, 0.4344501, 0.59192
16.1807, 0.4727352, 0.438544, 0.5970982
16.19187, 0.4702809, 0.4425303, 0.6023555
16.20292, 0.4691092, 0.4451749, 0.6075811
16.21399, 0.4734618, 0.447825, 0.6130072
16.22512, 0.4850092, 0.4506128, 0.6183679
16.23634, 0.5002987, 0.4561946, 0.6238641
16.2472, 0.4753034, 0.4597482, 0.6291289
16.25839, 0.491908, 0.4630979, 0.634541
16.26956, 0.4822859, 0.4661643, 0.6401173
16.28058, 0.4887711, 0.4693719, 0.6456665
16.29178, 0.4818927, 0.4710731, 0.6511384
16.30276, 0.4843136, 0.4727204, 0.6566471
16.31388, 0.4795079, 0.4741693, 0.6622217
16.32508, 0.4809168, 0.4754917, 0.6678957
16.33623, 0.4823368, 0.4769693, 0.6736116
16.34728, 0.4849016, 0.4783582, 0.6792374
16.35826, 0.491685, 0.4798544, 0.6849082
16.36939, 0.4986445, 0.4814874, 0.6906584
16.3807, 0.5154995, 0.4839168, 0.6965874
16.39176, 0.5147497, 0.4861805, 0.7025777
16.40286, 0.5154859, 0.488318, 0.7084678
16.41398, 0.5210363, 0.4908558, 0.7144026
16.42509, 0.5250486, 0.4936527, 0.7203079
16.4361, 0.5414272, 0.497051, 0.7262461
16.44716, 0.5517708, 0.5003891, 0.7322981
16.45829, 0.5558078, 0.5031646, 0.7383367
16.46935, 0.5618067, 0.5074897, 0.7444115
16.48048, 0.5770832, 0.5117485, 0.7504994
16.49166, 0.5794995, 0.5166092, 0.7566881
16.50276, 0.5801178, 0.5211765, 0.7628648
16.51387, 0.5897781, 0.5265708, 0.7691551
16.52498, 0.5757564, 0.5311429, 0.7754002
16.53617, 0.5834318, 0.5363391, 0.7817705
16.54723, 0.589485, 0.5417675, 0.788021
16.55833, 0.59088, 0.5471947, 0.7943591
16.56931, 0.5919991, 0.5525495, 0.8006974
16.58049, 0.6003125, 0.5579809, 0.8071787
16.59162, 0.6159705, 0.5638472, 0.8136633
16.6027, 0.6212253, 0.5691335, 0.8201008
16.61378, 0.6240279, 0.5745975, 0.8266627
16.62506, 0.6259765, 0.580122, 0.8333226
16.63605, 0.6286133, 0.5855008, 0.8397745
16.64719, 0.6301856, 0.5907577, 0.8463984
16.65846, 0.630978, 0.5952352, 0.8531038
16.66949, 0.6341749, 0.5993554, 0.8596964
16.68044, 0.6404657, 0.6035883, 0.8662906
16.69165, 0.6422645, 0.6076112, 0.8730859
16.70263, 0.6438302, 0.6109485, 0.8797721
16.71385, 0.6826933, 0.6161082, 0.8865186
16.72497, 0.6981328, 0.6220089, 0.893305
16.73597, 0.6993689, 0.6274885, 0.9000219
16.74697, 0.7048799, 0.6339446, 0.9067575
16.7582, 0.7138372, 0.6404649, 0.9136345
16.76926, 0.7058285, 0.6462821, 0.9204851
16.78038, 0.7057238, 0.6520243, 0.9274082
16.79172, 0.7406804, 0.6594583, 0.9344303
16.8026, 0.7412647, 0.6665059, 0.9412183
16.81375, 0.7330385, 0.6723593, 0.9482062
16.82484, 0.7353554, 0.6780659, 0.9551979
16.83599, 0.7221082, 0.6829699, 0.9622242
16.84714, 0.7238783, 0.6878649, 0.9692684
16.85808, 0.7147161, 0.69217, 0.9762063
16.86929, 0.7114295, 0.6962322, 0.9833451
16.88029, 0.7227342, 0.7008201, 0.9903099
16.89143, 0.7097276, 0.7045977, 0.9974883
16.90255, 0.7114306, 0.7081459, 1.004585
16.91362, 0.7004625, 0.7110558, 1.011729
16.92484, 0.6945863, 0.7135936, 1.01886
16.93581, 0.6888093, 0.7138994, 1.025985
16.94702, 0.690782, 0.7135319, 1.033326
16.95816, 0.6881749, 0.7129722, 1.040581
16.96932, 0.6873692, 0.7120967, 1.047859
16.98031, 0.6789658, 0.7103531, 1.055047
16.99146, 0.6819102, 0.7091572, 1.062352
17.00264, 0.6774446, 0.7077432, 1.069709
17.01361, 0.7108097, 0.7062497, 1.076932
17.02486, 0.6990984, 0.7041414, 1.084302
17.03586, 0.7032276, 0.7026508, 1.091612
17.047, 0.7228763, 0.7020269, 1.099084
17.05806, 0.7528014, 0.7035615, 1.106455
17.06919, 0.7964098, 0.7071881, 1.113882
17.08029, 0.8341534, 0.71316, 1.1213
17.09139, 0.8369431, 0.7194356, 1.128674
17.10252, 0.8208358, 0.7243407, 1.13613
17.11357, 0.8547892, 0.7315938, 1.143549
17.12471, 0.864324, 0.7392384, 1.151012
17.1358, 0.8708763, 0.7477592, 1.158465
17.14696, 0.8954024, 0.7578, 1.166023
17.15824, 0.8977587, 0.7682475, 1.173626
17.16909, 0.8924084, 0.7783288, 1.180981
17.18026, 0.9194117, 0.7898906, 1.188586
17.19137, 0.911831, 0.8011138, 1.19618
17.20245, 0.9317575, 0.8137533, 1.203716
17.21357, 0.9661757, 0.8279666, 1.211191
17.22462, 1.004678, 0.8443282, 1.218707
17.23586, 0.9334317, 0.8554593, 1.226359
17.2468, 0.9696613, 0.8689874, 1.23381
17.25803, 1.152394, 0.8914458, 1.2415
17.26917, 1.28296, 0.9194499, 1.249143
17.28024, 1.712474, 0.9674335, 1.256697
17.29122, 1.372729, 0.9962494, 1.26417
17.30234, 1.281528, 1.018618, 1.271797
17.31354, 1.265582, 1.04005, 1.279475
17.32465, 1.294267, 1.063722, 1.287097
17.3357, 1.209431, 1.081454, 1.294681
17.3469, 1.227256, 1.0996, 1.302372
17.35796, 1.192675, 1.11569, 1.309962
17.36889, 1.226303, 1.132235, 1.317423
17.38039, 1.263836, 1.150539, 1.325354
17.39128, 1.25189, 1.168513, 1.332872
17.40248, 1.257705, 1.185428, 1.340603
17.41334, 1.253884, 1.202531, 1.348077
17.42452, 1.245273, 1.218206, 1.355735
17.4357, 1.268459, 1.23332, 1.363449
17.4467, 1.323393, 1.249256, 1.370977
17.45793, 1.317948, 1.268482, 1.378711
17.469, 1.33986, 1.286992, 1.38628
17.48001, 1.3593, 1.297337, 1.393922
17.49128, 1.363662, 1.301372, 1.401656
17.50229, 1.363672, 1.283932, 1.409263
17.51339, 1.385469, 1.28457, 1.416927
17.52454, 1.386355, 1.289811, 1.424652
17.5356, 1.458876, 1.299475, 1.432298
17.54674, 1.469191, 1.308222, 1.440044
17.55782, 1.524924, 1.323996, 1.447727
17.56903, 1.521515, 1.338709, 1.455404
17.58005, 1.612243, 1.359688, 1.463011
17.59113, 1.564113, 1.376578, 1.470639
17.60225, 1.540264, 1.3904, 1.47829
17.61326, 1.642303, 1.40992, 1.485887
17.6245, 1.662657, 1.430168, 1.493661
17.63552, 1.658709, 1.450409, 1.50122
17.64669, 1.822083, 1.479249, 1.509004
17.65789, 1.347292, 1.483191, 1.516728
17.6689, 1.702811, 1.502162, 1.524318
17.67995, 2.035437, 1.538037, 1.531908
17.69114, 1.994646, 1.570776, 1.539567
17.70227, 1.970821, 1.601352, 1.547243
17.71333, 2.10589, 1.638463, 1.554829
17.72442, 2.166967, 1.678628, 1.562354
17.73564, 2.116545, 1.715182, 1.570029
17.74655, 2.167257, 1.754227, 1.577377
17.75774, 2.251352, 1.79385, 1.58505
17.76893, 2.221521, 1.831467, 1.592709
17.78007, 2.101186, 1.86028, 1.600293
17.79109, 2.036669, 1.886037, 1.607744
17.80219, 1.979818, 1.904416, 1.61529
17.81324, 1.88694, 1.920557, 1.622745
17.82431, 1.86675, 1.936882, 1.630259
17.8355, 1.845397, 1.947036, 1.637808
17.84653, 1.74048, 1.950927, 1.645292
17.85778, 1.734096, 1.954697, 1.652944
17.8689, 1.689147, 1.94805, 1.660365
17.87985, 1.733709, 1.967371, 1.66769
17.89113, 1.734686, 1.968964, 1.675237
17.90226, 1.758979, 1.955141, 1.682718
17.91338, 1.758447, 1.943331, 1.690184
17.92424, 1.651318, 1.927356, 1.697441
17.93555, 1.641506, 1.904137, 1.705013
17.94647, 1.46655, 1.869116, 1.712297
17.95771, 1.614842, 1.844031, 1.719826
17.96882, 1.696971, 1.820517, 1.72724
17.97983, 1.603383, 1.788118, 1.734541
17.9909, 1.576659, 1.755875, 1.741809
18.00214, 1.537504, 1.727691, 1.749226
18.01312, 1.562483, 1.703982, 1.756439
18.02421, 1.561866, 1.683085, 1.763725
18.03535, 1.571339, 1.667305, 1.771002
18.04653, 1.526788, 1.650306, 1.778299
18.05759, 1.53866, 1.634969, 1.785529
18.06885, 1.551277, 1.62551, 1.792791
18.07979, 1.554198, 1.616515, 1.799881
18.09099, 1.520502, 1.608082, 1.807129
18.10201, 1.498482, 1.596321, 1.814184
18.11307, 1.500698, 1.584621, 1.821254
18.12443, 1.582165, 1.575781, 1.828515
18.1353, 1.53408, 1.564562, 1.835467
18.14639, 1.640515, 1.564022, 1.842617
18.15753, 1.636603, 1.563777, 1.849638
18.1688, 1.667491, 1.573824, 1.856705
18.17984, 1.598223, 1.572993, 1.863642
18.1909, 1.694776, 1.572883, 1.870514
18.20211, 1.684034, 1.576916, 1.877523
18.21306, 1.670465, 1.581606, 1.884295
18.22413, 1.667132, 1.588088, 1.89109
18.23534, 1.733999, 1.596664, 1.898009
18.24637, 1.594227, 1.598282, 1.904837
18.25751, 1.583959, 1.598912, 1.911703
18.26877, 1.569562, 1.601051, 1.918652
18.27968, 1.501801, 1.599208, 1.925331
18.29078, 1.54213, 1.598751, 1.932063
18.30197, 1.588189, 1.60045, 1.938843
18.31297, 1.587622, 1.603806, 1.94549
18.32406, 1.63715, 1.61074, 1.952218
18.33536, 1.627532, 1.617081, 1.958934
18.34636, 1.63725, 1.619836, 1.965524
18.35744, 1.634694, 1.624866, 1.972054
18.36864, 1.722884, 1.628985, 1.978653
18.37977, 1.760115, 1.63516, 1.98523
18.39099, 1.796503, 1.641611, 1.991793
18.40208, 1.803618, 1.651881, 1.998247
18.4129, 1.839501, 1.659117, 2.004523
18.42429, 1.804539, 1.665143, 2.011033
18.43534, 1.922405, 1.67774, 2.017452
18.44638, 1.965698, 1.692668, 2.023751
18.45736, 1.941158, 1.703026, 2.030044
18.46857, 1.997031, 1.723166, 2.036485
18.47954, 2.124038, 1.75017, 2.042753
18.49075, 2.138283, 1.778606, 2.049054
18.50188, 2.152711, 1.811152, 2.055243
18.51288, 2.294498, 1.84877, 2.06141
18.52402, 2.268457, 1.882784, 2.06757
18.53525, 2.2709, 1.916948, 2.073803
18.54624, 2.239202, 1.94705, 2.079841
18.5575, 2.344501, 1.982899, 2.086021
18.56861, 2.334244, 2.017749, 2.09203
18.57945, 2.427215, 2.057375, 2.097883
18.59065, 2.424407, 2.092451, 2.103907
18.60178, 2.418822, 2.125386, 2.109893
18.61289, 2.340517, 2.152587, 2.115785
18.62405, 2.285697, 2.176691, 2.121662
18.63524, 2.291943, 2.199313, 2.127532
18.64613, 2.264617, 2.222317, 2.133149
18.65744, 2.234462, 2.23792, 2.139009
18.66897, 2.187751, 2.249022, 2.144903
18.67957, 2.150774, 2.259503, 2.150315
18.6909, 2.111605, 2.265232, 2.156067
18.70167, 2.170765, 2.267568, 2.161494
18.71303, 2.175268, 2.269418, 2.1672
18.72408, 2.062788, 2.264922, 2.172717
18.73785, 2.065982, 2.253496, 2.179609
18.74618, 2.142271, 2.247186, 2.183731
18.7573, 2.140281, 2.240655, 2.189179
18.76838, 2.139162, 2.235653, 2.19452
18.77938, 2.298048, 2.233331, 2.199868
18.79063, 2.268441, 2.230041, 2.205295
18.80174, 2.304536, 2.223907, 2.210592
18.81278, 2.297108, 2.217541, 2.215818
18.82404, 2.199508, 2.206576, 2.221036
18.83494, 2.150936, 2.197097, 2.226111
18.84604, 2.172305, 2.191427, 2.231293
18.85725, 2.131404, 2.1834, 2.236421
18.86836, 2.250338, 2.182686, 2.241477
18.87944, 2.290992, 2.185513, 2.246411
18.89055, 2.25417, 2.188834, 2.251359
18.90178, 2.284866, 2.195538, 2.25631
18.9127, 2.31876, 2.205896, 2.261076
18.92393, 2.304751, 2.212595, 2.26595
18.93506, 2.348528, 2.221258, 2.270713
18.946, 2.344741, 2.235356, 2.275356
18.95736, 2.486505, 2.256382, 2.280138
18.9683, 2.480999, 2.273318, 2.284727
18.97932, 2.09629, 2.271119, 2.289249
18.99049, 2.203139, 2.274318, 2.293828
19.00162, 2.170094, 2.26792, 2.298402
19.01275, 2.106677, 2.259832, 2.302858
19.0239, 2.239829, 2.256597, 2.307239
19.03494, 2.19742, 2.251612, 2.311593
19.04623, 2.146666, 2.24897, 2.31596
19.05727, 2.159956, 2.249421, 2.320176
19.06827, 2.162204, 2.248916, 2.324468
19.07935, 2.183445, 2.251518, 2.328674
19.09041, 2.230049, 2.250503, 2.332829
19.10154, 2.279741, 2.249941, 2.337009
19.11271, 2.290916, 2.251778, 2.341089
19.12384, 2.258892, 2.250479, 2.345128
19.13495, 2.304853, 2.249784, 2.349142
19.14604, 2.334274, 2.25126, 2.352952
19.15715, 2.399694, 2.253819, 2.356857
19.16813, 2.410687, 2.257116, 2.360597
19.17938, 2.394208, 2.252501, 2.364449
19.19066, 2.389915, 2.247947, 2.368278
19.20162, 2.38593, 2.262429, 2.371963
19.21253, 2.421692, 2.273356, 2.375568
19.22378, 2.523516, 2.291028, 2.379306
19.23506, 2.376299, 2.304509, 2.382931
19.24592, 2.587064, 2.32187, 2.386379
19.2571, 2.572857, 2.340642, 2.389925
19.26818, 2.668845, 2.366751, 2.393336
19.27923, 3.143107, 2.415909, 2.396667
19.29044, 2.429608, 2.429279, 2.400054
19.30145, 2.377203, 2.438967, 2.40331
19.31258, 2.701465, 2.462538, 2.406585
19.32369, 2.403215, 2.468711, 2.40975
19.3349, 2.638562, 2.486094, 2.412962
19.34593, 2.589886, 2.502643, 2.416086
19.35707, 2.775866, 2.526194, 2.41913
19.36815, 2.801653, 2.549563, 2.422141
19.37934, 2.872331, 2.573195, 2.425145
19.39041, 2.866423, 2.595981, 2.428021
19.40137, 2.948619, 2.623702, 2.430783
19.41248, 2.83747, 2.64608, 2.433568
19.4236, 2.835576, 2.668562, 2.436315
19.43486, 2.794144, 2.687185, 2.439064
19.44581, 2.666471, 2.694332, 2.441682
19.45696, 2.657988, 2.708417, 2.444225
19.46809, 2.695467, 2.713837, 2.446747
19.47929, 2.683576, 2.719373, 2.449259
19.49036, 2.712897, 2.721575, 2.451701
19.50131, 2.697116, 2.699276, 2.454088
19.51254, 2.603755, 2.707983, 2.45644
19.52357, 2.570354, 2.717641, 2.458701
19.53473, 2.598991, 2.712517, 2.460951
19.54576, 2.654833, 2.725098, 2.463097
19.55721, 2.702555, 2.728298, 2.465331
19.56804, 2.704296, 2.734019, 2.467367
19.57897, 2.661597, 2.728305, 2.469424
19.59021, 2.489587, 2.712702, 2.471423
19.60134, 2.447499, 2.69146, 2.473364
19.61245, 2.422211, 2.66925, 2.475261
19.62362, 2.306839, 2.637161, 2.476991
19.63463, 2.232104, 2.606892, 2.478744
19.64584, 2.228569, 2.576542, 2.480464
19.65717, 2.162124, 2.544941, 2.482258
19.66797, 2.120579, 2.517647, 2.483868
19.67906, 2.113954, 2.490445, 2.485407
19.69013, 2.053519, 2.458347, 2.486936
19.70118, 2.03452, 2.425894, 2.488371
19.713, 2.003363, 2.390418, 2.489857
19.72447, 1.923105, 2.351717, 2.491338
19.73457, 1.903016, 2.31668, 2.492528
19.74569, 1.921543, 2.28424, 2.493765
19.75683, 1.880854, 2.248333, 2.495059
19.76785, 1.868149, 2.208999, 2.496217
19.779, 1.884179, 2.16808, 2.497299
19.79021, 1.87563, 2.126647, 2.498371
19.80136, 1.888347, 2.087984, 2.49932
19.81255, 1.884116, 2.05771, 2.500281
19.82359, 1.839248, 2.027298, 2.501101
19.83453, 1.847434, 1.998559, 2.501912
19.84567, 2.028849, 1.98466, 2.502696
19.85676, 2.068973, 1.976503, 2.503385
19.86783, 2.099063, 1.970028, 2.504029
19.87901, 2.082146, 1.966029, 2.504599
19.89007, 2.188866, 1.969443, 2.50515
19.90121, 2.169674, 1.972229, 2.505654
19.91226, 2.193368, 1.979222, 2.506089
19.92349, 2.187723, 1.986882, 2.506425
19.93443, 2.213303, 1.997379, 2.506724
19.94563, 2.177497, 2.010099, 2.507123
19.95682, 2.243987, 2.027147, 2.507345
19.96784, 2.251198, 2.04363, 2.507513
19.97889, 2.239361, 2.061555, 2.507485
19.99007, 2.131229, 2.074709, 2.507536
20.00115, 2.153143, 2.088157, 2.507516
