0.0116463, 1.383415, 1.383415, 2.019472
0.0219137, 1.452758, 1.418087, 2.019468
0.032815, 1.464148, 1.433441, 2.019487
0.0442931, 1.436846, 1.434292, 2.019333
0.0551143, 1.380847, 1.423603, 2.019346
0.0662632, 1.350914, 1.411488, 2.019257
0.0774047, 1.379266, 1.406885, 2.019205
0.0883884, 1.318602, 1.395849, 2.019199
0.0995191, 1.34418, 1.390108, 2.018965
0.1107346, 1.263906, 1.377488, 2.018908
0.1221489, 1.285915, 1.369163, 2.018904
0.1337173, 1.273748, 1.361212, 2.018849
0.1440322, 1.278593, 1.354857, 2.018777
0.1551347, 1.285136, 1.349877, 2.018731
0.1662058, 1.302318, 1.346706, 2.018547
0.1773199, 1.281681, 1.342642, 2.018467
0.1883874, 1.199603, 1.334228, 2.018519
0.1994979, 1.207822, 1.327206, 2.018392
0.2107674, 1.20905, 1.320987, 2.018294
0.221714, 1.352554, 1.322565, 2.018043
0.2328099, 1.338995, 1.320344, 2.017904
0.2439911, 1.353215, 1.315367, 2.017796
0.2550593, 1.422105, 1.313265, 2.017679
0.2660644, 1.423348, 1.31259, 2.017564
0.277245, 1.44061, 1.315578, 2.017435
0.2882545, 1.414236, 1.318744, 2.017334
0.2994559, 1.446694, 1.322116, 2.017234
0.3107077, 1.461916, 1.329281, 2.017122
0.3216926, 1.430646, 1.333605, 2.017087
0.3328304, 1.468457, 1.343832, 2.016975
0.3439097, 1.472587, 1.353166, 2.016874
0.3549541, 1.533612, 1.366159, 2.016802
0.366109, 1.551054, 1.379782, 2.016677
0.37718, 1.60354, 1.395702, 2.016664
0.3882665, 1.612286, 1.411201, 2.0166
0.3994227, 1.619203, 1.428077, 2.016538
0.4105234, 1.620491, 1.449121, 2.016453
0.4214756, 1.628167, 1.470138, 2.016275
0.4326495, 1.61747, 1.490559, 2.016167
0.4438413, 1.621255, 1.503994, 2.016187
0.4549668, 1.595438, 1.516816, 2.016089
0.4659943, 1.633302, 1.530821, 2.015996
0.4771677, 1.58384, 1.538907, 2.015994
0.4881657, 1.583211, 1.546901, 2.015877
0.4993414, 1.605008, 1.55512, 2.0157
0.5104852, 1.601869, 1.564502, 2.015566
0.5216867, 1.615661, 1.57295, 2.015385
0.5327749, 1.623148, 1.581012, 2.015238
0.5438889, 1.685239, 1.593742, 2.01507
0.5548686, 1.577387, 1.599188, 2.014857
0.565942, 1.631066, 1.607112, 2.014525
0.577345, 1.68027, 1.614445, 2.014489
0.588194, 1.645349, 1.61916, 2.014319
0.5992776, 1.68996, 1.623481, 2.014293
0.6105177, 1.780795, 1.631907, 2.014155
0.621488, 1.551498, 1.628522, 2.013846
0.6327115, 1.58989, 1.626992, 2.013695
0.6437548, 1.625198, 1.626843, 2.013495
0.6547701, 1.775755, 1.634757, 2.013407
0.6661602, 1.703722, 1.638881, 2.013168
0.6770825, 1.699565, 1.644087, 2.013022
0.6881042, 1.675413, 1.646193, 2.012912
0.6994076, 1.650631, 1.649532, 2.012821
0.7105054, 1.642883, 1.652516, 2.012746
0.7214095, 1.632244, 1.653878, 2.012678
0.7325296, 1.594546, 1.653512, 2.012617
0.7437009, 1.576579, 1.651558, 2.012575
0.7547688, 1.488369, 1.644819, 2.012604
0.765914, 1.481547, 1.634634, 2.0125
0.7770636, 1.439765, 1.627753, 2.012479
0.7882684, 1.494789, 1.620939, 2.01242
0.7994201, 1.500793, 1.611965, 2.012462
0.8104382, 1.512167, 1.605306, 2.012433
0.8213577, 1.517657, 1.596691, 2.012142
0.8324592, 1.494856, 1.582394, 2.012099
0.8436128, 1.497018, 1.57967, 2.0124
0.8548325, 1.475888, 1.57397, 2.01235
0.8658181, 1.496892, 1.567555, 2.012437
0.8769764, 1.544575, 1.555996, 2.012215
0.8879728, 1.16163, 1.528891, 2.012212
0.899212, 1.190803, 1.503453, 2.012124
0.9102166, 1.307473, 1.485056, 2.01212
0.9214557, 1.422066, 1.473628, 2.012231
0.9327303, 1.4197, 1.462469, 2.012267
0.9436482, 1.255231, 1.443618, 2.012698
0.9547809, 1.304367, 1.429109, 2.01247
0.9657713, 1.308914, 1.415726, 2.012543
0.9769742, 1.269843, 1.404799, 2.012794
0.9880569, 1.269515, 1.394198, 2.012875
0.9990588, 1.189994, 1.381709, 2.012969
1.010416, 1.193093, 1.366624, 2.01306
1.021448, 1.186345, 1.350902, 2.013239
1.032522, 1.176631, 1.334125, 2.013286
1.043759, 1.173311, 1.316908, 2.013334
1.054655, 1.159233, 1.300127, 2.013412
1.065642, 1.1509, 1.282821, 2.013482
1.076885, 1.150246, 1.266539, 2.013397
1.087956, 1.161864, 1.249787, 2.013455
1.099131, 1.171032, 1.23111, 2.013408
1.110244, 1.157973, 1.230927, 2.013453
1.121321, 1.198412, 1.231308, 2.013368
1.132321, 1.198672, 1.225868, 2.013414
1.143529, 1.20277, 1.214903, 2.013419
1.15459, 1.200136, 1.203925, 2.013546
1.165871, 1.229529, 1.20264, 2.013571
1.176927, 1.260257, 1.200434, 2.013633
1.187874, 1.439892, 1.206983, 2.013701
1.199069, 1.465192, 1.21675, 2.013696
1.210191, 1.371422, 1.221846, 2.013757
1.221323, 1.345348, 1.229614, 2.013891
1.232455, 1.343525, 1.237135, 2.013978
1.24347, 1.341771, 1.244907, 2.014152
1.254518, 1.360923, 1.254121, 2.01429
1.265748, 1.405777, 1.265744, 2.014327
1.27694, 1.40625, 1.278095, 2.014228
1.287816, 1.431618, 1.292131, 2.014283
1.299006, 1.41318, 1.305278, 2.014281
1.310146, 1.396616, 1.317015, 2.014325
1.321234, 1.420607, 1.329494, 2.014165
1.332237, 1.401166, 1.341654, 2.014081
1.343361, 1.389567, 1.351212, 2.014112
1.354472, 1.37307, 1.359931, 2.014254
1.365684, 1.383002, 1.368943, 2.014293
1.376751, 1.524081, 1.38514, 2.014243
1.387785, 1.510321, 1.39918, 2.014252
1.398902, 1.488208, 1.410578, 2.014463
1.410129, 1.504212, 1.413794, 2.014435
1.421288, 1.488674, 1.414968, 2.014487
1.432333, 1.642287, 1.428511, 2.014491
1.443464, 1.731649, 1.447826, 2.014485
1.45446, 1.682304, 1.464765, 2.014407
1.465526, 1.676188, 1.481486, 2.014371
1.476935, 1.796046, 1.503242, 2.014455
1.487635, 1.806858, 1.523296, 2.014431
1.498746, 1.824958, 1.544231, 2.014338
1.509908, 1.799077, 1.562604, 2.014306
1.521118, 1.988749, 1.591383, 2.014282
1.532299, 1.982152, 1.62066, 2.014254
1.543376, 1.949983, 1.647128, 2.014243
1.55445, 2.015384, 1.67784, 2.014151
1.565534, 1.963531, 1.706538, 2.01411
1.57673, 2.024952, 1.739132, 2.013977
1.587727, 1.98182, 1.769073, 2.013943
1.598844, 1.999832, 1.79286, 2.013909
1.609971, 1.98937, 1.816813, 2.013901
1.62105, 1.857599, 1.835282, 2.014035
1.632276, 1.83836, 1.851989, 2.014047
1.643334, 1.816249, 1.868368, 2.01405
1.654389, 1.859848, 1.879246, 2.014003
1.665512, 1.847633, 1.885045, 2.013999
1.676659, 1.849249, 1.893393, 2.013764
1.687569, 1.865908, 1.902879, 2.013744
1.698847, 1.856868, 1.90592, 2.013788
1.70992, 1.842229, 1.907688, 2.013783
1.720974, 1.586741, 1.895777, 2.013789
1.732272, 1.550344, 1.883341, 2.01401
1.743201, 1.548638, 1.861335, 2.013941
1.75434, 1.493804, 1.836918, 2.014011
1.765254, 1.451957, 1.812017, 2.014013
1.77651, 1.443468, 1.783421, 2.014032
1.787724, 1.575999, 1.764044, 2.014053
1.79868, 1.549081, 1.740251, 2.014023
1.809942, 1.555406, 1.71893, 2.014036
1.820996, 1.79959, 1.708918, 2.014067
1.83204, 1.682039, 1.693551, 2.01405
1.843161, 1.602861, 1.680814, 2.013999
1.854272, 1.6731, 1.672551, 2.013817
1.865411, 1.684501, 1.665964, 2.013797
1.876553, 1.760158, 1.66098, 2.013775
1.887541, 1.777186, 1.657457, 2.013771
1.898634, 1.800722, 1.655031, 2.013745
1.909828, 1.799946, 1.651733, 2.013739
1.920963, 1.873738, 1.652576, 2.013803
1.932117, 1.863768, 1.653653, 2.014229
1.943339, 1.855681, 1.6671, 2.014269
1.95435, 1.857286, 1.682447, 2.01433
1.965314, 1.919196, 1.700975, 2.014387
1.976499, 1.860551, 1.719312, 2.014665
1.987646, 1.837698, 1.7386, 2.01472
1.998662, 1.826504, 1.757751, 2.014692
2.009873, 1.819315, 1.769917, 2.014786
2.0209, 1.805206, 1.782723, 2.014679
2.032024, 1.786842, 1.794295, 2.014665
2.043148, 1.785299, 1.793581, 2.014684
2.054229, 1.783801, 1.798669, 2.014618
2.065346, 1.800574, 1.808555, 2.014639
2.076473, 1.871197, 1.81846, 2.014681
2.087599, 1.753965, 1.821933, 2.014699
2.098666, 1.945764, 1.831213, 2.014747
2.10984, 1.858675, 1.835287, 2.014776
2.120778, 1.83506, 1.837004, 2.01471
2.132012, 1.81665, 1.837839, 2.01467
2.143141, 2.023377, 1.845321, 2.014698
2.154167, 1.667135, 1.83549, 2.014551
2.165218, 1.671665, 1.826289, 2.014541
2.176358, 1.669569, 1.816903, 2.014606
2.187512, 1.645331, 1.80321, 2.01461
2.198634, 1.705025, 1.795433, 2.014688
2.209635, 1.700156, 1.788556, 2.014713
2.220747, 1.853688, 1.789915, 2.014705
2.231915, 1.87354, 1.792627, 2.014484
2.242959, 1.793364, 1.792035, 2.014458
2.254193, 1.874973, 1.796441, 2.01441
2.265213, 1.823743, 1.798363, 2.014383
2.276383, 1.648596, 1.791603, 2.014386
2.287341, 1.671744, 1.785162, 2.014375
2.298515, 1.713591, 1.777282, 2.014433
2.309721, 1.714364, 1.775302, 2.014429
2.320683, 1.768079, 1.766417, 2.014636
2.331922, 2.00188, 1.773577, 2.014624
2.343028, 1.998452, 1.781747, 2.014635
2.354039, 1.961454, 1.788987, 2.014493
2.365204, 1.770182, 1.776327, 2.014506
2.376409, 1.809965, 1.783469, 2.014416
2.387266, 1.839294, 1.79185, 2.014417
2.398455, 1.859653, 1.801355, 2.01463
2.409682, 1.842564, 1.811216, 2.014688
2.420717, 1.75478, 1.813704, 2.014755
2.431805, 1.746007, 1.815996, 2.01481
2.443018, 1.754581, 1.811041, 2.014878
2.454007, 1.794182, 1.807073, 2.014946
2.465021, 1.804935, 1.807652, 2.015015
2.476382, 1.783537, 1.80308, 2.015099
2.487281, 1.664515, 1.795119, 2.015165
2.49852, 1.678557, 1.796617, 2.015018
2.509572, 1.707926, 1.798426, 2.015085
2.520553, 1.69558, 1.797525, 2.015293
2.531635, 1.648091, 1.794211, 2.015353
2.542813, 1.690729, 1.790344, 2.015461
2.553977, 2.193741, 1.799937, 2.015624
2.565021, 2.2977, 1.814899, 2.015713
2.576272, 1.64295, 1.798974, 2.015888
2.587308, 1.46745, 1.783838, 2.01599
2.598475, 0.7862626, 1.732652, 2.016053
2.609631, 1.256008, 1.703488, 2.016165
2.809386, 1.196112, 1.670311, 2.018451
2.820724, 1.571708, 1.656768, 2.018539
2.831624, 1.266807, 1.63237, 2.018711
2.842682, 1.256898, 1.607914, 2.018795
2.853788, 1.278424, 1.584106, 2.018971
2.864892, 1.312038, 1.559999, 2.019041
2.876262, 1.346974, 1.537101, 2.019099
2.887048, 1.309277, 1.513388, 2.019153
2.898181, 1.293681, 1.494846, 2.019295
2.909597, 1.275503, 1.474694, 2.019336
2.920532, 1.31043, 1.454819, 2.019306
2.931739, 1.342659, 1.437173, 2.01943
2.942713, 1.694347, 1.439486, 2.019511
2.953703, 1.463255, 1.428112, 2.019593
2.964871, 1.524955, 1.394673, 2.019677
2.97611, 1.467742, 1.353175, 2.019727
2.987041, 1.594891, 1.350772, 2.019829
2.998243, 1.60942, 1.35787, 2.019725
3.009341, 1.608926, 1.399004, 2.019932
3.020654, 1.606619, 1.416534, 2.020003
3.031706, 1.617875, 1.437622, 2.019861
3.042811, 1.581041, 1.438089, 2.019897
3.05376, 1.498471, 1.449672, 2.01985
3.06485, 1.425903, 1.458122, 2.019856
3.07595, 1.474554, 1.467929, 2.019792
3.087019, 1.559191, 1.480287, 2.019803
3.098059, 1.571484, 1.491512, 2.019795
3.109335, 1.556209, 1.503859, 2.019871
3.120284, 1.402027, 1.509276, 2.019873
3.131482, 1.319378, 1.51147, 2.019729
3.142651, 1.267395, 1.509318, 2.019696
3.153694, 1.33419, 1.508895, 2.019644
3.164795, 1.324948, 1.490425, 2.01961
3.17594, 1.315188, 1.483021, 2.019569
3.186983, 1.466391, 1.480093, 2.019537
3.198186, 1.458752, 1.479644, 2.019524
3.209275, 1.51892, 1.475845, 2.019479
3.220242, 1.639446, 1.477346, 2.019476
3.2315, 1.417189, 1.467759, 2.019346
3.242636, 1.347232, 1.45479, 2.019292
3.253743, 1.293923, 1.438593, 2.019173
3.264715, 1.328734, 1.425977, 2.019113
3.275865, 1.336187, 1.417863, 2.019016
3.286974, 1.441219, 1.418629, 2.018898
3.298031, 1.349408, 1.412372, 2.018845
3.309232, 1.349725, 1.401898, 2.0186
3.32022, 1.301994, 1.388424, 2.018685
3.331359, 1.303207, 1.375774, 2.018751
3.342665, 1.304821, 1.370913, 2.018736
3.353539, 1.304875, 1.370188, 2.018842
3.364626, 1.338172, 1.373727, 2.01885
3.375958, 1.346328, 1.374334, 2.018922
3.386951, 1.368469, 1.37651, 2.01895
3.398025, 1.40451, 1.380976, 2.018913
3.409248, 1.403834, 1.377848, 2.018965
3.420216, 1.608356, 1.385329, 2.018984
3.43137, 1.550218, 1.386894, 2.018935
3.44257, 1.353802, 1.372611, 2.018945
3.453474, 1.340235, 1.368764, 2.01895
3.464689, 1.357682, 1.369286, 2.018973
3.475937, 1.32013, 1.370596, 2.018803
3.486869, 1.368496, 1.372584, 2.018762
3.498115, 1.389473, 1.375249, 2.018759
3.509425, 1.378421, 1.372109, 2.01884
3.520118, 1.365715, 1.372924, 2.018848
3.531296, 1.373059, 1.374091, 2.019127
3.542435, 1.37801, 1.377892, 2.01917
3.55346, 1.428735, 1.384168, 2.019195
3.564632, 1.413206, 1.389587, 2.019219
3.575783, 1.380843, 1.393386, 2.019092
3.586864, 1.369406, 1.394947, 2.019084
3.597928, 1.361411, 1.395702, 2.019089
3.609093, 1.371693, 1.395863, 2.019087
3.62008, 1.403186, 1.395797, 2.019097
3.631264, 1.411454, 1.396178, 2.019087
3.642534, 1.427937, 1.387156, 2.019086
3.653557, 1.472432, 1.383267, 2.019066
3.664641, 1.488178, 1.389986, 2.019037
3.675786, 1.478612, 1.396905, 2.019014
3.689351, 1.491467, 1.403594, 2.018925
3.697994, 1.562623, 1.415719, 2.018869
3.709005, 1.527151, 1.423652, 2.018756
3.720148, 1.549404, 1.431648, 2.018664
3.731277, 1.557446, 1.440599, 2.018576
3.742383, 1.571585, 1.450893, 2.018493
3.753438, 1.6138, 1.46293, 2.018426
3.764468, 1.624315, 1.475245, 2.018349
3.775692, 1.625693, 1.485093, 2.018327
3.786794, 1.562531, 1.492559, 2.018235
3.797821, 1.539458, 1.50049, 2.018193
3.809166, 1.533342, 1.508687, 2.018099
3.81999, 1.515008, 1.516367, 2.018008
3.831159, 1.497083, 1.522636, 2.017846
3.842359, 1.455454, 1.52525, 2.01776
3.853257, 1.502015, 1.529778, 2.017762
3.864407, 1.307541, 1.523758, 2.017689
3.875607, 1.629589, 1.531616, 2.017693
3.886619, 1.701946, 1.542304, 2.017712
3.897699, 1.235483, 1.530148, 2.017765
3.908888, 0, 1.455575, 2.017758
4.086479, 1.255994, 1.440243, 2.017668
4.097607, 1.269855, 1.427379, 2.017692
4.108756, 1.712521, 1.435534, 2.017724
4.119944, 1.831403, 1.449232, 2.017762
4.131068, 1.793994, 1.460353, 2.017882
4.142273, 1.844208, 1.471873, 2.01793
4.153265, 1.736639, 1.477489, 2.017889
4.164222, 1.665098, 1.47946, 2.017928
4.175526, 1.627666, 1.482716, 2.018035
4.186538, 1.662785, 1.488883, 2.018097
4.197689, 1.663998, 1.495415, 2.018141
4.208766, 1.663239, 1.502827, 2.018029
4.219868, 1.769588, 1.516452, 2.018032
4.230987, 1.649706, 1.526165, 2.018116
4.242138, 1.652253, 1.533677, 2.018129
4.253293, 1.691597, 1.55288, 2.018215
4.264434, 1.676434, 1.555222, 2.018227
4.275547, 1.653603, 1.552805, 2.01829
4.286526, 1.692824, 1.575672, 2.018296
4.297444, 1.714224, 1.661383, 2.018353
4.308702, 1.766435, 1.686905, 2.018289
4.319764, 1.703732, 1.708599, 2.018284
4.331019, 1.672145, 1.70658, 2.018275
4.342036, 1.654396, 1.69773, 2.018237
4.353115, 1.62985, 1.689523, 2.018187
4.364199, 1.622776, 1.678451, 2.018162
4.375393, 1.603997, 1.671819, 2.01831
4.386441, 1.542941, 1.665711, 2.018333
4.397516, 1.612074, 1.664932, 2.018145
4.408618, 1.574888, 1.660537, 2.018101
4.419805, 1.596656, 1.65717, 2.018063
4.43091, 1.641223, 1.656069, 2.018041
4.442027, 1.672052, 1.651192, 2.018
4.453161, 1.647165, 1.651065, 2.01808
4.464056, 1.549738, 1.645939, 2.018069
4.475274, 1.55253, 1.638986, 2.017941
4.486428, 1.637756, 1.637052, 2.017943
4.49744, 1.61121, 1.634933, 2.017854
4.508504, 1.603256, 1.630454, 2.017824
4.519773, 1.594857, 1.624486, 2.017806
4.530854, 1.632942, 1.617811, 2.017859
4.541929, 1.692932, 1.617271, 2.017751
4.553092, 1.728643, 1.620096, 2.01804
4.563991, 1.764379, 1.625595, 2.018031
4.575266, 1.758537, 1.63203, 2.017862
4.586703, 1.192952, 1.610538, 2.017835
4.597402, 1.200952, 1.590386, 2.017903
4.60849, 1.205832, 1.57353, 2.017942
4.619592, 1.222454, 1.554049, 2.017944
4.630717, 1.224323, 1.536521, 2.017886
4.641913, 1.228986, 1.518138, 2.017941
4.65293, 1.24591, 1.498372, 2.017832
4.664249, 1.2474, 1.477139, 2.017742
4.675283, 1.275353, 1.458549, 2.017752
4.686444, 1.252324, 1.443678, 2.017834
4.697493, 1.242668, 1.428185, 2.017859
4.708593, 1.232088, 1.407902, 2.017859
4.719711, 1.248997, 1.389791, 2.01794
4.730827, 1.257263, 1.372491, 2.017922
4.741787, 1.254734, 1.355485, 2.017945
4.752943, 1.249871, 1.336332, 2.017961
4.764067, 1.248139, 1.314092, 2.017948
4.775165, 1.260575, 1.290688, 2.018044
4.78623, 1.279605, 1.26645, 2.018078
4.797351, 1.598047, 1.258425, 2.018098
4.808417, 1.620298, 1.279792, 2.018183
4.819534, 1.60841, 1.300165, 2.018216
4.830735, 1.597337, 1.319741, 2.018242
4.841802, 1.556949, 1.336465, 2.018262
4.853075, 1.583358, 1.354417, 2.018132
4.863964, 1.545841, 1.37026, 2.018117
4.875064, 1.537322, 1.38483, 2.018057
4.886328, 1.535579, 1.399239, 2.018001
4.897727, 1.540199, 1.412482, 2.017993
4.908319, 1.559213, 1.427826, 2.0179
4.9196, 1.583491, 1.444867, 2.017872
4.930625, 1.572155, 1.46187, 2.017817
4.94167, 1.569188, 1.47788, 2.017778
4.952908, 1.597418, 1.494888, 2.017757
4.963921, 1.592111, 1.511757, 2.017732
4.974964, 1.618635, 1.530195, 2.017661
4.986135, 1.703593, 1.552968, 2.017717
4.997206, 1.294775, 1.554678, 2.017705
5.008427, 1.280423, 1.554719, 2.017723
