0.0107802, 1.936669, 1.936669, 2.521985
0.021161, 1.865873, 1.901271, 2.521709
0.0318459, 1.855151, 1.885898, 2.521532
0.0428757, 1.888652, 1.886586, 2.521399
0.0543916, 1.895668, 1.888403, 2.521294
0.0653189, 1.882725, 1.887456, 2.521024
0.0765716, 1.904881, 1.889946, 2.520622
0.08697329, 1.762648, 1.874033, 2.520224
0.0986276, 1.818262, 1.867837, 2.519684
0.1095546, 1.870294, 1.868082, 2.519151
0.12053, 2.161486, 1.894755, 2.518659
0.1318579, 2.027343, 1.905805, 2.517996
0.142367, 2.063751, 1.917954, 2.517321
0.1541161, 2.010841, 1.924589, 2.516499
0.1642045, 2.088889, 1.935542, 2.515769
0.175236, 1.981746, 1.93843, 2.514874
0.1869493, 2.002067, 1.942173, 2.51386
0.1985059, 2.070372, 1.949296, 2.512961
0.2096555, 1.940964, 1.948857, 2.511942
0.2207758, 2.072669, 1.955048, 2.510848
0.2322936, 1.97504, 1.956966, 2.509932
0.2418859, 1.987688, 1.963057, 2.508948
0.2533454, 1.981159, 1.969357, 2.507668
0.2641172, 1.972802, 1.973565, 2.506475
0.2751226, 1.990564, 1.978309, 2.505057
0.2869646, 2.086739, 1.98851, 2.503541
0.2985048, 2.104741, 1.998503, 2.50195
0.3095262, 2.280011, 2.024371, 2.500487
0.3208124, 3.067155, 2.086816, 2.498975
0.3319031, 1.695672, 2.078085, 2.497192
0.3420174, 1.327951, 2.036408, 2.495665
0.3528645, 2.176601, 2.043871, 2.493986
0.509207, 1.474296, 2.014398, 2.465013
0.5206683, 1.533997, 1.990556, 2.462405
0.5323508, 2.119324, 1.992077, 2.459849
0.5431247, 1.763769, 1.981179, 2.457336
0.5539808, 1.895308, 1.975841, 2.454594
0.5654017, 2.399421, 1.992293, 2.451954
0.576178, 1.971112, 1.993801, 2.449336
0.5863621, 2.167002, 1.998517, 2.446689
0.597504, 2.923607, 2.045946, 2.44381
0.608389, 1.527542, 2.022938, 2.441097
0.6196831, 1.796349, 2.013698, 2.438139
0.6306032, 2.011069, 2.015611, 2.435164
0.6427329, 1.810746, 2.00662, 2.431869
0.6539268, 1.768923, 1.99073, 2.428696
0.6653438, 1.787386, 1.974862, 2.425442
0.6760978, 1.858697, 1.953796, 2.422368
0.6865454, 2.208895, 1.910884, 2.419435
0.6974877, 1.544351, 1.903317, 2.416241
0.7083929, 1.671466, 1.920493, 2.412937
0.7194741, 1.769511, 1.900139, 2.409603
0.7306046, 1.836174, 1.918233, 2.406392
0.7427962, 1.922193, 1.937642, 2.40264
0.7538828, 1.849123, 1.924132, 2.399318
0.7652647, 1.866444, 1.929266, 2.395773
0.7759853, 1.879954, 1.928498, 2.392315
0.7867501, 1.863879, 1.901721, 2.388839
0.7971601, 2.046473, 1.905489, 2.385575
0.8083744, 2.226839, 1.908481, 2.381853
0.8195277, 2.337674, 1.879184, 2.378105
0.830951, 2.121235, 1.908869, 2.374068
0.8424747, 2.094631, 1.923783, 2.370077
0.8537798, 2.033212, 1.92489, 2.366102
0.864776, 2.018538, 1.93528, 2.362237
0.8758815, 2.18321, 1.955994, 2.358107
0.8870818, 2.229027, 1.978076, 2.354147
0.8983624, 2.16283, 1.993283, 2.349918
0.9095446, 2.122118, 1.988944, 2.34554
0.9206205, 2.144015, 2.018927, 2.341348
0.9316362, 2.203533, 2.045531, 2.337382
0.942851, 2.12686, 2.063398, 2.333092
0.9538753, 2.214175, 2.082298, 2.329005
0.9649711, 2.166039, 2.094491, 2.32444
0.9760298, 2.197316, 2.1119, 2.320353
0.9865156, 2.201889, 2.128673, 2.316195
0.9972506, 2.113619, 2.140356, 2.311844
1.012016, 2.056094, 2.149967, 2.305894
1.019415, 2.012232, 2.148255, 2.302872
1.030301, 2.02583, 2.138204, 2.298511
1.042633, 2.041582, 2.123399, 2.29335
1.053774, 2.055723, 2.120124, 2.288612
1.064864, 2.065956, 2.11869, 2.283933
1.07592, 1.831215, 2.10859, 2.279279
1.086431, 1.830427, 2.099185, 2.274843
1.097133, 1.803992, 2.080224, 2.270137
1.107998, 1.793849, 2.058465, 2.265344
1.119496, 1.797676, 2.040207, 2.260251
1.130613, 1.798455, 2.024024, 2.254863
1.14264, 1.843328, 2.00899, 2.249407
1.153747, 1.856533, 1.991639, 2.24436
1.165096, 1.947198, 1.982656, 2.239112
1.175925, 1.873219, 1.965608, 2.234024
1.186466, 1.882568, 1.951435, 2.229203
1.197156, 1.810132, 1.932076, 2.224129
1.208086, 1.837553, 1.913859, 2.218991
1.219586, 1.720271, 1.894192, 2.213462
1.230435, 1.753756, 1.879075, 2.2085
1.242322, 1.713579, 1.864142, 2.202775
1.253484, 1.732211, 1.849461, 2.197329
1.264534, 1.727754, 1.83377, 2.191785
1.275592, 1.788808, 1.820424, 2.186385
1.286804, 1.776457, 1.805949, 2.180743
1.297031, 1.84545, 1.806661, 2.175397
1.308032, 1.832104, 1.806745, 2.169949
1.319188, 1.827205, 1.807905, 2.164245
1.330489, 1.811888, 1.808807, 2.158265
1.342264, 1.910008, 1.814424, 2.152239
1.353264, 1.926274, 1.820815, 2.146578
1.365135, 1.937087, 1.825503, 2.140352
1.375697, 1.943274, 1.82984, 2.134613
1.386514, 1.838557, 1.824408, 2.128808
1.397006, 1.84594, 1.823044, 2.123178
1.407943, 1.754635, 1.816647, 2.117308
1.419146, 1.808484, 1.816565, 2.111254
1.430166, 1.843744, 1.816874, 2.105329
1.442098, 1.803421, 1.821032, 2.099082
1.453331, 1.820899, 1.824389, 2.092949
1.464423, 1.819327, 1.829676, 2.086844
1.475786, 1.926983, 1.839415, 2.080561
1.486691, 1.939601, 1.850007, 2.074486
1.497911, 1.940544, 1.857594, 2.068193
1.508723, 1.970019, 1.867272, 2.062126
1.520193, 1.947785, 1.872389, 2.055576
1.531877, 1.871719, 1.87437, 2.048954
1.541358, 1.889693, 1.877494, 2.043263
1.552629, 1.893402, 1.88157, 2.036869
1.563421, 2.007286, 1.886434, 2.030646
1.574816, 2.0152, 1.89088, 2.024051
1.586437, 1.977605, 1.892906, 2.017545
1.598066, 1.945062, 1.892995, 2.010796
1.609187, 2.072196, 1.904677, 2.004297
1.620155, 2.063997, 1.91558, 1.997874
1.631328, 2.134182, 1.934557, 1.991182
1.641294, 2.083502, 1.948308, 1.985505
1.652619, 2.015638, 1.956903, 1.97887
1.663665, 2.005924, 1.967028, 1.972407
1.674669, 1.754611, 1.963714, 1.965842
1.686239, 1.744237, 1.959959, 1.958847
1.6977, 1.741659, 1.950693, 1.951991
1.708786, 1.585196, 1.932973, 1.945416
1.720087, 1.587415, 1.915316, 1.938591
1.73095, 1.583145, 1.895972, 1.932021
1.741302, 1.60553, 1.87886, 1.925803
1.752442, 1.630128, 1.86678, 1.918993
1.763505, 1.697388, 1.857165, 1.912143
1.774715, 1.690011, 1.846995, 1.905234
1.785785, 1.68433, 1.830847, 1.898399
1.796874, 1.700279, 1.815101, 1.891488
1.807879, 1.714606, 1.801951, 1.884427
1.819094, 1.695585, 1.789478, 1.877384
1.830358, 1.692155, 1.770475, 1.870195
1.841226, 1.689262, 1.751739, 1.863285
1.852297, 1.691328, 1.729596, 1.856316
1.863574, 1.690557, 1.709949, 1.849129
1.874557, 1.632293, 1.690782, 1.84217
1.885793, 1.619509, 1.671461, 1.834961
1.897496, 1.615711, 1.664516, 1.827432
1.908543, 1.481679, 1.651388, 1.8203
1.919747, 1.748468, 1.651729, 1.813242
1.930776, 1.255573, 1.635247, 1.806005
1.942182, 1.346134, 1.623183, 1.79907
1.953096, 1.387014, 1.613377, 1.791976
1.964087, 1.41263, 1.603732, 1.784813
1.975568, 1.364242, 1.590438, 1.777316
1.986181, 1.372904, 1.574214, 1.770343
1.996722, 1.377036, 1.558565, 1.76336
2.007964, 1.377157, 1.543206, 1.755993
2.019066, 1.375728, 1.526979, 1.748665
2.030133, 1.374767, 1.509987, 1.74134
2.041085, 1.394337, 1.494924, 1.734075
2.052195, 1.470554, 1.483844, 1.726746
2.063309, 1.473122, 1.473037, 1.71932
2.074642, 1.432132, 1.460077, 1.711692
2.085931, 1.433161, 1.447208, 1.70414
2.097444, 1.428242, 1.437005, 1.696423
2.108538, 1.427778, 1.427418, 1.688806
2.11958, 1.30218, 1.411742, 1.681378
2.130816, 1.409938, 1.408155, 1.673909
2.141939, 1.275671, 1.384515, 1.666352
2.15619, 1.290155, 1.386244, 1.656774
2.164055, 1.293761, 1.383626, 1.651459
2.174966, 1.301591, 1.379354, 1.644001
2.186039, 1.294099, 1.373428, 1.636598
2.19683, 1.30615, 1.370523, 1.629256
2.207628, 1.414523, 1.372604, 1.621926
2.219116, 1.400256, 1.373765, 1.614132
2.229927, 1.324347, 1.371125, 1.606796
2.241756, 1.476917, 1.376184, 1.598538
2.253054, 1.467477, 1.38082, 1.590808
2.263832, 1.488374, 1.385522, 1.583566
2.27521, 1.520822, 1.388035, 1.575792
2.286205, 1.447364, 1.386747, 1.56839
2.297795, 1.391769, 1.384729, 1.560481
2.308648, 1.479568, 1.387049, 1.552917
2.319936, 1.428934, 1.387084, 1.5449
2.330683, 1.455786, 1.388484, 1.537475
2.341199, 1.476183, 1.397185, 1.530496
2.351954, 1.490147, 1.401195, 1.523207
2.36322, 1.478904, 1.411357, 1.515515
2.374277, 1.443546, 1.419026, 1.507936
2.38536, 1.424391, 1.425558, 1.500358
2.397544, 1.463691, 1.433663, 1.49199
2.408612, 1.497832, 1.443849, 1.484222
2.419854, 1.458986, 1.451491, 1.476515
2.43062, 1.444093, 1.45297, 1.469123
2.440889, 1.477477, 1.456831, 1.462192
2.4521, 1.520961, 1.466661, 1.454501
2.463046, 1.503083, 1.46797, 1.447069
2.474181, 1.485294, 1.468861, 1.439418
2.485346, 1.48744, 1.468814, 1.431977
2.497195, 1.452186, 1.465382, 1.423747
2.508379, 1.435874, 1.464807, 1.415677
2.519449, 1.398637, 1.465151, 1.407944
2.530488, 1.37699, 1.460022, 1.400308
2.541656, 1.37778, 1.457464, 1.392749
2.552852, 1.371464, 1.453248, 1.385038
2.56398, 1.370148, 1.447946, 1.377456
2.575068, 1.356536, 1.441266, 1.369798
2.586011, 1.334454, 1.434043, 1.362277
2.59623, 1.277043, 1.425718, 1.355251
2.607413, 1.288061, 1.418901, 1.347375
2.618548, 1.295042, 1.410469, 1.339842
2.62975, 1.310384, 1.401097, 1.332112
2.641814, 1.330556, 1.394675, 1.323799
2.653181, 1.379053, 1.391423, 1.316016
2.664101, 1.320292, 1.383564, 1.308498
2.675232, 1.30848, 1.372939, 1.300836
2.686089, 1.302743, 1.362922, 1.293393
2.69752, 1.275442, 1.35243, 1.28541
2.708361, 1.253229, 1.340719, 1.277961
2.719731, 1.245999, 1.33041, 1.270111
2.730644, 1.298144, 1.323523, 1.262648
2.74073, 1.325416, 1.319862, 1.255777
2.752217, 1.229303, 1.312478, 1.247941
2.763095, 1.15907, 1.301543, 1.240404
2.774024, 1.144211, 1.29018, 1.232942
2.785323, 1.147794, 1.279062, 1.225256
2.797314, 1.156428, 1.269057, 1.217091
2.80848, 1.135579, 1.259113, 1.209556
2.81946, 1.134653, 1.251994, 1.202115
2.830602, 1.107964, 1.242989, 1.194264
2.840718, 1.088379, 1.232656, 1.187431
2.85173, 1.086738, 1.221473, 1.180053
2.863208, 1.080794, 1.208985, 1.172145
2.874084, 1.084359, 1.19425, 1.164771
2.885499, 1.087899, 1.182631, 1.157207
2.89719, 1.089749, 1.171694, 1.149374
2.908216, 1.093275, 1.161221, 1.141997
2.919532, 1.067094, 1.150803, 1.134404
2.930474, 1.053194, 1.140802, 1.127199
2.940869, 1.019165, 1.12946, 1.120189
2.951809, 1.02666, 1.115886, 1.113059
2.962909, 1.0558, 1.102405, 1.105842
2.974027, 1.042192, 1.093049, 1.098493
2.985452, 1.03369, 1.08678, 1.091091
2.996922, 1.029693, 1.081055, 1.083351
3.008314, 1.077272, 1.077529, 1.075912
3.019372, 1.078023, 1.073608, 1.068732
3.030515, 1.095495, 1.071604, 1.061445
3.040727, 1.073868, 1.068565, 1.055051
3.051821, 0.9677113, 1.061552, 1.047792
3.062736, 0.8443024, 1.049349, 1.040347
3.073998, 0.8603055, 1.038027, 1.03307
3.085635, 0.9674045, 1.032357, 1.025528
3.097389, 0.9071153, 1.023495, 1.017974
3.108117, 0.8880961, 1.013505, 1.011211
3.11915, 0.8892445, 1.00348, 1.004118
3.130333, 0.8904192, 0.9933372, 0.9969895
3.140679, 0.9019052, 0.9850777, 0.9903613
3.15172, 0.9037592, 0.9776059, 0.9834573
3.162849, 0.9039795, 0.9718467, 0.976431
3.173871, 0.9146993, 0.9662487, 0.9695675
3.185277, 0.9167969, 0.9592986, 0.9623919
3.197011, 0.9097574, 0.9526769, 0.9550425
3.208142, 0.900431, 0.9460139, 0.9484333
3.2191, 0.8943573, 0.9392471, 0.9416584
3.230255, 0.9153806, 0.9311525, 0.9347521
3.240712, 0.8866245, 0.9215826, 0.928062
3.251709, 0.8826907, 0.9109424, 0.921307
3.262743, 0.8671594, 0.9006069, 0.9145573
3.274061, 0.8621229, 0.8953276, 0.9075493
3.285119, 0.8737782, 0.8968013, 0.9008414
3.297759, 0.8659171, 0.8970819, 0.8932866
3.311718, 0.8278374, 0.8901035, 0.8848341
3.319227, 0.822826, 0.8858889, 0.8803154
3.330141, 0.8317744, 0.8830729, 0.8738256
3.340559, 0.8272592, 0.8799736, 0.8676099
3.351728, 0.824805, 0.8766929, 0.8609579
3.362777, 0.8330491, 0.8732501, 0.8544095
3.374008, 0.8505843, 0.8705913, 0.8477631
3.385127, 0.8333248, 0.8670586, 0.8412122
3.396859, 0.7960941, 0.8611283, 0.8349325
3.407742, 0.7922879, 0.8549029, 0.8285416
3.418988, 0.7849703, 0.8486635, 0.8217514
3.429898, 0.7893443, 0.8431093, 0.8154449
3.441396, 0.8052907, 0.8386558, 0.8092104
3.452635, 0.8043082, 0.8331022, 0.8027704
3.46416, 0.819207, 0.8297313, 0.7961999
3.474967, 0.8303621, 0.8271149, 0.789652
3.485712, 0.8492334, 0.8262186, 0.7835501
3.496115, 0.8388917, 0.825057, 0.77774
3.507289, 0.8981994, 0.8262781, 0.7714726
3.518318, 0.9217516, 0.8290698, 0.7650443
3.529158, 0.8018091, 0.8277684, 0.7589996
3.541368, 0.8096656, 0.8271104, 0.7520228
3.552592, 0.796308, 0.8253371, 0.745921
3.563916, 0.7800042, 0.8229744, 0.7397292
3.574902, 0.7769486, 0.8205816, 0.7338721
3.585733, 0.7871287, 0.8182856, 0.7281207
3.596093, 0.7931299, 0.8154128, 0.7225496
3.606986, 0.783399, 0.8129166, 0.7167718
3.618357, 0.7587236, 0.811048, 0.7109335
3.629276, 0.7562819, 0.8092477, 0.7052151
3.641293, 0.7497247, 0.8074854, 0.698842
3.652467, 0.7193841, 0.8039873, 0.6930516
3.663451, 0.7551565, 0.8014806, 0.6874664
3.674627, 0.7620845, 0.7993695, 0.6816905
3.685583, 0.7559443, 0.7962064, 0.6760956
3.697095, 0.7516518, 0.7922708, 0.6703215
3.707941, 0.7312848, 0.7863734, 0.6648682
3.719105, 0.6859518, 0.7787264, 0.6592851
3.730046, 0.6871876, 0.7681758, 0.6538475
3.740513, 0.680678, 0.7561221, 0.6487161
3.751459, 0.675896, 0.7498264, 0.6431859
3.762317, 0.6694189, 0.7428141, 0.6379033
3.773731, 0.6814867, 0.7370731, 0.6323393
3.785204, 0.6748524, 0.7318155, 0.6268182
3.796995, 0.6648469, 0.7262103, 0.6213119
3.807822, 0.6649218, 0.7201, 0.6162239
3.819251, 0.651459, 0.7130164, 0.6108741
3.82998, 0.6512377, 0.7064084, 0.6058748
3.84032, 0.6563784, 0.7012911, 0.6011562
3.851483, 0.6475129, 0.6958526, 0.5960298
3.862336, 0.6523554, 0.6909842, 0.5910034
3.873601, 0.6458079, 0.6873054, 0.5859703
3.884747, 0.6424074, 0.6816679, 0.581005
3.896686, 0.6322084, 0.6751741, 0.5757409
3.907756, 0.6221444, 0.6684842, 0.57089
3.918973, 0.6155872, 0.6616809, 0.5660964
3.929828, 0.6017582, 0.6552046, 0.5614011
3.941253, 0.5807632, 0.6499451, 0.5562872
3.952449, 0.5828733, 0.6447294, 0.5515468
3.96356, 0.5704327, 0.6392171, 0.5469525
3.974397, 0.5752205, 0.6341833, 0.5431165
3.985658, 0.5728689, 0.6293558, 0.538534
3.995727, 0.5730361, 0.6239333, 0.5342115
4.00695, 0.575509, 0.6189662, 0.5296556
4.017913, 0.5814059, 0.6147941, 0.5252345
4.028973, 0.577669, 0.6104314, 0.5208419
4.041168, 0.5779082, 0.6067539, 0.5158584
4.052361, 0.5687549, 0.6026298, 0.5115589
4.063046, 0.5578421, 0.597703, 0.5073298
4.074465, 0.5540813, 0.5930314, 0.5028564
4.085528, 0.5204616, 0.5864367, 0.4986947
4.095658, 0.5188718, 0.5800899, 0.4950885
4.106959, 0.5156804, 0.5737535, 0.4909333
4.118141, 0.5149605, 0.5678911, 0.4869277
4.129082, 0.5148558, 0.5625266, 0.4829565
4.1413, 0.5162045, 0.5575575, 0.4786748
4.152138, 0.4928901, 0.5521141, 0.4747242
4.163208, 0.4901228, 0.5475821, 0.4707245
4.174435, 0.5208648, 0.5444817, 0.4667484
4.185338, 0.5337614, 0.5426481, 0.4630275
4.195601, 0.538987, 0.5408365, 0.459468
4.206758, 0.5300937, 0.5386977, 0.4558069
4.217834, 0.4739449, 0.5337431, 0.4523647
4.228909, 0.4690652, 0.5284209, 0.4488001
4.240857, 0.4637751, 0.5225394, 0.4449686
4.25193, 0.4544168, 0.5163768, 0.4414673
4.263049, 0.4535394, 0.5101583, 0.4382311
4.274435, 0.4523669, 0.5043389, 0.4347875
4.285258, 0.4509592, 0.4989947, 0.4315077
4.297234, 0.4497173, 0.4937766, 0.4278898
4.307968, 0.4273663, 0.4891218, 0.4247379
4.318882, 0.4319749, 0.484777, 0.4215966
4.329884, 0.4305242, 0.4805191, 0.4184397
4.340152, 0.4302619, 0.4762842, 0.4160538
4.351474, 0.401998, 0.4706413, 0.4128151
4.362154, 0.3956086, 0.4646115, 0.4098154
4.373495, 0.3938567, 0.4596599, 0.4067686
4.384482, 0.3977123, 0.4550394, 0.4038705
4.396702, 0.3950022, 0.4487463, 0.4002209
4.407671, 0.3939868, 0.4417575, 0.3974756
4.418977, 0.3938988, 0.4345031, 0.394771
4.429743, 0.3934401, 0.4276705, 0.392164
4.439952, 0.4009013, 0.4240183, 0.3897757
4.450978, 0.4003771, 0.4205839, 0.3871948
4.465196, 0.399743, 0.4173823, 0.3837171
4.473533, 0.4121261, 0.4152679, 0.3817881
4.484443, 0.3951699, 0.4123494, 0.3793417
4.496316, 0.3939142, 0.4094268, 0.376699
4.507639, 0.3826369, 0.4060107, 0.37429
4.518808, 0.3807677, 0.4025632, 0.3722386
4.52947, 0.3789012, 0.40014, 0.3700454
4.540891, 0.3666444, 0.3968734, 0.3675162
4.55197, 0.3815113, 0.3944227, 0.3653733
4.562987, 0.3649923, 0.3911593, 0.3633323
4.57415, 0.3947897, 0.3907989, 0.3612486
4.585576, 0.3437487, 0.3882059, 0.3591878
4.596139, 0.3636534, 0.3866957, 0.3573118
4.607709, 0.3619466, 0.3849075, 0.3553752
4.618536, 0.3561466, 0.3829647, 0.3535829
4.629707, 0.3747448, 0.3820025, 0.3517916
4.640873, 0.3649225, 0.3805537, 0.3500099
4.651958, 0.359217, 0.3788426, 0.3483419
4.663034, 0.3510655, 0.3763508, 0.3465732
4.674279, 0.3505405, 0.373859, 0.3448614
4.685544, 0.3507783, 0.3714107, 0.3433015
4.696354, 0.3478339, 0.3681961, 0.3421798
4.707604, 0.344726, 0.3656739, 0.340793
4.718679, 0.3456095, 0.3632587, 0.3394738
4.729878, 0.3428351, 0.3612686, 0.3381698
4.740921, 0.339796, 0.35922, 0.336735
4.752009, 0.3377592, 0.3571629, 0.3355337
4.763035, 0.3377629, 0.3557188, 0.3353199
4.773924, 0.3347594, 0.3533812, 0.3338187
4.785207, 0.3354579, 0.3519045, 0.3327261
4.79527, 0.3298565, 0.3486578, 0.3315271
4.806453, 0.3281789, 0.3478794, 0.3305436
4.817542, 0.3182117, 0.3456073, 0.3295445
4.828732, 0.3190538, 0.3434626, 0.3286985
4.840882, 0.3174109, 0.3415259, 0.3277611
4.852067, 0.3164844, 0.3386128, 0.3271484
4.863095, 0.3190134, 0.3363174, 0.3264814
4.874215, 0.3212587, 0.3344194, 0.325813
4.885395, 0.3185846, 0.3327954, 0.3251296
4.895082, 0.3220319, 0.3313699, 0.3246648
4.90642, 0.3257599, 0.330119, 0.3242763
4.917592, 0.3226203, 0.3288583, 0.323987
4.928655, 0.31904, 0.327574, 0.3236361
4.940843, 0.31902, 0.3262445, 0.3232487
4.952042, 0.3178585, 0.3249957, 0.322954
4.962776, 0.3175945, 0.3238856, 0.3227198
4.974662, 0.3170563, 0.3228505, 0.3225186
4.985054, 0.3171736, 0.321821, 0.3225041
4.995296, 0.3167518, 0.3209207, 0.3223391
5.006592, 0.313106, 0.3198031, 0.3223324
5.0175, 0.3154173, 0.3190811, 0.3223356
5.028475, 0.316594, 0.3185019, 0.3224345
5.040477, 0.3138932, 0.318286, 0.3224188
5.052068, 0.316186, 0.3181426, 0.3227314
5.062698, 0.3186441, 0.3182043, 0.3229627
5.07409, 0.3176612, 0.3182631, 0.32354
5.084992, 0.3157386, 0.3180993, 0.3239007
5.094962, 0.3146398, 0.3177684, 0.3243658
5.106585, 0.3183517, 0.3177568, 0.3248754
5.117576, 0.3281547, 0.3180629, 0.3253327
5.128432, 0.3132745, 0.3174387, 0.3259163
5.140503, 0.3141999, 0.3170176, 0.3262546
5.151586, 0.3158972, 0.3168605, 0.3274291
5.162841, 0.3163238, 0.3167257, 0.3282201
5.174016, 0.317054, 0.3166854, 0.3290918
5.184899, 0.3176013, 0.3166858, 0.3299702
5.195208, 0.3200068, 0.3168333, 0.3305879
5.20641, 0.3190073, 0.316925, 0.3315712
5.217655, 0.3174252, 0.3169587, 0.3324959
5.228456, 0.317921, 0.3171994, 0.333513
5.240407, 0.3165848, 0.3172578, 0.3346958
5.251724, 0.3151567, 0.3171859, 0.3359379
5.262631, 0.3139004, 0.3171863, 0.3368043
5.273768, 0.316228, 0.3171884, 0.3381106
5.284886, 0.3162143, 0.3170669, 0.3394371
5.29515, 0.317073, 0.3170375, 0.3407069
5.306336, 0.3176194, 0.3171315, 0.3421364
5.317326, 0.3178644, 0.3172927, 0.3435939
5.328352, 0.3169052, 0.3172204, 0.3451196
5.340382, 0.318269, 0.3167261, 0.3468434
5.351635, 0.3177187, 0.3169484, 0.3489357
5.362947, 0.3184853, 0.3171626, 0.3506923
5.375352, 0.3184452, 0.31729, 0.3527192
5.385038, 0.322146, 0.3175811, 0.3543444
5.394939, 0.321868, 0.3178218, 0.355657
5.406161, 0.3238393, 0.3181337, 0.3576519
5.417383, 0.3221739, 0.3182421, 0.359848
5.4284, 0.326254, 0.3186044, 0.3618904
5.440154, 0.3265599, 0.3190612, 0.3640692
5.451489, 0.3248328, 0.3194067, 0.3663737
5.46249, 0.3318378, 0.3201694, 0.368697
5.47376, 0.3313286, 0.320978, 0.3709921
5.484875, 0.3297718, 0.3217716, 0.3732232
5.494955, 0.3275161, 0.322336, 0.3752079
5.506202, 0.3346262, 0.3232566, 0.3775645
5.517314, 0.3438691, 0.3245964, 0.3799669
5.528744, 0.341736, 0.3258022, 0.3826016
5.540227, 0.3474855, 0.3272833, 0.3852515
5.551664, 0.350165, 0.3289463, 0.3878995
5.562633, 0.347868, 0.3304262, 0.3905305
5.573884, 0.351878, 0.3321342, 0.3931556
5.585005, 0.3488464, 0.3336522, 0.3958693
5.595043, 0.3479634, 0.3351281, 0.3983735
5.606129, 0.353634, 0.3367025, 0.4011777
5.617574, 0.3555616, 0.3383872, 0.4042105
5.628404, 0.3598891, 0.3401897, 0.4070733
5.640138, 0.3569334, 0.3419277, 0.4102237
5.651365, 0.3619283, 0.3437114, 0.4132954
5.662497, 0.3703165, 0.3458993, 0.416352
5.673615, 0.3649676, 0.347906, 0.4195872
5.6846, 0.3647715, 0.3495527, 0.4227382
5.695001, 0.3656437, 0.3512684, 0.425447
5.706264, 0.3623565, 0.3528976, 0.4287728
5.717688, 0.405035, 0.3567736, 0.432293
5.72828, 0.4187895, 0.3609818, 0.4355844
5.740241, 0.4072345, 0.36415, 0.4392381
5.75137, 0.4132133, 0.3677239, 0.4427249
5.76251, 0.4185357, 0.3712764, 0.4462864
5.773574, 0.415356, 0.374536, 0.44972
5.784625, 0.412576, 0.3777714, 0.4532481
5.794802, 0.4130814, 0.3808315, 0.4564292
5.806346, 0.4128803, 0.3840333, 0.4602136
5.817209, 0.4183705, 0.3875536, 0.4639062
5.828138, 0.4241036, 0.3910771, 0.4677367
5.840188, 0.4228258, 0.3944403, 0.4718691
5.851553, 0.4227107, 0.3975814, 0.4757822
5.862063, 0.4230963, 0.4008895, 0.4795038
5.873636, 0.4251822, 0.4040523, 0.4838396
5.884496, 0.4053608, 0.4058045, 0.487783
5.896088, 0.439633, 0.4095378, 0.4918714
5.906741, 0.4216812, 0.4123833, 0.4958795
5.918428, 0.4247172, 0.4153369, 0.500342
5.928984, 0.4301252, 0.4187254, 0.5042169
5.940194, 0.4350494, 0.4202261, 0.508517
5.951377, 0.4674383, 0.4226585, 0.5127352
5.962592, 0.4390005, 0.4242468, 0.5171413
5.973365, 0.4163516, 0.4244037, 0.5214267
5.984769, 0.4274899, 0.4248514, 0.5259877
5.994636, 0.4270966, 0.4254385, 0.530032
6.006255, 0.4224384, 0.4259316, 0.5347865
6.017241, 0.4525214, 0.4279036, 0.5394095
6.028139, 0.46242, 0.4303806, 0.5439338
6.040223, 0.466953, 0.4328098, 0.549014
6.051214, 0.4753119, 0.4353702, 0.5536561
6.062434, 0.4688042, 0.4376691, 0.558458
6.073587, 0.4628435, 0.4396758, 0.5630202
6.084826, 0.4557818, 0.4413101, 0.5678554
6.095567, 0.4633762, 0.4432198, 0.5727972
6.106927, 0.4669809, 0.4463007, 0.5776564
6.11793, 0.4902228, 0.4488302, 0.5825781
6.129066, 0.5020108, 0.4528467, 0.5873743
6.139336, 0.5110656, 0.4571641, 0.5919804
6.150323, 0.5055698, 0.4609363, 0.5969007
6.161221, 0.5061191, 0.4644898, 0.6018711
6.172883, 0.5076103, 0.4664984, 0.6076407
6.183924, 0.5123489, 0.4701658, 0.6127946
6.19579, 0.5156326, 0.4751299, 0.6179699
6.206884, 0.5221816, 0.4798644, 0.6232826
6.217988, 0.5267683, 0.4848481, 0.6284869
6.229456, 0.5376657, 0.4906094, 0.6339681
6.23942, 0.524291, 0.4941979, 0.6388091
6.250295, 0.5490609, 0.4985299, 0.6442106
6.261354, 0.5362865, 0.5019966, 0.6496555
6.272531, 0.5283111, 0.5046465, 0.6551442
6.283526, 0.5345247, 0.5079325, 0.6606355
6.295884, 0.5314416, 0.5113624, 0.6675826
6.306736, 0.5417023, 0.5156584, 0.6728395
6.317935, 0.5484561, 0.5199124, 0.6785865
6.328732, 0.5449582, 0.5238113, 0.6840746
6.340425, 0.5434659, 0.5264734, 0.6901404
6.351109, 0.549025, 0.5288242, 0.6959502
6.362332, 0.5519866, 0.5308702, 0.7018685
6.373489, 0.5648696, 0.5338352, 0.7072732
6.384852, 0.5717171, 0.5371152, 0.7133058
6.394451, 0.5694768, 0.5402085, 0.7187352
6.405779, 0.5718125, 0.5431817, 0.7248269
6.417233, 0.6157933, 0.5481897, 0.7305725
6.427953, 0.6236337, 0.5532623, 0.7360243
6.439976, 0.6280256, 0.5583252, 0.7425185
6.451579, 0.6435748, 0.5636206, 0.7489694
6.462386, 0.6405464, 0.5694334, 0.7548932
6.473299, 0.6378475, 0.5738727, 0.7609041
6.484385, 0.6335118, 0.578734, 0.7670526
6.495571, 0.6407756, 0.5843573, 0.7731676
6.506502, 0.6566674, 0.5904644, 0.7792673
6.517814, 0.6593945, 0.596862, 0.7857395
6.528873, 0.6589168, 0.6027228, 0.7919305
6.53908, 0.6814695, 0.6093735, 0.7977176
6.54998, 0.6821883, 0.6162349, 0.8038175
6.561227, 0.6860126, 0.6233622, 0.8102285
6.572365, 0.6784939, 0.6298357, 0.8167359
6.583384, 0.67611, 0.6360419, 0.8229699
6.595566, 0.674417, 0.6415192, 0.8302141
6.60698, 0.7055057, 0.6482086, 0.8368275
6.61792, 0.7999768, 0.6597336, 0.8432621
6.628643, 0.7202858, 0.6671572, 0.8494894
6.640108, 0.703979, 0.6715665, 0.8562502
6.650857, 0.7054523, 0.6756574, 0.8625762
6.662249, 0.7052819, 0.6795202, 0.8693385
6.673226, 0.7313513, 0.6839091, 0.8758089
6.684534, 0.7380916, 0.6887863, 0.8825409
6.694811, 0.7264157, 0.6932147, 0.8888119
6.705703, 0.7354468, 0.6983114, 0.8954273
6.716608, 0.7393869, 0.7032419, 0.9020101
6.727833, 0.7334775, 0.7070825, 0.9090279
6.739892, 0.7397268, 0.7110991, 0.9163877
6.751168, 0.7551201, 0.7159093, 0.923108
6.761857, 0.7658934, 0.7201304, 0.9296767
6.773108, 0.7736521, 0.7247037, 0.9370184
6.784292, 0.7927561, 0.7300408, 0.9439355
6.79946, 0.7781556, 0.7350239, 0.9533815
6.806531, 0.78462, 0.7404494, 0.9575208
6.817642, 0.7963656, 0.7465469, 0.9644817
6.828872, 0.7799934, 0.7502712, 0.971368
6.839064, 0.797552, 0.75015, 0.9777728
6.849939, 0.7475697, 0.7515143, 0.9845901
6.861194, 0.8548533, 0.759058, 0.9917107
6.872348, 0.8984011, 0.7687055, 0.998844
6.883327, 0.8947831, 0.7781805, 1.005838
6.894568, 0.8865917, 0.7859425, 1.012886
6.905528, 0.8707555, 0.7925757, 1.019905
6.916778, 0.8611801, 0.7993139, 1.027138
6.92768, 0.8508112, 0.8050821, 1.034063
6.939158, 0.8603237, 0.8111289, 1.041479
6.950018, 0.8633006, 0.8176201, 1.048614
6.961081, 0.8710954, 0.8241885, 1.055808
6.97218, 0.8815252, 0.8305088, 1.063065
6.983257, 0.8904549, 0.8367369, 1.070307
6.994373, 0.8925061, 0.8426795, 1.07768
7.00547, 0.8991324, 0.8479983, 1.084988
7.016735, 0.8773513, 0.852958, 1.09243
7.027921, 0.8753815, 0.8574961, 1.099886
7.038998, 0.8764193, 0.8614987, 1.107258
7.049996, 0.9044072, 0.8677195, 1.114382
7.061057, 0.9055323, 0.8731185, 1.121798
7.072253, 0.9238549, 0.8819327, 1.129121
7.083396, 0.9368522, 0.8860327, 1.136514
7.094375, 0.9342837, 0.8878268, 1.14387
7.105458, 0.9590763, 0.8910415, 1.151401
7.116515, 0.9006306, 0.8917435, 1.158842
7.127708, 0.8968567, 0.8930485, 1.166407
7.138849, 0.902095, 0.8950943, 1.173918
7.149909, 0.9153635, 0.8983219, 1.181535
7.160929, 0.9096982, 0.9007907, 1.189083
7.17209, 0.8893855, 0.902095, 1.196681
7.183151, 0.8849874, 0.9027895, 1.204335
7.194325, 0.8823314, 0.9028298, 1.211968
7.205406, 0.8681301, 0.9017136, 1.2191
7.21657, 0.9638893, 0.9052828, 1.226717
7.227664, 0.9314035, 0.9068964, 1.234337
7.238784, 0.90889, 0.9084733, 1.241924
7.24984, 0.9517726, 0.9122928, 1.249662
7.260964, 0.9641489, 0.9166794, 1.25727
7.272073, 0.9861119, 0.9207646, 1.265041
7.283037, 0.9823042, 0.9246032, 1.272553
7.294218, 0.9704752, 0.9269342, 1.280076
7.305415, 0.9672279, 0.9284531, 1.28753
7.316377, 0.9615166, 0.9298147, 1.295029
7.327539, 0.9539902, 0.9295605, 1.303096
7.338749, 0.944764, 0.9317671, 1.310822
7.349998, 0.9366727, 0.9337579, 1.318462
7.360962, 0.9435109, 0.9358286, 1.326003
7.372097, 0.9640517, 0.9382631, 1.333545
7.383247, 0.9660658, 0.9410814, 1.341257
7.394113, 0.9814808, 0.9456862, 1.348785
7.405377, 0.9867293, 0.9507734, 1.356358
7.416412, 0.993923, 0.9563529, 1.363949
7.427543, 1.012559, 0.9635744, 1.371436
7.438728, 1.024817, 0.9666207, 1.379103
7.449642, 1.078331, 0.9739671, 1.386975
7.460942, 1.072322, 0.9821388, 1.394578
7.472033, 1.1199, 0.9905451, 1.402027
7.482971, 1.148401, 0.9997576, 1.409362
7.494182, 1.150498, 1.007977, 1.417063
7.505342, 1.269724, 1.022348, 1.424858
7.516404, 1.269156, 1.037282, 1.432461
7.527488, 1.268645, 1.052353, 1.440076
7.538672, 1.310395, 1.069797, 1.447773
7.549736, 1.281214, 1.086158, 1.45563
7.560703, 1.253779, 1.101609, 1.463189
7.571963, 1.214646, 1.115507, 1.470979
7.583007, 1.246272, 1.130645, 1.478722
7.594066, 1.299956, 1.147441, 1.486358
7.605214, 1.348071, 1.166541, 1.494049
7.616362, 1.336667, 1.1843, 1.501734
7.627441, 1.348075, 1.202367, 1.50904
7.638559, 1.359218, 1.220632, 1.516658
7.649661, 1.361687, 1.238088, 1.52427
7.660693, 1.385189, 1.256107, 1.531829
7.671894, 1.435669, 1.273974, 1.539639
7.682895, 1.434466, 1.292081, 1.547176
7.694149, 1.457063, 1.308939, 1.554997
7.705288, 1.512924, 1.327165, 1.562614
7.716284, 1.52043, 1.345662, 1.570132
7.72737, 1.535756, 1.358964, 1.577734
7.738513, 1.514298, 1.371221, 1.585361
7.749614, 1.512182, 1.383398, 1.593171
7.760691, 1.494717, 1.392614, 1.60076
7.771805, 1.545881, 1.405847, 1.608285
7.782911, 1.67444, 1.42688, 1.615612
7.793985, 1.628835, 1.44759, 1.623157
7.805124, 1.570945, 1.463824, 1.631213
7.816371, 1.666852, 1.482168, 1.638898
7.827257, 1.652991, 1.497414, 1.646305
7.838333, 1.650268, 1.513094, 1.653869
7.849598, 1.693023, 1.530342, 1.661297
7.860773, 1.687536, 1.546757, 1.668869
7.871939, 1.673155, 1.562331, 1.676054
7.882856, 1.628858, 1.574514, 1.683409
7.893868, 1.638424, 1.584652, 1.690805
7.905152, 1.625487, 1.594203, 1.698422
7.916202, 1.62803, 1.602751, 1.705812
7.927292, 1.670191, 1.610615, 1.713214
7.938373, 1.666865, 1.617937, 1.720727
7.949555, 1.654795, 1.623889, 1.728184
7.960582, 1.656836, 1.631016, 1.735509
7.975046, 1.65137, 1.637975, 1.745107
7.982811, 1.630244, 1.644752, 1.750183
7.993794, 1.666505, 1.650783, 1.757432
8.005134, 1.689006, 1.651511, 1.765246
8.01603, 1.732863, 1.656713, 1.772413
8.027249, 1.716285, 1.66398, 1.77977
8.038433, 1.709058, 1.66609, 1.78709
8.049475, 1.774251, 1.672153, 1.79429
8.06049, 1.778784, 1.678579, 1.801456
8.071714, 1.785553, 1.683205, 1.808075
8.082644, 1.783838, 1.688021, 1.815104
8.093873, 1.959512, 1.702339, 1.822283
8.105111, 1.954315, 1.718611, 1.82953
8.116102, 1.317944, 1.702587, 1.836532
8.12723, 1.636351, 1.703131, 1.844351
8.138298, 1.490512, 1.696255, 1.851429
8.14937, 0.9870477, 1.662098, 1.85815
8.160563, 1.405197, 1.649014, 1.865233
8.17167, 0, 1.566275, 1.872208
8.360456, 2.007323, 1.583799, 1.987288
8.371661, 1.235805, 1.56302, 1.993921
8.382589, 1.290909, 1.546054, 2.000482
8.393722, 1.332897, 1.529373, 2.007014
8.404839, 1.472076, 1.518527, 2.013493
8.415885, 1.526947, 1.508231, 2.019911
8.427041, 1.583752, 1.501604, 2.026354
8.438198, 2.08063, 1.520183, 2.032696
8.449187, 1.626206, 1.51278, 2.03896
8.460338, 1.645486, 1.506116, 2.045301
8.471646, 1.488115, 1.491244, 2.051723
8.482684, 1.624641, 1.483284, 2.05796
8.493619, 1.494852, 1.460051, 2.064115
8.504833, 1.464339, 1.435552, 2.070396
8.51591, 1.361949, 1.437752, 2.076566
8.527026, 1.284178, 1.420144, 2.082686
8.538255, 1.311904, 1.411214, 2.088982
8.549273, 1.404923, 1.432107, 2.094991
8.560335, 1.446067, 1.434151, 2.101072
8.571402, 1.441545, 1.506228, 2.107108
8.582592, 1.42216, 1.47697, 2.113452
8.59355, 1.371292, 1.483744, 2.119381
8.60467, 1.33984, 1.486191, 2.125389
8.615921, 1.310684, 1.48508, 2.131389
8.626994, 1.32946, 1.477949, 2.137124
8.638249, 1.295755, 1.46639, 2.142909
8.64913, 1.282382, 1.451321, 2.148604
8.66025, 1.290438, 1.411812, 2.15434
8.671508, 1.286595, 1.394831, 2.159952
8.682486, 1.276074, 1.37636, 2.165744
8.69362, 1.270014, 1.365455, 2.171422
8.70466, 1.281071, 1.348277, 2.176871
8.7158, 1.264304, 1.336749, 2.182455
8.72691, 1.263142, 1.326689, 2.18801
8.73805, 1.229824, 1.320083, 2.19338
8.749117, 1.239305, 1.31784, 2.19954
8.760311, 1.24044, 1.314266, 2.205038
8.771402, 1.241516, 1.306096, 2.210449
8.782264, 1.301175, 1.298852, 2.215244
8.793486, 1.332642, 1.293406, 2.220587
8.804708, 1.386716, 1.291634, 2.225796
8.815709, 1.43236, 1.294688, 2.230935
8.826847, 1.453378, 1.300364, 2.235934
8.837987, 1.455914, 1.307626, 2.241081
8.849051, 1.395568, 1.310931, 2.246135
8.860395, 1.39021, 1.315654, 2.25142
8.871259, 1.388307, 1.32095, 2.256316
8.882406, 1.530048, 1.332931, 2.261206
8.893474, 1.640118, 1.350607, 2.266082
8.904635, 1.785602, 1.376083, 2.270918
8.915557, 1.824989, 1.403832, 2.275632
8.926733, 1.765108, 1.428034, 2.28044
8.937962, 1.717513, 1.450694, 2.285223
8.948982, 1.590559, 1.467065, 2.289886
8.960123, 1.58403, 1.484776, 2.294747
8.971267, 1.540296, 1.499825, 2.299379
8.982348, 1.538173, 1.514712, 2.304003
8.993449, 1.566337, 1.530953, 2.308543
9.004571, 1.558587, 1.543823, 2.313016
9.01567, 1.608504, 1.557617, 2.317466
9.026777, 1.594366, 1.567999, 2.321587
9.03793, 1.570517, 1.574907, 2.326035
9.048943, 1.47132, 1.575804, 2.330617
9.060127, 1.546419, 1.58033, 2.334939
9.071311, 1.62976, 1.592039, 2.339213
9.082249, 1.693321, 1.607195, 2.343359
9.093459, 1.712206, 1.62339, 2.347547
9.104558, 1.758174, 1.634796, 2.351948
9.115611, 1.791866, 1.642383, 2.356027
9.12686, 1.776557, 1.641931, 2.360034
9.137999, 1.784992, 1.639931, 2.364041
9.1489, 1.733284, 1.63834, 2.36764
9.16003, 1.734774, 1.639203, 2.371527
9.171243, 1.729619, 1.646156, 2.375709
9.18221, 1.767223, 1.655316, 2.379433
9.193397, 1.757459, 1.666174, 2.383228
9.204508, 1.75074, 1.676802, 2.386722
9.218669, 1.727327, 1.684852, 2.391379
9.226662, 1.696689, 1.691757, 2.393801
9.238069, 1.687547, 1.695709, 2.397481
9.248882, 1.674368, 1.699709, 2.400836
9.259981, 1.668298, 1.704598, 2.40433
9.271128, 1.779068, 1.719985, 2.407806
9.282198, 1.772316, 1.73128, 2.41158
9.293308, 1.813742, 1.740479, 2.414946
9.304571, 1.795777, 1.745601, 2.418287
9.31557, 1.77869, 1.748926, 2.421549
9.32665, 1.791051, 1.75057, 2.424824
9.337812, 1.856255, 1.753789, 2.427962
9.348721, 1.850785, 1.7575, 2.430697
9.359924, 1.860643, 1.761283, 2.433904
9.37125, 1.86915, 1.768076, 2.437134
9.382154, 1.893799, 1.776027, 2.440164
9.393199, 1.818686, 1.780481, 2.442986
9.404558, 1.818592, 1.783049, 2.445934
9.415416, 1.674608, 1.778907, 2.448704
9.426625, 1.661795, 1.774459, 2.451073
9.437658, 1.663756, 1.771281, 2.453684
9.448793, 1.674452, 1.770169, 2.456158
9.459998, 1.677115, 1.769648, 2.458818
9.471213, 1.700551, 1.770957, 2.461363
9.481997, 1.69815, 1.77245, 2.463729
9.493167, 1.702336, 1.768613, 2.466369
9.50442, 1.701703, 1.765082, 2.468929
9.515347, 1.614157, 1.755103, 2.471228
9.526576, 1.612776, 1.745953, 2.473361
9.537735, 1.643081, 1.739173, 2.475775
9.548562, 1.633372, 1.731289, 2.477864
9.559981, 1.694316, 1.723192, 2.479935
9.571038, 1.649687, 1.713137, 2.481962
9.582213, 1.587064, 1.699458, 2.483825
9.593136, 1.592006, 1.685601, 2.485828
9.60436, 1.594494, 1.670636, 2.487921
9.61542, 1.652718, 1.662337, 2.489766
9.626502, 1.668579, 1.654836, 2.491712
9.637708, 1.659189, 1.654065, 2.493397
9.648587, 1.642162, 1.653084, 2.494953
9.65973, 1.663441, 1.653068, 2.496586
9.670989, 1.672926, 1.652992, 2.498274
9.682032, 1.643407, 1.651306, 2.49981
9.693075, 1.694032, 1.65098, 2.501239
9.70435, 1.707342, 1.65144, 2.502698
9.715419, 1.644962, 1.648571, 2.504068
9.726428, 1.654667, 1.646219, 2.505795
9.737638, 1.664673, 1.648745, 2.507104
9.748755, 1.640808, 1.650147, 2.507898
9.759867, 1.652051, 1.650595, 2.509038
9.7709, 1.739133, 1.655883, 2.510219
9.781977, 1.746414, 1.658488, 2.511281
9.792939, 1.730901, 1.662549, 2.512279
9.804407, 1.708013, 1.668596, 2.513582
9.815374, 1.742108, 1.676101, 2.514518
9.826382, 1.749607, 1.683857, 2.51492
9.837629, 1.772933, 1.689868, 2.51575
9.848582, 1.721256, 1.692501, 2.516362
9.859745, 1.666264, 1.692855, 2.517012
9.871007, 1.61534, 1.691514, 2.517649
9.881941, 1.591586, 1.687922, 2.518503
9.893096, 1.602123, 1.684381, 2.519049
9.90422, 1.598341, 1.682128, 2.519564
9.915215, 1.604521, 1.677653, 2.519994
9.926311, 1.583055, 1.671438, 2.520094
9.937537, 1.576358, 1.668008, 2.520386
9.948504, 1.579908, 1.66427, 2.520655
9.95961, 1.605914, 1.661332, 2.520923
9.970952, 1.600903, 1.659337, 2.521101
9.981842, 1.628155, 1.658142, 2.521149
9.992987, 1.628674, 1.652619, 2.521212
10.00427, 1.628205, 1.646709, 2.521316
10.01515, 1.625725, 1.64145, 2.521304
10.02634, 1.622051, 1.637152, 2.521022
10.03755, 1.654541, 1.632774, 2.520952
10.04851, 1.649001, 1.627743, 2.521008
10.05964, 1.644502, 1.621322, 2.520865
10.07093, 1.597311, 1.615124, 2.520566
10.08188, 1.579063, 1.610765, 2.520254
10.09288, 1.593222, 1.609659, 2.519897
10.10413, 1.585341, 1.609346, 2.519516
10.11514, 1.564135, 1.607447, 2.519092
10.12644, 1.698266, 1.612443, 2.51848
10.13748, 1.721498, 1.618292, 2.517758
10.14845, 1.702248, 1.624252, 2.517451
10.15967, 1.708573, 1.630862, 2.516737
10.17076, 1.667712, 1.635253, 2.515996
10.18183, 1.641073, 1.63701, 2.51499
10.19291, 1.676414, 1.640786, 2.514135
10.20416, 1.705502, 1.644653, 2.513108
10.21514, 1.700067, 1.648223, 2.512107
10.2262, 1.695962, 1.651611, 2.511033
10.23747, 1.699421, 1.655296, 2.509911
10.24863, 1.770625, 1.662724, 2.508733
10.25947, 1.76003, 1.667999, 2.507523
10.27085, 1.802887, 1.675693, 2.506203
10.28164, 1.757912, 1.681363, 2.505163
10.29274, 1.754915, 1.689244, 2.5038
10.30404, 1.818002, 1.70119, 2.502188
10.31508, 1.918903, 1.717474, 2.500704
10.32631, 1.858103, 1.731112, 2.499119
10.33748, 1.862324, 1.746022, 2.497451
10.34839, 1.892074, 1.755712, 2.496
10.35958, 1.837017, 1.761488, 2.494242
10.37067, 1.599338, 1.756343, 2.492492
10.38162, 1.579471, 1.749888, 2.490705
10.39283, 1.599698, 1.746487, 2.48883
10.40782, 1.690837, 1.748975, 2.486179
10.41501, 1.76937, 1.753623, 2.48484
10.42607, 1.849003, 1.760798, 2.482909
10.43721, 1.750035, 1.763297, 2.480839
10.4485, 1.818602, 1.769429, 2.47873
10.45961, 1.819651, 1.77544, 2.476585
10.47072, 1.801206, 1.776969, 2.474387
10.48161, 1.848965, 1.781416, 2.472167
10.49282, 1.88182, 1.785363, 2.469828
10.50394, 1.923128, 1.793624, 2.467555
10.515, 2.053999, 1.808578, 2.465175
10.52604, 2.052493, 1.820302, 2.462713
10.53737, 1.898097, 1.819262, 2.459716
10.54844, 1.80049, 1.816381, 2.457112
10.55938, 1.880014, 1.817266, 2.454682
10.57052, 1.81801, 1.813563, 2.451971
10.58162, 1.800511, 1.811737, 2.449253
10.59277, 1.797569, 1.821649, 2.44645
10.60382, 1.770392, 1.831195, 2.443516
10.61491, 1.765077, 1.839464, 2.440541
10.62601, 1.772694, 1.843557, 2.437577
10.6374, 1.758412, 1.843009, 2.434479
10.64829, 1.747435, 1.83793, 2.431548
10.65936, 1.757891, 1.838323, 2.428432
10.67057, 1.731276, 1.833957, 2.425278
10.68151, 1.715687, 1.828759, 2.422512
10.69271, 1.779604, 1.827679, 2.419247
10.70382, 1.759916, 1.823226, 2.415602
10.71478, 1.703282, 1.814299, 2.412313
10.72595, 1.754897, 1.805888, 2.409091
10.73706, 1.75068, 1.790722, 2.405635
10.74818, 1.654052, 1.7708, 2.402118
10.75931, 1.646683, 1.758229, 2.398642
10.77039, 1.667441, 1.751577, 2.395182
10.78155, 1.642766, 1.739714, 2.391618
10.79267, 1.648016, 1.731215, 2.388005
10.80397, 1.629113, 1.722645, 2.384325
10.81478, 1.609986, 1.713266, 2.380625
10.82585, 1.615692, 1.705531, 2.377008
10.83708, 1.604962, 1.697525, 2.373194
10.84812, 1.593569, 1.688569, 2.36905
10.85928, 1.571556, 1.679226, 2.365222
10.87037, 1.56676, 1.670192, 2.36123
10.88151, 1.583581, 1.661477, 2.357225
10.89255, 1.592844, 1.654555, 2.353289
10.90382, 1.582954, 1.647918, 2.348979
10.91479, 1.583066, 1.638091, 2.34467
10.92599, 1.603368, 1.630264, 2.340423
10.93709, 1.611992, 1.625699, 2.336289
10.94804, 1.587722, 1.617341, 2.332049
10.95927, 1.622877, 1.61095, 2.327728
10.97037, 1.626667, 1.609581, 2.323343
10.98143, 1.622259, 1.60836, 2.319095
10.9926, 1.52227, 1.601101, 2.314616
11.00371, 1.493054, 1.593616, 2.310222
11.01476, 1.439273, 1.583178, 2.305573
11.02585, 1.432741, 1.57336, 2.301004
11.03688, 1.43078, 1.564399, 2.296378
11.04805, 1.441362, 1.555683, 2.291697
11.05911, 1.447393, 1.547804, 2.287081
11.0703, 1.471674, 1.54171, 2.282412
11.08141, 1.463264, 1.536295, 2.277654
11.09243, 1.480204, 1.531967, 2.272775
11.10357, 1.475542, 1.526566, 2.267879
11.11463, 1.482258, 1.521036, 2.262916
11.12578, 1.484504, 1.516114, 2.25793
11.13699, 1.450264, 1.509474, 2.252952
11.14804, 1.463188, 1.502465, 2.24795
11.15915, 1.460005, 1.494865, 2.242829
11.17051, 1.462053, 1.488582, 2.237597
11.18113, 1.479021, 1.481389, 2.232414
11.19247, 1.457426, 1.472927, 2.226959
11.20349, 1.460049, 1.464816, 2.221719
11.21459, 1.493157, 1.463361, 2.216366
11.22567, 1.469596, 1.462188, 2.211093
11.23683, 1.469632, 1.463706, 2.205878
11.24798, 1.480323, 1.466085, 2.200403
11.25903, 1.488302, 1.468961, 2.19507
11.27033, 1.492158, 1.471501, 2.189509
11.28115, 1.535394, 1.475901, 2.18434
11.29236, 1.529225, 1.478778, 2.178641
11.30362, 1.533417, 1.482286, 2.172952
11.31458, 1.561301, 1.486341, 2.167458
11.32574, 1.544649, 1.489796, 2.161689
11.3368, 1.692149, 1.500291, 2.15572
11.34796, 1.596779, 1.505904, 2.149963
11.35912, 1.635706, 1.515176, 2.144126
11.37022, 1.692684, 1.526651, 2.138306
11.38126, 1.705507, 1.538926, 2.132486
11.39238, 1.61824, 1.546736, 2.126436
11.40345, 1.684365, 1.557003, 2.12051
11.41453, 1.639037, 1.566083, 2.115052
11.42571, 1.642034, 1.575183, 2.109047
11.43704, 1.581948, 1.579622, 2.102911
11.44785, 1.621773, 1.587231, 2.097031
11.45899, 1.644841, 1.595991, 2.091019
11.47014, 1.596873, 1.601819, 2.084912
11.48117, 1.660718, 1.61044, 2.078858
11.4923, 1.6614, 1.618902, 2.0727
11.50328, 1.667871, 1.625526, 2.066617
11.51447, 1.66277, 1.632203, 2.060492
11.52563, 1.608634, 1.635964, 2.053934
11.5368, 1.605233, 1.638161, 2.047485
11.54785, 1.631083, 1.642482, 2.041201
11.55885, 1.692001, 1.642475, 2.034829
11.57005, 1.694309, 1.647352, 2.028478
11.58129, 1.700733, 1.650603, 2.021996
11.5923, 1.686024, 1.65027, 2.015312
11.60335, 1.687511, 1.64937, 2.008953
11.61449, 1.658264, 1.651371, 2.002199
11.62553, 1.690038, 1.651655, 1.995787
11.63669, 1.670815, 1.653244, 1.989451
11.64761, 1.764261, 1.659355, 1.982967
11.65896, 1.735526, 1.667034, 1.976063
11.67008, 1.736862, 1.672788, 1.969376
11.68105, 1.676331, 1.674363, 1.96288
11.69218, 1.68169, 1.678604, 1.95623
11.70329, 1.692744, 1.680205, 1.949447
11.71444, 1.612396, 1.677755, 1.942806
11.72553, 1.607325, 1.674728, 1.936011
11.73671, 1.594269, 1.671303, 1.929174
11.74771, 1.616093, 1.671675, 1.922411
11.75886, 1.605561, 1.671692, 1.915599
11.76995, 1.606857, 1.67048, 1.908731
11.78117, 1.599677, 1.665864, 1.90175
11.79217, 1.611622, 1.66173, 1.894848
11.80331, 1.618536, 1.65762, 1.887874
11.81431, 1.632493, 1.654943, 1.881098
11.82555, 1.604216, 1.650779, 1.87402
11.83669, 1.607955, 1.648263, 1.866891
11.84768, 1.603525, 1.643938, 1.859915
11.85905, 1.601093, 1.640452, 1.852719
11.8699, 1.6014, 1.632309, 1.845855
11.88106, 1.527005, 1.621883, 1.838721
11.89219, 1.525281, 1.611304, 1.831544
11.90322, 1.522371, 1.603606, 1.824401
11.91433, 1.508938, 1.594968, 1.817161
11.92535, 1.506838, 1.585673, 1.810006
11.93657, 1.524028, 1.581254, 1.802757
11.94756, 1.513195, 1.576548, 1.795591
11.95892, 1.513311, 1.5725, 1.788341
11.96993, 1.495629, 1.566477, 1.781272
11.98115, 1.505696, 1.561483, 1.773936
11.99212, 1.498123, 1.556046, 1.766706
12.00299, 1.48622, 1.550374, 1.759543
12.01426, 1.521437, 1.545864, 1.752143
12.02541, 1.516346, 1.540755, 1.744773
12.03649, 1.484488, 1.533355, 1.737309
12.04774, 1.421759, 1.524232, 1.729843
12.05874, 1.449962, 1.516332, 1.722534
12.06962, 1.427312, 1.507522, 1.71574
12.08087, 1.420386, 1.498486, 1.708159
12.09206, 1.410168, 1.488925, 1.700785
12.10303, 1.411609, 1.483155, 1.69324
12.11423, 1.410747, 1.477428, 1.68554
12.12541, 1.409475, 1.471783, 1.678047
12.13652, 1.410079, 1.46684, 1.670567
12.14751, 1.386604, 1.460829, 1.663115
12.15874, 1.382938, 1.453774, 1.655642
12.1697, 1.384741, 1.447351, 1.647889
12.18082, 1.379264, 1.440649, 1.640357
12.19199, 1.362703, 1.434003, 1.632827
12.20305, 1.332945, 1.425365, 1.625429
12.21407, 1.308972, 1.415908, 1.617812
12.22529, 1.327946, 1.407994, 1.610195
12.23633, 1.328763, 1.39836, 1.602993
12.24735, 1.304137, 1.38775, 1.595876
12.25869, 1.303816, 1.378716, 1.588103
12.26953, 1.307241, 1.37299, 1.580685
12.28091, 1.316623, 1.366323, 1.572923
12.29209, 1.326425, 1.361279, 1.565126
12.30298, 1.313751, 1.355947, 1.557635
12.31411, 1.271685, 1.349023, 1.549713
12.32519, 1.296271, 1.343256, 1.542086
12.33689, 1.300249, 1.337731, 1.533956
12.34752, 1.300394, 1.332277, 1.526619
12.35856, 1.310475, 1.327297, 1.518944
12.36968, 1.300086, 1.322971, 1.511374
12.38081, 1.297643, 1.318706, 1.50368
12.39205, 1.314765, 1.315207, 1.495696
12.40293, 1.32716, 1.312602, 1.488218
12.41406, 1.299152, 1.309425, 1.481086
12.42515, 1.304953, 1.308025, 1.473394
12.43629, 1.281988, 1.306676, 1.465609
12.4474, 1.203808, 1.300469, 1.458325
12.45874, 1.206562, 1.294359, 1.450508
12.46961, 1.219577, 1.290131, 1.442636
12.48065, 1.251641, 1.287522, 1.434904
12.49183, 1.277232, 1.286022, 1.427164
12.50286, 1.28368, 1.284375, 1.419527
12.5141, 1.322314, 1.284169, 1.412129
12.52519, 1.27801, 1.282382, 1.404307
12.53618, 1.283879, 1.282992, 1.396473
12.54721, 1.278954, 1.282126, 1.388656
12.55841, 1.303819, 1.282304, 1.380934
12.56946, 1.308159, 1.282692, 1.373347
12.58064, 1.231526, 1.278745, 1.365628
12.59172, 1.235293, 1.275505, 1.357913
12.60287, 1.196346, 1.27044, 1.350325
12.61396, 1.212019, 1.265303, 1.342625
12.62506, 1.215967, 1.259743, 1.334938
12.63615, 1.234932, 1.256532, 1.327081
12.6473, 1.2036, 1.251465, 1.319613
12.65838, 1.18159, 1.246445, 1.312015
12.66955, 1.169511, 1.24473, 1.304321
12.68055, 1.178944, 1.243349, 1.296798
12.69161, 1.208281, 1.242784, 1.289898
12.70282, 1.211175, 1.240761, 1.282121
12.7139, 1.218034, 1.237801, 1.274095
12.72508, 1.200832, 1.233659, 1.266366
12.73612, 1.192377, 1.227162, 1.258625
12.74768, 1.16695, 1.221609, 1.250655
12.75837, 1.204104, 1.21762, 1.243396
12.76943, 1.188788, 1.213112, 1.235942
12.78064, 1.13338, 1.20459, 1.228336
12.79178, 1.109921, 1.194678, 1.220777
12.80616, 1.123478, 1.189276, 1.210959
12.81391, 1.119935, 1.183508, 1.206
12.82511, 1.102646, 1.178823, 1.198409
12.83623, 1.115893, 1.174016, 1.190939
12.84726, 1.101508, 1.168293, 1.183571
12.85836, 1.102562, 1.161675, 1.176068
12.86937, 1.106732, 1.156832, 1.168316
12.88059, 1.046091, 1.150057, 1.160826
12.89175, 1.034629, 1.143312, 1.153344
12.90282, 1.034939, 1.136112, 1.145941
12.91403, 0.888305, 1.120113, 1.138523
12.92505, 1.01667, 1.110388, 1.131267
12.93614, 1.034791, 1.101226, 1.12392
12.94712, 0.9573947, 1.089054, 1.116933
12.9583, 0.9227294, 1.075572, 1.109563
12.96956, 0.9534135, 1.064895, 1.102163
12.98063, 0.9429721, 1.051838, 1.094783
12.99178, 0.9544604, 1.040122, 1.087272
13.00276, 1.109725, 1.038939, 1.080055
13.01381, 1.131109, 1.039999, 1.072743
13.02487, 1.009867, 1.034318, 1.065518
13.03621, 1.102178, 1.03343, 1.058189
13.04706, 1.127177, 1.034657, 1.051377
13.05825, 1.128267, 1.035276, 1.044142
13.06922, 1.105061, 1.035453, 1.036664
13.0805, 0.9719939, 1.028925, 1.029415
13.09141, 0.9516433, 1.02117, 1.022497
13.10261, 0.9507099, 1.016401, 1.015324
13.11363, 0.9575815, 1.012549, 1.008338
13.12483, 0.9693412, 1.009269, 1.001168
13.13614, 0.9808468, 1.013896, 0.9938691
13.14693, 0.9606724, 1.011096, 0.9870217
13.1582, 0.9214969, 1.005432, 0.9797919
13.16939, 0.8941606, 1.00227, 0.97271
13.18025, 0.8889036, 1.000579, 0.9658931
13.19144, 0.884656, 0.9971408, 0.9588429
13.20252, 0.8567055, 0.9928274, 0.9519503
13.21363, 0.8937486, 0.9897919, 0.9449701
13.22477, 0.875858, 0.9780985, 0.9379644
13.23594, 0.8565223, 0.9643691, 0.9310355
13.24701, 0.8644646, 0.957099, 0.924079
13.2581, 0.8490672, 0.9444434, 0.9172426
13.26921, 0.8437342, 0.9302713, 0.9103814
13.2803, 0.8157306, 0.9146445, 0.9036656
13.29157, 0.8163355, 0.9002083, 0.8970469
13.30254, 0.8228229, 0.8927497, 0.8904061
13.31388, 0.840828, 0.8872089, 0.8833348
13.32472, 0.8410142, 0.8817242, 0.8769468
13.33585, 0.8335082, 0.8755205, 0.8702539
13.34699, 0.8181565, 0.8679613, 0.8637196
13.35813, 0.8018353, 0.8590108, 0.8570939
13.36921, 0.7925007, 0.8506023, 0.8502905
13.38026, 0.7783656, 0.8434457, 0.843759
13.3913, 0.7676303, 0.8371191, 0.8375261
13.40248, 0.7675882, 0.8310534, 0.8309795
13.4137, 0.7588572, 0.8247634, 0.8243262
13.42473, 0.7606729, 0.8199618, 0.8180068
13.4358, 0.7454935, 0.812549, 0.8116632
13.44697, 0.7397206, 0.8057421, 0.8057393
13.45807, 0.7269815, 0.7992651, 0.7993771
13.46912, 0.7317071, 0.7926273, 0.792773
13.4802, 0.7297559, 0.7866617, 0.7864898
13.49135, 0.7208809, 0.7805191, 0.7798696
13.50233, 0.7123972, 0.7753524, 0.7737642
13.51361, 0.7025062, 0.7696609, 0.7674645
13.52476, 0.700487, 0.7635442, 0.7613088
13.53583, 0.7018462, 0.7565951, 0.755274
13.54684, 0.6990684, 0.7494978, 0.7492576
13.55809, 0.6999497, 0.7428198, 0.7431851
13.56909, 0.6808867, 0.7359563, 0.7372424
13.58029, 0.6637576, 0.7290524, 0.731198
13.59129, 0.6642053, 0.7226377, 0.7256555
13.6024, 0.6610462, 0.7167717, 0.7194243
13.61342, 0.7104326, 0.7139119, 0.7136214
13.62464, 0.7104611, 0.7110555, 0.7076576
13.63563, 0.7024773, 0.7082365, 0.7020579
13.64674, 0.6954359, 0.7049747, 0.696188
13.65796, 0.6931983, 0.7023599, 0.6904059
13.66891, 0.6897734, 0.6998625, 0.6849049
13.68021, 0.6874837, 0.6978877, 0.6791872
13.69146, 0.6849723, 0.6955509, 0.6734334
13.70237, 0.6835465, 0.6932405, 0.6678753
13.71352, 0.6559411, 0.6899935, 0.6623369
13.72472, 0.6596922, 0.6873582, 0.6566934
13.7357, 0.6767578, 0.6860708, 0.6513463
13.74686, 0.658437, 0.6839682, 0.6458666
13.758, 0.6682144, 0.6822867, 0.6404225
13.76881, 0.670514, 0.680859, 0.6351981
13.78012, 0.6735132, 0.6795372, 0.6297984
13.79143, 0.6863326, 0.6798095, 0.6243776
13.80235, 0.6295228, 0.6780977, 0.6189755
13.81336, 0.6097938, 0.6753771, 0.6137782
13.82454, 0.6184593, 0.6732478, 0.6085347
13.83551, 0.5991883, 0.6676856, 0.6034196
13.84679, 0.6012288, 0.6622239, 0.5982189
13.85797, 0.5940115, 0.6568006, 0.5931034
13.869, 0.5753841, 0.6507981, 0.5883281
13.87997, 0.5813058, 0.6452035, 0.5834813
13.89128, 0.5847293, 0.6399512, 0.5783936
13.90226, 0.574002, 0.6342772, 0.5734965
13.91349, 0.5814509, 0.6291011, 0.5685786
13.92471, 0.5818237, 0.624015, 0.5638695
13.93546, 0.5479221, 0.618614, 0.5592487
13.94665, 0.5476775, 0.6130133, 0.5544456
13.95778, 0.546499, 0.6065004, 0.5497419
13.96877, 0.538761, 0.6005166, 0.5449774
13.98003, 0.5399736, 0.5941045, 0.5402475
13.99116, 0.5457625, 0.5878669, 0.5356522
14.00219, 0.5345547, 0.580919, 0.5309292
14.01631, 0.5342802, 0.5733163, 0.5251755
14.02795, 0.534541, 0.5685673, 0.5206423
14.03558, 0.5291557, 0.5645354, 0.5176616
14.04662, 0.5291557, 0.5600702, 0.5133436
14.05779, 0.5223677, 0.5562292, 0.5090066
14.06889, 0.5259712, 0.5524663, 0.5046868
14.08007, 0.5155823, 0.5485448, 0.500416
14.09112, 0.5028349, 0.5449174, 0.4962871
14.10205, 0.5000334, 0.5408538, 0.4922242
14.1134, 0.4951143, 0.536373, 0.4880384
14.1244, 0.4973375, 0.5325398, 0.4841627
14.13549, 0.4981964, 0.5283771, 0.4802605
14.14658, 0.4924528, 0.5239086, 0.4763127
14.15773, 0.545244, 0.5237747, 0.4723699
14.16878, 0.5618564, 0.5244836, 0.4685514
14.18011, 0.5546589, 0.5248916, 0.4646645
14.19112, 0.5090508, 0.523406, 0.4610432
14.20206, 0.5092994, 0.5218723, 0.4573171
14.21326, 0.4731449, 0.5182414, 0.4536343
14.22443, 0.4765219, 0.5153397, 0.4498953
14.23542, 0.4819128, 0.5127214, 0.4464013
14.24662, 0.4612177, 0.5090553, 0.4429262
14.25776, 0.4418888, 0.5046919, 0.4394405
14.26873, 0.4359596, 0.5000321, 0.4361224
14.27996, 0.4328383, 0.4955556, 0.43269
14.29107, 0.4301057, 0.4907624, 0.429513
14.30208, 0.4336002, 0.4866633, 0.426203
14.31324, 0.4047122, 0.4817572, 0.4229847
14.32427, 0.4167875, 0.4775949, 0.4198315
14.33535, 0.4211526, 0.4738967, 0.4166753
14.34667, 0.4186806, 0.4699639, 0.4135903
14.35763, 0.4090723, 0.4655077, 0.4106217
14.36869, 0.4061274, 0.4611914, 0.4076759
14.3799, 0.4033518, 0.4540967, 0.4046137
14.391, 0.3908281, 0.4455453, 0.4017152
14.40199, 0.38905, 0.4372649, 0.3990736
14.41323, 0.3827796, 0.4309513, 0.396271
14.4243, 0.3840546, 0.4246891, 0.3934991
14.43525, 0.3819641, 0.42013, 0.3909134
14.44659, 0.3780609, 0.415207, 0.3881313
14.45765, 0.3724291, 0.4097328, 0.3855328
14.46868, 0.3715941, 0.4052517, 0.3827745
14.47984, 0.3712928, 0.4017219, 0.3804219
14.49095, 0.3650797, 0.3981779, 0.3780004
14.50194, 0.3629318, 0.3946826, 0.3757508
14.51313, 0.362566, 0.3913056, 0.3734146
14.52421, 0.3679804, 0.3880246, 0.3711896
14.53533, 0.3670741, 0.3861427, 0.3689392
14.54651, 0.3699616, 0.3838013, 0.3667358
14.55755, 0.3692478, 0.3812061, 0.3645625
14.56858, 0.3707432, 0.3788092, 0.3626102
14.57979, 0.3667479, 0.376693, 0.3605969
14.59079, 0.3830849, 0.3755409, 0.358569
14.60196, 0.3776687, 0.3742567, 0.3567175
14.61311, 0.3789367, 0.3736622, 0.3548229
14.62412, 0.3645987, 0.3724396, 0.3529925
14.63519, 0.3638575, 0.3714935, 0.3511722
14.64644, 0.3567199, 0.3701268, 0.3494428
14.65751, 0.3549355, 0.3687753, 0.3477752
14.66849, 0.3512819, 0.3674364, 0.3462251
14.67978, 0.3391362, 0.3657717, 0.3445855
14.69089, 0.3475647, 0.3645703, 0.3430066
14.70186, 0.3653792, 0.3642746, 0.3415156
14.71303, 0.3461021, 0.3633257, 0.3400664
14.72419, 0.3495133, 0.3626548, 0.3387192
14.7352, 0.3534116, 0.3621971, 0.3373486
14.74634, 0.3532692, 0.3614615, 0.3360514
14.75761, 0.3666757, 0.3614416, 0.3348678
14.76849, 0.3738803, 0.3616375, 0.3337182
14.77968, 0.3574759, 0.3610489, 0.3326299
14.79082, 0.3407796, 0.3595508, 0.3315738
14.80187, 0.3518329, 0.358805, 0.3305065
14.813, 0.3514842, 0.357225, 0.3295394
14.82408, 0.3513242, 0.3559077, 0.3286418
14.83521, 0.3500713, 0.3544645, 0.3277935
14.84641, 0.3418947, 0.3533293, 0.3270012
14.8574, 0.3372813, 0.3520005, 0.3264372
14.86833, 0.3336688, 0.3508479, 0.3257703
14.8797, 0.3370302, 0.3499526, 0.3251902
14.89069, 0.3251127, 0.3486442, 0.3246261
14.90165, 0.3285322, 0.348114, 0.3241077
14.913, 0.3292792, 0.3471997, 0.323641
14.92406, 0.3331815, 0.3455898, 0.3232312
14.93511, 0.3304231, 0.3448058, 0.322949
14.94623, 0.3316825, 0.3439143, 0.3226177
14.95735, 0.3315932, 0.3428234, 0.3223497
14.96838, 0.3270087, 0.3415104, 0.3221855
14.97955, 0.3235306, 0.3393531, 0.3220398
14.99074, 0.3250766, 0.3369129, 0.322105
15.00174, 0.3245763, 0.335268, 0.3221368
15.01287, 0.323157, 0.3343868, 0.3221678
15.02405, 0.3239024, 0.3329903, 0.3222685
15.0351, 0.3239455, 0.3316134, 0.3224028
15.04625, 0.3250594, 0.3303001, 0.3226843
15.05729, 0.3258048, 0.3290868, 0.3229551
15.06833, 0.3244229, 0.3282132, 0.323449
15.07953, 0.3242958, 0.3275639, 0.3236739
15.09437, 0.3232689, 0.3270439, 0.3242536
15.10168, 0.3200271, 0.3261937, 0.3244975
15.11288, 0.3200271, 0.3259395, 0.3250287
15.1241, 0.3229465, 0.3256602, 0.3255724
15.13493, 0.3229807, 0.3253453, 0.3262197
15.1461, 0.322848, 0.3248286, 0.3269488
15.15753, 0.3211085, 0.3243629, 0.3276708
15.16821, 0.319016, 0.3237296, 0.3285981
15.17955, 0.3184887, 0.3230743, 0.3293862
15.1907, 0.3167678, 0.3225623, 0.3302897
15.2016, 0.3133853, 0.322055, 0.3312844
15.21277, 0.3126774, 0.3214351, 0.3323037
15.22397, 0.3152228, 0.3209674, 0.3332441
15.23505, 0.3154081, 0.3205799, 0.3344334
15.24617, 0.3149126, 0.3201305, 0.3356648
15.25721, 0.3173126, 0.3197988, 0.3368419
15.26831, 0.3161292, 0.3193523, 0.338078
15.27956, 0.3182135, 0.3189728, 0.3394958
15.29058, 0.3186176, 0.3186825, 0.3408372
15.30143, 0.3190792, 0.3184217, 0.3421545
15.31293, 0.3194045, 0.3182285, 0.3436583
15.32384, 0.3202428, 0.3182393, 0.3450894
15.33494, 0.3146333, 0.3179696, 0.3466741
15.34616, 0.3260261, 0.3181235, 0.3482597
15.35724, 0.3191654, 0.3179328, 0.3499085
15.36829, 0.319576, 0.3177692, 0.3515586
15.3793, 0.3214782, 0.3177877, 0.3535112
15.39058, 0.3336767, 0.3185207, 0.3553671
15.40145, 0.3294417, 0.3190684, 0.3573534
15.41272, 0.328754, 0.3196677, 0.3593287
15.42394, 0.3404845, 0.3210226, 0.3612109
15.43489, 0.3425092, 0.3225142, 0.3631736
15.44603, 0.3547726, 0.3244917, 0.3652945
15.45721, 0.3551686, 0.3264797, 0.3676116
15.46831, 0.3588107, 0.3286746, 0.3698133
15.4793, 0.3645706, 0.3310376, 0.371787
15.49053, 0.3403779, 0.33225, 0.3740816
15.50151, 0.3434594, 0.3335123, 0.3762249
15.51265, 0.370519, 0.3361073, 0.3785017
15.52382, 0.3568859, 0.3379977, 0.3807899
15.53486, 0.3592818, 0.3399915, 0.3833423
15.54593, 0.3730268, 0.3426307, 0.3859296
15.55706, 0.3719598, 0.3454971, 0.3883388
15.56823, 0.3593113, 0.3471613, 0.3909582
15.57923, 0.3688108, 0.3496436, 0.3937342
15.59035, 0.3709721, 0.3522134, 0.3964626
15.60137, 0.3679576, 0.3545373, 0.3993822
15.61266, 0.3576077, 0.3557339, 0.4022737
15.62383, 0.3737678, 0.3579502, 0.4050633
15.63475, 0.3726708, 0.360146, 0.4078577
15.64589, 0.3918458, 0.3627141, 0.4112027
15.65697, 0.3990496, 0.3655411, 0.4143566
15.66805, 0.3879141, 0.3671982, 0.4174647
15.67923, 0.3839408, 0.3686368, 0.4204994
15.69038, 0.3766347, 0.369528, 0.4237123
15.70149, 0.3833446, 0.3704667, 0.426991
15.7125, 0.3799178, 0.3724437, 0.4302546
15.72377, 0.3782884, 0.3741851, 0.4335718
15.73475, 0.3773848, 0.3745284, 0.436947
15.74593, 0.3778934, 0.3755788, 0.4405453
15.75683, 0.3743689, 0.3763331, 0.4438778
15.76803, 0.3767115, 0.3765173, 0.4475643
15.7793, 0.3721932, 0.376529, 0.450741
15.79067, 0.3725739, 0.3771921, 0.4544318
15.80133, 0.3744355, 0.3774734, 0.4579734
15.81262, 0.3768367, 0.3777666, 0.4617549
15.82359, 0.3813728, 0.3784374, 0.4655393
15.83466, 0.382458, 0.3796799, 0.4693636
15.84587, 0.3798433, 0.3799837, 0.4733908
15.85693, 0.3874162, 0.3807209, 0.4776893
15.86785, 0.402944, 0.3812758, 0.4816446
15.8792, 0.4151163, 0.3820792, 0.4855527
15.89015, 0.4145169, 0.3834093, 0.4896128
15.90123, 0.4182905, 0.3851268, 0.4934924
15.91259, 0.4298849, 0.3877893, 0.4977939
15.92349, 0.4413095, 0.3906876, 0.5017866
15.93458, 0.444979, 0.3939406, 0.506002
15.94587, 0.4675871, 0.3984056, 0.5103455
15.95675, 0.4653128, 0.4028019, 0.5146441
15.96805, 0.4575967, 0.4067871, 0.5190806
15.97908, 0.4644863, 0.411293, 0.5236505
15.99009, 0.4499663, 0.4149557, 0.528098
16.0012, 0.4530965, 0.4190009, 0.5325996
16.01243, 0.4408356, 0.422414, 0.5371675
16.0234, 0.4628104, 0.4268327, 0.5417691
16.03475, 0.4613639, 0.4310591, 0.5464975
16.04578, 0.4585583, 0.4349183, 0.5508839
16.05679, 0.463206, 0.4389558, 0.5557638
16.06791, 0.4593892, 0.442933, 0.5605106
16.07944, 0.465308, 0.4468277, 0.5654622
16.09016, 0.4639206, 0.4498765, 0.5701196
16.10112, 0.4758931, 0.4529153, 0.5748075
16.11247, 0.4725073, 0.4558149, 0.5798538
16.12347, 0.473548, 0.4585778, 0.5848117
16.13461, 0.4779592, 0.4609815, 0.5898187
16.1456, 0.4784337, 0.4628377, 0.5946534
16.15675, 0.4922544, 0.4652015, 0.5997631
16.16784, 0.497311, 0.4666876, 0.6048526
16.17902, 0.4967375, 0.4682589, 0.6099374
16.19008, 0.5120544, 0.4709817, 0.6150848
16.20119, 0.5149969, 0.4735073, 0.6203002
16.21227, 0.5122162, 0.4766198, 0.6255227
16.22332, 0.5130842, 0.4796192, 0.6304011
16.23446, 0.5163599, 0.4833954, 0.6357076
16.24567, 0.5198095, 0.4862453, 0.641243
16.25667, 0.5294476, 0.4896495, 0.6467128
16.26776, 0.5329903, 0.4933712, 0.652155
16.27901, 0.5324387, 0.4968328, 0.6578675
16.28993, 0.5927516, 0.5035008, 0.6633016
16.30115, 0.5632172, 0.5083963, 0.6695414
16.31225, 0.5618985, 0.5132952, 0.6750085
16.32367, 0.5416226, 0.5165817, 0.6805347
16.3345, 0.5525877, 0.5205857, 0.6858924
16.34562, 0.5581031, 0.5248134, 0.6915428
16.35675, 0.564642, 0.5291475, 0.6975201
16.36771, 0.5681537, 0.5336335, 0.7032629
16.37885, 0.5687463, 0.5374581, 0.7087571
16.38996, 0.5687588, 0.5410305, 0.7146119
16.40105, 0.5699427, 0.5446908, 0.7206472
16.41233, 0.5728315, 0.5477296, 0.7266952
16.42338, 0.5770422, 0.5508319, 0.7324278
16.43434, 0.5760005, 0.5540211, 0.7384579
16.44547, 0.5799228, 0.557363, 0.744405
16.45663, 0.5985472, 0.5614724, 0.7506518
16.46768, 0.608237, 0.5658938, 0.7567658
16.47886, 0.6638374, 0.5726132, 0.7629837
16.49038, 0.6605046, 0.5789889, 0.7693817
16.50148, 0.663366, 0.5855353, 0.7755879
16.51273, 0.6672782, 0.5892617, 0.781952
16.52379, 0.6658617, 0.5943939, 0.7886202
16.53482, 0.6596465, 0.5992813, 0.7948889
16.54657, 0.6112315, 0.6027617, 0.8014795
16.55755, 0.6378611, 0.6070254, 0.8078399
16.56833, 0.6399925, 0.6111199, 0.8140652
16.58037, 0.6419181, 0.6149837, 0.8211511
16.59093, 0.6373767, 0.6184449, 0.8273683
16.6019, 0.6422723, 0.6221212, 0.8339091
16.61288, 0.6505562, 0.626211, 0.8404328
16.62402, 0.6742347, 0.6314256, 0.8467733
16.63526, 0.6287291, 0.6342205, 0.8534945
16.64534, 0.6458897, 0.6376628, 0.8595582
16.65667, 0.6887487, 0.6433002, 0.8664481
16.66766, 0.7127365, 0.6499409, 0.8731107
16.679, 0.7278898, 0.6564081, 0.8798684
16.69091, 0.7835721, 0.6651748, 0.8871217
16.70209, 0.7731832, 0.6706421, 0.8938704
16.71302, 0.818434, 0.6785386, 0.9005697
16.72402, 0.8382022, 0.6872804, 0.9073003
16.73509, 0.75813, 0.6918229, 0.9140763
16.74543, 0.800118, 0.6985358, 0.9203471
16.75642, 0.7439761, 0.7027522, 0.927115
16.76753, 0.7072775, 0.7075545, 0.9339933
16.7787, 0.6536662, 0.7083448, 0.9407814
16.79063, 0.6981001, 0.7112502, 0.9483367
16.80177, 0.6935151, 0.71383, 0.9551238
16.81272, 0.7859961, 0.721261, 0.9619493
16.8239, 0.6914216, 0.7237185, 0.9692147
16.83523, 0.7560802, 0.7289947, 0.976346
16.84649, 0.8066343, 0.7356147, 0.9834327
16.8576, 0.7628639, 0.7423214, 0.9907302
16.86871, 0.9111601, 0.755585, 0.9977784
16.87981, 0.9580834, 0.7690517, 1.004665
16.89006, 0.9266285, 0.7797464, 1.011162
16.90086, 0.8036271, 0.7835332, 1.018068
16.91207, 0.8487777, 0.7867935, 1.025186
16.92304, 0.8291616, 0.7895924, 1.032183
16.93424, 0.8335888, 0.7903501, 1.039316
16.94656, 0.9188125, 0.7943806, 1.047356
16.95742, 0.9340475, 0.8031765, 1.054322
16.96848, 0.9534819, 0.8108447, 1.061493
16.97976, 0.8542553, 0.8163587, 1.068837
16.9898, 0.988713, 0.8304304, 1.075368
17.001, 1.059593, 0.8507268, 1.082355
17.01183, 0.9858841, 0.8651159, 1.089489
17.02308, 0.9978189, 0.880331, 1.096863
17.03433, 0.887347, 0.8853986, 1.104226
17.04537, 0.9457451, 0.8981148, 1.111604
17.05638, 0.9748002, 0.9090508, 1.119045
17.06739, 0.835186, 0.9104783, 1.126327
17.0787, 0.9787887, 0.9212745, 1.133847
17.08974, 1.000538, 0.9257435, 1.1412
17.10115, 1.030224, 0.9293505, 1.148783
17.1119, 1.119353, 0.9389867, 1.155995
17.12314, 0.9968306, 0.9486468, 1.163615
17.13398, 0.9928243, 0.9558492, 1.170787
17.14526, 0.9914904, 0.9639657, 1.17838
17.15631, 0.9577534, 0.970174, 1.185644
17.16744, 0.9514213, 0.9718044, 1.193145
17.17872, 0.9451612, 0.9723601, 1.200675
17.18965, 0.9675568, 0.9730638, 1.208048
17.20075, 0.9573318, 0.9782177, 1.215577
17.212, 0.96067, 0.9768156, 1.223142
17.22308, 0.9692672, 0.9722993, 1.230667
17.23417, 0.9741508, 0.9717127, 1.237892
17.24527, 0.9712246, 0.970383, 1.245394
17.25633, 0.9352247, 0.9727769, 1.25281
17.26736, 0.9373018, 0.9723547, 1.260256
17.27865, 0.9210752, 0.9696685, 1.267962
17.28971, 0.8762628, 0.9717223, 1.275458
17.30073, 0.8887867, 0.9672222, 1.283027
17.31187, 0.8975202, 0.9620713, 1.290741
17.32294, 0.9084867, 0.9559845, 1.298281
17.33408, 0.9275427, 0.9463941, 1.305928
17.3452, 0.917585, 0.9424318, 1.313541
17.35632, 0.9259844, 0.9390898, 1.321084
17.36721, 0.9312083, 0.9360756, 1.328538
17.37865, 0.9383119, 0.9351035, 1.336523
17.38975, 0.9121981, 0.9331424, 1.344144
17.40067, 0.9154248, 0.9316555, 1.351614
17.41179, 1.002425, 0.9333989, 1.359262
17.42281, 1.053576, 0.9382111, 1.366603
17.43398, 1.133461, 0.9468506, 1.374262
17.44511, 1.82565, 0.9896698, 1.381918
17.457, 1.852125, 1.033569, 1.390149
17.46739, 1.85928, 1.077971, 1.397277
17.47859, 1.821785, 1.122299, 1.404916
17.4897, 1.775796, 1.164224, 1.412532
17.5006, 1.822641, 1.209302, 1.420004
17.51174, 1.878761, 1.259427, 1.427589
17.52295, 1.913271, 1.310652, 1.435277
17.53398, 1.90523, 1.361037, 1.442806
17.54511, 1.874886, 1.409357, 1.450406
17.55617, 1.07995, 1.416977, 1.45798
17.56727, 1.081727, 1.425184, 1.46553
17.57873, 1.114462, 1.434608, 1.473342
17.58955, 1.097035, 1.4429, 1.480729
17.60074, 1.093373, 1.450653, 1.488502
17.61181, 1.142311, 1.462158, 1.49569
17.6228, 1.141476, 1.473461, 1.503152
17.63393, 1.143179, 1.480499, 1.510743
17.64503, 1.173142, 1.486477, 1.51827
17.6561, 1.19676, 1.489642, 1.525778
17.66724, 1.129134, 1.454816, 1.53332
17.67841, 1.138592, 1.419139, 1.540872
17.68952, 1.152042, 1.383777, 1.54837
17.70059, 1.148128, 1.350095, 1.556283
17.71181, 1.177099, 1.32016, 1.563864
17.7228, 1.33422, 1.295738, 1.571643
17.73392, 1.249233, 1.264262, 1.579144
17.74493, 1.131224, 1.22516, 1.586608
17.75617, 1.109201, 1.185358, 1.594317
17.76713, 1.147682, 1.148998, 1.60174
17.77837, 1.167308, 1.153366, 1.60948
17.78937, 1.239254, 1.161242, 1.616943
17.80046, 1.232169, 1.167128, 1.624412
17.81164, 1.223688, 1.17346, 1.63188
17.82265, 1.237464, 1.180665, 1.639137
17.83375, 1.263922, 1.186746, 1.64665
17.8449, 1.250714, 1.192208, 1.654174
17.85632, 1.29429, 1.199763, 1.661843
17.86709, 1.327375, 1.207475, 1.669092
17.87831, 1.301118, 1.212693, 1.67661
17.88937, 1.340381, 1.223255, 1.68405
17.9003, 1.335141, 1.233083, 1.691376
17.91155, 1.329466, 1.241954, 1.699014
17.92266, 1.363515, 1.252723, 1.706454
17.93376, 1.346152, 1.261176, 1.713858
17.94498, 1.352221, 1.262076, 1.721658
17.95602, 1.28779, 1.264004, 1.729077
17.96719, 1.298671, 1.272376, 1.736527
17.97822, 1.266378, 1.280235, 1.743878
17.98927, 1.272967, 1.286499, 1.751049
18.00045, 1.332725, 1.29477, 1.758412
18.01154, 1.361522, 1.300883, 1.765648
18.02262, 1.41115, 1.309832, 1.773028
18.03372, 1.360527, 1.316674, 1.780551
18.04497, 1.311224, 1.320362, 1.787948
18.05588, 1.365614, 1.325447, 1.794789
18.06704, 1.369205, 1.331371, 1.80208
18.07824, 1.388379, 1.336076, 1.809154
18.08936, 1.405292, 1.339972, 1.8163
18.10037, 1.392878, 1.34456, 1.823311
18.11165, 1.393457, 1.347214, 1.8307
18.12265, 1.416128, 1.351263, 1.837797
18.13374, 1.40485, 1.355032, 1.844881
18.14484, 1.380229, 1.355868, 1.852009
18.15592, 1.286485, 1.352885, 1.859161
18.16697, 1.474073, 1.358977, 1.866209
18.17816, 1.343788, 1.361777, 1.873357
18.18926, 1.394577, 1.366572, 1.880742
18.20024, 1.349526, 1.37073, 1.887655
18.21152, 1.313434, 1.372753, 1.894813
18.22264, 1.399858, 1.37611, 1.901867
18.23368, 1.368535, 1.376461, 1.908891
18.24495, 1.411957, 1.376501, 1.916006
18.25578, 1.498423, 1.383396, 1.922656
18.26695, 1.489793, 1.392324, 1.929573
18.27815, 1.478769, 1.397982, 1.936656
18.28919, 1.380323, 1.398538, 1.943513
18.30028, 1.344254, 1.396331, 1.950382
18.31146, 1.319812, 1.392057, 1.9573
18.32254, 1.296392, 1.387233, 1.964113
18.33688, 1.279595, 1.38154, 1.973022
18.34475, 1.285398, 1.375004, 1.977849
18.3558, 1.29254, 1.369388, 1.984417
18.36689, 1.281681, 1.364461, 1.991105
18.37805, 1.286977, 1.364485, 1.997372
18.38914, 1.338376, 1.357701, 2.003948
18.40006, 1.334019, 1.357212, 2.010392
18.41145, 1.33434, 1.3542, 2.017272
18.42244, 1.551759, 1.364312, 2.023716
18.43348, 1.373182, 1.367299, 2.030172
18.44476, 1.454493, 1.370031, 2.036691
18.45577, 1.445998, 1.373904, 2.042812
18.46685, 1.505396, 1.378576, 2.049119
18.47794, 1.51736, 1.379523, 2.055327
18.48906, 1.465026, 1.378285, 2.061706
18.50013, 1.51857, 1.380275, 2.067983
18.51139, 1.582098, 1.390363, 2.074567
18.52239, 1.56067, 1.401184, 2.08066
18.53344, 1.556001, 1.412994, 2.086838
18.54463, 1.570235, 1.426686, 2.092971
18.55559, 1.568355, 1.441124, 2.098721
18.56675, 1.580472, 1.455878, 2.104781
18.57806, 1.569692, 1.469735, 2.110899
18.589, 1.546787, 1.48299, 2.116844
18.60006, 1.564325, 1.496858, 2.122817
18.61177, 1.590197, 1.509449, 2.12895
18.62247, 1.588294, 1.522162, 2.134587
18.63371, 1.585375, 1.534714, 2.140703
18.64481, 1.598861, 1.537069, 2.146489
18.65556, 1.635593, 1.55019, 2.152022
18.66682, 1.61906, 1.558418, 2.157796
18.67785, 1.61086, 1.566661, 2.163337
18.68909, 1.605872, 1.571685, 2.169019
18.70004, 1.628178, 1.577226, 2.174515
18.71127, 1.625613, 1.585256, 2.180025
18.72223, 1.500858, 1.58437, 2.185453
18.7334, 1.484559, 1.579493, 2.190897
18.74457, 1.484207, 1.57567, 2.196354
18.75561, 1.444613, 1.5701, 2.201612
18.76668, 1.42116, 1.562647, 2.207065
18.77797, 1.424324, 1.555445, 2.212458
18.78884, 1.409447, 1.546894, 2.217574
18.80011, 1.391506, 1.537984, 2.222939
18.81119, 1.448115, 1.533051, 2.228229
18.82231, 1.466675, 1.528168, 2.233428
18.83328, 1.496944, 1.523506, 2.238403
18.84448, 1.491834, 1.518683, 2.243549
18.85562, 1.479089, 1.513368, 2.248682
18.86653, 1.516409, 1.509246, 2.253623
18.87783, 1.503145, 1.502623, 2.258675
18.88883, 1.492756, 1.496308, 2.263629
18.89991, 1.513987, 1.491465, 2.268551
18.91118, 1.513588, 1.486851, 2.273578
18.92216, 1.442811, 1.477582, 2.278316
18.93333, 1.418998, 1.467252, 2.283056
18.94439, 1.419973, 1.463207, 2.287814
18.95551, 1.417891, 1.459874, 2.292511
18.96666, 1.408687, 1.456098, 2.297065
18.97773, 1.734421, 1.470588, 2.301974
18.98891, 1.200373, 1.459549, 2.306634
18.99993, 1.306531, 1.453659, 2.31116
19.01103, 1.300841, 1.448229, 2.315635
19.02226, 1.490712, 1.453189, 2.320164
19.03321, 1.44473, 1.45302, 2.324776
19.04447, 1.433246, 1.451349, 2.329231
19.05546, 1.393335, 1.446168, 2.333497
19.06655, 1.418873, 1.44252, 2.337751
19.07804, 1.411972, 1.439164, 2.342118
19.08877, 1.397438, 1.433216, 2.346259
19.09994, 1.387849, 1.427451, 2.350486
19.11101, 1.380744, 1.42185, 2.354535
19.12202, 1.395708, 1.415936, 2.358551
19.1332, 1.390241, 1.409769, 2.362792
19.14455, 1.344486, 1.404853, 2.366847
19.15529, 1.375197, 1.402663, 2.371143
19.16639, 1.386193, 1.400973, 2.374443
19.17769, 1.374861, 1.398822, 2.378338
19.1888, 1.433526, 1.400064, 2.381917
19.1999, 1.445105, 1.385598, 2.385649
19.2111, 1.437617, 1.39746, 2.389267
19.22205, 1.457346, 1.405001, 2.39281
19.23343, 1.504961, 1.415207, 2.396695
19.24449, 1.477855, 1.414564, 2.400186
19.25536, 1.449577, 1.414806, 2.403625
19.26646, 1.545458, 1.420417, 2.407045
19.27761, 1.568382, 1.429169, 2.410618
19.28868, 1.575468, 1.436999, 2.414056
19.29988, 1.572334, 1.445017, 2.417405
19.31103, 1.537085, 1.452, 2.420555
19.322, 1.560305, 1.460622, 2.423709
19.33317, 1.563261, 1.469748, 2.426822
19.34426, 1.530602, 1.476493, 2.429889
19.35546, 1.537303, 1.483846, 2.432875
19.36639, 1.541449, 1.493694, 2.4359
19.37755, 1.53282, 1.501575, 2.43898
19.38869, 1.529374, 1.508734, 2.441965
19.39971, 1.531084, 1.516546, 2.444784
19.41099, 1.498187, 1.519779, 2.447584
19.422, 1.505237, 1.522785, 2.450322
19.43298, 1.495016, 1.525656, 2.452839
19.44429, 1.539331, 1.529755, 2.455511
19.45547, 1.615571, 1.535285, 2.457995
19.46645, 1.637862, 1.543286, 2.460366
19.47756, 1.671049, 1.554359, 2.462917
19.48859, 1.709827, 1.562577, 2.46552
19.49975, 1.647944, 1.566556, 2.467905
19.51094, 1.557101, 1.565637, 2.470285
19.5218, 1.532664, 1.563654, 2.472502
19.53302, 1.53833, 1.563716, 2.474707
19.54431, 1.548791, 1.56314, 2.476899
19.55508, 1.576423, 1.563798, 2.479521
19.56634, 1.608478, 1.567692, 2.481618
19.57757, 1.614014, 1.571528, 2.483112
19.58853, 1.779623, 1.583436, 2.484917
19.59958, 1.723948, 1.592993, 2.48691
19.61075, 1.724587, 1.602754, 2.48869
19.62188, 1.662988, 1.609349, 2.490508
19.63293, 1.692151, 1.619047, 2.492244
19.64413, 1.650225, 1.626296, 2.493973
19.65512, 1.645008, 1.633796, 2.495616
19.66637, 1.631372, 1.638398, 2.497093
19.6774, 1.749607, 1.645099, 2.499047
19.68852, 1.746589, 1.650536, 2.500574
19.69958, 1.716242, 1.652796, 2.502056
19.71086, 1.788379, 1.656723, 2.503178
19.72182, 1.776114, 1.663132, 2.504516
19.7329, 1.738684, 1.672211, 2.505918
19.74406, 1.725488, 1.681852, 2.507183
19.75513, 1.734162, 1.691643, 2.508671
19.7663, 1.69437, 1.698922, 2.509865
19.77747, 1.685985, 1.7044, 2.511013
19.78842, 1.661491, 1.707051, 2.512077
19.79958, 1.622313, 1.707466, 2.51311
19.81079, 1.670342, 1.702002, 2.513927
19.8218, 1.602701, 1.695939, 2.514937
19.83281, 1.600031, 1.689712, 2.51577
19.84424, 1.567151, 1.68492, 2.516561
19.85511, 1.48579, 1.674602, 2.51733
19.86615, 1.522674, 1.668224, 2.518021
19.8773, 1.521019, 1.662025, 2.51823
19.88846, 1.554992, 1.658206, 2.518988
19.89948, 1.54713, 1.648082, 2.519483
19.91061, 1.523241, 1.636914, 2.520094
19.92165, 1.458963, 1.62405, 2.520505
19.93279, 1.419595, 1.605611, 2.52107
19.94397, 1.378026, 1.585707, 2.521312
19.95502, 1.381328, 1.567839, 2.521612
19.96619, 1.375583, 1.550344, 2.521823
19.97739, 1.383947, 1.532833, 2.522093
19.98835, 1.437061, 1.519967, 2.522068
19.99948, 1.661262, 1.518731, 2.522069
20.01058, 1.797238, 1.525518, 2.522039
