0.0112809, 2.361596, 2.361596, 2.536074
0.0215393, 2.319635, 2.340615, 2.535998
0.0325702, 2.310309, 2.330513, 2.535878
0.043441, 2.374795, 2.341584, 2.535691
0.0549223, 2.364094, 2.346086, 2.535455
0.0658276, 2.189673, 2.320017, 2.535132
0.0768723, 2.237196, 2.308186, 2.534791
0.088255, 2.163179, 2.29006, 2.53444
0.0991839, 2.21019, 2.281185, 2.534022
0.1102955, 2.277616, 2.280828, 2.53353
0.12199, 2.260443, 2.278975, 2.532919
0.1333472, 2.274154, 2.278574, 2.532295
0.1436172, 2.228039, 2.274686, 2.531764
0.1547517, 2.265434, 2.274025, 2.531051
0.1656944, 2.124079, 2.264029, 2.530163
0.1768722, 2.076272, 2.252294, 2.529306
0.1881846, 2.158019, 2.246748, 2.528456
0.1990858, 2.262779, 2.247639, 2.527517
0.2102546, 2.155683, 2.242799, 2.526461
0.2213906, 2.07996, 2.234657, 2.525405
0.23235, 2.356382, 2.234397, 2.52432
0.2434724, 2.349586, 2.235894, 2.523105
0.2547637, 2.379174, 2.239337, 2.521866
0.2657265, 2.192629, 2.230229, 2.520605
0.2768163, 2.132271, 2.218638, 2.519281
0.2880691, 2.196479, 2.218978, 2.517954
0.2991015, 2.110705, 2.212654, 2.516523
0.3100368, 2.126814, 2.210836, 2.515115
0.3213553, 2.075813, 2.204117, 2.513519
0.3324179, 1.975158, 2.188994, 2.511914
0.3434362, 1.987392, 2.175342, 2.510274
0.3545739, 1.919921, 2.15763, 2.508593
0.3656695, 1.926522, 2.142554, 2.506857
0.3766736, 1.93208, 2.125886, 2.505059
0.3880088, 1.947805, 2.117073, 2.50314
0.3989686, 2.07611, 2.117064, 2.501247
0.4100912, 1.965979, 2.107462, 2.499265
0.4212746, 1.993547, 2.094001, 2.497236
0.4323681, 2.037454, 2.088089, 2.495171
0.4433092, 1.970146, 2.082599, 2.493077
0.4545327, 2.016359, 2.065598, 2.490882
0.4656432, 1.976512, 2.046944, 2.488663
0.4766517, 2.020139, 2.028992, 2.486406
0.4880618, 1.96798, 2.01776, 2.484052
0.4990248, 1.97261, 2.009777, 2.481698
0.5100301, 1.963671, 1.998136, 2.479463
0.5213894, 1.987568, 1.991979, 2.47694
0.5352179, 2.010593, 1.986168, 2.473812
0.543412, 1.971276, 1.980941, 2.471945
0.55468, 1.974236, 1.980895, 2.469302
0.5655333, 2.059634, 1.984507, 2.466698
0.5766504, 2.050548, 1.991039, 2.463919
0.5878634, 2.10741, 2.000083, 2.46115
0.5988625, 2.018858, 2.004422, 2.458361
0.6099733, 1.938227, 2.003943, 2.455463
0.6211843, 1.939053, 1.99709, 2.452543
0.63225, 1.950904, 1.996337, 2.449597
0.6432136, 1.970795, 1.995199, 2.446615
0.6545728, 1.9095, 1.988801, 2.443492
0.6655893, 1.945983, 1.987593, 2.440419
0.6767226, 1.954927, 1.984522, 2.437243
0.6877787, 2.088403, 1.990116, 2.434054
0.6987786, 2.247344, 2.001477, 2.430849
0.7100105, 2.227053, 2.014431, 2.427464
0.7213401, 2.303355, 2.030968, 2.424088
0.7322845, 2.407083, 2.053138, 2.420739
0.743202, 2.569455, 2.082232, 2.417383
0.7544942, 2.589015, 2.111154, 2.413843
0.7655731, 2.525463, 2.138863, 2.410322
0.7768856, 2.560778, 2.16819, 2.406716
0.788339, 2.634249, 2.196921, 2.402996
0.7989817, 2.53749, 2.221268, 2.399494
0.8099974, 2.343623, 2.233079, 2.395828
0.8210713, 2.384066, 2.251339, 2.392066
0.8319165, 2.280481, 2.268452, 2.38835
0.8433434, 2.391898, 2.291094, 2.384349
0.8546819, 2.251221, 2.30611, 2.380375
0.8653333, 2.186055, 2.316873, 2.376624
0.8765848, 2.207716, 2.331784, 2.372608
0.8877466, 2.066672, 2.337818, 2.368406
0.8987385, 2.088749, 2.34451, 2.364329
0.9097601, 2.007591, 2.340469, 2.360236
0.9211025, 2.040078, 2.330106, 2.355994
0.9320233, 2.040747, 2.32079, 2.351862
0.9431754, 2.045362, 2.30789, 2.347564
0.9543689, 2.067751, 2.290924, 2.343236
0.965332, 2.057784, 2.265341, 2.33892
0.976423, 2.043225, 2.238051, 2.334536
0.9879155, 1.970917, 2.210324, 2.330049
0.9987276, 2.015385, 2.183054, 2.325705
1.009789, 1.921035, 2.147393, 2.321207
1.021103, 1.839086, 2.112473, 2.316384
1.032002, 1.883122, 2.089448, 2.3118
1.043014, 1.866367, 2.063563, 2.307183
1.054362, 1.883182, 2.043698, 2.302377
1.065333, 1.882729, 2.018239, 2.297634
1.076334, 1.77292, 1.994324, 2.292886
1.087732, 1.696518, 1.969847, 2.288029
1.098697, 1.676251, 1.943274, 2.283208
1.109952, 1.690906, 1.924486, 2.278206
1.121064, 1.685199, 1.904308, 2.273218
1.13213, 1.652137, 1.886535, 2.268234
1.143074, 1.636253, 1.866344, 2.263299
1.154206, 1.638972, 1.846256, 2.258293
1.165448, 1.63531, 1.825753, 2.253114
1.176661, 1.635656, 1.804148, 2.247902
1.187632, 1.629556, 1.782737, 2.242795
1.198567, 1.625589, 1.761855, 2.237671
1.209594, 1.629367, 1.744778, 2.232437
1.220953, 1.600012, 1.724009, 2.227048
1.231963, 1.537819, 1.704848, 2.221751
1.243036, 1.560704, 1.690929, 2.216401
1.254387, 1.547736, 1.67416, 2.210851
1.26531, 1.616525, 1.661668, 2.205416
1.276899, 1.553971, 1.645207, 2.199672
1.287635, 1.529386, 1.62754, 2.194272
1.29878, 1.460639, 1.611926, 2.188644
1.309808, 1.469907, 1.600595, 2.183025
1.320889, 1.469782, 1.590272, 2.177266
1.332085, 1.471311, 1.579292, 2.171511
1.343062, 1.46032, 1.568048, 2.165842
1.354228, 1.459438, 1.558413, 2.160022
1.365334, 1.536502, 1.553426, 2.154229
1.37639, 1.562142, 1.549584, 2.148407
1.387633, 1.579652, 1.546801, 2.142467
1.398598, 1.607756, 1.545406, 2.13664
1.409601, 1.578945, 1.542876, 2.13075
1.420836, 1.608065, 1.542, 2.124736
1.432055, 1.603362, 1.540699, 2.118669
1.442973, 1.584553, 1.539926, 2.112771
1.454096, 1.625884, 1.54433, 2.106702
1.465237, 1.642878, 1.548438, 2.100592
1.476415, 1.672356, 1.554669, 2.094425
1.487483, 1.640284, 1.555857, 2.088317
1.498484, 1.631161, 1.559717, 2.082209
1.5097, 1.656263, 1.566061, 2.075928
1.520821, 1.65116, 1.575587, 2.069685
1.531781, 1.609593, 1.582571, 2.063494
1.542914, 1.879297, 1.603047, 2.05719
1.554125, 1.650692, 1.612016, 2.050787
1.565122, 1.68962, 1.623481, 2.044493
1.57624, 1.676502, 1.634334, 2.038085
1.587499, 1.684726, 1.641746, 2.031561
1.59854, 1.707399, 1.649009, 2.025172
1.609398, 1.727825, 1.656417, 2.01883
1.620716, 1.785056, 1.665282, 2.01222
1.631834, 1.650582, 1.668864, 2.00569
1.642858, 1.621896, 1.669556, 1.998783
1.654055, 1.617269, 1.670251, 1.992122
1.665056, 1.603825, 1.671214, 1.985519
1.676157, 1.572473, 1.668544, 1.978849
1.687248, 1.545838, 1.663692, 1.972129
1.698351, 1.574586, 1.658803, 1.965434
1.709472, 1.571181, 1.655348, 1.958629
1.720837, 1.588288, 1.653204, 1.951713
1.731811, 1.58988, 1.649885, 1.945015
1.742894, 1.577066, 1.64618, 1.938212
1.75402, 1.585967, 1.644999, 1.931361
1.765105, 1.599558, 1.631012, 1.924447
1.776149, 1.580357, 1.627496, 1.917596
1.78747, 1.58799, 1.622414, 1.910602
1.798394, 1.762188, 1.626698, 1.90379
1.809429, 1.772532, 1.631089, 1.897048
1.820921, 1.631378, 1.627288, 1.889833
1.831699, 1.627927, 1.622293, 1.883061
1.8428, 1.618394, 1.61396, 1.876095
1.854182, 1.744608, 1.618661, 1.868903
1.864991, 1.795363, 1.627334, 1.862045
1.876217, 1.806569, 1.636799, 1.854908
1.887389, 1.867825, 1.649999, 1.847696
1.898253, 1.875992, 1.665175, 1.840708
1.909424, 1.887473, 1.682257, 1.833508
1.920457, 1.897659, 1.698411, 1.826341
1.93182, 1.840269, 1.711865, 1.819821
1.942809, 1.888626, 1.726882, 1.812703
1.954012, 1.951212, 1.744949, 1.805469
1.964979, 1.955767, 1.763884, 1.798388
1.97611, 1.962662, 1.782719, 1.79115
1.987199, 1.894793, 1.79748, 1.783951
1.998332, 1.849637, 1.810944, 1.776784
2.009435, 1.840451, 1.823567, 1.769541
2.020565, 1.976389, 1.834277, 1.762283
2.031818, 1.983233, 1.844812, 1.754906
2.04272, 1.89047, 1.857767, 1.747644
2.053956, 1.861877, 1.869465, 1.738771
2.065, 1.828782, 1.879984, 1.731425
2.076034, 1.815494, 1.883528, 1.724048
2.087095, 1.719901, 1.879755, 1.716599
2.098212, 1.761511, 1.877502, 1.709115
2.109174, 1.706664, 1.869444, 1.701727
2.120477, 1.716113, 1.86145, 1.694119
2.131597, 1.725421, 1.853348, 1.686609
2.142681, 1.612737, 1.839101, 1.679187
2.153739, 1.610826, 1.827629, 1.671696
2.164925, 1.679959, 1.817196, 1.664089
2.176047, 1.656586, 1.802465, 1.656543
2.187315, 1.646671, 1.78701, 1.648943
2.198177, 1.624297, 1.770092, 1.641572
2.209192, 1.605605, 1.755632, 1.63406
2.22046, 1.621502, 1.744226, 1.626397
2.231494, 1.467404, 1.725573, 1.618834
2.242558, 1.452171, 1.699362, 1.611362
2.253741, 1.473438, 1.673873, 1.604214
2.264872, 1.450103, 1.651854, 1.59667
2.275966, 1.432004, 1.630361, 1.589004
2.287116, 1.447255, 1.611284, 1.581358
2.298162, 1.425609, 1.59179, 1.573823
2.30918, 1.377154, 1.574653, 1.566314
2.320308, 1.370833, 1.555119, 1.558665
2.331424, 1.314502, 1.535511, 1.551036
2.342531, 1.301813, 1.514796, 1.543369
2.353705, 1.940631, 1.525556, 1.535691
2.364785, 1.671133, 1.528476, 1.528044
2.376045, 1.553517, 1.52561, 1.520287
2.386958, 1.560039, 1.519614, 1.512788
2.398118, 1.523604, 1.512965, 1.505095
2.40909, 1.588853, 1.510074, 1.497524
2.42028, 1.667488, 1.512234, 1.489768
2.431662, 1.766128, 1.52026, 1.481902
2.442381, 1.814918, 1.529931, 1.474503
2.45367, 1.763039, 1.544713, 1.466711
2.464674, 1.733529, 1.55878, 1.45915
2.475792, 1.740338, 1.572125, 1.451462
2.486949, 0, 1.49962, 1.44375
2.498163, 1.635924, 1.509816, 1.436026
2.509139, 1.622645, 1.518586, 1.428384
2.5203, 1.618047, 1.528208, 1.420902
2.531429, 1.602278, 1.539464, 1.413221
2.542351, 1.534171, 1.547631, 1.405619
2.553642, 1.51992, 1.557902, 1.39783
2.564717, 1.487529, 1.567187, 1.390233
2.575683, 1.426715, 1.541492, 1.382611
2.586923, 1.408479, 1.528359, 1.374767
2.598063, 1.393084, 1.520337, 1.367235
2.609031, 1.389101, 1.51179, 1.359699
2.620298, 1.352764, 1.503248, 1.351929
2.631404, 1.393155, 1.493464, 1.344298
2.64235, 1.874092, 1.503794, 1.336984
2.653814, 1.862647, 1.50862, 1.329136
2.664646, 1.807352, 1.508241, 1.321859
2.675727, 1.834514, 1.511815, 1.314409
2.686866, 1.890687, 1.519673, 1.306817
2.697989, 1.898032, 1.527558, 1.299185
2.709056, 1.792974, 1.617206, 1.291806
2.720202, 1.834689, 1.627145, 1.283986
2.731392, 1.615549, 1.62679, 1.276389
2.742449, 1.621555, 1.626965, 1.269062
2.753444, 1.613648, 1.627534, 1.261614
2.764565, 1.602217, 1.630936, 1.253748
2.775747, 1.654077, 1.637644, 1.24605
2.786804, 1.634217, 1.644978, 1.238561
2.797867, 1.651411, 1.656213, 1.231098
2.809001, 1.668965, 1.669237, 1.223571
2.820125, 1.663921, 1.682779, 1.216055
2.831319, 1.72199, 1.699423, 1.208525
2.842332, 1.794587, 1.721514, 1.201038
2.853611, 1.795586, 1.741636, 1.193483
2.864486, 1.713003, 1.733581, 1.186273
2.875637, 1.679515, 1.724425, 1.178828
2.88676, 1.676621, 1.717888, 1.171408
2.898024, 1.464948, 1.69941, 1.163603
2.908889, 1.439243, 1.676838, 1.156325
2.920049, 1.45585, 1.654729, 1.148917
2.931215, 1.433344, 1.636747, 1.141513
2.942275, 1.410012, 1.615513, 1.133924
2.953402, 1.42741, 1.606106, 1.126569
2.964547, 1.392462, 1.594652, 1.119204
2.975547, 1.396423, 1.583791, 1.111967
2.986727, 1.38175, 1.572767, 1.10482
2.997806, 1.722863, 1.576207, 1.097566
3.008874, 1.742591, 1.581625, 1.090329
3.020002, 1.49751, 1.57393, 1.083046
3.031276, 1.689909, 1.574978, 1.075714
3.0422, 1.687095, 1.576136, 1.068679
3.053413, 1.635305, 1.571802, 1.061433
3.064548, 1.478793, 1.556012, 1.053967
3.075501, 1.447389, 1.538602, 1.046781
3.086778, 1.442636, 1.525084, 1.039539
3.09765, 1.379866, 1.510101, 1.032564
3.10876, 1.376139, 1.495077, 1.025483
3.120112, 1.366977, 1.490179, 1.017999
3.131006, 1.33928, 1.48518, 1.011063
3.142146, 1.272356, 1.476006, 1.004013
3.153279, 1.265417, 1.467609, 0.9969733
3.164223, 1.24391, 1.459304, 0.9901013
3.175438, 1.240071, 1.449937, 0.983054
3.186794, 1.238895, 1.442259, 0.9759534
3.197795, 1.185724, 1.431724, 0.9689497
3.208705, 1.334422, 1.429358, 0.9618817
3.219986, 1.256931, 1.406061, 0.9548868
3.231112, 1.474192, 1.392641, 0.9479992
3.242115, 1.334652, 1.384498, 0.9411534
3.253212, 1.318457, 1.365925, 0.9343345
3.26428, 1.289743, 1.346058, 0.9275262
3.275501, 1.293121, 1.328949, 0.9207492
3.286639, 1.280434, 1.319031, 0.9140168
3.297722, 1.246166, 1.308969, 0.9073175
3.30878, 1.244544, 1.299065, 0.9006541
3.319827, 1.228504, 1.291497, 0.8940465
3.330983, 1.188136, 1.282097, 0.887393
3.342183, 1.164025, 1.271949, 0.880748
3.353194, 1.155866, 1.262779, 0.8742272
3.364278, 1.123679, 1.255345, 0.8674857
3.375367, 1.064797, 1.245314, 0.8609784
3.386524, 1.041091, 1.235173, 0.8544422
3.397587, 0.9813279, 1.222236, 0.8479636
3.408704, 0.9719453, 1.208888, 0.8415028
3.419843, 0.976584, 1.198431, 0.8350634
3.431078, 0.9470744, 1.179064, 0.8285714
3.442186, 0.9530271, 1.163869, 0.8222739
3.453235, 1.040129, 1.142165, 0.8159937
3.464213, 1.039181, 1.127392, 0.8097577
3.475359, 1.042446, 1.113591, 0.8028957
3.486461, 1.026698, 1.100439, 0.796698
3.497556, 1.020272, 1.086797, 0.7905179
3.508625, 1.03741, 1.074645, 0.7843509
3.519804, 1.019263, 1.0633, 0.7781659
3.530829, 1.004959, 1.051321, 0.7720927
3.541977, 1.011197, 1.040455, 0.7659839
3.553283, 0.9810708, 1.030102, 0.7598317
3.564206, 0.9810153, 1.020952, 0.753934
3.575368, 0.9675483, 1.011536, 0.7479228
3.586483, 0.9307368, 1.001889, 0.7420152
3.59757, 0.9376456, 0.9955311, 0.7356666
3.608505, 0.9460652, 0.9907799, 0.7298467
3.619772, 0.9420694, 0.988817, 0.7238847
3.630933, 0.9238547, 0.9864125, 0.7180091
3.641871, 0.8794439, 0.9815556, 0.7122272
3.653082, 0.8809607, 0.9782498, 0.7063992
3.664238, 0.8882585, 0.9750113, 0.7006458
3.675309, 0.887157, 0.9673628, 0.6952376
3.686383, 0.8855155, 0.9596795, 0.6896427
3.697479, 0.9010608, 0.9526102, 0.6840251
3.708613, 0.8803018, 0.9452904, 0.6784623
3.719798, 0.8827423, 0.9384139, 0.6728699
3.730957, 0.8468512, 0.9288859, 0.6673427
3.742018, 0.8485225, 0.9203489, 0.6616667
3.753036, 0.8449571, 0.9123489, 0.6562766
3.76409, 0.8319737, 0.9033877, 0.6509257
3.77528, 0.817146, 0.8951915, 0.6455714
3.786294, 0.8128571, 0.8867835, 0.6404675
3.797454, 0.7813513, 0.8774737, 0.6351813
3.808528, 0.7799249, 0.869933, 0.6299713
3.81973, 0.7846864, 0.8622851, 0.6247554
3.830619, 0.8276776, 0.8563657, 0.6197045
3.84185, 0.8304825, 0.8507863, 0.6145864
3.856014, 0.8506383, 0.8471254, 0.608106
3.864183, 0.8544489, 0.8458756, 0.6044097
3.875232, 0.866326, 0.8451439, 0.5994346
3.886392, 0.8692318, 0.8441926, 0.5944724
3.897492, 0.869188, 0.8432941, 0.5895718
3.908354, 0.8649892, 0.8422678, 0.5848126
3.919593, 0.8627537, 0.8403524, 0.5800102
3.930694, 0.856698, 0.8391722, 0.5752295
3.941732, 0.8499692, 0.8375336, 0.5704865
3.952884, 0.7909068, 0.8347363, 0.5657594
3.964236, 0.7957951, 0.8321, 0.5609689
3.975118, 0.7984598, 0.8297752, 0.5561386
3.986195, 0.7876494, 0.8275589, 0.5515694
3.997351, 0.727078, 0.8230554, 0.5469847
4.008282, 0.7509766, 0.8199614, 0.5425395
4.01953, 0.7359874, 0.8176932, 0.5379786
4.030756, 0.7577847, 0.8165862, 0.5334911
4.041745, 0.7500145, 0.8148526, 0.5291841
4.052993, 0.7123747, 0.8090875, 0.5247974
4.064006, 0.6953988, 0.8023332, 0.5205665
4.075072, 0.6975862, 0.7946807, 0.5163325
4.086148, 0.6939789, 0.7866571, 0.512143
4.097254, 0.6454256, 0.775612, 0.507992
4.108406, 0.6333393, 0.7638174, 0.503983
4.119428, 0.6181968, 0.7512678, 0.4999774
4.13065, 0.4928479, 0.7326608, 0.4959129
4.141712, 0.4275523, 0.7109007, 0.4920294
4.152867, 0.4249827, 0.689315, 0.4880957
4.163809, 0.3941557, 0.6665243, 0.484251
4.175078, 0.3881198, 0.6463849, 0.4803541
4.186137, 0.3888251, 0.6260364, 0.4765933
4.197403, 0.386228, 0.6054248, 0.4726393
4.208313, 0.3812632, 0.5851055, 0.4689392
4.219382, 0.3728548, 0.5673944, 0.4653262
4.230595, 0.370701, 0.5483806, 0.4616923
4.241543, 0.3720014, 0.5301813, 0.4581223
4.252709, 0.3737151, 0.5109778, 0.4545897
4.263857, 0.3719141, 0.4920728, 0.4510621
4.274972, 0.3757115, 0.4752396, 0.4476514
4.286123, 0.387393, 0.4598393, 0.444284
4.297183, 0.3837137, 0.4441457, 0.4410843
4.308386, 0.3799654, 0.428445, 0.4377353
4.319434, 0.3811304, 0.4152303, 0.434562
4.330572, 0.3807265, 0.4025997, 0.4313835
4.341542, 0.3820098, 0.3907903, 0.4280651
4.352683, 0.3742369, 0.3848597, 0.4249537
4.363848, 0.3666698, 0.3818156, 0.4219096
4.374964, 0.3657303, 0.378853, 0.4189138
4.38598, 0.3667344, 0.377482, 0.4159862
4.397156, 0.3660096, 0.3763765, 0.4132534
4.408294, 0.3585216, 0.3748613, 0.4106035
4.419219, 0.3522964, 0.3731647, 0.4079059
4.430474, 0.346509, 0.371427, 0.4051571
4.44152, 0.3457859, 0.3700735, 0.4024539
4.45273, 0.3406938, 0.3685732, 0.3998172
4.46377, 0.4394696, 0.3719466, 0.3973739
4.474875, 0.4537054, 0.3759461, 0.3948818
4.485935, 0.4539697, 0.3800489, 0.3923101
4.497037, 0.4636415, 0.3844454, 0.3899103
4.508288, 0.500451, 0.3900983, 0.3875111
4.519332, 0.4854563, 0.3951854, 0.3852698
4.530383, 0.4805461, 0.4002144, 0.3831755
4.541527, 0.4829772, 0.4053068, 0.3809626
4.552616, 0.4667189, 0.4096064, 0.3788204
4.563795, 0.4594548, 0.4134786, 0.3767087
4.57493, 0.4605182, 0.4177926, 0.374563
4.586028, 0.4530394, 0.4221111, 0.3725361
4.597087, 0.4527169, 0.4264604, 0.3705854
4.608125, 0.454999, 0.4308737, 0.3686989
4.619266, 0.453182, 0.4352323, 0.3668921
4.630415, 0.4494636, 0.4397794, 0.3651015
4.641548, 0.4517602, 0.4447526, 0.3633322
4.652618, 0.4399673, 0.4494255, 0.3616365
4.663587, 0.5848839, 0.4613804, 0.3600245
4.674968, 0.5621011, 0.4724508, 0.3583852
4.685912, 0.5645223, 0.4787034, 0.3568175
4.696881, 0.5160014, 0.4818183, 0.355246
4.708075, 0.4525037, 0.4817449, 0.3537855
4.719149, 0.4609934, 0.4816126, 0.3524447
4.730415, 0.4596402, 0.4795721, 0.3510763
4.74146, 0.4659263, 0.4785956, 0.3504379
4.75249, 0.4612455, 0.4776305, 0.3492562
4.763633, 0.4664968, 0.4768065, 0.3481355
4.774812, 0.4668616, 0.4768136, 0.3469981
4.785836, 0.4608324, 0.4768825, 0.3459734
4.796885, 0.4551232, 0.4766128, 0.3449923
4.808027, 0.4521925, 0.4765705, 0.3440818
4.819175, 0.4496124, 0.4764152, 0.3432256
4.830421, 0.4417962, 0.4757551, 0.3424041
4.841522, 0.4363279, 0.4749124, 0.3409775
4.852457, 0.4310229, 0.4739904, 0.3403854
4.863536, 0.4186046, 0.4723326, 0.3396187
4.87467, 0.4174535, 0.4712069, 0.3389863
4.885843, 0.4031974, 0.4621226, 0.3384058
4.896976, 0.4067537, 0.4543552, 0.3379171
4.90828, 0.3944028, 0.4458492, 0.3374636
4.919116, 0.392666, 0.4396824, 0.3371037
4.930239, 0.3929441, 0.4367045, 0.3367586
4.941425, 0.3949419, 0.4334019, 0.3362809
4.952464, 0.390476, 0.4299437, 0.3360404
4.9635, 0.3852145, 0.4259081, 0.3358349
4.97752, 0.3843478, 0.4220632, 0.335654
4.985744, 0.5183535, 0.4246561, 0.3356774
4.996799, 0.4610838, 0.4243671, 0.3356691
5.008069, 0.4805334, 0.4253522, 0.3356836
5.019156, 0.4763089, 0.4264115, 0.3358823
5.030242, 0.4864564, 0.4281247, 0.3360335
5.041359, 0.4771358, 0.4295008, 0.3362232
5.052365, 0.4727519, 0.4310486, 0.3364696
5.063506, 0.4681248, 0.4326384, 0.3368269
5.074687, 0.4692824, 0.4345514, 0.3371829
5.085824, 0.4676153, 0.4370019, 0.3375957
5.096899, 0.4609151, 0.439175, 0.3379675
5.107893, 0.4604708, 0.4420387, 0.3384725
5.119092, 0.4621623, 0.4448091, 0.3390245
5.130104, 0.46432, 0.448305, 0.3396348
5.141419, 0.4645638, 0.4518999, 0.340352
5.152275, 0.4649665, 0.455501, 0.3410597
5.163628, 0.4613447, 0.4588211, 0.3418025
5.174749, 0.4613123, 0.4623629, 0.342703
5.185731, 0.4609957, 0.466152, 0.3435572
5.196795, 0.4608122, 0.4699752, 0.3445151
5.20785, 0.4594659, 0.4670308, 0.3454782
5.218985, 0.4642787, 0.4671906, 0.3465065
5.230104, 0.4635349, 0.4663407, 0.3475609
5.241249, 0.4609227, 0.4655714, 0.3487351
5.252355, 0.4586973, 0.4641835, 0.3499053
5.263386, 0.4546292, 0.4630581, 0.3511218
5.274636, 0.4561038, 0.4622258, 0.3523908
5.285593, 0.4536298, 0.461501, 0.3536366
5.29679, 0.4523986, 0.4606568, 0.3550722
5.30773, 0.4530189, 0.459927, 0.3564817
5.318967, 0.4561056, 0.4596865, 0.3580096
5.330166, 0.4552104, 0.4594235, 0.3595621
5.341344, 0.4560982, 0.4591203, 0.3611898
5.352283, 0.4557027, 0.4586895, 0.3627977
5.363256, 0.453143, 0.4581184, 0.36444
5.374615, 0.4505226, 0.4573962, 0.3663226
5.385542, 0.4482445, 0.4567412, 0.3680869
5.396601, 0.4417472, 0.4557629, 0.3699245
5.407875, 0.4350818, 0.4544672, 0.37185
5.418861, 0.4191722, 0.4523852, 0.3737786
5.429886, 0.4129506, 0.4500594, 0.3757457
5.441066, 0.4078863, 0.4472398, 0.3778576
5.452334, 0.404064, 0.4442662, 0.37999
5.463312, 0.4138415, 0.4419121, 0.3821802
5.474479, 0.4158407, 0.4397693, 0.3844078
5.48548, 0.3736728, 0.4357215, 0.3866499
5.496705, 0.4519224, 0.4355124, 0.3891522
5.50808, 0.404305, 0.4330462, 0.3913408
5.518778, 0.4278747, 0.43182, 0.3937262
5.529994, 0.409898, 0.4296639, 0.3962054
5.541141, 0.417463, 0.4277318, 0.3987498
5.552255, 0.4078106, 0.4253618, 0.401318
5.563232, 0.4173278, 0.4234232, 0.40392
5.574553, 0.4196052, 0.4216184, 0.4066275
5.585664, 0.4077915, 0.4193508, 0.4093578
5.596601, 0.4204728, 0.4178483, 0.4120983
5.607858, 0.4253346, 0.4167028, 0.4149575
5.618888, 0.4257657, 0.4159037, 0.4177707
5.629859, 0.4404261, 0.416171, 0.4206591
5.641088, 0.4391595, 0.4171703, 0.4236437
5.652068, 0.4338992, 0.4182177, 0.4266255
5.663282, 0.465172, 0.421082, 0.4297355
5.674428, 0.474263, 0.424592, 0.4328714
5.685384, 0.4744268, 0.4276213, 0.4359967
5.696542, 0.492822, 0.4314703, 0.4391875
5.707638, 0.5123622, 0.4384048, 0.4426109
5.718711, 0.5131863, 0.441468, 0.4458877
5.729927, 0.5208536, 0.4472955, 0.4491559
5.740989, 0.6206311, 0.4569333, 0.4525352
5.752116, 0.5272292, 0.4627999, 0.4559888
5.763277, 0.4160251, 0.462728, 0.4595022
5.774254, 0.5273958, 0.4687073, 0.4630014
5.785397, 0.4833842, 0.4720101, 0.4666352
5.796486, 0.5282726, 0.4774435, 0.4703062
5.80758, 0.5354642, 0.4838271, 0.473986
5.818794, 0.5288275, 0.4892448, 0.47773
5.829862, 0.5198999, 0.4939731, 0.4814888
5.841043, 0.5143222, 0.4984009, 0.4853333
5.852069, 0.510651, 0.5019122, 0.4891704
5.863151, 0.5103367, 0.5054711, 0.4935298
5.874337, 0.5102087, 0.5092865, 0.4975389
5.885326, 0.5112272, 0.5115893, 0.5015317
5.896414, 0.5173999, 0.5137461, 0.5056136
5.907583, 0.5322664, 0.5166382, 0.5097616
5.918626, 0.5814604, 0.5210701, 0.5139489
5.929906, 0.5882829, 0.524866, 0.5180886
5.940835, 0.5706335, 0.5277385, 0.5222066
5.951987, 0.5743154, 0.5304115, 0.5265298
5.9631, 0.6089241, 0.5298261, 0.530909
5.974334, 0.6102597, 0.5339776, 0.535343
5.985295, 0.6526821, 0.5458105, 0.5397243
5.996429, 0.4769826, 0.5432898, 0.5442186
6.007551, 0.4731309, 0.5427772, 0.5487614
6.018579, 0.5135907, 0.5420431, 0.5532515
6.029724, 0.5137115, 0.5409554, 0.5578678
6.040839, 0.5182232, 0.5404252, 0.562503
6.051929, 0.5239002, 0.5406252, 0.5671769
6.063083, 0.5434834, 0.5420832, 0.571945
6.074399, 0.5369361, 0.5433975, 0.5767913
6.085312, 0.5416775, 0.5449645, 0.5815312
6.099397, 0.5487191, 0.54689, 0.5876999
6.107637, 0.5531957, 0.5489885, 0.5912509
6.11859, 0.5552166, 0.5508793, 0.5960711
6.129688, 0.5599672, 0.5522643, 0.6010206
6.140875, 0.5591407, 0.5511484, 0.6060809
6.151939, 0.5571644, 0.5495924, 0.6111124
6.163122, 0.5515162, 0.5486366, 0.6164387
6.174729, 0.5494789, 0.5473948, 0.6219336
6.185216, 0.5682378, 0.5453604, 0.6268402
6.19643, 0.569853, 0.5433401, 0.6321009
6.207479, 0.5931582, 0.5403638, 0.6373471
6.218475, 0.6097481, 0.5470021, 0.6427802
6.229745, 0.6267772, 0.5546845, 0.6482086
6.240801, 0.6232514, 0.5601674, 0.653589
6.251969, 0.6351793, 0.5662409, 0.6590534
6.262973, 0.6474061, 0.5727, 0.664488
6.274061, 0.6472626, 0.5788682, 0.6699756
6.285254, 0.6696379, 0.5851759, 0.6756846
6.296252, 0.7194291, 0.5943005, 0.6812234
6.307443, 0.7261356, 0.6035234, 0.6868834
6.318419, 0.7771994, 0.6149474, 0.6924596
6.329563, 0.7814906, 0.6263621, 0.6981621
6.340775, 0.8261982, 0.6399112, 0.70389
6.351819, 0.861136, 0.6549697, 0.7096133
6.362824, 0.9772996, 0.6758776, 0.7153787
6.374066, 0.9798611, 0.6970125, 0.7212813
6.385177, 0.8412607, 0.7114997, 0.7271761
6.396258, 0.8125667, 0.7246541, 0.7330405
6.407282, 0.7860584, 0.7355452, 0.7389195
6.41841, 0.7759658, 0.7458508, 0.7449374
6.429658, 0.7368081, 0.7530333, 0.7510046
6.44056, 0.7533177, 0.7602118, 0.7569137
6.451737, 0.7482009, 0.7662829, 0.763012
6.462838, 0.728318, 0.7715362, 0.7690636
6.473907, 0.7169735, 0.775626, 0.7751812
6.485124, 0.7146294, 0.7789872, 0.7814345
6.496162, 0.776507, 0.7854494, 0.7875215
6.507373, 0.8296065, 0.7934479, 0.7937667
6.518276, 0.807043, 0.7978286, 0.7999122
6.529473, 0.8625302, 0.8046483, 0.8062299
6.540757, 0.8579555, 0.8086861, 0.8126368
6.551783, 0.9008869, 0.814656, 0.8189476
6.56292, 0.9656941, 0.8216308, 0.8253199
6.573922, 0.9761683, 0.8273824, 0.8316537
6.585195, 1.05021, 0.831028, 0.8381233
6.596211, 1.178109, 0.8409404, 0.8445542
6.607404, 1.191805, 0.8584676, 0.8510849
6.61832, 1.182511, 0.8769647, 0.8574551
6.629417, 1.236925, 0.8995081, 0.8639656
6.640639, 1.236424, 0.9225309, 0.8706101
6.651626, 1.458276, 0.9586042, 0.8770757
6.662796, 1.006241, 0.9712504, 0.8839992
6.67391, 1.061243, 0.9869025, 0.8906446
6.684953, 1.027014, 1.001837, 0.897182
6.696241, 1.020125, 1.016995, 0.9040167
6.707147, 1.060271, 1.034277, 0.9106877
6.718227, 1.015679, 1.046236, 0.9174365
6.72963, 1.089533, 1.059232, 0.9244427
6.740519, 1.104386, 1.074099, 0.9308926
6.751668, 1.098984, 1.085922, 0.9377707
6.762644, 1.114869, 1.098767, 0.9445857
6.77381, 1.130508, 1.110248, 0.9515103
6.784968, 1.126923, 1.11831, 0.9584807
6.796025, 1.098287, 1.124416, 0.9653262
6.807089, 1.048109, 1.124311, 0.9722401
6.818228, 1.088233, 1.119817, 0.9791998
6.829432, 1.123425, 1.116398, 0.9862526
6.840477, 1.127462, 1.113646, 0.9932985
6.85167, 1.188193, 1.111209, 1.000387
6.862731, 1.227663, 1.110771, 1.007431
6.873775, 1.224313, 1.099073, 1.014468
6.884921, 1.214039, 1.109463, 1.021607
6.896029, 1.260305, 1.119416, 1.028721
6.90715, 1.291134, 1.132622, 1.035859
6.918169, 1.285954, 1.145913, 1.043554
6.929287, 1.273982, 1.156599, 1.050754
6.940383, 1.312135, 1.171422, 1.05798
6.951572, 1.297297, 1.18181, 1.065391
6.962604, 1.302044, 1.191693, 1.072594
6.973727, 1.348415, 1.204164, 1.079853
6.984906, 1.402707, 1.218556, 1.087196
6.995905, 1.400159, 1.232039, 1.094436
7.007128, 1.403463, 1.245866, 1.101786
7.018122, 1.424346, 1.262169, 1.109079
7.029282, 1.489881, 1.284257, 1.11645
7.040359, 1.493156, 1.304503, 1.123821
7.051509, 1.48754, 1.322709, 1.131244
7.062518, 1.539691, 1.343321, 1.138638
7.073636, 1.583902, 1.363106, 1.146041
7.084972, 1.595113, 1.381479, 1.153623
7.096064, 1.605536, 1.40054, 1.161068
7.107055, 1.602852, 1.41998, 1.168452
7.118136, 1.580271, 1.435979, 1.175889
7.12921, 1.585831, 1.450713, 1.183364
7.140317, 1.596049, 1.466218, 1.190908
7.151398, 1.670732, 1.486056, 1.198444
7.162488, 1.72506, 1.506702, 1.205972
7.173774, 1.731577, 1.528416, 1.213556
7.184801, 1.731472, 1.549887, 1.221058
7.195883, 1.498857, 1.557409, 1.228587
7.206933, 1.485789, 1.561563, 1.235992
7.217978, 1.489222, 1.566017, 1.243527
7.232602, 1.524148, 1.572051, 1.253519
7.240524, 1.519387, 1.576803, 1.258895
7.251183, 1.59548, 1.582083, 1.266185
7.26246, 1.600536, 1.587452, 1.273974
7.273671, 1.587763, 1.592463, 1.281643
7.284657, 1.560689, 1.593513, 1.289161
7.295786, 1.592603, 1.593948, 1.296791
7.306822, 1.574208, 1.592903, 1.304363
7.3181, 1.581646, 1.591708, 1.312171
7.328987, 1.581131, 1.590622, 1.319656
7.340253, 1.603877, 1.591802, 1.32739
7.351505, 1.601288, 1.592575, 1.335086
7.362429, 1.594885, 1.592517, 1.342592
7.373604, 1.545996, 1.58628, 1.350304
7.384641, 1.539939, 1.577024, 1.357909
7.395804, 1.577024, 1.569297, 1.365608
7.40688, 1.613433, 1.563395, 1.373451
7.417963, 1.634326, 1.570168, 1.381167
7.429056, 1.693709, 1.580564, 1.388844
7.440185, 1.693016, 1.590754, 1.396445
7.451251, 1.758942, 1.602493, 1.404098
7.462366, 1.77449, 1.615248, 1.412102
7.473598, 1.859197, 1.628434, 1.419875
7.484639, 1.837036, 1.640259, 1.427533
7.495697, 1.873554, 1.654549, 1.435199
7.507114, 1.924785, 1.672754, 1.443088
7.517852, 1.902549, 1.688251, 1.450505
7.529, 1.880796, 1.70358, 1.458228
7.540086, 1.975167, 1.723256, 1.465885
7.551225, 2.061, 1.74725, 1.473586
7.562508, 2.072889, 1.770701, 1.481423
7.573348, 2.189988, 1.800136, 1.488911
7.584517, 2.195512, 1.830167, 1.496688
7.59573, 2.277465, 1.86674, 1.504406
7.60671, 2.406625, 1.910075, 1.511981
7.617964, 2.256465, 1.944047, 1.519673
7.62916, 2.293799, 1.978065, 1.527393
7.640047, 2.257989, 2.009248, 1.534927
7.651259, 2.327193, 2.040922, 1.542621
7.662214, 2.268758, 2.069709, 1.550158
7.673429, 2.165745, 2.09005, 1.557852
7.684505, 2.332656, 2.117958, 1.565458
7.695595, 2.292438, 2.13962, 1.573048
7.706759, 2.250161, 2.160276, 1.580778
7.717858, 2.374417, 2.185319, 1.588367
7.729025, 2.332588, 2.205709, 1.595983
7.739974, 2.444679, 2.232816, 1.603584
7.751132, 2.518483, 2.2647, 1.611335
7.762286, 2.396297, 2.285757, 1.618914
7.773275, 2.505774, 2.307995, 1.626372
7.784483, 2.514758, 2.330089, 1.634046
7.79548, 2.541139, 2.347646, 1.641404
7.806575, 2.396866, 2.357714, 1.648892
7.817688, 2.380501, 2.362866, 1.656598
7.828998, 2.597326, 2.372401, 1.664204
7.840057, 2.568748, 2.388015, 1.671659
7.851118, 1.548356, 2.350743, 1.678807
7.862146, 1.860417, 2.330864, 1.686164
7.873312, 2.269725, 2.327991, 1.693585
7.8844, 1.983321, 2.313719, 1.700707
7.895557, 2.042855, 2.307575, 1.70815
7.906629, 2.271901, 2.304537, 1.715454
7.917854, 2.064888, 2.293159, 1.722973
7.928879, 1.811223, 2.271212, 1.73073
7.939991, 1.665484, 2.235766, 1.738047
7.950958, 1.647699, 2.201521, 1.745281
7.962052, 1.704185, 2.164497, 1.752557
7.973167, 1.812644, 2.129205, 1.759829
7.984299, 1.690219, 2.093901, 1.767125
7.995539, 2.042953, 2.07076, 1.774461
8.006556, 2.003131, 2.045179, 1.781656
8.017673, 2.201177, 2.028181, 1.78888
8.028781, 1.82567, 1.999621, 1.796103
8.039907, 3.260687, 2.04363, 1.803397
8.051001, 3.792399, 2.103384, 1.810594
8.062069, 1.984432, 2.074168, 1.817773
8.084244, 2.955623, 2.144531, 1.832032
8.095529, 2.825973, 2.192809, 1.839247
8.106575, 2.175422, 2.188094, 1.846318
8.117596, 2.7154, 2.224698, 1.853273
8.128647, 1.746324, 2.209871, 1.860321
8.139854, 1.810393, 2.186796, 1.867271
8.150931, 1.406159, 2.15386, 1.874238
8.162108, 0, 2.063298, 1.882057
8.173212, 0, 1.980024, 1.889082
8.184292, 0, 1.897639, 1.896071
8.250873, 0, 1.81243, 1.937656
8.262078, 0, 1.721798, 1.944574
8.273187, 0, 1.637287, 1.951402
8.28424, 0, 1.535139, 1.95786
8.295362, 0, 1.434983, 1.964625
8.306397, 2.59536, 1.454692, 1.971312
8.317442, 1.730232, 1.44992, 1.97803
8.361992, 6.30243, 1.602007, 2.004663
8.373082, 4.247496, 1.624762, 2.01121
8.38421, 3.006391, 1.67586, 2.017772
8.395394, 3.878626, 1.72201, 2.024309
8.409856, 4.273499, 1.794386, 2.032814
8.417583, 3.803748, 1.875802, 2.037277
8.428686, 2.239511, 1.852008, 2.043674
8.439658, 2.152173, 1.872301, 2.049919
8.450744, 3.040047, 1.933783, 2.056211
8.461927, 2.732962, 2.000124, 2.062572
8.473048, 2.62869, 2.131558, 2.068866
8.484108, 2.491572, 2.256136, 2.075093
8.495226, 2.610549, 2.386664, 2.081292
8.506387, 3.085008, 2.540914, 2.087614
8.517355, 3.458618, 2.713845, 2.093652
8.528528, 3.651576, 2.896424, 2.099772
8.539583, 3.571345, 3.074991, 2.105777
8.550728, 3.679707, 3.258977, 2.111789
8.562054, 3.47209, 3.302813, 2.117904
8.572859, 3.032202, 3.367912, 2.123633
8.58411, 2.879194, 3.19675, 2.1295
8.595184, 2.809318, 3.124841, 2.135372
8.606227, 2.74933, 3.111988, 2.141206
8.617264, 2.528508, 3.044482, 2.147111
8.628498, 3.267678, 2.994191, 2.152985
8.639675, 2.587129, 2.93336, 2.1588
8.650724, 4.190749, 3.030922, 2.164438
8.66184, 4.444639, 3.145546, 2.170134
8.672947, 3.203332, 3.15371, 2.175818
8.68399, 3.679982, 3.201061, 2.18132
8.695166, 3.100289, 3.224641, 2.186917
8.706265, 3.577159, 3.27892, 2.192477
8.717285, 4.22167, 3.359477, 2.197877
8.728516, 4.17227, 3.41384, 2.203382
8.739551, 3.914451, 3.436631, 2.208768
8.750575, 3.700136, 3.439059, 2.214086
8.76171, 3.741362, 3.447561, 2.219434
8.772985, 3.621423, 3.444646, 2.224841
8.783971, 3.68769, 3.455426, 2.230092
8.795119, 3.449323, 3.476282, 2.235226
8.806191, 3.220206, 3.493333, 2.240267
8.817231, 2.979638, 3.501849, 2.245338
8.828573, 2.609205, 3.494843, 2.250544
8.839801, 2.739554, 3.505395, 2.255621
8.850529, 2.771506, 3.480586, 2.260434
8.86179, 2.476656, 3.475063, 2.265508
8.872905, 2.438223, 3.387436, 2.270465
8.883919, 2.471263, 3.288767, 2.275571
8.89507, 2.503354, 3.253768, 2.280482
8.906246, 2.240212, 3.18178, 2.285397
8.917241, 2.568838, 3.155207, 2.290231
8.928574, 2.249157, 3.088807, 2.295166
8.939536, 2.356465, 2.995547, 2.299855
8.95118, 2.339998, 2.903933, 2.30481
8.961877, 2.787117, 2.847567, 2.309305
8.972945, 2.873621, 2.806241, 2.313966
8.98396, 2.715849, 2.754965, 2.318146
8.995258, 2.99894, 2.723841, 2.322766
9.006244, 3.635523, 2.721233, 2.327168
9.017769, 2.940592, 2.695796, 2.331735
9.028545, 2.63515, 2.666543, 2.335997
9.039457, 3.988076, 2.716965, 2.340249
9.050507, 4.048631, 2.788937, 2.344571
9.061681, 4.145458, 2.859232, 2.348864
9.072808, 3.476791, 2.894496, 2.353096
9.083901, 3.696273, 2.955477, 2.357279
9.095347, 4.202907, 3.043711, 2.361571
9.106067, 5.543487, 3.197322, 2.365515
9.117105, 6.212502, 3.38278, 2.369463
9.128672, 6.968655, 3.619202, 2.373596
9.13944, 6.472207, 3.81437, 2.377411
9.150558, 4.715004, 3.937663, 2.381292
9.161871, 4.504727, 4.045075, 2.385399
9.17291, 5.172339, 4.186693, 2.389214
9.183887, 4.849058, 4.28979, 2.39299
9.195079, 4.631447, 4.377681, 2.396753
9.206038, 4.092305, 4.446504, 2.400438
9.217074, 3.975054, 4.49531, 2.404123
9.228342, 3.79965, 4.503516, 2.407799
9.239433, 2.755251, 4.494249, 2.411342
9.250293, 3.390307, 4.532007, 2.414822
9.261671, 3.159983, 4.490602, 2.418322
9.27281, 2.898504, 4.433096, 2.421802
9.283883, 2.926828, 4.372165, 2.425196
9.295092, 3.523411, 4.374496, 2.428495
9.30618, 4.389535, 4.409159, 2.431778
9.317208, 6.150054, 4.506516, 2.435057
9.328246, 5.55921, 4.507303, 2.438225
9.339355, 4.732826, 4.433319, 2.441307
9.350521, 4.805736, 4.325173, 2.444414
9.361922, 5.461733, 4.27465, 2.447472
9.372581, 5.149885, 4.296393, 2.450438
9.383678, 4.489953, 4.295655, 2.453357
9.395148, 4.567931, 4.265434, 2.45635
9.406041, 5.057866, 4.275875, 2.459139
9.416873, 3.509999, 4.219802, 2.461951
9.42807, 7.355127, 4.382943, 2.46472
9.439274, 2.70118, 4.31925, 2.46743
9.450357, 5.53063, 4.405799, 2.470013
9.461716, 3.81361, 4.458716, 2.472105
9.472562, 3.516897, 4.465046, 2.474552
9.483666, 3.643087, 4.489202, 2.477054
9.494874, 3.672539, 4.527904, 2.479468
9.506074, 2.996849, 4.531404, 2.481893
9.539065, 3.837342, 4.547101, 2.488694
9.550304, 9.45719, 4.800484, 2.490856
9.56148, 5.422601, 4.764111, 2.493023
9.572404, 4.670596, 4.71968, 2.495024
9.583723, 5.352256, 4.750651, 2.497071
9.594739, 4.028181, 4.711774, 2.498972
9.605892, 4.555329, 4.666454, 2.500849
9.61692, 4.089255, 4.613422, 2.502733
9.62809, 3.769504, 4.5774, 2.504524
9.639252, 3.564415, 4.527224, 2.507288
9.650489, 3.577667, 4.453214, 2.509027
9.662437, 3.619046, 4.458666, 2.510849
9.672668, 3.917535, 4.286787, 2.512372
9.683515, 4.265123, 4.364984, 2.513738
9.694742, 4.892936, 4.333099, 2.515266
9.705844, 5.161778, 4.400508, 2.516711
9.71689, 5.293606, 4.489343, 2.518054
9.728205, 4.935475, 4.553962, 2.519446
9.739074, 5.026872, 4.621679, 2.520719
9.750139, 4.945772, 4.719125, 2.521936
9.761758, 5.59708, 4.807112, 2.523159
9.772515, 7.248049, 4.696654, 2.52432
9.783476, 6.740714, 4.76256, 2.525387
9.79481, 6.374859, 4.847774, 2.526399
9.805871, 6.276613, 4.893991, 2.527364
9.816843, 5.094815, 4.947323, 2.528133
9.82799, 5.781663, 5.00864, 2.529022
9.839114, 7.020421, 5.155198, 2.529825
9.850171, 7.834781, 5.358462, 2.530644
9.861327, 7.469635, 5.553723, 2.531345
9.872346, 7.659253, 5.757802, 2.531911
9.883429, 7.592266, 5.956464, 2.532504
9.894817, 7.536661, 6.13742, 2.532993
9.905706, 6.433675, 6.245847, 2.53341
9.916785, 6.964901, 6.349446, 2.533869
9.92796, 6.682198, 6.425467, 2.534313
9.939011, 6.224014, 6.471987, 2.53461
9.950184, 8.148067, 6.632617, 2.534718
9.961437, 7.964551, 6.779501, 2.53488
9.972301, 9.15889, 6.990157, 2.535185
9.98336, 6.559748, 7.038291, 2.535255
9.994713, 2.17492, 6.784635, 2.535279
10.02785, 9.628402, 6.92902, 2.535373
10.03899, 8.91172, 7.055863, 2.535171
10.18327, 2.481349, 6.8661, 2.528326
10.19472, 3.318951, 6.777307, 2.527366
10.20565, 2.734539, 6.624951, 2.526449
10.21664, 2.499292, 6.398895, 2.525507
10.2279, 2.7803, 6.146171, 2.524463
10.2389, 2.815, 5.913439, 2.523378
10.24991, 2.90633, 5.675793, 2.522227
10.2611, 2.618545, 5.427106, 2.521018
10.2723, 2.792058, 5.189877, 2.51964
10.28336, 2.823748, 5.00938, 2.518319
10.29449, 2.710665, 4.796668, 2.516861
10.30561, 2.873974, 4.606257, 2.515467
10.31652, 2.418381, 4.415976, 2.513967
10.3277, 3.027833, 4.159964, 2.512383
10.33895, 3.239535, 3.923713, 2.510725
10.34986, 3.268981, 3.629218, 2.509066
10.36111, 3.391746, 3.470818, 2.507299
10.37218, 3.057524, 3.514948, 2.505537
10.38324, 3.680953, 3.217576, 2.503697
10.39438, 3.359246, 2.939952, 2.501754
10.40539, 2.909033, 2.961336, 2.499821
10.41656, 3.028839, 2.94683, 2.497826
10.42773, 3.071316, 2.963669, 2.49577
10.43883, 3.024964, 2.989953, 2.493796
10.44996, 2.974608, 2.999668, 2.491597
10.46107, 4.104152, 3.064126, 2.489388
10.47208, 3.170084, 3.077314, 2.487131
10.48321, 2.827929, 3.087783, 2.484823
10.49443, 2.827628, 3.089562, 2.482498
10.50541, 3.465853, 3.121667, 2.479985
10.51653, 2.566156, 3.114441, 2.477554
10.52762, 3.513847, 3.146435, 2.475052
10.53859, 1.646917, 3.107862, 2.472535
10.54984, 1.668628, 3.039901, 2.469866
10.56098, 1.657821, 2.960816, 2.467175
10.57204, 1.669453, 2.880839, 2.46449
10.58309, 1.556083, 2.789056, 2.461683
10.5943, 1.575214, 2.714941, 2.458777
10.60533, 1.582963, 2.610041, 2.455846
10.61649, 1.651229, 2.52464, 2.452818
10.62776, 1.636964, 2.461037, 2.449759
10.63879, 1.829208, 2.401055, 2.446698
10.64987, 1.832711, 2.339125, 2.443575
10.661, 1.461031, 2.260928, 2.440417
10.67219, 1.384499, 2.181423, 2.437089
10.68324, 1.384995, 2.045465, 2.433841
10.69431, 1.360327, 1.954977, 2.430537
10.70525, 1.786511, 1.902906, 2.427222
10.71639, 3.95928, 1.959489, 2.423856
10.72758, 4.806981, 2.026545, 2.420369
10.73874, 2.603307, 2.028402, 2.417416
10.74963, 3.610427, 2.033231, 2.413959
10.76089, 2.950784, 2.098425, 2.410331
10.77515, 3.572264, 2.193607, 2.405657
10.78311, 3.249695, 2.2732, 2.403078
10.79411, 3.249695, 2.352212, 2.399381
10.80533, 2.996404, 2.424228, 2.395571
10.81647, 2.89628, 2.490282, 2.391728
10.8276, 2.971985, 2.559733, 2.387849
10.83863, 3.028462, 2.628594, 2.383911
10.8497, 3.058655, 2.699679, 2.379912
10.86103, 3.106229, 2.76353, 2.375802
10.87196, 3.017316, 2.82276, 2.371768
10.88312, 3.104074, 2.904912, 2.367558
10.89425, 3.485848, 3.00998, 2.363387
10.9052, 3.708403, 3.12615, 2.359235
10.9163, 3.55082, 3.235675, 2.354943
10.92765, 3.367916, 3.314744, 2.350511
10.93858, 3.284041, 3.280982, 2.346301
10.94955, 3.182436, 3.199755, 2.341916
10.96074, 3.802577, 3.259719, 2.337482
10.97183, 3.885355, 3.273465, 2.333096
10.98297, 3.741007, 3.312976, 2.328577
10.99423, 3.822997, 3.325513, 2.323934
11.00531, 3.689035, 3.34748, 2.319345
11.01635, 3.357401, 3.352865, 2.31472
11.02741, 3.158286, 3.360959, 2.309987
11.03867, 3.56855, 3.394572, 2.305199
11.04957, 3.823032, 3.437125, 2.300464
11.06109, 3.779489, 3.474676, 2.295469
11.07195, 4.480953, 3.54579, 2.290788
11.08298, 4.508259, 3.615892, 2.285954
11.09411, 5.04202, 3.717127, 2.280927
11.1052, 1.553118, 3.639579, 2.275974
11.11622, 1.333688, 3.531971, 2.27137
11.12746, 1.362981, 3.4147, 2.266283
11.13849, 1.019179, 3.288118, 2.261261
11.14957, 1.065425, 3.172994, 2.256165
11.16093, 1.10741, 3.064162, 2.250848
11.17236, 1.165842, 2.963332, 2.245522
11.18292, 1.109316, 2.828669, 2.240664
11.19403, 1.123305, 2.690567, 2.235405
11.20525, 1.111017, 2.559067, 2.230053
11.21627, 1.116506, 2.423743, 2.224744
11.22746, 1.108285, 2.294705, 2.21932
11.2385, 1.097879, 2.181729, 2.2139
11.24951, 1.091423, 2.078386, 2.208425
11.26073, 1.123462, 1.956132, 2.202867
11.27198, 1.190987, 1.824529, 2.197409
11.28292, 1.178745, 1.694492, 2.191918
11.29402, 1.11529, 1.526209, 2.186337
11.30529, 1.071884, 1.35439, 2.180603
11.31622, 1.096257, 1.157102, 2.175019
11.32732, 1.150794, 1.136986, 2.16934
11.33846, 1.162407, 1.128422, 2.163655
11.34947, 1.161805, 1.118363, 2.158012
11.36058, 1.169072, 1.125858, 2.152247
11.3717, 3.077019, 1.226437, 2.146523
11.38285, 3.000527, 1.321093, 2.140718
11.39397, 2.99927, 1.412765, 2.135
11.40504, 2.607342, 1.487666, 2.12919
11.41604, 3.402882, 1.601645, 2.123393
11.42718, 2.778536, 1.685021, 2.11747
11.43834, 4.976622, 1.878027, 2.111533
11.4493, 4.135218, 2.029374, 2.105623
11.46051, 4.765314, 2.212745, 2.099573
11.47158, 3.854414, 2.350895, 2.093487
11.48269, 3.969028, 2.493173, 2.087411
11.4941, 4.226437, 2.644946, 2.081176
11.50502, 3.502507, 2.761134, 2.075145
11.51612, 3.45346, 2.878042, 2.068924
11.52714, 3.447292, 2.996812, 2.062683
11.53827, 2.947326, 3.089366, 2.056437
11.54931, 2.947274, 3.17919, 2.050135
11.56043, 2.94957, 3.268548, 2.043856
11.57168, 2.935711, 3.357244, 2.037501
11.58271, 2.835202, 3.44055, 2.031196
11.59384, 2.677742, 3.420586, 2.02474
11.60493, 2.534136, 3.397267, 2.018323
11.61597, 2.580132, 3.37631, 2.012046
11.62712, 2.602142, 3.37605, 2.005543
11.63826, 2.607456, 3.336278, 1.999007
11.64925, 2.604116, 3.327557, 1.992651
11.6605, 2.223736, 3.189913, 1.985995
11.6718, 2.196697, 3.092987, 1.979122
11.68277, 2.136029, 2.961523, 1.972567
11.69391, 2.122956, 2.87495, 1.965948
11.70487, 2.262996, 2.789649, 1.959352
11.71591, 2.3206, 2.694356, 1.952607
11.72715, 2.308136, 2.634638, 1.945797
11.73814, 2.649591, 2.594445, 1.939064
11.74936, 2.485012, 2.54633, 1.932301
11.76042, 2.382245, 2.518076, 1.92548
11.77148, 2.092518, 2.475338, 1.918777
11.78262, 2.15077, 2.435399, 1.910438
11.79374, 2.236269, 2.400427, 1.903475
11.80484, 2.159216, 2.366627, 1.896459
11.81588, 2.148488, 2.340165, 1.889443
11.82713, 2.146457, 2.320781, 1.882306
11.83819, 2.08367, 2.295958, 1.875147
11.84925, 2.119213, 2.271811, 1.868066
11.8603, 2.112519, 2.247064, 1.860963
11.87147, 2.037309, 2.218724, 1.853778
11.88246, 2.041477, 2.209611, 1.846832
11.89365, 2.038412, 2.201697, 1.839582
11.90481, 1.916858, 2.190738, 1.832376
11.91582, 1.86608, 2.177895, 1.825253
11.93032, 1.892571, 2.159373, 1.815803
11.93839, 1.689958, 2.127841, 1.81055
11.94914, 1.635348, 2.094202, 1.803483
11.96026, 1.823051, 2.052875, 1.796216
11.97142, 1.851263, 2.021187, 1.788877
11.9825, 1.768327, 1.990492, 1.78158
11.99365, 1.867359, 1.979234, 1.774201
12.00481, 1.824628, 1.962926, 1.766835
12.01584, 1.95391, 1.948808, 1.759517
12.02692, 2.089488, 1.945322, 1.752202
12.03789, 2.152394, 1.945517, 1.744946
12.04915, 2.201376, 1.948263, 1.737445
12.06025, 2.240011, 1.95608, 1.730087
12.07137, 2.243481, 1.962293, 1.722726
12.08243, 2.245271, 1.968931, 1.715391
12.09375, 2.15412, 1.974772, 1.7078
12.10467, 2.36453, 1.990924, 1.700516
12.11588, 2.298476, 2.003928, 1.693095
12.12691, 2.206145, 2.018392, 1.685705
12.13805, 2.162714, 2.033224, 1.67821
12.14898, 2.161765, 2.046684, 1.670814
12.16054, 2.205392, 2.072455, 1.663034
12.17125, 1.99861, 2.090618, 1.655818
12.18245, 2.046111, 2.101771, 1.648257
12.19364, 2.246265, 2.121521, 1.640843
12.20466, 2.33955, 2.150083, 1.633371
12.2157, 2.304929, 2.171961, 1.62594
12.227, 2.243476, 2.192904, 1.618291
12.23791, 2.190506, 2.204733, 1.611031
12.24905, 2.048641, 2.202691, 1.603623
12.26006, 2.112094, 2.200676, 1.596193
12.2714, 2.083328, 2.194774, 1.588734
12.28249, 2.086739, 2.18711, 1.581265
12.29354, 2.140966, 2.181984, 1.572897
12.30454, 2.307459, 2.185094, 1.565433
12.31568, 2.308184, 2.192797, 1.557883
12.32668, 2.250458, 2.187093, 1.550447
12.33788, 2.413157, 2.192827, 1.542839
12.34899, 2.356894, 2.200365, 1.535286
12.36007, 2.475626, 2.21601, 1.527708
12.37116, 2.206095, 2.218227, 1.520218
12.38231, 2.171316, 2.216523, 1.512622
12.3935, 2.129395, 2.223062, 1.504952
12.40473, 2.047748, 2.223144, 1.49727
12.41573, 1.823019, 2.201982, 1.489741
12.42669, 1.832491, 2.176629, 1.482314
12.43816, 1.889506, 2.155858, 1.474477
12.449, 1.797943, 2.133581, 1.467064
12.4602, 1.792202, 2.113666, 1.45944
12.47115, 1.834651, 2.102967, 1.452047
12.4822, 1.973308, 2.096027, 1.444562
12.49338, 1.97688, 2.090705, 1.437064
12.50457, 2.070417, 2.089889, 1.429467
12.51559, 2.065371, 2.086109, 1.421873
12.5268, 2.024998, 2.071986, 1.41424
12.53778, 2.142877, 2.063721, 1.406771
12.54894, 2.101561, 2.056276, 1.399146
12.5601, 1.985249, 2.03488, 1.391505
12.57121, 1.991211, 2.016596, 1.383926
12.58208, 1.969798, 1.991305, 1.376465
12.59338, 1.952261, 1.978613, 1.368713
12.60456, 1.90129, 1.965112, 1.361034
12.61557, 2.059224, 1.961603, 1.353441
12.62679, 2.079804, 1.963206, 1.345692
12.63782, 2.100049, 1.977057, 1.338074
12.64887, 2.046935, 1.98778, 1.330315
12.65985, 2.119619, 1.999285, 1.322732
12.67102, 2.182139, 2.018495, 1.315174
12.6823, 2.041507, 2.03096, 1.307405
12.69326, 2.038467, 2.041151, 1.299852
12.70445, 1.913911, 2.038181, 1.292171
12.71561, 1.62544, 2.020609, 1.284452
12.72684, 2.029343, 2.018555, 1.276711
12.73766, 1.659178, 1.998246, 1.269276
12.74881, 1.52165, 1.973078, 1.261476
12.76011, 1.609256, 1.946397, 1.253766
12.77105, 2.716455, 1.977142, 1.246421
12.78204, 2.924152, 2.024087, 1.238961
12.79316, 2.260259, 2.037539, 1.231416
12.80442, 3.124816, 2.09529, 1.22393
12.81543, 2.167027, 2.106029, 1.216542
12.82677, 2.101187, 2.116024, 1.208901
12.838, 2.281803, 2.127153, 1.201359
12.84878, 2.813666, 2.163846, 1.194106
12.85982, 2.143623, 2.166025, 1.18672
12.87102, 2.310527, 2.179204, 1.179243
12.88199, 2.194103, 2.182929, 1.171932
12.89318, 2.169208, 2.182282, 1.164505
12.90441, 2.406927, 2.200553, 1.157066
12.91542, 1.721113, 2.184685, 1.149927
12.92651, 2.078692, 2.192924, 1.142622
12.93772, 2.205531, 2.221929, 1.135261
12.94874, 1.650664, 2.202995, 1.128047
12.95973, 1.777748, 2.208924, 1.120885
12.97097, 1.93283, 2.229483, 1.113545
12.98201, 2.003541, 2.249197, 1.106356
12.9932, 2.01472, 2.21411, 1.099087
13.00426, 1.911487, 2.163477, 1.091883
13.01532, 1.84615, 2.142771, 1.084682
13.02649, 1.828335, 2.077947, 1.077443
13.03782, 1.779707, 2.058581, 1.070115
13.04867, 1.815263, 2.044285, 1.062987
13.05986, 1.793804, 2.019885, 1.055766
13.07097, 1.746186, 1.966511, 1.048655
13.08202, 1.848423, 1.951751, 1.041574
13.0933, 1.806959, 1.926572, 1.034386
13.10417, 1.820305, 1.907882, 1.027451
13.11533, 1.798108, 1.889327, 1.020338
13.12645, 1.824025, 1.860182, 1.0133
13.13764, 1.882361, 1.868245, 1.006194
13.14865, 1.890562, 1.858838, 0.9992159
13.15986, 1.897116, 1.843418, 0.9921339
13.17088, 1.911755, 1.856472, 0.9852638
13.18194, 1.907518, 1.86296, 0.9783154
13.19316, 1.893867, 1.861012, 0.9713819
13.20412, 1.686751, 1.845173, 0.9645165
13.2153, 1.76492, 1.832683, 0.9575169
13.22641, 1.664526, 1.820335, 0.9506008
13.23773, 1.629066, 1.809481, 0.9436123
13.24868, 1.590912, 1.79761, 0.9368156
13.25964, 1.432721, 1.78026, 0.9300265
13.27088, 1.603416, 1.769668, 0.9230995
13.282, 1.362898, 1.748123, 0.9162414
13.29301, 1.353878, 1.728507, 0.9094366
13.30418, 1.335606, 1.702867, 0.9026034
13.31531, 1.328386, 1.678938, 0.8957613
13.3263, 1.320259, 1.653936, 0.8890442
13.33743, 1.362639, 1.632162, 0.882292
13.34858, 1.351339, 1.608528, 0.8754616
13.35969, 1.349639, 1.581892, 0.8687753
13.3708, 1.524286, 1.563578, 0.8621006
13.38217, 1.517806, 1.544613, 0.8553196
13.39312, 1.563555, 1.527203, 0.8487954
13.40418, 1.678977, 1.515776, 0.8422502
13.41516, 1.605071, 1.501336, 0.8357834
13.42629, 1.615065, 1.497751, 0.8292496
13.43756, 1.507342, 1.484873, 0.8226904
13.4485, 1.47792, 1.475542, 0.8161393
13.45966, 1.381473, 1.463163, 0.8096725
13.47084, 1.378261, 1.45253, 0.8032019
13.48194, 1.366098, 1.449199, 0.7968253
13.49307, 1.304233, 1.43424, 0.7904999
13.50407, 2.023779, 1.467284, 0.7842464
13.51523, 2.11669, 1.505424, 0.7779802
13.52626, 2.160079, 1.546648, 0.7718188
13.53739, 1.693914, 1.564924, 0.7656152
13.5484, 1.504309, 1.574127, 0.759482
13.55945, 1.425616, 1.577276, 0.753399
13.57066, 1.688835, 1.594151, 0.7471883
13.58183, 1.733388, 1.613338, 0.7411044
13.59292, 1.736307, 1.623939, 0.7353839
13.60399, 1.523103, 1.624204, 0.7293679
13.61521, 1.389188, 1.615486, 0.7234212
13.62616, 1.387268, 1.6009, 0.7176085
13.63725, 1.287878, 1.585041, 0.7117609
13.6484, 1.272034, 1.567889, 0.7058884
13.65946, 1.291767, 1.557111, 0.7001339
13.67071, 1.313866, 1.548908, 0.6941188
13.68179, 1.305998, 1.545134, 0.6884003
13.69282, 1.298556, 1.541149, 0.6827923
13.70397, 1.137437, 1.529716, 0.6771299
13.7151, 1.117879, 1.520398, 0.6715134
13.72619, 1.148912, 1.476655, 0.6659511
13.73776, 1.097497, 1.425695, 0.6602038
13.74849, 1.08929, 1.372156, 0.6549151
13.75941, 1.046727, 1.339796, 0.6495556
13.7705, 1.027982, 1.31598, 0.6441231
13.78181, 1.00183, 1.294791, 0.6386479
13.7927, 1.013663, 1.261032, 0.6335201
13.80384, 0.9261495, 1.22067, 0.6282094
13.81501, 0.9194056, 1.179825, 0.622948
13.82627, 0.9084257, 1.149091, 0.6176279
13.83723, 0.8631446, 1.122789, 0.6125477
13.84836, 0.8719518, 1.097023, 0.6073471
13.8594, 0.8340493, 1.074332, 0.6023111
13.87037, 0.8595967, 1.05371, 0.5973457
13.88167, 0.8563843, 1.031941, 0.5922758
13.89271, 0.8317375, 1.007834, 0.5874203
13.90373, 0.8144414, 0.9832565, 0.5828014
13.91495, 0.6762643, 0.9521419, 0.5779124
13.92617, 0.762206, 0.9333803, 0.5730765
13.93715, 0.7644828, 0.9157106, 0.5683606
13.94829, 0.7709493, 0.8968123, 0.5635429
13.95931, 0.7701216, 0.8804436, 0.5589017
13.97042, 0.7341062, 0.8626844, 0.5542437
13.98176, 0.6988646, 0.8452913, 0.5495648
13.99272, 0.6643547, 0.8271099, 0.5450865
14.00375, 0.6538016, 0.8097085, 0.5406207
14.0149, 0.6361797, 0.7908343, 0.5361274
14.02602, 0.6356156, 0.7763077, 0.5317094
14.03705, 0.6419752, 0.7624362, 0.5273398
14.04818, 0.6580121, 0.7499155, 0.52299
14.05929, 0.6473995, 0.7391282, 0.5187136
14.07038, 0.6159637, 0.7263288, 0.5147691
14.0816, 0.6323172, 0.7162423, 0.510568
14.0928, 0.579254, 0.7022251, 0.506408
14.10361, 0.579792, 0.6883955, 0.5024362
14.11484, 0.5931267, 0.6764649, 0.4983526
14.12594, 0.6095272, 0.6662192, 0.4943928
14.13705, 0.6131888, 0.6630654, 0.490448
14.14816, 0.6090755, 0.6554089, 0.4865898
14.15947, 0.6248629, 0.6484279, 0.4827024
14.17035, 0.6374785, 0.6417544, 0.4787472
14.18153, 0.6482754, 0.6356621, 0.4749625
14.19254, 0.6729484, 0.6326042, 0.4712293
14.20362, 0.6680675, 0.6310644, 0.467568
14.2148, 0.6557887, 0.6306361, 0.4638918
14.22585, 0.6568421, 0.6307881, 0.4603404
14.23703, 0.661246, 0.6320414, 0.4567893
14.24819, 0.6492493, 0.6327231, 0.453355
14.25923, 0.6658434, 0.6339165, 0.449946
14.27045, 0.6130676, 0.6316692, 0.4465148
14.28148, 0.6314829, 0.6308734, 0.4432129
14.2925, 0.6284524, 0.6314978, 0.440096
14.3037, 0.6105977, 0.6304118, 0.4368572
14.31487, 0.5957862, 0.6312384, 0.4335554
14.32585, 0.6129865, 0.6328982, 0.4304447
14.33692, 0.6201773, 0.6342507, 0.4273642
14.34806, 0.6165188, 0.6346003, 0.4244
14.35916, 0.6362433, 0.635753, 0.4214264
14.37027, 0.5965716, 0.6351278, 0.4184473
14.38148, 0.6435455, 0.6360619, 0.4155571
14.39248, 0.5687709, 0.6326265, 0.4127917
14.40361, 0.5382589, 0.6271257, 0.4099668
14.41485, 0.6119758, 0.624077, 0.407308
14.42577, 0.7118406, 0.6262657, 0.4047041
14.43687, 0.599107, 0.6234316, 0.4021102
14.44806, 0.5682763, 0.6190034, 0.399888
14.45912, 0.6044065, 0.6161613, 0.3974062
14.47034, 0.6099045, 0.6141941, 0.3949617
14.48135, 0.5925221, 0.6105281, 0.3926011
14.49243, 0.6021096, 0.6099802, 0.3901797
14.50357, 0.8012255, 0.6184673, 0.3878902
14.51488, 0.5594976, 0.6150196, 0.3857664
14.52579, 0.6116443, 0.6150719, 0.3836737
14.53686, 0.4565977, 0.6081125, 0.3815726
14.548, 0.4740234, 0.6011643, 0.379466
14.55907, 0.5233291, 0.5963219, 0.3774601
14.65903, 0, 0.565496, 0.3618284
14.67063, 0, 0.5336838, 0.3602576
14.68129, 0, 0.5038552, 0.3588682
14.69242, 0, 0.471678, 0.3574712
14.70343, 0, 0.4432394, 0.3561316
14.71454, 0, 0.4163265, 0.3548371
14.7257, 0.366393, 0.4040473, 0.353753
14.73675, 0.3917415, 0.3880424, 0.3525716
14.74809, 0.4264474, 0.3794095, 0.3512242
14.75902, 0.3969866, 0.370845, 0.3501592
14.77006, 0.3846939, 0.3598593, 0.3484054
14.78148, 0.3931786, 0.349023, 0.3473598
14.79226, 0.3961101, 0.3392025, 0.3462852
14.80347, 0.3887258, 0.3285333, 0.3450863
14.81458, 0.3813759, 0.3075408, 0.3442149
14.82573, 0.3908576, 0.2991088, 0.3434205
14.83674, 0.3803282, 0.287543, 0.3426542
14.8478, 0.3911895, 0.2842726, 0.3419785
14.85889, 0.3953914, 0.280341, 0.3413117
14.87, 0.3955881, 0.2739539, 0.3407306
14.88115, 0.3938458, 0.2936462, 0.3401832
14.8923, 0.397161, 0.3135042, 0.3397067
14.90339, 0.3939467, 0.3332016, 0.3392657
14.91453, 0.3871778, 0.3525605, 0.3388683
14.92561, 0.3877816, 0.3719496, 0.3384991
14.93678, 0.3897016, 0.3914346, 0.3382043
14.94791, 0.3920085, 0.3927154, 0.3379425
14.95883, 0.391547, 0.3927057, 0.337761
14.97004, 0.3927276, 0.3910197, 0.3376403
14.98115, 0.3888073, 0.3906108, 0.3375556
14.99226, 0.407786, 0.3917654, 0.3375204
15.0034, 0.405928, 0.3924028, 0.3374237
15.01443, 0.4057742, 0.392886, 0.3375393
15.02553, 0.4053477, 0.3937171, 0.337584
15.03677, 0.4032102, 0.3948088, 0.3377432
15.04769, 0.400078, 0.3952699, 0.3379703
15.05885, 0.3980091, 0.3961539, 0.3382292
15.06989, 0.3408797, 0.3936384, 0.3385465
15.08104, 0.3876182, 0.3932498, 0.3389203
15.09224, 0.3567612, 0.3913084, 0.3393137
15.10337, 0, 0.3716161, 0.3398036
15.11441, 0, 0.3517581, 0.3403338
15.12547, 0, 0.3320608, 0.3408983
15.20311, 0, 0.3127019, 0.346076
15.21428, 0, 0.2933128, 0.3470445
15.22548, 0, 0.2738277, 0.3483525
15.23654, 0, 0.2542273, 0.3494409
15.24779, 0.5041994, 0.2598599, 0.350248
15.25879, 0.5076948, 0.2656083, 0.3514078
15.26986, 0.4840601, 0.2703709, 0.3526186
15.28096, 0.4708756, 0.2735254, 0.3539082
15.29203, 0.5074568, 0.2786018, 0.3552733
15.30324, 0.4406962, 0.2803479, 0.3565023
15.31431, 0.4825951, 0.2842103, 0.357898
15.32556, 0.463851, 0.2872423, 0.3595067
15.33661, 0.4523309, 0.289855, 0.3610395
15.34748, 0.4566528, 0.2927871, 0.362613
15.35866, 0.4639587, 0.2989411, 0.3642716
15.36985, 0.4639344, 0.3027569, 0.3659679
15.38099, 0.4768703, 0.3087623, 0.3677289
15.39203, 0.4718268, 0.3323537, 0.3695474
15.40315, 0.4704927, 0.3558783, 0.3714572
15.41418, 0.4705482, 0.3794057, 0.3733619
15.42534, 0.4780386, 0.4033076, 0.3752686
15.43637, 0.4935656, 0.4279859, 0.3772669
15.44758, 0.4902996, 0.4525009, 0.3793717
15.45874, 0.4871969, 0.4768607, 0.3815112
15.46978, 0.5032887, 0.4768152, 0.3836773
15.48092, 0.4889448, 0.4758777, 0.3859159
15.492, 0.4905712, 0.4762032, 0.3881755
15.50304, 0.496502, 0.4774845, 0.390647
15.51415, 0.5023428, 0.4772288, 0.3930504
15.52531, 0.5135807, 0.480873, 0.3955153
15.5365, 0.4949273, 0.4814896, 0.3980646
15.54751, 0.501592, 0.4833767, 0.4005913
15.55877, 0.4959907, 0.4855596, 0.4032236
15.56969, 0.4912722, 0.4872906, 0.4058352
15.58086, 0.4955705, 0.4888712, 0.4085487
15.59201, 0.4926906, 0.4903091, 0.4113047
15.60309, 0.495597, 0.4912454, 0.414081
15.61404, 0.4986617, 0.4925871, 0.4169415
15.62531, 0.5073256, 0.4944288, 0.4198895
15.63671, 0.5154529, 0.4966741, 0.4229496
15.64745, 0.5240019, 0.4989722, 0.425812
15.65866, 0.5180576, 0.5001968, 0.4288907
15.66967, 0.5232499, 0.5018443, 0.4319653
15.68086, 0.5214176, 0.5035554, 0.4351523
15.69192, 0.5310205, 0.5049419, 0.4383609
15.70303, 0.5151637, 0.5062529, 0.4417189
15.71416, 0.517565, 0.5076026, 0.4450364
15.72519, 0.5049401, 0.5080245, 0.4485974
15.73633, 0.5102878, 0.5084217, 0.4520196
15.74739, 0.5084217, 0.5081638, 0.4555146
15.75859, 0.4882441, 0.5078296, 0.459046
15.76969, 0.4780024, 0.5066501, 0.4626149
15.7808, 0.478474, 0.5057743, 0.4662275
15.79176, 0.4776358, 0.5050925, 0.4698108
15.80288, 0.4901734, 0.5048226, 0.4734439
15.81401, 0.4980391, 0.5050901, 0.4774072
15.82513, 0.5027648, 0.5054485, 0.4811391
15.83638, 0.5031354, 0.5056721, 0.4849582
15.84731, 0.5129769, 0.5059546, 0.4887511
15.85844, 0.5171577, 0.5060399, 0.4926842
15.86962, 0.525446, 0.506112, 0.4966773
15.8809, 0.5210308, 0.5062607, 0.5007656
15.89169, 0.5138115, 0.5057887, 0.5047204
15.90287, 0.5068081, 0.5050583, 0.5088105
15.91397, 0.5035505, 0.5036848, 0.5129395
15.92518, 0.4954498, 0.5026991, 0.5171908
15.93627, 0.4822584, 0.5009338, 0.5214084
15.94732, 0.4843552, 0.4999046, 0.5256755
15.95864, 0.4848613, 0.4986332, 0.5300724
15.96975, 0.4898858, 0.4977065, 0.5344613
15.98056, 0.4986901, 0.4982287, 0.5387479
15.99173, 0.5015252, 0.4994048, 0.543215
16.00285, 0.5114487, 0.5010536, 0.547701
16.01388, 0.5149733, 0.5029205, 0.5521871
16.02513, 0.5141835, 0.504121, 0.5568208
16.03618, 0.5271635, 0.5055772, 0.5614071
16.04725, 0.5289474, 0.5068864, 0.5660849
16.05861, 0.5506287, 0.509261, 0.5709061
16.06948, 0.5616766, 0.511696, 0.5756159
16.08063, 0.5627311, 0.5139747, 0.5804237
16.09178, 0.5633354, 0.5158691, 0.5853127
16.10285, 0.5626335, 0.5179493, 0.5901218
16.11392, 0.5744478, 0.5209811, 0.5950109
16.12505, 0.5741115, 0.5243463, 0.6000658
16.13607, 0.5840424, 0.5283709, 0.6050243
16.14723, 0.5882881, 0.5330128, 0.6101617
16.15833, 0.5954459, 0.5386721, 0.6152135
16.16944, 0.5987182, 0.5443903, 0.6203312
16.18064, 0.5974707, 0.5500208, 0.6252406
16.19165, 0.6452448, 0.5577887, 0.6303778
16.2027, 0.813329, 0.5735207, 0.635574
16.2139, 0.7566359, 0.5862762, 0.6408954
16.22496, 0.7945083, 0.6004292, 0.6461733
16.23613, 0.8199568, 0.6156783, 0.6515507
16.24712, 0.7818741, 0.6290628, 0.6569253
16.25844, 0.7840465, 0.641907, 0.6624572
16.26926, 0.8200019, 0.6564597, 0.6677217
16.28043, 0.8332845, 0.6705925, 0.6732488
16.29146, 0.844168, 0.6847171, 0.6787823
16.30268, 0.8236556, 0.6977633, 0.6844274
16.31373, 0.8323062, 0.7112118, 0.6899949
16.325, 0.8409582, 0.7251281, 0.6957114
16.3361, 0.8704483, 0.7399281, 0.7013267
16.34713, 0.8996225, 0.7562037, 0.7069801
16.35824, 0.9038863, 0.7721959, 0.7127357
16.36945, 0.9318728, 0.7893751, 0.7185569
16.38039, 0.925381, 0.8058718, 0.7242913
16.39221, 0.970623, 0.8244671, 0.7305063
16.40253, 0.9941837, 0.8443028, 0.736132
16.41379, 0.989632, 0.8615221, 0.7421987
16.42484, 1.026524, 0.8721818, 0.748175
16.43603, 1.141559, 0.891428, 0.7542191
16.44722, 1.148314, 0.9091183, 0.7602949
16.45816, 1.136397, 0.9249403, 0.766312
16.46924, 1.157476, 0.9437205, 0.7724311
16.48044, 1.107453, 0.9598907, 0.7787676
16.49166, 1.076194, 0.9727004, 0.7849687
16.50266, 1.158739, 0.9889731, 0.7911217
16.5137, 1.082352, 1.000882, 0.7973127
16.5249, 1.075167, 1.013458, 0.8036225
16.5359, 1.105588, 1.027122, 0.8098634
16.54702, 1.097796, 1.039964, 0.8162333
16.55824, 1.104988, 1.051691, 0.8226597
16.56921, 1.058394, 1.05963, 0.8288209
16.58027, 1.090812, 1.068976, 0.8352012
16.59144, 1.113032, 1.078034, 0.841674
16.60264, 1.140552, 1.088792, 0.8482206
16.61367, 1.142198, 1.097371, 0.8547611
16.62499, 1.179976, 1.106661, 0.8613936
16.63597, 1.181497, 1.116254, 0.8681828
16.64727, 1.180066, 1.123931, 0.8749111
16.65815, 1.181818, 1.125944, 0.8814339
16.66916, 1.203304, 1.128693, 0.8880896
16.68025, 1.231018, 1.133425, 0.8947884
16.69447, 1.298926, 1.140497, 0.9034202
16.70573, 1.330506, 1.15165, 0.9102653
16.71373, 1.352536, 1.165467, 0.9141502
16.7247, 1.384504, 1.176755, 0.9208116
16.73608, 1.663767, 1.205826, 0.9277602
16.74709, 1.418461, 1.22299, 0.9345064
16.75802, 1.495105, 1.242466, 0.9414147
16.76919, 1.296319, 1.252392, 0.9483255
16.78045, 1.063474, 1.250317, 0.9552768
16.79184, 1.430459, 1.26892, 0.9624007
16.80262, 1.154692, 1.272114, 0.9691118
16.8136, 1.109825, 1.271953, 0.9760607
16.82471, 1.070698, 1.268461, 0.9830322
16.8358, 1.052741, 1.263988, 0.9899678
16.84697, 1.106789, 1.260329, 0.9970096
16.85822, 1.165921, 1.25955, 1.004147
16.86915, 1.117172, 1.256405, 1.011136
16.8802, 1.123948, 1.253511, 1.018208
16.89131, 1.143235, 1.250508, 1.025287
16.90242, 1.037025, 1.240808, 1.032435
16.9136, 1.02348, 1.227036, 1.03968
16.92459, 1.015496, 1.211285, 1.04679
16.93592, 0.976465, 1.192482, 1.054136
16.94688, 0.9952868, 1.173021, 1.061274
16.95806, 1.017452, 1.140705, 1.06857
16.969, 1.076199, 1.123592, 1.07571
16.98021, 1.064919, 1.102083, 1.083074
16.99127, 1.062376, 1.090386, 1.09027
17.0023, 1.089017, 1.091663, 1.097555
17.01361, 1.093351, 1.074808, 1.105051
17.02467, 1.090618, 1.071604, 1.112393
17.03572, 1.133237, 1.072774, 1.119755
17.04678, 1.137571, 1.076118, 1.127034
17.0579, 1.101927, 1.078577, 1.13446
17.06906, 1.133271, 1.079901, 1.141903
17.08014, 1.148139, 1.079012, 1.149334
17.09137, 1.169675, 1.081638, 1.156913
17.10236, 1.186663, 1.084773, 1.164315
17.11353, 1.198786, 1.087551, 1.171745
17.1245, 1.198605, 1.09563, 1.179113
17.13566, 1.204763, 1.104694, 1.186659
17.14667, 1.230335, 1.115436, 1.194109
17.15804, 1.236646, 1.128445, 1.201794
17.16895, 1.310328, 1.144197, 1.209176
17.18025, 1.339759, 1.160312, 1.216958
17.19115, 1.321476, 1.172576, 1.22437
17.20246, 1.32232, 1.185446, 1.232065
17.21337, 1.326821, 1.198669, 1.23952
17.22481, 1.368145, 1.212625, 1.247383
17.23559, 1.382657, 1.22709, 1.254845
17.24676, 1.413942, 1.243257, 1.262512
17.25779, 1.412024, 1.257196, 1.270101
17.26905, 1.555128, 1.278074, 1.27788
17.28005, 1.515984, 1.298777, 1.28546
17.29113, 1.610707, 1.322648, 1.293083
17.30226, 1.541292, 1.342306, 1.300661
17.31337, 1.661585, 1.366902, 1.30834
17.32443, 1.682696, 1.391703, 1.315977
17.33565, 1.402615, 1.401895, 1.323789
17.34662, 1.401982, 1.412064, 1.33137
17.35781, 1.353699, 1.41951, 1.33912
17.36896, 0.9431844, 1.405153, 1.346814
17.38005, 0.9219382, 1.389417, 1.354515
17.39113, 0.9194719, 1.369875, 1.362233
17.40234, 1.274897, 1.366632, 1.370015
17.41337, 1.256314, 1.363374, 1.377645
17.4245, 1.255811, 1.360048, 1.385354
17.43548, 1.383669, 1.36289, 1.393
17.44667, 1.370866, 1.363026, 1.400815
17.45778, 1.332831, 1.360535, 1.408559
17.4689, 1.322679, 1.355972, 1.416286
17.47997, 1.325922, 1.351667, 1.423941
17.4911, 1.269351, 1.337378, 1.431732
17.50216, 1.180017, 1.32058, 1.439408
17.51336, 1.185444, 1.299317, 1.447197
17.52424, 1.190419, 1.281773, 1.454718
17.53544, 1.116873, 1.254537, 1.462523
17.54657, 1.143898, 1.227597, 1.470316
17.55779, 1.135129, 1.214223, 1.478126
17.56889, 1.186378, 1.203443, 1.485893
17.58001, 1.23404, 1.19746, 1.49369
17.59095, 1.308075, 1.215705, 1.50139
17.60209, 1.328224, 1.236019, 1.509226
17.61314, 1.349867, 1.257539, 1.516934
17.62434, 1.34312, 1.26095, 1.524737
17.63556, 1.370934, 1.266681, 1.532492
17.64651, 1.35479, 1.27163, 1.540267
17.65764, 1.405111, 1.272702, 1.54803
17.66873, 1.485307, 1.278424, 1.55593
17.6799, 1.492853, 1.286425, 1.56384
17.69095, 1.508898, 1.295736, 1.5716
17.70207, 1.49911, 1.304395, 1.57945
17.71318, 1.430538, 1.312455, 1.587187
17.72425, 1.428491, 1.324878, 1.595013
17.7356, 1.370621, 1.334137, 1.602905
17.74659, 1.378256, 1.343529, 1.61078
17.76044, 1.399385, 1.357655, 1.620336
17.76885, 1.441208, 1.37252, 1.626242
17.77985, 1.404424, 1.385985, 1.63369
17.79095, 1.421336, 1.397733, 1.641334
17.80212, 1.32976, 1.402519, 1.649093
17.81335, 1.301345, 1.402182, 1.656784
17.82428, 1.249631, 1.398253, 1.664232
17.83531, 1.315694, 1.396544, 1.671661
17.84651, 1.343947, 1.396585, 1.679086
17.8576, 1.325803, 1.394329, 1.686574
17.86873, 1.364824, 1.394831, 1.694191
17.87978, 1.368531, 1.393002, 1.701622
17.89095, 1.362689, 1.386871, 1.708986
17.90195, 1.367247, 1.38059, 1.714938
17.9131, 1.372099, 1.37375, 1.722328
17.9242, 1.370002, 1.367295, 1.729692
17.93528, 1.427122, 1.367124, 1.73703
17.94642, 1.478961, 1.369648, 1.744424
17.95746, 1.420727, 1.372153, 1.751707
17.96865, 1.43698, 1.375089, 1.759077
17.97975, 1.442731, 1.377257, 1.766382
17.99092, 1.531415, 1.381767, 1.773729
18.00204, 1.536974, 1.388394, 1.781003
18.01305, 1.673804, 1.401018, 1.788165
18.02415, 1.593579, 1.414209, 1.795407
18.03522, 1.498012, 1.424042, 1.802609
18.04652, 1.571268, 1.440124, 1.80996
18.05757, 1.643949, 1.456537, 1.817129
18.06884, 1.526039, 1.465641, 1.824369
18.07964, 1.553638, 1.477033, 1.831348
18.0909, 1.491682, 1.483376, 1.838576
18.10204, 1.426293, 1.486264, 1.845656
18.1129, 1.45934, 1.491097, 1.852606
18.12406, 1.443725, 1.49492, 1.859625
18.13529, 1.409361, 1.496784, 1.866778
18.14624, 1.382317, 1.497399, 1.873665
18.15767, 1.429471, 1.497517, 1.880936
18.16881, 1.551615, 1.501149, 1.887722
18.17978, 1.445925, 1.502409, 1.894628
18.19075, 1.452457, 1.503183, 1.901562
18.20198, 1.498242, 1.505959, 1.908505
18.21295, 1.574517, 1.508114, 1.915356
18.2241, 1.589115, 1.510721, 1.922534
18.23516, 1.553324, 1.504697, 1.929411
18.24624, 1.523547, 1.501195, 1.936115
18.25746, 1.52161, 1.502375, 1.943034
18.26882, 1.503115, 1.498968, 1.949844
18.27974, 1.568096, 1.495175, 1.956533
18.29075, 1.495911, 1.493669, 1.963133
18.30188, 1.469228, 1.489448, 1.969901
18.3129, 1.469707, 1.488349, 1.976471
18.32407, 1.454504, 1.48976, 1.983155
18.33532, 1.531745, 1.49338, 1.989924
18.34625, 1.527504, 1.497569, 1.99633
18.35739, 1.521171, 1.50316, 2.002969
18.3684, 1.546699, 1.511379, 2.009568
18.37947, 1.541089, 1.51696, 2.0162
18.39068, 1.63407, 1.521082, 2.022792
18.40174, 1.620809, 1.529826, 2.029335
18.41291, 1.788329, 1.54662, 2.035844
18.42386, 1.808968, 1.562156, 2.04215
18.43511, 1.765864, 1.571724, 2.048646
18.44619, 1.779511, 1.581243, 2.055022
18.45735, 1.758469, 1.591501, 2.061395
18.46846, 1.734613, 1.602054, 2.067641
18.47951, 1.719656, 1.611956, 2.073789
18.49066, 1.716704, 1.622635, 2.080054
18.50175, 1.814481, 1.634955, 2.086281
18.51295, 1.905677, 1.655443, 2.0925
18.52376, 1.802447, 1.672104, 2.098578
18.53507, 1.980465, 1.697642, 2.104796
18.54606, 1.820295, 1.715931, 2.110753
18.55733, 1.75604, 1.727146, 2.116875
18.5684, 1.768394, 1.73919, 2.123037
18.57941, 1.761927, 1.751228, 2.128829
18.59052, 1.751504, 1.761469, 2.134767
18.60173, 1.750257, 1.771927, 2.140867
18.61272, 1.765589, 1.778503, 2.146664
18.62387, 1.766243, 1.785775, 2.152503
18.63499, 1.760778, 1.784397, 2.158441
18.64603, 1.777964, 1.782847, 2.164091
18.65717, 1.906208, 1.789864, 2.169832
18.6683, 1.925212, 1.797149, 2.175746
18.67943, 1.984108, 1.808431, 2.181392
18.69049, 1.973286, 1.820365, 2.186993
18.70177, 2.020984, 1.835431, 2.192667
18.71269, 2.138883, 1.85654, 2.198359
18.72393, 2.143089, 1.872971, 2.204158
18.73502, 2.23364, 1.889369, 2.209644
18.74603, 2.289554, 1.913724, 2.214879
18.75701, 1.997702, 1.914586, 2.220236
18.7683, 2.192529, 1.933198, 2.225695
18.77941, 2.142156, 1.952503, 2.230979
18.7905, 2.14649, 1.971408, 2.236279
18.80159, 2.192917, 1.992957, 2.241548
18.81267, 2.275742, 2.019169, 2.246642
18.82731, 2.311898, 2.047251, 2.253587
18.83508, 2.334738, 2.075709, 2.257186
18.84596, 2.280495, 2.101421, 2.262161
18.85711, 2.248609, 2.125813, 2.267241
18.86824, 2.1606, 2.144945, 2.272189
18.87928, 2.275552, 2.163412, 2.277133
18.89039, 2.1989, 2.177096, 2.282021
18.90179, 2.055807, 2.180681, 2.287057
18.91269, 1.985707, 2.181302, 2.29182
18.92357, 1.969114, 2.178709, 2.296519
18.93489, 1.84531, 2.16403, 2.301376
18.94585, 1.87742, 2.150747, 2.306215
18.95711, 1.863603, 2.132245, 2.310976
18.96814, 1.860736, 2.110804, 2.315841
18.97934, 1.850654, 2.103451, 2.320367
18.99037, 1.844246, 2.086037, 2.324916
19.00149, 1.780143, 2.067937, 2.329182
19.01244, 1.784076, 2.049816, 2.333611
19.02392, 1.775209, 2.028931, 2.33822
19.03492, 1.795568, 2.004922, 2.342592
19.04598, 1.747115, 1.976683, 2.34661
19.05697, 1.758873, 1.94789, 2.350877
19.0683, 1.804688, 1.924099, 2.355095
19.07919, 1.834368, 1.903387, 2.359072
19.09046, 1.806685, 1.885692, 2.363298
19.10142, 1.907473, 1.867288, 2.367491
19.11259, 1.914786, 1.853082, 2.371591
19.12363, 1.951854, 1.847885, 2.375764
19.13484, 1.92984, 1.845091, 2.379802
19.14592, 1.929467, 1.843109, 2.383525
19.15701, 1.933015, 1.847494, 2.387412
19.16804, 1.954614, 1.851354, 2.391134
19.17918, 1.958264, 1.856087, 2.394842
19.19024, 2.002595, 1.86318, 2.398583
19.20125, 1.973559, 1.869325, 2.40354
19.21258, 1.986419, 1.876434, 2.407299
19.22359, 1.933075, 1.884081, 2.410908
19.23478, 1.981697, 1.893962, 2.414515
19.24584, 2.013207, 1.905861, 2.417948
19.25698, 1.992242, 1.915695, 2.421435
19.26819, 1.995539, 1.928116, 2.424887
19.27922, 1.954787, 1.937912, 2.428378
19.29036, 2.004974, 1.947927, 2.431727
19.30139, 1.99748, 1.956082, 2.434905
19.31257, 2.056919, 1.968594, 2.438165
19.32342, 2.045515, 1.975496, 2.441146
19.33476, 2.042123, 1.981863, 2.444355
19.34569, 2.038233, 1.986182, 2.447447
19.35687, 2.046571, 1.992018, 2.450505
19.36812, 2.068001, 1.998945, 2.453385
19.3791, 2.083494, 2.006469, 2.456467
19.39011, 2.093903, 2.013433, 2.459341
19.40131, 2.08824, 2.019932, 2.462154
19.41253, 2.185528, 2.029079, 2.464658
19.42346, 2.228304, 2.041816, 2.467323
19.43472, 1.985216, 2.041756, 2.470024
19.44582, 2.052907, 2.047747, 2.472657
19.45675, 2.070273, 2.052176, 2.475209
19.46783, 1.96675, 2.049854, 2.477742
19.47915, 2.047107, 2.052597, 2.480254
19.49014, 2.008212, 2.053231, 2.482645
19.5013, 1.956119, 2.053297, 2.485048
19.51234, 1.994809, 2.052789, 2.487364
19.52349, 1.93053, 2.049441, 2.489718
19.53437, 1.909881, 2.042089, 2.491907
19.54554, 1.924824, 2.036055, 2.494257
19.55676, 1.911919, 2.029545, 2.496426
19.56777, 2.105162, 2.032891, 2.498483
19.57899, 1.914053, 2.026265, 2.500603
19.58998, 2.030535, 2.024392, 2.502583
19.60117, 1.919996, 2.016217, 2.504544
19.61234, 1.99303, 2.011173, 2.506453
19.62331, 2.161821, 2.014852, 2.508416
19.63447, 2.065121, 2.008832, 2.510232
19.64563, 2.167869, 2.00581, 2.511893
19.65668, 2.196106, 2.016355, 2.513572
19.66778, 2.093713, 2.018395, 2.515145
19.67889, 2.044261, 2.017094, 2.516655
19.68999, 2.029645, 2.020239, 2.518214
19.70114, 2.038856, 2.019826, 2.519678
19.71229, 2.023273, 2.02058, 2.521142
19.72331, 2.022313, 2.023889, 2.522573
19.73445, 2.020471, 2.025172, 2.523908
19.74556, 1.99481, 2.028386, 2.52518
19.75669, 1.977049, 2.031744, 2.526421
19.76783, 1.979052, 2.034456, 2.527703
19.7789, 2.010141, 2.039367, 2.528814
19.78999, 2.073237, 2.037771, 2.529887
19.80105, 2.049048, 2.044521, 2.530862
19.81229, 2.029955, 2.044492, 2.531842
19.82343, 2.043544, 2.050669, 2.53258
19.83452, 2.107484, 2.056392, 2.533435
19.84558, 2.176527, 2.057127, 2.534205
19.85669, 2.144161, 2.061079, 2.534959
19.86767, 2.31022, 2.068197, 2.535546
19.87881, 2.293304, 2.073056, 2.536041
19.89287, 2.284333, 2.082587, 2.536793
19.90144, 2.290233, 2.094886, 2.537205
19.91236, 2.148486, 2.100828, 2.537688
19.92315, 2.134697, 2.10562, 2.538029
19.93438, 2.128391, 2.110876, 2.538409
19.94555, 2.116707, 2.115596, 2.538659
19.95651, 2.077096, 2.118427, 2.538929
19.96768, 2.061123, 2.121743, 2.539292
19.97872, 2.06557, 2.126169, 2.539778
19.98981, 2.058129, 2.130123, 2.539912
20.00098, 2.120483, 2.13564, 2.540176
