0.0114429, 2.923349, 2.923349, 2.504372
0.0216196, 2.951171, 2.93726, 2.504407
0.0326121, 2.740813, 2.871778, 2.504392
0.0438572, 2.817061, 2.858099, 2.504394
0.0548612, 3.144857, 2.91545, 2.503613
0.0659124, 3.34041, 2.986277, 2.503405
0.0770801, 3.392014, 3.044239, 2.503327
0.0881398, 3.418792, 3.091058, 2.503038
0.0993709, 3.437546, 3.129557, 2.502638
0.1104732, 3.43113, 3.159714, 2.502236
0.1215025, 3.520664, 3.192528, 2.502311
0.13272, 3.412689, 3.210875, 2.501849
0.1436648, 3.138466, 3.205305, 2.501302
0.1549054, 3.070059, 3.195644, 2.501101
0.1661748, 3.054134, 3.18621, 2.50049
0.1771526, 3.059592, 3.178297, 2.499785
0.1885438, 3.145329, 3.176358, 2.499094
0.2000649, 3.64573, 3.202434, 2.498093
0.2103324, 3.609523, 3.22386, 2.497327
0.2214202, 3.494794, 3.237406, 2.496225
0.2324844, 3.260946, 3.254286, 2.494957
0.2436272, 3.839797, 3.298717, 2.493913
0.254732, 4.222178, 3.372786, 2.492731
0.2657959, 4.234613, 3.443663, 2.491515
0.2769673, 3.615404, 3.46719, 2.490245
0.2880889, 3.483091, 3.474324, 2.488916
0.2991956, 3.270022, 3.468225, 2.487353
0.3103646, 2.647275, 3.429649, 2.485904
0.3213731, 2.631201, 3.389332, 2.484247
0.3327518, 2.628027, 3.349177, 2.482643
0.3437999, 2.525111, 3.299399, 2.481023
0.3546436, 2.630774, 3.260303, 2.479408
0.3657759, 2.487698, 3.227765, 2.477722
0.376928, 2.471717, 3.197847, 2.475836
0.3881305, 2.492143, 3.169748, 2.473985
0.3991295, 2.398744, 3.136705, 2.472134
0.4103316, 2.837228, 3.1213, 2.470237
0.4213083, 2.784511, 3.078239, 2.468236
0.4325095, 2.704889, 3.033008, 2.466174
0.4436406, 3.174975, 3.017017, 2.4641
0.454709, 3.175011, 3.01272, 2.461977
0.4658488, 3.154291, 2.978445, 2.459786
0.4768508, 3.193439, 2.927008, 2.457509
0.4880475, 3.181266, 2.874341, 2.455211
0.4990319, 3.307325, 2.858937, 2.452815
0.5102237, 3.178137, 2.843689, 2.4504
0.5212573, 3.423076, 2.851342, 2.447968
0.5324734, 3.227885, 2.880372, 2.445457
0.5435283, 3.460517, 2.921838, 2.442622
0.5546275, 3.365444, 2.958709, 2.439934
0.5657269, 3.319321, 2.998419, 2.437251
0.5769133, 3.508606, 3.042311, 2.434689
0.587984, 3.378283, 3.08684, 2.432112
0.5991708, 3.393956, 3.132952, 2.429278
0.6102629, 3.604894, 3.18859, 2.426368
0.6212763, 3.578169, 3.247561, 2.423502
0.6323215, 3.632216, 3.287311, 2.42062
0.6435667, 3.334945, 3.314833, 2.417567
0.6545233, 3.233331, 3.341255, 2.414551
0.6656639, 3.204915, 3.342752, 2.41143
0.6769371, 2.987127, 3.333358, 2.408118
0.6879635, 3.247367, 3.338012, 2.40478
0.6990549, 3.200629, 3.338372, 2.401532
0.71018, 3.08611, 3.333614, 2.398014
0.7212947, 3.293378, 3.332917, 2.394662
0.7323803, 3.328367, 3.340428, 2.391401
0.7435043, 3.065631, 3.322556, 2.387938
0.7546739, 3.060445, 3.314184, 2.384651
0.7656471, 3.060177, 3.294167, 2.381117
0.7768708, 2.958892, 3.273839, 2.377512
0.7878491, 3.156198, 3.265683, 2.373912
0.7989848, 3.254948, 3.253001, 2.370233
0.810122, 3.158958, 3.242034, 2.366554
0.8211668, 3.097853, 3.227229, 2.362822
0.8322465, 3.174311, 3.2057, 2.358973
0.8435118, 3.0328, 3.178432, 2.355049
0.8545762, 2.935065, 3.143574, 2.351196
0.8655301, 2.965136, 3.125083, 2.347279
0.8767081, 3.186161, 3.122725, 2.343408
0.8877425, 3.264591, 3.125709, 2.339211
0.8989493, 3.299229, 3.141314, 2.33507
0.9100893, 3.453663, 3.151628, 2.330994
0.9211821, 3.272465, 3.155221, 2.326828
0.9324524, 3.335389, 3.167684, 2.322765
0.9433472, 3.438359, 3.174933, 2.318581
0.9544662, 3.575807, 3.187305, 2.314213
0.9655052, 3.457482, 3.206898, 2.309705
0.9799963, 3.741759, 3.240964, 2.303858
0.9878706, 3.638731, 3.269892, 2.300625
0.9988369, 3.608431, 3.302369, 2.296151
1.010124, 3.468525, 3.317985, 2.291477
1.021117, 3.014893, 3.305982, 2.286892
1.032212, 3.04212, 3.30014, 2.282226
1.043469, 2.892334, 3.289864, 2.277432
1.054474, 2.886781, 3.275488, 2.27271
1.065518, 3.091759, 3.278436, 2.267917
1.076716, 3.317919, 3.297578, 2.26305
1.087741, 3.261435, 3.312394, 2.258208
1.09886, 3.143517, 3.310261, 2.253224
1.109992, 3.318526, 3.312958, 2.248297
1.121014, 3.306057, 3.3133, 2.243571
1.132169, 3.288434, 3.305038, 2.239043
1.143277, 3.594103, 3.32112, 2.23401
1.154388, 3.381361, 3.323419, 2.228888
1.165483, 3.453146, 3.324158, 2.223786
1.176713, 3.546034, 3.32267, 2.218576
1.187764, 3.529804, 3.326286, 2.213275
1.198826, 3.570213, 3.317708, 2.208079
1.209991, 3.317329, 3.301638, 2.202826
1.221098, 3.395007, 3.290967, 2.197506
1.232102, 3.3844, 3.28676, 2.192158
1.243298, 3.023787, 3.287205, 2.186729
1.254279, 3.044692, 3.287334, 2.18135
1.265362, 3.079341, 3.296684, 2.175743
1.276469, 2.946138, 3.299652, 2.170228
1.287667, 2.472822, 3.268705, 2.16478
1.298735, 2.367851, 3.221202, 2.159246
1.309918, 2.171276, 3.166693, 2.153593
1.321088, 2.117107, 3.115373, 2.147925
1.332086, 2.120034, 3.055448, 2.141756
1.343232, 2.282818, 3.004286, 2.135976
1.354274, 2.255452, 2.952637, 2.130279
1.365428, 2.299965, 2.88793, 2.124631
1.37658, 2.317144, 2.834719, 2.118769
1.387564, 2.22226, 2.773175, 2.112969
1.398627, 2.120066, 2.701876, 2.107175
1.409876, 2.122941, 2.631533, 2.101157
1.420936, 2.15231, 2.560638, 2.095214
1.432001, 2.158861, 2.502715, 2.089606
1.443264, 2.456105, 2.455769, 2.083506
1.454176, 2.286043, 2.400851, 2.077546
1.46537, 2.284747, 2.363899, 2.071509
1.476601, 2.249047, 2.324117, 2.065127
1.487602, 2.263275, 2.283314, 2.058981
1.498821, 2.261409, 2.249077, 2.052759
1.509831, 2.234454, 2.237159, 2.046501
1.52086, 2.208755, 2.229204, 2.040267
1.532112, 2.359984, 2.23864, 2.033912
1.543227, 2.377753, 2.251672, 2.027581
1.554175, 2.350708, 2.263206, 2.021312
1.565279, 2.34064, 2.266097, 2.014864
1.576545, 1.67455, 2.237052, 2.008367
1.587499, 1.802919, 2.2122, 2.001994
1.598558, 1.958298, 2.194257, 1.995787
1.609771, 1.737083, 2.169999, 1.988987
1.620839, 1.876972, 2.157844, 1.982544
1.631922, 1.903742, 2.146884, 1.975961
1.643193, 2.115669, 2.145052, 1.969229
1.654139, 2.412912, 2.157754, 1.962687
1.665228, 2.33513, 2.151706, 1.956119
1.67635, 2.336739, 2.15424, 1.949434
1.687522, 2.389683, 2.159487, 1.942668
1.698807, 2.384426, 2.166256, 1.935585
1.709652, 2.377378, 2.171961, 1.929064
1.720862, 2.341409, 2.175961, 1.922298
1.731814, 2.340027, 2.18124, 1.91563
1.742967, 2.308904, 2.186247, 1.908776
1.754075, 2.23974, 2.180235, 1.901849
1.765211, 2.23281, 2.172987, 1.89518
1.776305, 2.223803, 2.166642, 1.888334
1.787382, 2.092883, 2.154254, 1.881428
1.798457, 2.157558, 2.178405, 1.874194
1.809594, 2.154265, 2.195972, 1.867208
1.820717, 2.130717, 2.204593, 1.860443
1.831873, 2.507087, 2.243094, 1.853382
1.843028, 2.4047, 2.26948, 1.846285
1.85402, 2.374411, 2.293014, 1.839298
1.865114, 2.349935, 2.304727, 1.832392
1.876327, 2.235052, 2.295834, 1.824833
1.887426, 2.22245, 2.2902, 1.817723
1.898454, 2.227012, 2.284714, 1.811063
1.909605, 2.23153, 2.276806, 1.803917
1.920617, 2.170414, 2.266105, 1.797035
1.931816, 2.116668, 2.25307, 1.789784
1.942937, 2.021994, 2.237099, 1.782774
1.953964, 1.959913, 2.218093, 1.77528
1.96505, 1.964317, 2.200864, 1.768064
1.976176, 2.035156, 2.190635, 1.760847
1.98729, 2.042813, 2.181135, 1.753567
1.998407, 1.974752, 2.168683, 1.746256
2.009515, 2.102807, 2.169179, 1.738882
2.020626, 2.157176, 2.16916, 1.731506
2.031693, 2.192046, 2.171049, 1.724199
2.043156, 2.163698, 2.172698, 1.716571
2.054031, 2.183288, 2.156508, 1.709406
2.065116, 2.128688, 2.142707, 1.70204
2.076125, 2.069927, 2.127483, 1.694907
2.087377, 2.042768, 2.112124, 1.68741
2.098392, 2.062558, 2.1035, 1.680057
2.109509, 1.933754, 2.089065, 1.672635
2.120662, 1.955509, 2.07549, 1.665151
2.131636, 1.941513, 2.060989, 1.657632
2.142865, 1.879071, 2.046422, 1.649975
2.154042, 1.880714, 2.034624, 1.642414
2.164962, 1.884166, 2.027733, 1.635051
2.17605, 1.898273, 2.024651, 1.627576
2.187231, 1.784101, 2.01564, 1.619918
2.198309, 1.779522, 2.002858, 1.612405
2.209567, 1.78747, 1.990091, 1.604691
2.220614, 1.791126, 1.98091, 1.597162
2.231527, 1.851592, 1.968349, 1.589705
2.24267, 1.794771, 1.950229, 1.582225
2.253866, 1.773955, 1.929324, 1.574572
2.264948, 1.711452, 1.906712, 1.567138
2.276094, 1.695307, 1.882313, 1.55954
2.28714, 1.653064, 1.858532, 1.55191
2.298241, 1.657443, 1.837908, 1.544129
2.30944, 1.683344, 1.819936, 1.536401
2.320493, 1.677479, 1.800682, 1.528731
2.331449, 1.685204, 1.788255, 1.521245
2.342774, 1.675841, 1.774272, 1.513506
2.353865, 1.657192, 1.760056, 1.505817
2.364857, 1.651525, 1.748678, 1.498215
2.376089, 1.671724, 1.738229, 1.490469
2.387076, 1.707278, 1.729385, 1.482878
2.398145, 1.738922, 1.721417, 1.475111
2.409297, 1.778929, 1.721158, 1.467712
2.420422, 1.75396, 1.71988, 1.460008
2.431595, 1.791018, 1.720058, 1.452193
2.442629, 1.815344, 1.721268, 1.444582
2.453792, 1.847761, 1.721077, 1.436849
2.465129, 1.878034, 1.72524, 1.429022
2.475954, 1.911842, 1.732134, 1.421557
2.487164, 1.865789, 1.739851, 1.41381
2.498183, 1.656843, 1.737927, 1.406209
2.509248, 1.64505, 1.737527, 1.398621
2.520501, 1.643169, 1.736813, 1.390862
2.531436, 1.654515, 1.735372, 1.38314
2.542602, 1.658283, 1.734412, 1.375367
2.553686, 1.638761, 1.73209, 1.367738
2.564651, 1.651967, 1.730896, 1.360175
2.575906, 1.617296, 1.728901, 1.352494
2.586984, 1.584157, 1.725533, 1.344891
2.598131, 1.563397, 1.720116, 1.337223
2.609321, 1.549406, 1.712222, 1.329539
2.62038, 1.519349, 1.701244, 1.321942
2.631409, 1.528534, 1.688724, 1.314322
2.642497, 1.538415, 1.677947, 1.30708
2.653686, 1.507962, 1.663794, 1.299415
2.664745, 1.507379, 1.648396, 1.291705
2.675812, 1.488087, 1.630412, 1.284116
2.686969, 1.486564, 1.610839, 1.276647
2.698096, 1.512554, 1.590874, 1.268948
2.709167, 1.626925, 1.578931, 1.261301
2.720506, 1.64106, 1.578142, 1.253535
2.731396, 1.543477, 1.573063, 1.246141
2.74242, 1.549923, 1.568401, 1.238578
2.753918, 1.531284, 1.56224, 1.23072
2.765019, 1.523733, 1.555512, 1.223082
2.775904, 1.568008, 1.551975, 1.215419
2.787588, 1.58331, 1.548542, 1.207501
2.798084, 1.604002, 1.547877, 1.200567
2.809105, 1.567751, 1.547057, 1.193073
2.820631, 1.579272, 1.54785, 1.185361
2.831549, 1.590467, 1.549903, 1.178081
2.842515, 1.398149, 1.543844, 1.170667
2.854017, 1.465266, 1.54068, 1.162899
2.864665, 1.487801, 1.538149, 1.155742
2.876005, 1.431181, 1.534311, 1.147984
2.886799, 1.35152, 1.526518, 1.140734
2.898072, 1.514758, 1.527851, 1.133163
2.909509, 1.511623, 1.529104, 1.125429
2.920244, 1.521588, 1.529556, 1.118495
2.931357, 1.508227, 1.523621, 1.111079
2.943028, 1.430885, 1.513112, 1.103319
2.95443, 1.444382, 1.508157, 1.095758
2.964646, 1.485584, 1.50494, 1.088883
2.976118, 1.474826, 1.502117, 1.081294
2.9873, 1.455222, 1.498692, 1.07382
2.998485, 1.440491, 1.492316, 1.066386
3.009289, 1.46758, 1.48653, 1.059562
3.02024, 1.465701, 1.479615, 1.05232
3.031344, 1.446561, 1.473555, 1.045071
3.042474, 1.422205, 1.465702, 1.037696
3.053653, 1.425601, 1.457459, 1.030384
3.064591, 1.302071, 1.452655, 1.023129
3.075512, 1.296844, 1.444234, 1.016064
3.089679, 1.250091, 1.432348, 1.006811
3.097954, 1.252558, 1.423417, 1.001551
3.109045, 1.274221, 1.419552, 0.9944152
3.120143, 1.281406, 1.407884, 0.9872656
3.131179, 1.265834, 1.395595, 0.9802047
3.142279, 1.223374, 1.380684, 0.9730999
3.153517, 1.260464, 1.368296, 0.9659465
3.164469, 1.258294, 1.359667, 0.9594079
3.175636, 1.263165, 1.350606, 0.9522873
3.186813, 1.251039, 1.338879, 0.9452205
3.19784, 1.257401, 1.328007, 0.9382609
3.208994, 1.261872, 1.31834, 0.9313334
3.220141, 1.251277, 1.308879, 0.9243119
3.231149, 1.239324, 1.297466, 0.917561
3.242237, 1.161679, 1.282265, 0.9106709
3.253425, 1.148856, 1.26738, 0.9034522
3.264489, 1.136362, 1.253088, 0.8967292
3.275599, 1.141805, 1.238898, 0.889597
3.286682, 1.128214, 1.230205, 0.8829994
3.297778, 1.131481, 1.221937, 0.876269
3.308839, 1.123768, 1.215621, 0.8696877
3.320037, 1.098784, 1.207932, 0.8629056
3.33111, 1.079808, 1.198211, 0.8562531
3.342184, 1.071275, 1.187705, 0.849622
3.353457, 1.052655, 1.177046, 0.8429585
3.364493, 1.024804, 1.167117, 0.8365698
3.375494, 1.017765, 1.154982, 0.8298723
3.386683, 0.9793364, 1.141034, 0.8232986
3.397832, 0.9656836, 1.12616, 0.8169805
3.408829, 0.9595712, 1.111587, 0.8105736
3.420089, 0.97133, 1.097283, 0.8040467
3.430993, 0.9617521, 1.082277, 0.7977617
3.442103, 0.9538182, 1.067404, 0.7913966
3.453432, 0.924982, 1.051687, 0.7851318
3.464284, 0.9192724, 1.039567, 0.7791468
3.475565, 0.9350618, 1.028877, 0.772379
3.486725, 0.9470086, 1.019409, 0.7660629
3.497727, 0.9497616, 1.009807, 0.760008
3.508709, 0.9428619, 1.00054, 0.7540623
3.519926, 0.9541547, 0.9916733, 0.7478904
3.531042, 0.9751016, 0.9842399, 0.7416237
3.542048, 0.9889225, 0.9787469, 0.7355639
3.5535, 0.9930464, 0.9744088, 0.7293277
3.564384, 0.9998484, 0.9708376, 0.7235591
3.575495, 0.9988546, 0.9681476, 0.7176089
3.586546, 1.016594, 0.9677372, 0.7113541
3.597682, 1.013422, 0.9675201, 0.7056296
3.608928, 1.068766, 0.9719915, 0.6996445
3.620005, 1.039995, 0.9757072, 0.6936238
3.631011, 1.047195, 0.9800884, 0.6878897
3.641971, 0.9263492, 0.9778393, 0.6821745
3.653634, 0.7714725, 0.9683253, 0.6761346
3.664275, 0.6168201, 0.9514754, 0.6707703
3.808632, 0.6408642, 0.9372695, 0.6000736
3.819839, 0.6677908, 0.9246954, 0.5945969
3.830835, 0.5802923, 0.9069569, 0.5895331
3.841888, 0.61339, 0.890276, 0.5843242
3.853061, 0.576142, 0.8715949, 0.5793901
3.864116, 0.5865353, 0.8537785, 0.5745423
3.875397, 0.5842943, 0.8352855, 0.5695885
3.886488, 0.5955092, 0.8163058, 0.5648061
3.897455, 0.5782608, 0.7957727, 0.5597776
3.908538, 0.5769925, 0.77497, 0.5548971
3.919832, 0.5412718, 0.7520412, 0.5501928
3.930934, 0.5377573, 0.7289863, 0.5455925
3.941899, 0.5328663, 0.7048, 0.5408226
3.953094, 0.5296021, 0.6806089, 0.536225
3.964185, 0.5315845, 0.6537499, 0.5316118
3.975277, 0.5225167, 0.6278759, 0.5270983
3.986364, 0.5235573, 0.601694, 0.5224435
3.997418, 0.5241431, 0.5815838, 0.5178384
4.008455, 0.5287904, 0.5694497, 0.5133967
4.01984, 0.5430248, 0.5657599, 0.508913
4.030808, 0.5401387, 0.5607236, 0.5045858
4.041879, 0.5336146, 0.5540148, 0.5001246
4.053167, 0.5334676, 0.5516735, 0.4957729
4.064119, 0.5326667, 0.5476373, 0.4915437
4.075237, 0.5310226, 0.5453814, 0.4873227
4.086466, 0.5815313, 0.5451312, 0.4830028
4.097436, 0.5550811, 0.5436705, 0.4791626
4.108536, 0.5067917, 0.5392347, 0.4750878
4.120013, 0.5013558, 0.5353895, 0.4709317
4.130756, 0.5013974, 0.5316097, 0.4670874
4.141863, 0.4942934, 0.5292608, 0.4631589
4.153015, 0.4905531, 0.5269006, 0.4592499
4.164118, 0.4843738, 0.5244759, 0.455451
4.175302, 0.4891194, 0.5224518, 0.4510849
4.186192, 0.5547674, 0.5236109, 0.447309
4.197379, 0.5238927, 0.5236798, 0.44414
4.20849, 0.5450584, 0.5247548, 0.4404828
4.219611, 0.5272506, 0.5249102, 0.4368546
4.230667, 0.5510479, 0.526023, 0.4333079
4.241821, 0.5475511, 0.5262493, 0.429762
4.252889, 0.536321, 0.5260585, 0.4262915
4.264038, 0.5300289, 0.5258792, 0.4228516
4.275226, 0.5317496, 0.5257933, 0.4194618
4.286316, 0.5093408, 0.524627, 0.4162226
4.297411, 0.510479, 0.5235998, 0.4128471
4.308633, 0.5246357, 0.520755, 0.4095834
4.319596, 0.5091285, 0.5184574, 0.406388
4.330737, 0.5011806, 0.5181768, 0.4033021
4.341815, 0.4981263, 0.5180153, 0.4000746
4.352946, 0.4873445, 0.5173126, 0.397029
4.363952, 0.486864, 0.5169412, 0.3936585
4.375087, 0.4889374, 0.5168604, 0.3905978
4.386281, 0.4731677, 0.5163001, 0.3876245
4.397304, 0.478088, 0.5157486, 0.3845651
4.408359, 0.4599811, 0.5110092, 0.3817207
4.419536, 0.4526437, 0.5074468, 0.3789357
4.430925, 0.4506503, 0.5027264, 0.3761068
4.441783, 0.4448084, 0.4986042, 0.3735722
4.452773, 0.4314306, 0.4926234, 0.3708653
4.46392, 0.4276836, 0.48663, 0.368416
4.475295, 0.4356326, 0.4815956, 0.3661953
4.486302, 0.4275369, 0.476471, 0.3637718
4.497543, 0.4166262, 0.4707148, 0.3612165
4.50848, 0.4053465, 0.4655151, 0.3589131
4.519545, 0.4084411, 0.4604132, 0.356696
4.530876, 0.4107693, 0.4547199, 0.3544201
4.541681, 0.4149681, 0.4500119, 0.3523999
4.552767, 0.395845, 0.4447451, 0.3502904
4.563864, 0.3933764, 0.4395076, 0.3482269
4.574954, 0.3959687, 0.4349388, 0.3461438
4.586197, 0.3983248, 0.4305119, 0.3441662
4.597199, 0.3880494, 0.4254674, 0.3425185
4.60833, 0.3847705, 0.4210476, 0.3407313
4.619385, 0.3793896, 0.4161127, 0.338651
4.630514, 0.3806409, 0.4121457, 0.3368831
4.641706, 0.3817436, 0.4086007, 0.3350852
4.652782, 0.38192, 0.4051642, 0.3332501
4.663754, 0.3785448, 0.401851, 0.3316273
4.674882, 0.3791479, 0.3992368, 0.3300417
4.686019, 0.3790187, 0.3968036, 0.3284029
4.697205, 0.3791988, 0.3939819, 0.3269486
4.708322, 0.3745629, 0.3913332, 0.3255632
4.719331, 0.3618124, 0.3885925, 0.3243799
4.730536, 0.3610414, 0.3863773, 0.3230666
4.741598, 0.3584277, 0.3838766, 0.3216837
4.752675, 0.3573869, 0.3812075, 0.3204909
4.763769, 0.3506889, 0.3779935, 0.3193395
4.774927, 0.3523682, 0.3758197, 0.3182563
4.786148, 0.3509044, 0.3736961, 0.3171809
4.797163, 0.3496134, 0.3713783, 0.3164192
4.808278, 0.3480503, 0.3688646, 0.3155006
4.819479, 0.3429809, 0.3666112, 0.3145792
4.830399, 0.3368276, 0.364214, 0.3137808
4.841779, 0.33165, 0.361827, 0.3128101
4.852693, 0.3294298, 0.3592665, 0.3120615
4.863741, 0.3278918, 0.3565739, 0.311552
4.874878, 0.3275989, 0.3538578, 0.3109128
4.885826, 0.3291055, 0.3513859, 0.3103494
4.897082, 0.3289678, 0.3488769, 0.3098994
4.908166, 0.327538, 0.3463028, 0.3094469
4.91922, 0.3267933, 0.3436825, 0.309031
4.930414, 0.3269729, 0.3413031, 0.3086666
4.94154, 0.3267402, 0.3395494, 0.3082203
4.952573, 0.3233078, 0.3376628, 0.3079642
4.963706, 0.3231295, 0.3358979, 0.3078631
4.974931, 0.3192384, 0.3339904, 0.3073394
4.9859, 0.3155525, 0.3322336, 0.3072118
4.99703, 0.3154045, 0.3303854, 0.3075332
5.008149, 0.3171626, 0.3286983, 0.3075331
5.019184, 0.3170325, 0.3270693, 0.3075109
5.030331, 0.3173654, 0.325535, 0.3076158
5.041478, 0.3201343, 0.3243927, 0.3078685
5.052534, 0.3124164, 0.3231722, 0.3080303
5.063674, 0.3080131, 0.3219903, 0.3082084
5.074769, 0.3076147, 0.3208995, 0.3085233
5.085886, 0.2999218, 0.319501, 0.3089022
5.096986, 0.307421, 0.3184921, 0.3093931
5.108087, 0.3177074, 0.3179223, 0.3098724
5.119181, 0.3048727, 0.3167175, 0.3103309
5.130341, 0.3068779, 0.3156845, 0.3108797
5.141304, 0.3079287, 0.3147413, 0.3114903
5.1525, 0.3099642, 0.3138908, 0.3122046
5.163563, 0.3102057, 0.3130641, 0.3129767
5.174736, 0.3122641, 0.3125119, 0.313688
5.185856, 0.3187881, 0.3122948, 0.3145386
5.196972, 0.3200613, 0.312336, 0.3154238
5.20803, 0.321657, 0.3126412, 0.3163413
5.219038, 0.3147612, 0.312609, 0.3171823
5.230361, 0.3135784, 0.3124298, 0.3182428
5.241282, 0.3127507, 0.3122158, 0.3193719
5.252446, 0.3179635, 0.3122457, 0.3207185
5.263579, 0.3174823, 0.3121131, 0.3219317
5.278115, 0.3159533, 0.3122899, 0.3239203
5.285823, 0.3190009, 0.3128393, 0.3248601
5.29678, 0.3186688, 0.313392, 0.3262183
5.307938, 0.316815, 0.3142367, 0.3277801
5.319178, 0.3228436, 0.3150078, 0.3290798
5.33031, 0.3247256, 0.3153587, 0.3305786
5.341282, 0.323538, 0.316292, 0.3321266
5.352454, 0.3254892, 0.3172225, 0.3337505
5.363533, 0.3274476, 0.3181984, 0.3354259
5.374606, 0.330062, 0.3192033, 0.3371735
5.38586, 0.3281255, 0.3200993, 0.3389899
5.396974, 0.3249455, 0.3207334, 0.3409228
5.4081, 0.3231214, 0.3209501, 0.3428409
5.419277, 0.3266606, 0.32128, 0.3449746
5.430483, 0.3335328, 0.3218738, 0.3470276
5.441523, 0.3312282, 0.3226972, 0.348988
5.452517, 0.3292135, 0.3234789, 0.3511059
5.463744, 0.3284693, 0.3242649, 0.3532242
5.474608, 0.3267125, 0.3247023, 0.3554561
5.485821, 0.3275826, 0.3252073, 0.3577708
5.496927, 0.3360343, 0.3262114, 0.3601145
5.507995, 0.3433664, 0.3274297, 0.3624761
5.519002, 0.3519098, 0.3290917, 0.3648634
5.530402, 0.3527029, 0.3308861, 0.3674361
5.541378, 0.352575, 0.3323727, 0.369852
5.552319, 0.3765435, 0.3349636, 0.3724603
5.56361, 0.3801402, 0.3377937, 0.3751896
5.574632, 0.3803826, 0.3405384, 0.3777215
5.586005, 0.3905811, 0.343695, 0.3805211
5.597097, 0.4019288, 0.3472884, 0.3832683
5.607896, 0.3988131, 0.3508228, 0.3860135
5.619101, 0.4042141, 0.3547862, 0.3890228
5.630114, 0.4074352, 0.3590019, 0.3919083
5.641324, 0.4112339, 0.3632306, 0.394957
5.652286, 0.4108477, 0.3670963, 0.3979469
5.663515, 0.4138959, 0.3712297, 0.4012265
5.674496, 0.4145724, 0.3754976, 0.4042748
5.685575, 0.42104, 0.3801262, 0.4074423
5.696788, 0.4207712, 0.3848291, 0.4103314
5.7078, 0.4190394, 0.389402, 0.4135457
5.718919, 0.4176732, 0.3934839, 0.4172543
5.730173, 0.4192633, 0.3972787, 0.4206953
5.741167, 0.4184414, 0.4006054, 0.4238641
5.752237, 0.4219046, 0.4040654, 0.4274575
5.763395, 0.4238431, 0.4076288, 0.4309719
5.77447, 0.4359077, 0.410597, 0.4343428
5.785576, 0.4380831, 0.4134942, 0.4379422
5.796739, 0.4419157, 0.4165708, 0.4415748
5.807962, 0.4467494, 0.4193792, 0.4452985
5.818983, 0.4474866, 0.4216571, 0.4490522
5.830049, 0.4400555, 0.4237193, 0.4529142
5.841134, 0.429577, 0.4249874, 0.4567457
5.852192, 0.4817181, 0.4287015, 0.4608426
5.8634, 0.4818277, 0.4322312, 0.4648326
5.874433, 0.4719403, 0.4352859, 0.4683357
5.885588, 0.4671179, 0.437947, 0.4723552
5.896535, 0.4731603, 0.4408764, 0.4764325
5.907875, 0.4735541, 0.4435021, 0.4808392
5.918715, 0.4888776, 0.4469074, 0.4849041
5.930227, 0.4872626, 0.4503186, 0.4892601
5.941116, 0.4846419, 0.453667, 0.4934251
5.952128, 0.4900028, 0.457204, 0.4973927
5.963414, 0.4904888, 0.4608064, 0.5017676
5.974382, 0.491666, 0.4642944, 0.5065438
5.985447, 0.5012934, 0.4681669, 0.5109851
5.996559, 0.500208, 0.471382, 0.5154701
6.007731, 0.5160311, 0.4752794, 0.5202205
6.01885, 0.5185981, 0.4791135, 0.5249032
6.02994, 0.5237499, 0.4829635, 0.5294023
6.041085, 0.5264786, 0.4869131, 0.5340903
6.052021, 0.5517808, 0.4924994, 0.5387192
6.063323, 0.554882, 0.4987646, 0.5435649
6.07429, 0.5628133, 0.5028194, 0.5482521
6.085369, 0.5646871, 0.5069623, 0.5530183
6.096603, 0.5742175, 0.5120762, 0.5579121
6.107644, 0.5778425, 0.5176124, 0.5628273
6.118792, 0.5876716, 0.523338, 0.567529
6.129921, 0.5648011, 0.5279003, 0.5727801
6.140934, 0.5643038, 0.5316716, 0.5777788
6.15209, 0.5779605, 0.5362065, 0.5821017
6.163161, 0.6001984, 0.5419844, 0.587337
6.174208, 0.6058578, 0.5477771, 0.5923678
6.185369, 0.6263813, 0.5545717, 0.5975434
6.196591, 0.6393076, 0.5619538, 0.6032426
6.207552, 0.6372618, 0.5687522, 0.6084992
6.218704, 0.6561609, 0.5765499, 0.6138733
6.229771, 0.6602715, 0.5837619, 0.6194025
6.240862, 0.7334534, 0.5945047, 0.6247193
6.251944, 0.732527, 0.6049436, 0.6301864
6.263142, 0.7672998, 0.6169846, 0.6357258
6.274298, 0.8010249, 0.6294468, 0.6407141
6.285339, 0.7956957, 0.6414875, 0.6461972
6.296375, 0.7871655, 0.6527051, 0.6520197
6.307531, 0.7935423, 0.6641479, 0.6576856
6.318761, 0.7916298, 0.6750184, 0.6634282
6.329686, 0.8004563, 0.6861491, 0.668906
6.340869, 0.8009191, 0.6968115, 0.6746604
6.355147, 0.7892135, 0.7080321, 0.6820567
6.363096, 0.7864612, 0.7191399, 0.686178
6.374167, 0.7728488, 0.7288844, 0.691601
6.385214, 0.8105521, 0.7394021, 0.6975895
6.396382, 0.8185115, 0.7500347, 0.7035205
6.407789, 0.8059354, 0.7590125, 0.7093855
6.418644, 0.8519309, 0.7696437, 0.7151929
6.429747, 0.8547683, 0.7805189, 0.7213649
6.44083, 0.885018, 0.7919618, 0.7273622
6.451866, 0.8504813, 0.8014724, 0.7334545
6.463065, 0.8401287, 0.8068061, 0.7396618
6.474113, 0.8418705, 0.8122733, 0.7457697
6.485178, 0.8652534, 0.817171, 0.7519039
6.496275, 0.8521485, 0.8197271, 0.7582383
6.507401, 0.8545757, 0.8226711, 0.7646772
6.518445, 0.8043532, 0.8235306, 0.771038
6.529566, 0.671192, 0.817413, 0.7773632
6.541008, 0.5592922, 0.8057961, 0.7838928
6.551992, 0, 0.7657734, 0.7899978
6.56308, 0, 0.7257274, 0.7963724
6.663374, 0, 0.6862667, 0.8552309
6.674119, 0, 0.6469437, 0.8616717
6.68515, 0, 0.6083012, 0.8683224
6.696265, 0, 0.5677736, 0.8751057
6.707528, 0, 0.526848, 0.8818197
6.718503, 0, 0.4865513, 0.8884508
6.729626, 1.056647, 0.4967871, 0.8953495
6.740701, 1.058068, 0.5069521, 0.9021518
6.751738, 0.9788032, 0.5116414, 0.908823
6.762901, 0.9726768, 0.5177511, 0.9157339
6.773962, 0.9516255, 0.523326, 0.9226232
6.785082, 0.9920315, 0.530834, 0.9295506
6.796385, 1.043456, 0.5397441, 0.9365866
6.80729, 1.068373, 0.5505554, 0.9433984
6.818524, 1.070456, 0.5613494, 0.9504548
6.829662, 1.060442, 0.5741538, 0.957579
6.840662, 1.067648, 0.5939766, 0.9645441
6.851694, 1.079075, 0.6199659, 0.971577
6.862976, 1.092146, 0.6745731, 0.9787527
6.873955, 1.106086, 0.7298775, 0.9856815
6.885001, 1.179558, 0.7888554, 0.992743
6.896122, 1.188197, 0.8482652, 0.9996429
6.907249, 1.190193, 0.9077748, 1.006777
6.918339, 1.164305, 0.9659901, 1.013904
6.929586, 1.148666, 1.023423, 1.02141
6.940968, 1.146633, 1.080755, 1.028776
6.951797, 1.151086, 1.085477, 1.035808
6.962771, 1.169035, 1.091025, 1.042952
6.973958, 1.152251, 1.099698, 1.050244
6.985063, 1.14481, 1.108304, 1.057499
6.996149, 1.130965, 1.117271, 1.064731
7.007326, 1.133732, 1.124357, 1.072074
7.01851, 1.11095, 1.127731, 1.079477
7.029473, 1.239241, 1.136275, 1.087195
7.040503, 1.44373, 1.154938, 1.094508
7.051886, 1.35743, 1.169788, 1.101858
7.062773, 1.372613, 1.185036, 1.109001
7.074002, 1.340522, 1.198108, 1.116349
7.085063, 1.283229, 1.207662, 1.123701
7.096205, 1.219644, 1.21334, 1.13112
7.107111, 1.240254, 1.216375, 1.138573
7.118432, 1.182703, 1.2161, 1.146149
7.129421, 1.210785, 1.21713, 1.153366
7.140485, 1.21919, 1.219874, 1.160769
7.151665, 1.231594, 1.224021, 1.168254
7.162636, 1.240724, 1.228725, 1.175617
7.173793, 1.212479, 1.231795, 1.183627
7.184932, 1.177888, 1.232238, 1.191151
7.195964, 1.17297, 1.233274, 1.198619
7.207191, 1.186641, 1.235365, 1.206235
7.218205, 1.201404, 1.238887, 1.213707
7.229415, 1.207899, 1.242595, 1.221531
7.240535, 1.235522, 1.248824, 1.229125
7.251567, 1.25631, 1.249677, 1.236413
7.26265, 1.258549, 1.240418, 1.243978
7.273922, 1.251928, 1.235143, 1.251546
7.284876, 1.27383, 1.230204, 1.259029
7.295954, 1.314818, 1.228919, 1.266601
7.30707, 1.308326, 1.230174, 1.274393
7.318165, 1.352572, 1.23682, 1.282005
7.329244, 1.380921, 1.243854, 1.289409
7.340408, 1.364123, 1.252925, 1.297076
7.351559, 1.371189, 1.260945, 1.304773
7.362541, 1.382743, 1.269122, 1.31233
7.373997, 1.387631, 1.276924, 1.319861
7.384831, 1.449034, 1.28734, 1.327308
7.395802, 1.353812, 1.294406, 1.334867
7.406975, 1.343847, 1.302704, 1.342541
7.418169, 1.363487, 1.31223, 1.350214
7.42917, 1.382873, 1.322042, 1.357778
7.44058, 1.358809, 1.329912, 1.365612
7.451393, 1.384326, 1.338733, 1.373483
7.462579, 1.417632, 1.347839, 1.381203
7.473943, 1.526668, 1.361357, 1.389431
7.485311, 1.491978, 1.373028, 1.397307
7.496202, 1.49079, 1.384971, 1.404763
7.506982, 1.462495, 1.394405, 1.412549
7.518063, 1.446633, 1.400995, 1.420248
7.529185, 1.448871, 1.408023, 1.42773
7.540311, 1.450878, 1.412938, 1.435442
7.551384, 1.453531, 1.416569, 1.443118
7.562469, 1.508753, 1.4238, 1.450795
7.573584, 1.52158, 1.43132, 1.458339
7.58486, 1.543062, 1.439336, 1.466105
7.595918, 1.534895, 1.446699, 1.473925
7.607027, 1.530846, 1.450789, 1.481277
7.618204, 1.689826, 1.46759, 1.488962
7.62948, 1.677348, 1.484265, 1.496188
7.640284, 1.682995, 1.500241, 1.503584
7.651665, 1.665479, 1.514371, 1.511515
7.662467, 1.673158, 1.530088, 1.518919
7.674018, 1.683648, 1.545054, 1.526827
7.684749, 1.842548, 1.5663, 1.534269
7.695814, 1.797355, 1.579834, 1.541802
7.706926, 1.823264, 1.596399, 1.549608
7.718154, 1.924639, 1.618091, 1.557299
7.72912, 1.881104, 1.639022, 1.564841
7.740253, 1.8383, 1.658605, 1.572447
7.751489, 1.657804, 1.669051, 1.580134
7.762402, 1.6304, 1.678028, 1.5876
7.773464, 1.604708, 1.685587, 1.595269
7.784565, 1.604212, 1.690359, 1.602851
7.795655, 1.539056, 1.691233, 1.61051
7.806778, 1.569146, 1.692537, 1.618101
7.817937, 1.560568, 1.693821, 1.625699
7.829132, 1.559996, 1.695278, 1.633323
7.840366, 1.584822, 1.690028, 1.640927
7.851215, 1.567929, 1.684557, 1.647937
7.862335, 1.55308, 1.678061, 1.655443
7.873483, 1.613152, 1.675445, 1.662913
7.88456, 1.558138, 1.669694, 1.670704
7.895656, 1.599422, 1.665483, 1.67818
7.906836, 1.524974, 1.649604, 1.685705
7.917796, 1.522827, 1.635878, 1.693064
7.928996, 1.569687, 1.623199, 1.700323
7.940063, 1.57085, 1.60551, 1.707736
7.951258, 1.669366, 1.594923, 1.714849
7.96224, 1.663449, 1.58618, 1.722137
7.973373, 1.6694, 1.58676, 1.729718
7.984532, 1.632024, 1.586841, 1.736678
7.995535, 1.632522, 1.588232, 1.743939
8.00677, 1.613629, 1.588703, 1.751524
8.017848, 1.639994, 1.59375, 1.758801
8.028963, 1.640043, 1.597295, 1.766091
8.040055, 1.710278, 1.60478, 1.773353
8.051502, 1.660337, 1.609797, 1.781112
8.062367, 1.62842, 1.611977, 1.788207
8.073386, 1.614519, 1.614306, 1.795047
8.084512, 1.844136, 1.628859, 1.801974
8.095551, 2.005277, 1.648465, 1.809079
8.106675, 1.903188, 1.665718, 1.816213
8.117831, 1.948919, 1.683192, 1.823363
8.128835, 1.958595, 1.704873, 1.830778
8.140066, 1.886731, 1.723069, 1.837967
8.151082, 1.881465, 1.738658, 1.845366
8.162238, 1.819581, 1.751094, 1.852493
8.173316, 1.85786, 1.760519, 1.859107
8.184401, 1.885402, 1.771617, 1.866238
8.195506, 1.879677, 1.78213, 1.873215
8.206614, 1.829414, 1.792, 1.880065
8.217897, 1.869958, 1.803872, 1.887111
8.228747, 1.928404, 1.81961, 1.893803
8.240021, 1.930135, 1.834118, 1.900782
8.251179, 1.926672, 1.848449, 1.907621
8.262341, 1.932706, 1.85957, 1.914456
8.273421, 1.939722, 1.87354, 1.921474
8.284525, 1.964529, 1.890345, 1.928247
8.295577, 1.984509, 1.908845, 1.934915
8.306521, 2.008574, 1.917067, 1.941669
8.317821, 2.035791, 1.918592, 1.948482
8.328836, 2.085911, 1.927728, 1.95527
8.340045, 2.181591, 1.939362, 1.961964
8.351357, 2.078042, 1.945334, 1.968827
8.362143, 2.028401, 1.952418, 1.975228
8.373359, 2.032012, 1.959945, 1.981852
8.384458, 2.047313, 1.971332, 1.988448
8.395531, 2.059324, 1.981405, 1.994926
8.40662, 2.026291, 1.988449, 2.001393
8.417635, 1.869274, 1.987929, 2.007797
8.428836, 1.83196, 1.988057, 2.013967
8.439977, 1.871185, 1.988118, 2.020363
8.451012, 1.984033, 1.990899, 2.026941
8.46201, 1.985465, 1.993666, 2.033126
8.473239, 2.021307, 1.998398, 2.039502
8.484266, 2.039359, 2.00373, 2.045661
8.495454, 1.967574, 2.005123, 2.05195
8.506533, 2.044946, 2.009144, 2.05778
8.517574, 2.015788, 2.010708, 2.063895
8.52879, 2.072728, 2.013916, 2.070249
8.539905, 2.058883, 2.01507, 2.076353
8.554003, 2.136302, 2.01759, 2.084116
8.562249, 2.118618, 2.014441, 2.088563
8.5731, 2.06505, 2.013792, 2.094559
8.584217, 2.039752, 2.014359, 2.100525
8.595336, 2.039883, 2.014753, 2.106404
8.606503, 2.040828, 2.014428, 2.112274
8.617489, 2.027263, 2.012825, 2.11808
8.628684, 2.023355, 2.012679, 2.124079
8.639798, 2.031154, 2.020772, 2.129904
8.651101, 2.007538, 2.029552, 2.135822
8.66197, 2.007508, 2.036368, 2.141478
8.673197, 2.028011, 2.038567, 2.147248
8.684381, 1.946513, 2.036619, 2.15291
8.695189, 1.903612, 2.030734, 2.158293
8.706441, 1.950252, 2.026279, 2.164004
8.717589, 1.977975, 2.026799, 2.16959
8.728601, 1.988066, 2.023955, 2.174866
8.739698, 2.056432, 2.025987, 2.180346
8.750957, 1.969529, 2.020827, 2.185735
8.761939, 2.00249, 2.018007, 2.191059
8.773147, 1.981476, 2.010266, 2.196454
8.784128, 1.937729, 2.001221, 2.201718
8.795153, 1.992433, 1.997591, 2.206755
8.806377, 2.046242, 1.997915, 2.212239
8.81748, 2.089612, 2.000401, 2.217454
8.828565, 2.045987, 2.000659, 2.222634
8.839915, 2.008696, 1.999731, 2.227892
8.850778, 1.971026, 1.997115, 2.232708
8.861845, 2.070301, 1.999072, 2.237753
8.873272, 2.120804, 2.004735, 2.242873
8.884277, 2.189434, 2.013832, 2.247807
8.895154, 2.250992, 2.024981, 2.252992
8.906324, 2.260437, 2.040677, 2.257951
8.917374, 2.281752, 2.059584, 2.262803
8.928534, 2.145064, 2.069325, 2.267269
8.939759, 2.151622, 2.078007, 2.272053
8.950732, 2.150775, 2.086143, 2.276623
8.961817, 2.243236, 2.095483, 2.281246
8.972918, 2.346378, 2.114326, 2.285947
8.984198, 2.345157, 2.131459, 2.290629
8.995214, 2.337586, 2.149264, 2.295127
9.006317, 2.252161, 2.164986, 2.299791
9.017373, 2.281685, 2.179449, 2.304235
9.028426, 2.280557, 2.191164, 2.308558
9.040225, 2.334496, 2.203409, 2.313181
9.050925, 2.267578, 2.214488, 2.317079
9.061792, 2.241716, 2.226139, 2.321274
9.073009, 2.212154, 2.238195, 2.325536
9.084029, 2.230896, 2.246225, 2.329656
9.095098, 2.223136, 2.251342, 2.333772
9.10628, 2.215201, 2.25263, 2.337802
9.117584, 2.260479, 2.253105, 2.341913
9.128387, 2.214444, 2.250805, 2.345811
9.139605, 2.206577, 2.247046, 2.349806
9.150781, 2.276288, 2.253607, 2.353654
9.161745, 2.283712, 2.260212, 2.357367
9.173215, 2.303215, 2.267834, 2.361334
9.184031, 2.405621, 2.275953, 2.365228
9.195125, 2.446839, 2.280976, 2.368947
9.206238, 2.429385, 2.285187, 2.372627
9.217289, 2.38512, 2.287564, 2.376249
9.228394, 2.411352, 2.295523, 2.379742
9.239446, 2.409233, 2.301901, 2.383373
9.250624, 2.404366, 2.308091, 2.386686
9.26182, 2.537533, 2.318243, 2.389918
9.272976, 2.56276, 2.333002, 2.393368
9.283897, 2.689926, 2.355413, 2.396904
9.294907, 2.691672, 2.379389, 2.400121
9.306158, 2.637991, 2.399744, 2.403743
9.31751, 2.798161, 2.428495, 2.407062
9.32836, 2.904532, 2.462961, 2.410218
9.33946, 2.922147, 2.496045, 2.413215
9.350655, 2.859875, 2.528316, 2.416403
9.361628, 2.899697, 2.562972, 2.419412
9.372884, 2.901192, 2.594218, 2.422328
9.383875, 2.845689, 2.622316, 2.425106
9.394929, 2.899027, 2.652107, 2.428
9.406103, 2.886022, 2.676127, 2.430731
9.417337, 2.996315, 2.703601, 2.433545
9.428318, 3.234549, 2.743859, 2.436274
9.439583, 3.363862, 2.792796, 2.438882
9.45048, 3.81098, 2.862777, 2.441506
9.461641, 3.864718, 2.935552, 2.444051
9.472775, 4.112123, 3.02094, 2.446548
9.483975, 4.099853, 3.099056, 2.448786
9.49492, 3.555043, 3.14867, 2.451166
9.506078, 3.442794, 3.186313, 2.453641
9.517159, 3.376484, 3.220554, 2.455936
9.528256, 3.564397, 3.266874, 2.45839
9.539447, 3.486352, 3.301284, 2.460965
9.550484, 3.255972, 3.318856, 2.463173
9.561583, 3.27327, 3.336412, 2.465677
9.572657, 3.602978, 3.373567, 2.467736
9.583883, 4.284559, 3.44281, 2.469624
9.595002, 4.275952, 3.511548, 2.471606
9.605992, 3.786253, 3.558577, 2.473427
9.617255, 4.085407, 3.617896, 2.475082
9.628239, 3.837982, 3.665493, 2.476786
9.63935, 4.094195, 3.720387, 2.478483
9.650461, 3.947111, 3.756015, 2.480352
9.661592, 4.296097, 3.802627, 2.48196
9.672629, 3.987501, 3.811453, 2.483551
9.683801, 4.327747, 3.834605, 2.485089
9.694798, 3.97356, 3.827676, 2.48658
9.705955, 3.959062, 3.820637, 2.488329
9.71713, 3.784649, 3.832117, 2.489756
9.728011, 3.845285, 3.852242, 2.4911
9.739238, 4.041182, 3.885477, 2.49232
9.750417, 3.470311, 3.880772, 2.493693
9.761599, 3.450471, 3.878978, 2.494608
9.772646, 3.394483, 3.885904, 2.495743
9.783748, 3.254906, 3.884986, 2.496775
9.794797, 3.38139, 3.873906, 2.497814
9.805915, 3.331726, 3.826265, 2.498557
9.817186, 2.8763, 3.756282, 2.499472
9.828019, 2.872287, 3.710583, 2.50027
9.839156, 2.782138, 3.64542, 2.501061
9.850434, 2.807382, 3.59389, 2.501645
9.861463, 2.745481, 3.526454, 2.502333
9.872583, 2.748881, 3.466542, 2.502964
9.883649, 2.719183, 3.387697, 2.503612
9.894757, 2.720927, 3.324368, 2.504194
9.905909, 2.714425, 3.243702, 2.504624
9.917187, 2.857574, 3.187903, 2.505334
9.9282, 2.895614, 3.13473, 2.505803
9.939214, 2.928664, 3.091931, 2.506133
9.950434, 3.024402, 3.050887, 2.506252
9.961372, 3.039172, 3.000786, 2.506374
9.972503, 3.237312, 2.989136, 2.506428
9.983853, 3.483123, 2.990769, 2.506533
9.994737, 3.477421, 2.994916, 2.506531
10.00582, 3.450653, 3.004703, 2.506963
10.01719, 3.404837, 3.005876, 2.506899
10.02814, 3.434298, 3.011004, 2.506752
10.0391, 3.52217, 3.043298, 2.506547
10.05033, 3.541898, 3.076778, 2.506474
10.06135, 3.527576, 3.11405, 2.506457
10.07243, 3.694951, 3.158429, 2.506151
10.08363, 3.533525, 3.197831, 2.505802
10.09476, 3.525872, 3.236681, 2.505396
10.10585, 3.548899, 3.278166, 2.504603
10.11693, 3.489652, 3.316603, 2.503788
10.12803, 3.359672, 3.348865, 2.503165
10.13903, 3.242047, 3.368089, 2.502763
10.1502, 3.112612, 3.378939, 2.502049
10.16134, 3.099165, 3.387464, 2.501296
10.17239, 3.100893, 3.391288, 2.500487
10.18363, 3.308289, 3.404744, 2.499594
10.19458, 3.281048, 3.406931, 2.498683
10.20571, 3.359128, 3.400732, 2.497585
10.21693, 3.487098, 3.401215, 2.496931
10.22793, 3.534193, 3.405392, 2.495876
10.23903, 3.30895, 3.400598, 2.494203
10.2502, 3.549142, 3.40634, 2.493036
10.2613, 3.578974, 3.40918, 2.491883
10.27245, 3.262407, 3.395206, 2.490547
10.28353, 3.176422, 3.377648, 2.489032
10.2945, 3.146295, 3.350215, 2.487664
10.30574, 3.118145, 3.329446, 2.486235
10.31681, 3.087382, 3.307521, 2.484728
10.3279, 2.826524, 3.271403, 2.483089
10.33905, 2.911986, 3.242519, 2.481549
10.35027, 2.786757, 3.213874, 2.479878
10.36117, 2.393913, 3.171467, 2.478176
10.37231, 2.465825, 3.139128, 2.476331
10.38339, 2.406754, 3.104507, 2.47453
10.39446, 2.401666, 3.069546, 2.472638
10.4056, 2.545244, 3.031394, 2.470692
10.41674, 2.492615, 2.991972, 2.468783
10.42786, 2.52885, 2.950458, 2.466726
10.43894, 2.515177, 2.901862, 2.464608
10.45007, 2.532641, 2.851784, 2.462296
10.46104, 2.5323, 2.812952, 2.460121
10.47233, 2.464338, 2.758712, 2.457822
10.48338, 2.490846, 2.704306, 2.455784
10.4944, 2.473598, 2.664865, 2.453461
10.50564, 2.476752, 2.629882, 2.45138
10.5168, 2.472899, 2.596212, 2.448927
10.52772, 2.500433, 2.565326, 2.446431
10.53893, 2.51727, 2.536821, 2.443872
10.55016, 2.621413, 2.526565, 2.441265
10.56108, 2.574391, 2.509686, 2.438863
10.57226, 2.475266, 2.494111, 2.436406
10.58326, 2.368298, 2.49283, 2.433391
10.59453, 2.393237, 2.489201, 2.430587
10.60561, 2.657124, 2.501719, 2.427809
10.61657, 2.408261, 2.502049, 2.425043
10.6279, 2.446503, 2.497112, 2.422067
10.63889, 2.488697, 2.496916, 2.419027
10.65003, 2.607384, 2.500843, 2.41599
10.66099, 2.359267, 2.493047, 2.413117
10.67203, 2.327836, 2.482807, 2.410022
10.68341, 2.3397, 2.473177, 2.406663
10.69433, 2.346053, 2.467263, 2.403147
10.70555, 2.250783, 2.45526, 2.399938
10.71655, 2.258963, 2.444528, 2.396639
10.72758, 2.271835, 2.434282, 2.393398
10.73927, 2.270703, 2.424172, 2.390242
10.75372, 2.355933, 2.416947, 2.385756
10.76097, 2.299765, 2.406072, 2.383461
10.77205, 2.301698, 2.390086, 2.379889
10.78325, 2.347609, 2.378747, 2.376226
10.7943, 2.349958, 2.372482, 2.372497
10.80542, 2.356133, 2.371873, 2.368914
10.81653, 2.376771, 2.37105, 2.365031
10.82763, 2.380777, 2.357233, 2.361242
10.83871, 2.354683, 2.354554, 2.357285
10.84993, 2.397737, 2.352115, 2.353353
10.86102, 2.440536, 2.349707, 2.349294
10.87209, 2.443462, 2.341511, 2.345367
10.88314, 2.341655, 2.340631, 2.341413
10.89424, 2.379078, 2.343193, 2.337556
10.90532, 2.339251, 2.343171, 2.33351
10.91659, 2.311823, 2.341459, 2.329461
10.9277, 2.412201, 2.34953, 2.325245
10.9387, 2.462721, 2.359718, 2.321057
10.94979, 2.496077, 2.37093, 2.316754
10.96089, 2.460454, 2.380418, 2.312407
10.97221, 2.4604, 2.385641, 2.308005
10.98333, 2.454982, 2.393402, 2.303498
10.99423, 2.306154, 2.393625, 2.298936
11.00537, 2.303682, 2.391428, 2.294419
11.01686, 2.311436, 2.389502, 2.289583
11.0275, 2.521195, 2.397755, 2.285174
11.03884, 2.362122, 2.397023, 2.280403
11.05011, 2.323994, 2.394184, 2.275645
11.06093, 2.330672, 2.392983, 2.271039
11.07209, 2.228785, 2.384536, 2.266228
11.083, 2.203524, 2.372685, 2.262158
11.09429, 2.186721, 2.359848, 2.257174
11.10538, 2.221966, 2.353863, 2.252404
11.11635, 2.227476, 2.346283, 2.247554
11.12756, 2.215176, 2.34008, 2.242558
11.13866, 2.137856, 2.331381, 2.237447
11.14976, 2.165248, 2.319033, 2.232459
11.16122, 2.254674, 2.308631, 2.2275
11.17227, 2.265309, 2.297092, 2.222459
11.18357, 2.102293, 2.279184, 2.217249
11.1947, 2.140288, 2.263179, 2.211836
11.20568, 2.211271, 2.250993, 2.206678
11.21681, 2.311677, 2.251269, 2.201244
11.22799, 2.318242, 2.251997, 2.19605
11.23915, 2.448272, 2.258839, 2.190529
11.25015, 2.444989, 2.255029, 2.185182
11.26149, 2.460348, 2.25994, 2.179337
11.27251, 2.599071, 2.273694, 2.173842
11.28382, 2.643188, 2.28932, 2.168251
11.2946, 2.794509, 2.317606, 2.162935
11.30605, 2.790918, 2.346976, 2.157188
11.3163, 2.62371, 2.368825, 2.151998
11.32731, 2.592158, 2.387335, 2.146402
11.33847, 2.515223, 2.401722, 2.140993
11.34976, 2.55188, 2.418557, 2.135208
11.36093, 2.493555, 2.436342, 2.129694
11.37196, 2.524997, 2.45433, 2.124142
11.38293, 2.373411, 2.460267, 2.118298
11.3941, 2.338901, 2.463946, 2.112377
11.40522, 2.306502, 2.474157, 2.106521
11.41721, 2.048791, 2.469582, 2.100076
11.42811, 2.067304, 2.462384, 2.09425
11.43933, 2.076751, 2.450637, 2.08825
11.45017, 1.829556, 2.426203, 2.082375
11.46091, 2.076685, 2.407624, 2.0762
11.4719, 1.949728, 2.382861, 2.070089
11.48296, 2.000968, 2.359892, 2.063958
11.49397, 1.93638, 2.326757, 2.057834
11.50533, 1.903293, 2.289762, 2.051477
11.51633, 1.90404, 2.245239, 2.045125
11.52736, 1.907277, 2.201057, 2.038864
11.53848, 2.033782, 2.171561, 2.03239
11.54945, 2.017405, 2.142823, 2.026359
11.5607, 2.0062, 2.117372, 2.019892
11.57174, 2.035094, 2.091532, 2.014061
11.58286, 1.921766, 2.062943, 2.007496
11.59405, 2.013775, 2.037382, 2.000815
11.60508, 1.942392, 2.015831, 1.994375
11.6162, 1.895678, 1.99367, 1.987809
11.62739, 1.855719, 1.97113, 1.981208
11.63854, 1.850882, 1.961235, 1.974757
11.64947, 1.836971, 1.949718, 1.968307
11.66063, 1.794224, 1.935592, 1.961657
11.67169, 1.79941, 1.934085, 1.955029
11.68283, 1.805403, 1.920521, 1.948274
11.69393, 1.900101, 1.91804, 1.941576
11.70507, 1.848005, 1.910391, 1.934829
11.71611, 1.811071, 1.904126, 1.928373
11.72724, 1.80806, 1.899364, 1.921595
11.73836, 1.806144, 1.894469, 1.914854
11.74947, 1.837345, 1.890973, 1.90782
11.76067, 1.803678, 1.879468, 1.900919
11.7717, 1.879588, 1.872577, 1.894177
11.78287, 1.947808, 1.869657, 1.887231
11.79409, 1.901158, 1.86296, 1.880421
11.80495, 1.927481, 1.863246, 1.873683
11.81607, 1.895987, 1.857357, 1.866603
11.82713, 1.892706, 1.854873, 1.859712
11.83839, 1.895345, 1.854856, 1.852516
11.84945, 1.915051, 1.857823, 1.845519
11.86051, 1.889837, 1.859771, 1.838517
11.8716, 1.875705, 1.861707, 1.831528
11.88281, 1.828533, 1.863423, 1.824395
11.89386, 1.790507, 1.862978, 1.817255
11.90494, 1.789703, 1.862193, 1.810152
11.91597, 1.859448, 1.86016, 1.803025
11.92728, 1.913052, 1.863412, 1.795729
11.93831, 1.991387, 1.872428, 1.788738
11.94935, 1.992983, 1.881674, 1.781476
11.96045, 2.024781, 1.892606, 1.774152
11.97158, 1.929682, 1.897223, 1.766892
11.98294, 1.858707, 1.899974, 1.759472
11.99375, 1.89296, 1.900643, 1.752294
12.0048, 1.938148, 1.90016, 1.745043
12.01598, 1.927428, 1.901473, 1.737685
12.02719, 1.842781, 1.897238, 1.730364
12.03827, 1.817106, 1.893294, 1.723014
12.04929, 1.814655, 1.889392, 1.715719
12.0604, 1.819229, 1.885586, 1.708264
12.07153, 1.785992, 1.879133, 1.70059
12.08264, 1.736734, 1.871477, 1.693165
12.09394, 1.741028, 1.864744, 1.685613
12.10491, 1.756097, 1.861122, 1.678264
12.11586, 1.758934, 1.859543, 1.6711
12.12715, 1.756118, 1.857864, 1.663458
12.13816, 1.743994, 1.852091, 1.656006
12.14923, 1.797548, 1.846316, 1.648557
12.16033, 1.798301, 1.836662, 1.640845
12.17145, 1.756322, 1.824829, 1.633717
12.18252, 1.77387, 1.812283, 1.626215
12.19392, 1.74012, 1.802805, 1.618634
12.20478, 1.742799, 1.79701, 1.611273
12.21575, 1.851717, 1.794948, 1.603723
12.22696, 1.740751, 1.785078, 1.595968
12.23831, 1.714434, 1.774428, 1.588012
12.24914, 1.710903, 1.767834, 1.580454
12.26052, 1.68346, 1.761152, 1.572617
12.27147, 1.666964, 1.753767, 1.565176
12.28255, 1.563176, 1.740964, 1.557624
12.29398, 1.646624, 1.733996, 1.549814
12.30477, 1.557219, 1.72502, 1.542374
12.31578, 1.534546, 1.714696, 1.534935
12.32693, 1.486695, 1.701226, 1.527349
12.33803, 1.438434, 1.685201, 1.519591
12.34916, 1.4036, 1.667575, 1.511917
12.36031, 1.411515, 1.650951, 1.504066
12.37144, 1.427407, 1.632444, 1.496366
12.38247, 1.450651, 1.615062, 1.488753
12.39356, 1.454981, 1.599995, 1.4812
12.40465, 1.482396, 1.585421, 1.473563
12.41616, 1.439074, 1.570369, 1.465372
12.42688, 1.459887, 1.556223, 1.45796
12.43797, 1.461143, 1.536694, 1.450303
12.44905, 1.521827, 1.525748, 1.442644
12.4602, 1.547321, 1.517392, 1.434919
12.4713, 1.541622, 1.508928, 1.427134
12.48236, 1.582875, 1.503899, 1.419551
12.49357, 1.610579, 1.50108, 1.411841
12.50465, 1.634346, 1.504638, 1.404196
12.51666, 1.675409, 1.506078, 1.396086
12.5269, 1.655269, 1.51098, 1.389034
12.53805, 1.66802, 1.517654, 1.381363
12.54887, 1.633269, 1.524983, 1.373908
12.56013, 1.631964, 1.534659, 1.366164
12.57137, 1.542315, 1.541595, 1.358257
12.58234, 1.549015, 1.54847, 1.350707
12.5936, 1.499016, 1.55205, 1.342857
12.60457, 1.493328, 1.554184, 1.335313
12.6157, 1.47744, 1.555307, 1.327502
12.62692, 1.406967, 1.551536, 1.319758
12.63803, 1.412288, 1.550197, 1.312087
12.649, 1.459556, 1.55018, 1.3044
12.66011, 1.47327, 1.550786, 1.296751
12.67127, 1.476198, 1.548505, 1.289361
12.68233, 1.499951, 1.546136, 1.281781
12.69339, 1.538839, 1.545997, 1.274105
12.70459, 1.526744, 1.54319, 1.26645
12.71563, 1.554812, 1.540402, 1.258764
12.72681, 1.559897, 1.53668, 1.251115
12.73776, 1.592758, 1.532547, 1.243413
12.74897, 1.471787, 1.523373, 1.235896
12.76008, 1.468412, 1.513393, 1.228316
12.77116, 1.473973, 1.505428, 1.220858
12.78222, 1.43071, 1.495365, 1.213332
12.79336, 1.431705, 1.489835, 1.206006
12.80445, 1.4197, 1.483369, 1.1985
12.81554, 1.428053, 1.479821, 1.190904
12.82669, 1.407073, 1.475508, 1.183388
12.83784, 1.353307, 1.469301, 1.175756
12.84885, 1.374302, 1.467668, 1.168625
12.86001, 1.369724, 1.46554, 1.161146
12.87122, 1.364822, 1.460803, 1.153157
12.88225, 1.358763, 1.455078, 1.145764
12.89341, 1.308119, 1.446674, 1.138199
12.90483, 1.308268, 1.43709, 1.130544
12.91555, 1.281616, 1.424229, 1.123371
12.92672, 1.270513, 1.411417, 1.116098
12.9378, 1.248136, 1.396083, 1.108637
12.94886, 1.291034, 1.38264, 1.101448
12.95999, 1.331093, 1.369557, 1.094074
12.97104, 1.60479, 1.376207, 1.086713
12.98213, 1.715464, 1.38856, 1.079235
12.9933, 1.52653, 1.391188, 1.07175
13.0044, 1.369744, 1.388139, 1.064442
13.01545, 1.727977, 1.402953, 1.057375
13.02668, 1.607522, 1.412344, 1.049758
13.03779, 1.587956, 1.420339, 1.042465
13.04875, 1.468162, 1.423393, 1.0355
13.05989, 1.449747, 1.428216, 1.028253
13.07104, 1.490966, 1.434049, 1.021076
13.08203, 1.485321, 1.439829, 1.013986
13.09321, 1.47409, 1.445292, 1.006719
13.10435, 1.474552, 1.451082, 0.9995344
13.11554, 1.376444, 1.454498, 0.9924025
13.1266, 1.382612, 1.458215, 0.9852934
13.13771, 1.367703, 1.462519, 0.9781998
13.14872, 1.341871, 1.466087, 0.9714034
13.15988, 1.312681, 1.469315, 0.9643399
13.17102, 1.283463, 1.468936, 0.9574239
13.18207, 1.260321, 1.465397, 0.9504881
13.1932, 1.278634, 1.44909, 0.9435197
13.20432, 1.274284, 1.427031, 0.9366572
13.21537, 1.232835, 1.412346, 0.9296533
13.22647, 1.202291, 1.403973, 0.9227782
13.23765, 1.187984, 1.376974, 0.9154357
13.24874, 1.15895, 1.354545, 0.9086101
13.25993, 1.127091, 1.331502, 0.9016863
13.27087, 1.137055, 1.314946, 0.8950832
13.28198, 1.10439, 1.297679, 0.8882908
13.29321, 1.102073, 1.278234, 0.881421
13.30427, 1.037139, 1.255825, 0.8747023
13.31533, 1.028061, 1.233523, 0.8679976
13.3264, 1.054472, 1.212519, 0.8614246
13.33753, 1.050028, 1.196199, 0.8547502
13.3487, 0.9970953, 1.176923, 0.8480145
13.35973, 1.054751, 1.161275, 0.8414435
13.37087, 1.026609, 1.145512, 0.8348863
13.38194, 1.043172, 1.132037, 0.8283353
13.39318, 1.054545, 1.120591, 0.8219007
13.40432, 1.063733, 1.110761, 0.8154316
13.41528, 1.058399, 1.09975, 0.8089727
13.42641, 1.03113, 1.087592, 0.8024863
13.43746, 1.039572, 1.077929, 0.7961147
13.44863, 1.011659, 1.068397, 0.789553
13.45974, 0.9924958, 1.058623, 0.7831836
13.47087, 0.9688539, 1.049118, 0.776875
13.48199, 0.9601546, 1.040771, 0.7705085
13.49311, 0.9608625, 1.031961, 0.7643304
13.50426, 0.9634446, 1.024914, 0.7580272
13.51542, 0.969421, 1.018282, 0.7518755
13.52642, 0.9716707, 1.015008, 0.7455146
13.53755, 0.9952383, 1.013367, 0.7393548
13.54863, 1.043654, 1.012826, 0.733493
13.55985, 1.016681, 1.011159, 0.7273777
13.5709, 1.0128, 1.011944, 0.7213904
13.58189, 1.005586, 1.009486, 0.7155765
13.59316, 0.9896218, 1.007637, 0.7095487
13.60408, 0.9721032, 1.004083, 0.7036842
13.61518, 0.9523364, 0.9989727, 0.6978289
13.6264, 0.968316, 0.9942018, 0.6918397
13.63753, 0.9698794, 0.9897758, 0.6861376
13.64851, 1.101717, 0.9933051, 0.6804358
13.65978, 1.109231, 0.9967881, 0.6746132
13.6708, 1.055555, 0.998983, 0.6689409
13.68182, 1.046788, 1.001698, 0.6633245
13.69294, 1.029245, 1.004717, 0.6576493
13.70416, 0.9881893, 1.006119, 0.6519395
13.71515, 0.9625449, 1.006203, 0.6464103
13.72629, 0.9318364, 1.004623, 0.6409599
13.73743, 0.9186559, 1.002084, 0.635453
13.74842, 0.9072384, 0.9988627, 0.6300493
13.7597, 0.7293433, 0.985568, 0.6245201
13.77079, 0.725794, 0.9696751, 0.6191596
13.78179, 0.6690843, 0.9522952, 0.6138803
13.79294, 0.6597418, 0.9346423, 0.6085645
13.80402, 0.6588852, 0.9173073, 0.6033752
13.81521, 0.7266955, 0.904161, 0.5981165
13.82621, 0.738271, 0.8924694, 0.5929731
13.83772, 0.7406067, 0.8818828, 0.5876478
13.84842, 0.744019, 0.8706681, 0.5827426
13.85958, 0.7370952, 0.8590288, 0.5776504
13.87086, 0.7500088, 0.8414434, 0.5721011
13.88174, 0.758022, 0.8238829, 0.5671973
13.89289, 0.7486822, 0.8085393, 0.5625203
13.904, 0.7394488, 0.7931723, 0.5575892
13.91515, 0.7335478, 0.7783874, 0.5527201
13.92635, 0.738143, 0.7658852, 0.547803
13.93736, 0.7436486, 0.7549403, 0.5430651
13.94835, 0.7512152, 0.7459093, 0.5383604
13.95948, 0.7356648, 0.7367597, 0.5337252
13.97072, 0.7141256, 0.7271041, 0.5289764
13.98163, 0.6996632, 0.7256201, 0.5242357
13.99284, 0.7035059, 0.7245057, 0.5196015
14.0041, 0.70272, 0.7261874, 0.5149141
14.01492, 0.6831203, 0.7273564, 0.5107515
14.02611, 0.6799352, 0.7284089, 0.506126
14.03731, 0.6778072, 0.7259645, 0.5016747
14.04828, 0.6637465, 0.7222383, 0.4975256
14.05979, 0.6663845, 0.7185272, 0.4930452
14.07058, 0.6351494, 0.7130837, 0.4888854
14.08163, 0.6377863, 0.7081183, 0.4846691
14.09269, 0.5734565, 0.6992907, 0.4808898
14.1039, 0.4918876, 0.685984, 0.4759604
14.11494, 0.4370324, 0.6704015, 0.4720015
14.12627, 0, 0.6334291, 0.4679569
14.13751, 0, 0.5967517, 0.4639089
14.15936, 0, 0.5598446, 0.4565916
14.17052, 0, 0.5226621, 0.4526533
14.1815, 0, 0.4851014, 0.4489314
14.19271, 0, 0.4483181, 0.4450526
14.20386, 0, 0.4126118, 0.4413394
14.21491, 0, 0.3776287, 0.4379333
14.22614, 0, 0.3424534, 0.4340916
14.23724, 0, 0.3073173, 0.430554
14.24826, 0, 0.2731614, 0.4271015
14.25937, 0.4151807, 0.2599236, 0.4237827
14.2705, 0.3929197, 0.2456792, 0.4201554
14.2816, 0.4187189, 0.2334279, 0.4165286
14.29274, 0.4002799, 0.2201226, 0.4133897
14.30373, 0.3818927, 0.2074598, 0.4105034
14.31489, 0.3781489, 0.1944779, 0.407298
14.32594, 0.3868017, 0.1851452, 0.4042436
14.3372, 0.3889399, 0.1799978, 0.4012687
14.34818, 0.4092857, 0.1786105, 0.3982871
14.35926, 0.4250797, 0.1998644, 0.3954796
14.37049, 0.4340543, 0.2215672, 0.3925365
14.3815, 0.4235222, 0.2427433, 0.3897066
14.39274, 0.4413676, 0.2648116, 0.3866687
14.40384, 0.4237792, 0.2860006, 0.3838775
14.41488, 0.4338941, 0.3076953, 0.3812458
14.42637, 0.4194205, 0.3286663, 0.3783634
14.43714, 0.4076768, 0.3490501, 0.3757983
14.44824, 0.397603, 0.3689303, 0.372963
14.45934, 0.3963504, 0.3887478, 0.3704572
14.47047, 0.3949758, 0.4084966, 0.3679335
14.48143, 0.3914754, 0.4073114, 0.3655493
14.49259, 0.394554, 0.4073931, 0.3630711
14.50365, 0.3937189, 0.406143, 0.3607464
14.51476, 0.392649, 0.4057615, 0.3584466
14.52586, 0.3920657, 0.4062701, 0.3562519
14.53716, 0.3945878, 0.407092, 0.3540073
14.54808, 0.3922374, 0.4073638, 0.3518834
14.55931, 0.3905476, 0.4074442, 0.3499455
14.57043, 0.3919322, 0.4065766, 0.3479283
14.58148, 0.3921575, 0.4049305, 0.3460762
14.59254, 0.3876453, 0.4026101, 0.3441655
14.60361, 0.3765495, 0.4002615, 0.3420732
14.61471, 0.3638774, 0.3963869, 0.3402494
14.62594, 0.3496304, 0.3926795, 0.3384046
14.63706, 0.3549247, 0.388731, 0.3366697
14.64806, 0.3620686, 0.3858634, 0.3351483
14.65913, 0.3504066, 0.3829999, 0.3335397
14.6705, 0.3511763, 0.3806786, 0.331948
14.6816, 0.3515739, 0.3784397, 0.3304371
14.69254, 0.349564, 0.3761691, 0.3289098
14.70389, 0.3486499, 0.3740279, 0.3273757
14.71466, 0.3486037, 0.3717304, 0.3260284
14.72589, 0.3476462, 0.3694268, 0.3245102
14.73696, 0.3477781, 0.3671832, 0.3232268
14.74805, 0.3483976, 0.3649998, 0.3219689
14.75923, 0.3417594, 0.3623584, 0.3207876
14.77028, 0.3370278, 0.3595979, 0.3196446
14.7814, 0.3382662, 0.3569838, 0.3185617
14.79258, 0.3391932, 0.3543469, 0.3175333
14.80349, 0.3380318, 0.3516406, 0.3165661
14.81461, 0.3355051, 0.3490336, 0.3161063
14.82578, 0.3420185, 0.3473071, 0.3152562
14.83694, 0.3408175, 0.3461541, 0.3144592
14.84793, 0.3450012, 0.3459226, 0.3135396
14.8591, 0.3425102, 0.3453019, 0.3128321
14.87021, 0.3423481, 0.3443159, 0.3122177
14.88147, 0.3412247, 0.3438568, 0.3113588
14.89238, 0.3299243, 0.3427942, 0.3107736
14.90353, 0.3299972, 0.3417153, 0.3104039
14.91464, 0.3279658, 0.3406354, 0.3102112
14.92586, 0.3229613, 0.339351, 0.3098354
14.93682, 0.3226685, 0.3380542, 0.3095152
14.94785, 0.3245606, 0.3368999, 0.3088986
14.95909, 0.3233576, 0.3356789, 0.308689
14.9702, 0.3225061, 0.3343843, 0.3085154
14.98132, 0.324794, 0.3335361, 0.3083826
14.99237, 0.3212628, 0.3327478, 0.3083113
15.00349, 0.3217706, 0.331923, 0.3082114
15.01458, 0.3202404, 0.3309754, 0.308253
15.02558, 0.3196593, 0.3300567, 0.3084241
15.03677, 0.319122, 0.3292376, 0.3085802
15.04787, 0.3214046, 0.3282069, 0.3088006
15.05908, 0.3152865, 0.3269303, 0.3091744
15.0701, 0.3153549, 0.325448, 0.309402
15.08113, 0.316244, 0.3241347, 0.3093828
15.09232, 0.3187467, 0.3229546, 0.3097661
15.10354, 0.3181917, 0.321803, 0.310464
15.1145, 0.3198751, 0.3213005, 0.3109833
15.12564, 0.3190468, 0.320753, 0.3116437
15.13674, 0.3200769, 0.3203586, 0.3122988
15.14791, 0.320193, 0.3202202, 0.3129151
15.15896, 0.3221403, 0.3201937, 0.3137279
15.17011, 0.3215794, 0.3200447, 0.3150333
15.18119, 0.3220124, 0.3199774, 0.3157678
15.19233, 0.3248246, 0.3200934, 0.3167141
15.20341, 0.3259219, 0.3201498, 0.3176267
15.21467, 0.3260867, 0.320391, 0.3186631
15.22566, 0.3258754, 0.3205962, 0.3197371
15.23674, 0.3253889, 0.3208536, 0.3208417
15.2478, 0.3253768, 0.3211395, 0.3219492
15.25891, 0.3265471, 0.3215108, 0.3229668
15.27002, 0.3272168, 0.3218014, 0.3239935
15.28107, 0.3288321, 0.3224787, 0.3253223
15.29216, 0.3315494, 0.3232884, 0.3266664
15.30328, 0.3334564, 0.324149, 0.3282276
15.31441, 0.334563, 0.3249398, 0.3297147
15.32552, 0.3347193, 0.3257662, 0.3312123
15.33654, 0.3383165, 0.3266883, 0.3327968
15.34768, 0.3348377, 0.3274778, 0.3343331
15.35884, 0.3325823, 0.3281031, 0.3361026
15.37006, 0.3356996, 0.3288784, 0.3378834
15.38113, 0.334676, 0.3295052, 0.3396793
15.3921, 0.3399956, 0.330426, 0.3414326
15.40327, 0.3648743, 0.3325691, 0.3433323
15.41434, 0.3753991, 0.3350978, 0.3456562
15.42551, 0.3582079, 0.3367121, 0.3475935
15.43657, 0.3541271, 0.3381141, 0.3496527
15.44766, 0.3530568, 0.3394732, 0.3514353
15.45876, 0.3556995, 0.3409888, 0.3535711
15.46992, 0.3529109, 0.3423654, 0.3557523
15.48152, 0.3521325, 0.3436447, 0.35818
15.49206, 0.3517316, 0.3448705, 0.3603022
15.50317, 0.3521614, 0.3460369, 0.3626729
15.51447, 0.3529025, 0.3471046, 0.3651029
15.52553, 0.3550587, 0.3481847, 0.3675155
15.53657, 0.3563923, 0.3492762, 0.3699969
15.54764, 0.3537327, 0.3502268, 0.3725807
15.55878, 0.3527292, 0.3509475, 0.3750606
15.56987, 0.3558443, 0.3519978, 0.3778004
15.58094, 0.3540229, 0.3530698, 0.3804519
15.5921, 0.359046, 0.3542371, 0.3832105
15.60324, 0.360922, 0.3555495, 0.3860199
15.61438, 0.3634267, 0.356721, 0.3888571
15.62536, 0.3614143, 0.356548, 0.3918166
15.6366, 0.3676704, 0.3561616, 0.3947974
15.64763, 0.3784376, 0.3571731, 0.3979042
15.65879, 0.3835201, 0.3586427, 0.401094
15.66977, 0.3855316, 0.3602664, 0.404094
15.6812, 0.3859593, 0.3617794, 0.407262
15.692, 0.3897336, 0.3636206, 0.410358
15.70313, 0.3812265, 0.3650753, 0.4133261
15.71423, 0.3876098, 0.3668692, 0.4165847
15.72527, 0.3569621, 0.3671092, 0.4200456
15.73642, 0.3202788, 0.365478, 0.4234439
15.74752, 0.3856214, 0.3670062, 0.4270725
15.76968, 0, 0.3491866, 0.4341447
15.81428, 0, 0.3314999, 0.4488848
15.82526, 0, 0.3138635, 0.4525199
15.83645, 0, 0.2960712, 0.4563725
15.84754, 0, 0.2783701, 0.4602686
15.8587, 0, 0.2604178, 0.4641538
15.86977, 0, 0.2423717, 0.4681073
15.88078, 0, 0.2242004, 0.4721453
15.89187, 0, 0.2061296, 0.4762067
15.90303, 0, 0.1877461, 0.4803309
15.91416, 0.4238281, 0.1900156, 0.484502
15.92537, 0.4728095, 0.1944801, 0.4886573
15.93645, 0.4974439, 0.2000757, 0.4928859
15.94769, 0.4474933, 0.2031524, 0.4973739
15.95864, 0.4429167, 0.2058116, 0.5017342
15.96958, 0.4617355, 0.209837, 0.5058848
15.98077, 0.4324017, 0.2120766, 0.5102577
15.99185, 0.4566461, 0.2170608, 0.5146952
16.00291, 0.4615937, 0.2241266, 0.5191548
16.01412, 0.4607531, 0.2278831, 0.5236974
16.0253, 0.4706346, 0.2514149, 0.5283732
16.03635, 0.4627504, 0.2745524, 0.5328208
16.04732, 0.476259, 0.2983653, 0.537444
16.05851, 0.4878653, 0.3227586, 0.5423259
16.06944, 0.4870179, 0.3471095, 0.5470186
16.08072, 0.4871861, 0.3714688, 0.5518873
16.09183, 0.4957633, 0.396257, 0.5564994
16.10311, 0.5014481, 0.4213293, 0.5614334
16.11412, 0.5062585, 0.4466423, 0.5663038
16.12518, 0.5087952, 0.472082, 0.5713771
16.13626, 0.5106869, 0.476425, 0.5759107
16.14753, 0.5150154, 0.4785353, 0.5810183
16.1586, 0.5207685, 0.4797015, 0.5860488
16.16962, 0.5208005, 0.4833668, 0.5911033
16.1809, 0.5224625, 0.4873441, 0.5964814
16.19176, 0.5443198, 0.4914733, 0.601538
16.20282, 0.5694935, 0.4983279, 0.6068981
16.21412, 0.5746618, 0.5042287, 0.6122657
16.22523, 0.5941088, 0.5108545, 0.6175886
16.23627, 0.5929962, 0.5174667, 0.6229589
16.24732, 0.6426057, 0.5260652, 0.6282394
16.25844, 0.6464713, 0.5352513, 0.6334115
16.26953, 0.6427565, 0.5435761, 0.6388576
16.28064, 0.6570985, 0.5520378, 0.6445104
16.29173, 0.6624882, 0.5608113, 0.6500316
16.30286, 0.6674345, 0.5698237, 0.6556639
16.31392, 0.6600946, 0.5780402, 0.6612307
16.32509, 0.6662501, 0.5862803, 0.6671175
16.33617, 0.6724342, 0.5945891, 0.6727986
16.3473, 0.6877928, 0.603539, 0.6783326
16.35839, 0.6842272, 0.6122161, 0.6840584
16.36951, 0.6933514, 0.6211329, 0.6898276
16.38359, 0.7328579, 0.6317374, 0.6969498
16.39572, 0.7236497, 0.6418798, 0.7033067
16.40278, 0.7630306, 0.6539082, 0.7070412
16.41385, 0.7630306, 0.6648437, 0.7129154
16.42507, 0.7716895, 0.6749536, 0.7189427
16.43632, 0.7673528, 0.6845881, 0.7249716
16.44727, 0.819967, 0.695881, 0.7306242
16.45852, 0.842055, 0.708334, 0.7367603
16.46948, 0.8469902, 0.7185532, 0.742715
16.48061, 0.8514568, 0.7288025, 0.7489296
16.49183, 0.8880577, 0.7410675, 0.7551681
16.5028, 0.9074095, 0.7535831, 0.7612499
16.51399, 0.8991118, 0.7654143, 0.767482
16.52504, 0.7964595, 0.7718655, 0.7736818
16.53608, 0.8276701, 0.7802443, 0.7798836
16.54711, 0.8332604, 0.7885948, 0.786158
16.55835, 0.8354276, 0.7967445, 0.7925031
16.56941, 0.8485886, 0.8047844, 0.7988472
16.58057, 0.8496112, 0.8130536, 0.8052648
16.59163, 0.8439761, 0.8205849, 0.8116449
16.60271, 0.8577985, 0.8268318, 0.818145
16.61402, 0.8581068, 0.8335546, 0.824718
16.62503, 0.8666953, 0.8387378, 0.8312892
16.63598, 0.8705233, 0.8441125, 0.8377274
16.64718, 0.8794292, 0.8494994, 0.8443726
16.65823, 0.9071153, 0.8564876, 0.8509117
16.6694, 0.9282914, 0.8619038, 0.8576283
16.68046, 0.9299228, 0.8662971, 0.8642398
16.69164, 0.9417906, 0.8710372, 0.8709367
16.70261, 0.9382911, 0.8753789, 0.878141
16.71374, 0.9723253, 0.8795923, 0.8848866
16.72493, 0.9916999, 0.8838068, 0.8915201
16.73602, 0.9932713, 0.8885147, 0.8981935
16.74703, 1.025024, 0.899943, 0.904967
16.75818, 0.9959932, 0.9083592, 0.9118372
16.76934, 1.00164, 0.9167782, 0.9183011
16.78033, 1.001973, 0.9251054, 0.9252144
16.79141, 0.8647643, 0.9259142, 0.9320859
16.8026, 0.8739256, 0.9271299, 0.9392105
16.8138, 0.8947976, 0.929671, 0.9462182
16.82479, 0.904713, 0.9320167, 0.9530712
16.83584, 0.8973492, 0.9339789, 0.9599133
16.847, 0.9099648, 0.9361423, 0.966949
16.8582, 0.9888808, 0.9420602, 0.9737073
16.86931, 0.986806, 0.9474291, 0.9807137
16.88034, 0.9977853, 0.9519626, 0.9880013
16.89149, 1.058214, 0.9584587, 0.9951143
16.90254, 1.07403, 0.9656641, 1.002213
16.91378, 1.062757, 0.9717123, 1.009443
16.92486, 1.051301, 0.9773628, 1.016781
16.93585, 1.042658, 0.9808794, 1.023898
16.94693, 1.031359, 0.9828624, 1.031087
16.95817, 1.038312, 0.9851145, 1.038123
16.96918, 1.057305, 0.9867285, 1.04528
16.98032, 1.062333, 0.9900454, 1.052465
16.99131, 1.050432, 0.992485, 1.059644
17.00244, 1.044824, 0.9946276, 1.067065
17.01367, 1.045643, 1.003671, 1.074492
17.02478, 1.021635, 1.011057, 1.081812
17.03581, 1.017828, 1.017208, 1.089538
17.04685, 1.02298, 1.023122, 1.096883
17.05801, 1.031181, 1.029813, 1.104279
17.06907, 1.090265, 1.038828, 1.111657
17.08034, 1.124453, 1.045607, 1.119097
17.09144, 1.195043, 1.056019, 1.126537
17.1024, 1.224389, 1.067349, 1.13412
17.11358, 1.220259, 1.075451, 1.141647
17.12473, 1.297644, 1.086632, 1.149029
17.13575, 1.312801, 1.099134, 1.156387
17.14688, 1.37129, 1.115134, 1.163906
17.15794, 1.391982, 1.1326, 1.171254
17.16908, 1.434395, 1.152752, 1.178789
17.18031, 1.165283, 1.1591, 1.186298
17.19126, 1.199964, 1.166233, 1.193741
17.20256, 1.175306, 1.171882, 1.201149
17.21353, 1.180107, 1.178365, 1.208623
17.22466, 1.22962, 1.187605, 1.216326
17.23577, 1.237367, 1.197192, 1.224225
17.24732, 1.229265, 1.207573, 1.232145
17.25795, 1.181601, 1.215762, 1.239291
17.26907, 1.167024, 1.222964, 1.246914
17.28025, 1.174058, 1.230108, 1.254923
17.29137, 1.20013, 1.235601, 1.26259
17.30244, 1.209337, 1.239845, 1.270286
17.3136, 1.254152, 1.242801, 1.277473
17.32452, 1.254137, 1.244288, 1.284972
17.33567, 1.246, 1.245575, 1.292561
17.34686, 1.242731, 1.24283, 1.30026
17.35787, 1.248742, 1.239627, 1.307978
17.36896, 1.223044, 1.232214, 1.315631
17.38009, 1.223952, 1.223813, 1.323129
17.39138, 1.217659, 1.212976, 1.330913
17.40235, 1.248867, 1.217155, 1.338575
17.4134, 1.245083, 1.219411, 1.34616
17.42457, 1.258883, 1.22359, 1.353929
17.43881, 1.237376, 1.226454, 1.363748
17.44674, 1.246082, 1.227277, 1.369233
17.45788, 1.25625, 1.228221, 1.377115
17.46899, 1.255993, 1.229557, 1.384791
17.4802, 1.257434, 1.233349, 1.392334
17.49125, 1.270448, 1.23852, 1.399966
17.50227, 1.269693, 1.243302, 1.407399
17.5134, 1.29282, 1.247936, 1.415452
17.52462, 1.324568, 1.253698, 1.423147
17.53571, 1.60998, 1.271489, 1.430719
17.54685, 1.619032, 1.289734, 1.438423
17.55788, 1.499356, 1.302402, 1.446053
17.56883, 1.505352, 1.315533, 1.45359
17.58023, 1.505347, 1.328363, 1.461557
17.59121, 1.497995, 1.342111, 1.469141
17.60227, 1.483006, 1.355063, 1.476375
17.61333, 1.475856, 1.367973, 1.484484
17.62454, 1.468247, 1.378942, 1.492095
17.63554, 1.459666, 1.389671, 1.499571
17.6469, 1.455677, 1.399511, 1.507402
17.6579, 1.438469, 1.409566, 1.514916
17.66888, 1.431821, 1.418853, 1.522731
17.68004, 1.449246, 1.428502, 1.530119
17.69107, 1.539207, 1.442663, 1.53769
17.70248, 1.558747, 1.457729, 1.545381
17.71342, 1.567291, 1.472571, 1.552863
17.72444, 1.562674, 1.48722, 1.560337
17.73549, 1.557204, 1.500439, 1.567858
17.74664, 1.606683, 1.514545, 1.575464
17.75779, 1.606497, 1.514371, 1.583018
17.76883, 1.60184, 1.513511, 1.590523
17.78, 1.59617, 1.518352, 1.598114
17.79107, 1.597348, 1.522952, 1.605619
17.80213, 1.60389, 1.527879, 1.613246
17.81329, 1.607622, 1.53336, 1.620803
17.82441, 1.657424, 1.542081, 1.62835
17.83546, 1.609325, 1.548755, 1.635948
17.84662, 1.704912, 1.560588, 1.643495
17.85777, 1.626277, 1.568918, 1.650984
17.8688, 1.611952, 1.576732, 1.658427
17.87994, 1.585824, 1.5841, 1.6661
17.89101, 1.62596, 1.593807, 1.673539
17.90208, 1.619987, 1.602344, 1.680952
17.91327, 1.706043, 1.610686, 1.688363
17.92435, 1.70478, 1.617988, 1.695812
17.93541, 1.69214, 1.62423, 1.703239
17.94647, 1.63801, 1.627997, 1.710606
17.95767, 1.633798, 1.631826, 1.717695
17.96883, 1.622772, 1.632631, 1.725077
17.97989, 1.619128, 1.633262, 1.73254
17.99115, 1.554298, 1.630885, 1.739967
18.00247, 1.552514, 1.628702, 1.747288
18.01335, 1.525565, 1.625113, 1.75435
18.02425, 1.513725, 1.620605, 1.761454
18.0356, 1.534722, 1.61696, 1.768809
18.0464, 1.545436, 1.611361, 1.775846
18.05756, 1.572262, 1.609508, 1.783171
18.06895, 1.598154, 1.60417, 1.790561
18.07986, 1.727651, 1.609238, 1.797638
18.09099, 1.819514, 1.619616, 1.804817
18.10196, 1.854569, 1.633054, 1.812063
18.11308, 1.917846, 1.647648, 1.819203
18.12418, 1.990225, 1.66616, 1.826418
18.13553, 1.955151, 1.678615, 1.833555
18.14655, 1.839302, 1.685341, 1.840575
18.15758, 1.815376, 1.691503, 1.847601
18.1687, 1.830875, 1.701146, 1.854588
18.17986, 1.812959, 1.710105, 1.861592
18.191, 1.824068, 1.720169, 1.868632
18.20205, 1.829829, 1.730704, 1.875522
18.21306, 1.826947, 1.744337, 1.882355
18.22423, 1.814472, 1.757435, 1.889296
18.23539, 1.807887, 1.771551, 1.89621
18.24649, 1.883651, 1.790047, 1.903216
18.25765, 1.803473, 1.803485, 1.910077
18.26867, 1.713662, 1.811896, 1.916839
18.27969, 2.808222, 1.873694, 1.9236
18.29103, 2.250678, 1.90632, 1.930572
18.30196, 2.252694, 1.932572, 1.93727
18.31318, 2.225304, 1.952862, 1.944081
18.32421, 2.104854, 1.965376, 1.950499
18.33514, 2.193373, 1.979152, 1.957062
18.34638, 2.360771, 1.99768, 1.963765
18.35782, 2.595845, 2.029714, 1.970611
18.36849, 2.553288, 2.065414, 1.977
18.37983, 2.637945, 2.106542, 1.983862
18.3911, 2.471515, 2.138574, 1.990493
18.40201, 2.422158, 2.169034, 1.99688
18.41305, 2.512046, 2.203433, 2.003311
18.42438, 2.565516, 2.240217, 2.009814
18.43528, 2.570618, 2.277401, 2.016492
18.44648, 2.458714, 2.309613, 2.022932
18.45775, 2.454367, 2.341937, 2.029381
18.46878, 2.432808, 2.369395, 2.035522
18.48064, 2.337749, 2.396109, 2.042228
18.4913, 2.324029, 2.426627, 2.048102
18.50234, 2.263276, 2.39938, 2.054329
18.51321, 2.270206, 2.400356, 2.0604
18.52432, 2.29045, 2.402244, 2.066456
18.53535, 2.35176, 2.408567, 2.072509
18.54643, 2.318933, 2.419271, 2.078551
18.55792, 2.260291, 2.422616, 2.084958
18.5688, 2.306115, 2.419884, 2.090854
18.57985, 2.307406, 2.405462, 2.096794
18.59103, 2.180548, 2.386825, 2.102791
18.60186, 1.771426, 2.343499, 2.108561
18.61327, 1.91893, 2.31587, 2.114562
18.62467, 1.752055, 2.282365, 2.120804
18.6355, 1.744952, 2.24401, 2.126514
18.64633, 1.717, 2.201584, 2.132151
18.65732, 1.85128, 2.165617, 2.137894
18.66831, 1.862958, 2.135829, 2.143537
18.67964, 1.828441, 2.104533, 2.149286
18.69087, 1.863207, 2.076053, 2.154964
18.70176, 1.974095, 2.05787, 2.160365
18.71294, 1.958812, 2.03961, 2.165975
18.72391, 1.944736, 2.023683, 2.171404
18.73533, 1.829397, 2.001642, 2.177094
18.74627, 1.906262, 1.982433, 2.182454
18.75743, 1.866755, 1.958183, 2.187905
18.76856, 1.869089, 1.93569, 2.193286
18.77967, 1.892961, 1.917324, 2.198616
18.79078, 1.956077, 1.899822, 2.203907
18.80172, 2.029991, 1.885951, 2.209078
18.81302, 2.033123, 1.87858, 2.214876
18.82402, 1.835264, 1.881771, 2.220023
18.83501, 1.991826, 1.885416, 2.225204
18.84646, 1.977251, 1.896676, 2.2305
18.85744, 2.007838, 1.90982, 2.235471
18.86829, 1.974874, 1.922714, 2.240365
18.87959, 1.974868, 1.928893, 2.245453
18.89048, 1.951624, 1.933327, 2.250258
18.90162, 1.941912, 1.939, 2.2552
18.91276, 1.932308, 1.942455, 2.260429
18.92414, 1.889969, 1.938249, 2.265281
18.93502, 1.89887, 1.935252, 2.269746
18.94649, 1.911544, 1.933592, 2.274643
18.95708, 1.905561, 1.9374, 2.27908
18.96822, 1.934679, 1.938821, 2.283854
18.97956, 1.945985, 1.942783, 2.288587
18.99076, 1.937199, 1.946188, 2.293269
19.00184, 1.800491, 1.941565, 2.297784
19.01284, 1.952, 1.941361, 2.302229
19.02404, 1.889798, 1.934351, 2.306628
19.03504, 1.791798, 1.922285, 2.311109
19.0461, 1.793951, 1.920219, 2.315462
19.05717, 1.79056, 1.910156, 2.319153
19.06842, 1.78463, 1.900525, 2.323424
19.07976, 1.813129, 1.89079, 2.32747
19.09056, 1.706179, 1.877355, 2.331472
19.10164, 1.713096, 1.864267, 2.335975
19.11274, 1.744307, 1.853901, 2.339924
19.12382, 1.801783, 1.846894, 2.343998
19.13498, 1.759039, 1.838231, 2.34819
19.14619, 1.761951, 1.83183, 2.352175
19.15732, 1.843369, 1.829055, 2.35673
19.16856, 1.830921, 1.825024, 2.360637
19.17966, 1.827858, 1.821139, 2.364293
19.19078, 1.870939, 1.817952, 2.368073
19.20158, 1.872522, 1.814278, 2.371645
19.21286, 1.953873, 1.815112, 2.375372
19.22394, 2.352899, 1.842732, 2.378981
19.23505, 2.347532, 1.862509, 2.382688
19.24622, 2.347865, 1.885412, 2.386217
19.25744, 2.261139, 1.90888, 2.389679
19.26844, 2.255371, 1.931951, 2.393211
19.27964, 2.331677, 1.959006, 2.396598
19.29061, 2.290757, 1.984313, 2.399955
19.30149, 2.187764, 2.003044, 2.403236
19.31278, 2.18225, 2.026848, 2.406488
19.32392, 2.170038, 2.049695, 2.409538
19.33483, 2.139853, 2.069472, 2.412502
19.34589, 2.128202, 2.085793, 2.41555
19.35716, 2.078628, 2.101773, 2.418887
19.36818, 2.067691, 2.117059, 2.421797
19.37922, 2.082607, 2.129021, 2.424742
19.39029, 2.108006, 2.142876, 2.427879
19.40141, 2.097087, 2.156337, 2.430717
19.41273, 2.076893, 2.166635, 2.432962
19.42377, 2.569435, 2.201481, 2.435637
19.43474, 2.656148, 2.236594, 2.4381
19.44591, 2.619385, 2.249919, 2.440713
19.45733, 2.616226, 2.263354, 2.443424
19.46817, 2.527771, 2.272349, 2.445858
19.47922, 2.474416, 2.283013, 2.448232
19.49053, 2.383086, 2.289398, 2.450661
19.50154, 2.376671, 2.291648, 2.453131
19.51261, 2.349169, 2.294569, 2.455319
19.52351, 2.036741, 2.287018, 2.457722
19.53499, 1.971856, 2.276498, 2.460527
19.54603, 1.920218, 2.264007, 2.462699
19.55689, 1.906612, 2.252345, 2.46481
19.56799, 1.890749, 2.240472, 2.466819
19.57919, 1.897379, 2.23141, 2.468863
19.5903, 1.879976, 2.222023, 2.470894
19.60142, 1.877545, 2.211771, 2.472759
19.61256, 1.872622, 2.200001, 2.474529
19.62364, 1.867861, 2.18854, 2.476306
19.6347, 1.865532, 2.177972, 2.477976
19.64599, 1.831509, 2.141076, 2.479676
19.65714, 1.847025, 2.10062, 2.480944
19.66793, 1.776348, 2.058468, 2.482486
19.67927, 1.842987, 2.019806, 2.484354
19.69015, 1.931055, 1.98997, 2.485773
19.70127, 1.931794, 1.962839, 2.48724
19.71261, 2.011962, 1.944283, 2.488793
19.72369, 1.922481, 1.921573, 2.490116
19.73506, 1.893106, 1.89877, 2.491298
19.74596, 1.920853, 1.892976, 2.492476
19.75705, 1.98977, 1.893872, 2.493483
19.76786, 1.985137, 1.897117, 2.494554
19.77917, 1.986405, 1.901107, 2.495712
19.79042, 1.987554, 1.905947, 2.496715
19.8014, 2.00659, 1.911408, 2.497672
19.81248, 2.100425, 1.92243, 2.4984
19.82363, 2.135334, 1.93532, 2.499182
19.83459, 2.268289, 1.955103, 2.500149
19.84563, 2.124938, 1.967957, 2.500769
19.85712, 2.319581, 1.990659, 2.501461
19.86805, 2.399373, 2.019053, 2.502323
19.87912, 2.343296, 2.043866, 2.503067
19.89032, 2.247325, 2.067415, 2.503547
19.90132, 2.226348, 2.086583, 2.504073
19.91259, 2.288656, 2.104463, 2.504425
19.9234, 2.416028, 2.128675, 2.504861
19.93475, 2.3453, 2.145341, 2.504682
19.94581, 2.349219, 2.166678, 2.504926
19.95686, 2.3494, 2.189493, 2.505123
19.96783, 2.317778, 2.209339, 2.505264
19.9793, 2.342851, 2.226993, 2.50566
19.99027, 2.322584, 2.243865, 2.505739
20.00136, 2.385306, 2.263811, 2.50575
